"","Fmla","RMSE","r2","Nodes"
"1","Pump.Flow.Based.PAA.Dose + N..Eff..TSS.Conc. + Temp..of.NSEC.Main.Ch. + Temp..of.the.Atmos. + Secondary.Effluent.Flow + N..Basin.Outfall",0.179277507839874,0.811706309874346,"3,2"
"2","Pump.Flow.Based.PAA.Dose + N..Eff..TSS.Conc. + Temp..of.NSEC.Main.Ch. + Temp..of.the.Atmos. + Secondary.Effluent.Flow + CODto..mg.L.",0.215036305794894,0.830148526913477,"3,2"
"3","Pump.Flow.Based.PAA.Dose + N..Eff..TSS.Conc. + Temp..of.NSEC.Main.Ch. + Temp..of.the.Atmos. + Secondary.Effluent.Flow + TSS..mg.L.",0.205608456371063,0.834832671890037,"3,2"
"4","Pump.Flow.Based.PAA.Dose + N..Eff..TSS.Conc. + Temp..of.NSEC.Main.Ch. + Temp..of.the.Atmos. + Secondary.Effluent.Flow + UVT....",0.139720218553645,0.807401556760931,"3,2"
"5","Pump.Flow.Based.PAA.Dose + N..Eff..TSS.Conc. + Temp..of.NSEC.Main.Ch. + Temp..of.the.Atmos. + Secondary.Effluent.Flow + CODds..mg.L.",0.236881722189773,0.8199594015642,"3,2"
"6","Pump.Flow.Based.PAA.Dose + N..Eff..TSS.Conc. + Temp..of.NSEC.Main.Ch. + Temp..of.the.Atmos. + Secondary.Effluent.Flow + SACto..1.m.",0.241846521912984,0.816545262057953,"3,2"
"7","Pump.Flow.Based.PAA.Dose + N..Eff..TSS.Conc. + Temp..of.NSEC.Main.Ch. + Temp..of.the.Atmos. + Secondary.Effluent.Flow + NSEC.Aerobic.SRT",0.193654727717727,0.812002295969926,"3,2"
"8","Pump.Flow.Based.PAA.Dose + N..Eff..TSS.Conc. + Temp..of.NSEC.Main.Ch. + Temp..of.the.Atmos. + Secondary.Effluent.Flow + NSEC.Effluent.NH3",0.238419530638256,0.812463631708821,"3,2"
"9","Pump.Flow.Based.PAA.Dose + N..Eff..TSS.Conc. + Temp..of.NSEC.Main.Ch. + Temp..of.the.Atmos. + Secondary.Effluent.Flow + NSEC.Effluent.NO3",0.115202456452322,0.809687703544542,"3,2"
"10","Pump.Flow.Based.PAA.Dose + N..Eff..TSS.Conc. + Temp..of.NSEC.Main.Ch. + Temp..of.the.Atmos. + Secondary.Effluent.Flow + NSEC.Effluent.OP",0.250504363478127,0.82195649249276,"3,2"
"11","Pump.Flow.Based.PAA.Dose + N..Eff..TSS.Conc. + Temp..of.NSEC.Main.Ch. + Temp..of.the.Atmos. + Secondary.Effluent.Flow + NSEC.Effluent.TSS",0.162128688958268,0.804372287737082,"3,2"
"12","Pump.Flow.Based.PAA.Dose + N..Eff..TSS.Conc. + Temp..of.NSEC.Main.Ch. + Temp..of.the.Atmos. + Secondary.Effluent.Flow + NSEC.Effluent.NO5",0.116711539926187,0.812773517458037,"3,2"
"13","Pump.Flow.Based.PAA.Dose + N..Eff..TSS.Conc. + Temp..of.NSEC.Main.Ch. + Temp..of.the.Atmos. + Secondary.Effluent.Flow + NSEC.Effluent.Flow",0.205312900781737,0.81802537305489,"3,2"
"14","Pump.Flow.Based.PAA.Dose + N..Eff..TSS.Conc. + Temp..of.NSEC.Main.Ch. + Temp..of.the.Atmos. + N..Basin.Outfall + CODto..mg.L.",0.165918319189374,0.828731239465673,"3,2"
"15","Pump.Flow.Based.PAA.Dose + N..Eff..TSS.Conc. + Temp..of.NSEC.Main.Ch. + Temp..of.the.Atmos. + N..Basin.Outfall + TSS..mg.L.",0.278756734380493,0.821898883441109,"3,2"
"16","Pump.Flow.Based.PAA.Dose + N..Eff..TSS.Conc. + Temp..of.NSEC.Main.Ch. + Temp..of.the.Atmos. + N..Basin.Outfall + UVT....",0.191071765799831,0.812270498272071,"3,2"
"17","Pump.Flow.Based.PAA.Dose + N..Eff..TSS.Conc. + Temp..of.NSEC.Main.Ch. + Temp..of.the.Atmos. + N..Basin.Outfall + CODds..mg.L.",0.254645245017234,0.834593958651454,"3,2"
"18","Pump.Flow.Based.PAA.Dose + N..Eff..TSS.Conc. + Temp..of.NSEC.Main.Ch. + Temp..of.the.Atmos. + N..Basin.Outfall + SACto..1.m.",0.0817410686200011,0.797537297939149,"3,2"
"19","Pump.Flow.Based.PAA.Dose + N..Eff..TSS.Conc. + Temp..of.NSEC.Main.Ch. + Temp..of.the.Atmos. + N..Basin.Outfall + NSEC.Aerobic.SRT",0.251397199493431,0.819267539645511,"3,2"
"20","Pump.Flow.Based.PAA.Dose + N..Eff..TSS.Conc. + Temp..of.NSEC.Main.Ch. + Temp..of.the.Atmos. + N..Basin.Outfall + NSEC.Effluent.NH3",0.236870028682442,0.81580746224362,"3,2"
"21","Pump.Flow.Based.PAA.Dose + N..Eff..TSS.Conc. + Temp..of.NSEC.Main.Ch. + Temp..of.the.Atmos. + N..Basin.Outfall + NSEC.Effluent.NO3",0.0970928921331904,0.809952167315098,"3,2"
"22","Pump.Flow.Based.PAA.Dose + N..Eff..TSS.Conc. + Temp..of.NSEC.Main.Ch. + Temp..of.the.Atmos. + N..Basin.Outfall + NSEC.Effluent.OP",0.228045438306419,0.8133193465373,"3,2"
"23","Pump.Flow.Based.PAA.Dose + N..Eff..TSS.Conc. + Temp..of.NSEC.Main.Ch. + Temp..of.the.Atmos. + N..Basin.Outfall + NSEC.Effluent.TSS",0.159978047336005,0.799498151489873,"3,2"
"24","Pump.Flow.Based.PAA.Dose + N..Eff..TSS.Conc. + Temp..of.NSEC.Main.Ch. + Temp..of.the.Atmos. + N..Basin.Outfall + NSEC.Effluent.NO5",0.184966706453824,0.821262963297616,"3,2"
"25","Pump.Flow.Based.PAA.Dose + N..Eff..TSS.Conc. + Temp..of.NSEC.Main.Ch. + Temp..of.the.Atmos. + N..Basin.Outfall + NSEC.Effluent.Flow",0.216572645978747,0.810608861128361,"3,2"
"26","Pump.Flow.Based.PAA.Dose + N..Eff..TSS.Conc. + Temp..of.NSEC.Main.Ch. + Temp..of.the.Atmos. + CODto..mg.L. + TSS..mg.L.",0.406046813734863,0.773428264166945,"3,2"
"27","Pump.Flow.Based.PAA.Dose + N..Eff..TSS.Conc. + Temp..of.NSEC.Main.Ch. + Temp..of.the.Atmos. + CODto..mg.L. + UVT....",0.352691272363159,0.773105004261532,"3,2"
"28","Pump.Flow.Based.PAA.Dose + N..Eff..TSS.Conc. + Temp..of.NSEC.Main.Ch. + Temp..of.the.Atmos. + CODto..mg.L. + CODds..mg.L.",0.287124803589853,0.757874124741691,"3,2"
"29","Pump.Flow.Based.PAA.Dose + N..Eff..TSS.Conc. + Temp..of.NSEC.Main.Ch. + Temp..of.the.Atmos. + CODto..mg.L. + SACto..1.m.",0.469307305299677,0.789518942361029,"3,2"
"30","Pump.Flow.Based.PAA.Dose + N..Eff..TSS.Conc. + Temp..of.NSEC.Main.Ch. + Temp..of.the.Atmos. + CODto..mg.L. + NSEC.Aerobic.SRT",0.30164900905068,0.732233318947042,"3,2"
"31","Pump.Flow.Based.PAA.Dose + N..Eff..TSS.Conc. + Temp..of.NSEC.Main.Ch. + Temp..of.the.Atmos. + CODto..mg.L. + NSEC.Effluent.NH3",0.438867529735942,0.803687854654215,"3,2"
"32","Pump.Flow.Based.PAA.Dose + N..Eff..TSS.Conc. + Temp..of.NSEC.Main.Ch. + Temp..of.the.Atmos. + CODto..mg.L. + NSEC.Effluent.NO3",0.370727834940894,0.753082303085974,"3,2"
"33","Pump.Flow.Based.PAA.Dose + N..Eff..TSS.Conc. + Temp..of.NSEC.Main.Ch. + Temp..of.the.Atmos. + CODto..mg.L. + NSEC.Effluent.OP",0.352168670500189,0.774915023557861,"3,2"
"34","Pump.Flow.Based.PAA.Dose + N..Eff..TSS.Conc. + Temp..of.NSEC.Main.Ch. + Temp..of.the.Atmos. + CODto..mg.L. + NSEC.Effluent.TSS",0.528605264631753,0.747802418116029,"3,2"
"35","Pump.Flow.Based.PAA.Dose + N..Eff..TSS.Conc. + Temp..of.NSEC.Main.Ch. + Temp..of.the.Atmos. + CODto..mg.L. + NSEC.Effluent.NO5",0.382584147059711,0.724751101849414,"3,2"
"36","Pump.Flow.Based.PAA.Dose + N..Eff..TSS.Conc. + Temp..of.NSEC.Main.Ch. + Temp..of.the.Atmos. + CODto..mg.L. + NSEC.Effluent.Flow",0.219194961946611,0.827498140495356,"3,2"
"37","Pump.Flow.Based.PAA.Dose + N..Eff..TSS.Conc. + Temp..of.NSEC.Main.Ch. + Temp..of.the.Atmos. + TSS..mg.L. + UVT....",0.436900892074439,0.812227611351033,"3,2"
"38","Pump.Flow.Based.PAA.Dose + N..Eff..TSS.Conc. + Temp..of.NSEC.Main.Ch. + Temp..of.the.Atmos. + TSS..mg.L. + CODds..mg.L.",0.32414864496544,0.786792963964625,"3,2"
"39","Pump.Flow.Based.PAA.Dose + N..Eff..TSS.Conc. + Temp..of.NSEC.Main.Ch. + Temp..of.the.Atmos. + TSS..mg.L. + SACto..1.m.",0.332159008059108,0.765692916772623,"3,2"
"40","Pump.Flow.Based.PAA.Dose + N..Eff..TSS.Conc. + Temp..of.NSEC.Main.Ch. + Temp..of.the.Atmos. + TSS..mg.L. + NSEC.Aerobic.SRT",0.388381562098566,0.801847178446227,"3,2"
"41","Pump.Flow.Based.PAA.Dose + N..Eff..TSS.Conc. + Temp..of.NSEC.Main.Ch. + Temp..of.the.Atmos. + TSS..mg.L. + NSEC.Effluent.NH3",0.427545135396664,0.709092672083473,"3,2"
"42","Pump.Flow.Based.PAA.Dose + N..Eff..TSS.Conc. + Temp..of.NSEC.Main.Ch. + Temp..of.the.Atmos. + TSS..mg.L. + NSEC.Effluent.NO3",0.430160816819966,0.754509752748178,"3,2"
"43","Pump.Flow.Based.PAA.Dose + N..Eff..TSS.Conc. + Temp..of.NSEC.Main.Ch. + Temp..of.the.Atmos. + TSS..mg.L. + NSEC.Effluent.OP",0.38127269546078,0.74153882279451,"3,2"
"44","Pump.Flow.Based.PAA.Dose + N..Eff..TSS.Conc. + Temp..of.NSEC.Main.Ch. + Temp..of.the.Atmos. + TSS..mg.L. + NSEC.Effluent.TSS",0.464954064845187,0.762936940604569,"3,2"
"45","Pump.Flow.Based.PAA.Dose + N..Eff..TSS.Conc. + Temp..of.NSEC.Main.Ch. + Temp..of.the.Atmos. + TSS..mg.L. + NSEC.Effluent.NO5",0.437981862155678,0.778885555660135,"3,2"
"46","Pump.Flow.Based.PAA.Dose + N..Eff..TSS.Conc. + Temp..of.NSEC.Main.Ch. + Temp..of.the.Atmos. + TSS..mg.L. + NSEC.Effluent.Flow",0.202171046576629,0.818405527289902,"3,2"
"47","Pump.Flow.Based.PAA.Dose + N..Eff..TSS.Conc. + Temp..of.NSEC.Main.Ch. + Temp..of.the.Atmos. + UVT.... + CODds..mg.L.",0.18311102748038,0.790972933178238,"3,2"
"48","Pump.Flow.Based.PAA.Dose + N..Eff..TSS.Conc. + Temp..of.NSEC.Main.Ch. + Temp..of.the.Atmos. + UVT.... + SACto..1.m.",0.452218926020432,0.749726153812186,"3,2"
"49","Pump.Flow.Based.PAA.Dose + N..Eff..TSS.Conc. + Temp..of.NSEC.Main.Ch. + Temp..of.the.Atmos. + UVT.... + NSEC.Aerobic.SRT",0.308863635483129,0.770798495002976,"3,2"
"50","Pump.Flow.Based.PAA.Dose + N..Eff..TSS.Conc. + Temp..of.NSEC.Main.Ch. + Temp..of.the.Atmos. + UVT.... + NSEC.Effluent.NH3",0.367784003426602,0.722881762804609,"3,2"
"51","Pump.Flow.Based.PAA.Dose + N..Eff..TSS.Conc. + Temp..of.NSEC.Main.Ch. + Temp..of.the.Atmos. + UVT.... + NSEC.Effluent.NO3",0.503127528170443,0.798494663125976,"3,2"
"52","Pump.Flow.Based.PAA.Dose + N..Eff..TSS.Conc. + Temp..of.NSEC.Main.Ch. + Temp..of.the.Atmos. + UVT.... + NSEC.Effluent.OP",0.370288020835422,0.794751688807506,"3,2"
"53","Pump.Flow.Based.PAA.Dose + N..Eff..TSS.Conc. + Temp..of.NSEC.Main.Ch. + Temp..of.the.Atmos. + UVT.... + NSEC.Effluent.TSS",0.343320738123902,0.787306573065923,"3,2"
"54","Pump.Flow.Based.PAA.Dose + N..Eff..TSS.Conc. + Temp..of.NSEC.Main.Ch. + Temp..of.the.Atmos. + UVT.... + NSEC.Effluent.NO5",0.298946191441775,0.790059684260273,"3,2"
"55","Pump.Flow.Based.PAA.Dose + N..Eff..TSS.Conc. + Temp..of.NSEC.Main.Ch. + Temp..of.the.Atmos. + UVT.... + NSEC.Effluent.Flow",0.260250115677714,0.816984354231675,"3,2"
"56","Pump.Flow.Based.PAA.Dose + N..Eff..TSS.Conc. + Temp..of.NSEC.Main.Ch. + Temp..of.the.Atmos. + CODds..mg.L. + SACto..1.m.",0.37574517594887,0.75995591911116,"3,2"
"57","Pump.Flow.Based.PAA.Dose + N..Eff..TSS.Conc. + Temp..of.NSEC.Main.Ch. + Temp..of.the.Atmos. + CODds..mg.L. + NSEC.Aerobic.SRT",0.360056659431825,0.773938554277526,"3,2"
"58","Pump.Flow.Based.PAA.Dose + N..Eff..TSS.Conc. + Temp..of.NSEC.Main.Ch. + Temp..of.the.Atmos. + CODds..mg.L. + NSEC.Effluent.NH3",0.399003161111425,0.731974740582466,"3,2"
"59","Pump.Flow.Based.PAA.Dose + N..Eff..TSS.Conc. + Temp..of.NSEC.Main.Ch. + Temp..of.the.Atmos. + CODds..mg.L. + NSEC.Effluent.NO3",0.338820651880231,0.758886265962285,"3,2"
"60","Pump.Flow.Based.PAA.Dose + N..Eff..TSS.Conc. + Temp..of.NSEC.Main.Ch. + Temp..of.the.Atmos. + CODds..mg.L. + NSEC.Effluent.OP",0.323398830971152,0.794259154501901,"3,2"
"61","Pump.Flow.Based.PAA.Dose + N..Eff..TSS.Conc. + Temp..of.NSEC.Main.Ch. + Temp..of.the.Atmos. + CODds..mg.L. + NSEC.Effluent.TSS",0.413147617049822,0.742660141813568,"3,2"
"62","Pump.Flow.Based.PAA.Dose + N..Eff..TSS.Conc. + Temp..of.NSEC.Main.Ch. + Temp..of.the.Atmos. + CODds..mg.L. + NSEC.Effluent.NO5",0.300009939230993,0.740115957219126,"3,2"
"63","Pump.Flow.Based.PAA.Dose + N..Eff..TSS.Conc. + Temp..of.NSEC.Main.Ch. + Temp..of.the.Atmos. + CODds..mg.L. + NSEC.Effluent.Flow",0.209968953391537,0.811324502828268,"3,2"
"64","Pump.Flow.Based.PAA.Dose + N..Eff..TSS.Conc. + Temp..of.NSEC.Main.Ch. + Temp..of.the.Atmos. + SACto..1.m. + NSEC.Aerobic.SRT",0.280101389185962,0.727537251442926,"3,2"
"65","Pump.Flow.Based.PAA.Dose + N..Eff..TSS.Conc. + Temp..of.NSEC.Main.Ch. + Temp..of.the.Atmos. + SACto..1.m. + NSEC.Effluent.NH3",0.322918163583247,0.766593128711401,"3,2"
"66","Pump.Flow.Based.PAA.Dose + N..Eff..TSS.Conc. + Temp..of.NSEC.Main.Ch. + Temp..of.the.Atmos. + SACto..1.m. + NSEC.Effluent.NO3",0.365591289598388,0.80361637870872,"3,2"
"67","Pump.Flow.Based.PAA.Dose + N..Eff..TSS.Conc. + Temp..of.NSEC.Main.Ch. + Temp..of.the.Atmos. + SACto..1.m. + NSEC.Effluent.OP",0.39574772474545,0.746461345477552,"3,2"
"68","Pump.Flow.Based.PAA.Dose + N..Eff..TSS.Conc. + Temp..of.NSEC.Main.Ch. + Temp..of.the.Atmos. + SACto..1.m. + NSEC.Effluent.TSS",0.508619436586887,0.75725953219458,"3,2"
"69","Pump.Flow.Based.PAA.Dose + N..Eff..TSS.Conc. + Temp..of.NSEC.Main.Ch. + Temp..of.the.Atmos. + SACto..1.m. + NSEC.Effluent.NO5",0.331959365183866,0.759288214978035,"3,2"
"70","Pump.Flow.Based.PAA.Dose + N..Eff..TSS.Conc. + Temp..of.NSEC.Main.Ch. + Temp..of.the.Atmos. + SACto..1.m. + NSEC.Effluent.Flow",0.251497276553137,0.846010384452252,"3,2"
"71","Pump.Flow.Based.PAA.Dose + N..Eff..TSS.Conc. + Temp..of.NSEC.Main.Ch. + Temp..of.the.Atmos. + NSEC.Aerobic.SRT + NSEC.Effluent.NH3",0.356283658292629,0.757963741249185,"3,2"
"72","Pump.Flow.Based.PAA.Dose + N..Eff..TSS.Conc. + Temp..of.NSEC.Main.Ch. + Temp..of.the.Atmos. + NSEC.Aerobic.SRT + NSEC.Effluent.NO3",0.412271512517092,0.794987825168429,"3,2"
"73","Pump.Flow.Based.PAA.Dose + N..Eff..TSS.Conc. + Temp..of.NSEC.Main.Ch. + Temp..of.the.Atmos. + NSEC.Aerobic.SRT + NSEC.Effluent.OP",0.291643777388825,0.774610558624416,"3,2"
"74","Pump.Flow.Based.PAA.Dose + N..Eff..TSS.Conc. + Temp..of.NSEC.Main.Ch. + Temp..of.the.Atmos. + NSEC.Aerobic.SRT + NSEC.Effluent.TSS",0.293787555402594,0.721027876030378,"3,2"
"75","Pump.Flow.Based.PAA.Dose + N..Eff..TSS.Conc. + Temp..of.NSEC.Main.Ch. + Temp..of.the.Atmos. + NSEC.Aerobic.SRT + NSEC.Effluent.NO5",0.285497459088085,0.731244474118756,"3,2"
"76","Pump.Flow.Based.PAA.Dose + N..Eff..TSS.Conc. + Temp..of.NSEC.Main.Ch. + Temp..of.the.Atmos. + NSEC.Aerobic.SRT + NSEC.Effluent.Flow",0.212095528700413,0.82105005450677,"3,2"
"77","Pump.Flow.Based.PAA.Dose + N..Eff..TSS.Conc. + Temp..of.NSEC.Main.Ch. + Temp..of.the.Atmos. + NSEC.Effluent.NH3 + NSEC.Effluent.NO3",0.424557779488064,0.814566104070955,"3,2"
"78","Pump.Flow.Based.PAA.Dose + N..Eff..TSS.Conc. + Temp..of.NSEC.Main.Ch. + Temp..of.the.Atmos. + NSEC.Effluent.NH3 + NSEC.Effluent.OP",0.474011358109151,0.816872006079669,"3,2"
"79","Pump.Flow.Based.PAA.Dose + N..Eff..TSS.Conc. + Temp..of.NSEC.Main.Ch. + Temp..of.the.Atmos. + NSEC.Effluent.NH3 + NSEC.Effluent.TSS",0.446827505912688,0.709978264405475,"3,2"
"80","Pump.Flow.Based.PAA.Dose + N..Eff..TSS.Conc. + Temp..of.NSEC.Main.Ch. + Temp..of.the.Atmos. + NSEC.Effluent.NH3 + NSEC.Effluent.NO5",0.491269514059648,0.785602388316337,"3,2"
"81","Pump.Flow.Based.PAA.Dose + N..Eff..TSS.Conc. + Temp..of.NSEC.Main.Ch. + Temp..of.the.Atmos. + NSEC.Effluent.NH3 + NSEC.Effluent.Flow",0.257165321843185,0.804335637460715,"3,2"
"82","Pump.Flow.Based.PAA.Dose + N..Eff..TSS.Conc. + Temp..of.NSEC.Main.Ch. + Temp..of.the.Atmos. + NSEC.Effluent.NO3 + NSEC.Effluent.OP",0.350931859970966,0.78804822180524,"3,2"
"83","Pump.Flow.Based.PAA.Dose + N..Eff..TSS.Conc. + Temp..of.NSEC.Main.Ch. + Temp..of.the.Atmos. + NSEC.Effluent.NO3 + NSEC.Effluent.TSS",0.357995376916479,0.737113808255409,"3,2"
"84","Pump.Flow.Based.PAA.Dose + N..Eff..TSS.Conc. + Temp..of.NSEC.Main.Ch. + Temp..of.the.Atmos. + NSEC.Effluent.NO3 + NSEC.Effluent.NO5",0.355703414836486,0.770498299938041,"3,2"
"85","Pump.Flow.Based.PAA.Dose + N..Eff..TSS.Conc. + Temp..of.NSEC.Main.Ch. + Temp..of.the.Atmos. + NSEC.Effluent.NO3 + NSEC.Effluent.Flow",0.144594035233458,0.821149854614402,"3,2"
"86","Pump.Flow.Based.PAA.Dose + N..Eff..TSS.Conc. + Temp..of.NSEC.Main.Ch. + Temp..of.the.Atmos. + NSEC.Effluent.OP + NSEC.Effluent.TSS",0.349890584543339,0.741845297185165,"3,2"
"87","Pump.Flow.Based.PAA.Dose + N..Eff..TSS.Conc. + Temp..of.NSEC.Main.Ch. + Temp..of.the.Atmos. + NSEC.Effluent.OP + NSEC.Effluent.NO5",0.258862090757087,0.804081837771171,"3,2"
"88","Pump.Flow.Based.PAA.Dose + N..Eff..TSS.Conc. + Temp..of.NSEC.Main.Ch. + Temp..of.the.Atmos. + NSEC.Effluent.OP + NSEC.Effluent.Flow",0.22763889247194,0.815933235481243,"3,2"
"89","Pump.Flow.Based.PAA.Dose + N..Eff..TSS.Conc. + Temp..of.NSEC.Main.Ch. + Temp..of.the.Atmos. + NSEC.Effluent.TSS + NSEC.Effluent.NO5",0.396585986639929,0.729687932457935,"3,2"
"90","Pump.Flow.Based.PAA.Dose + N..Eff..TSS.Conc. + Temp..of.NSEC.Main.Ch. + Temp..of.the.Atmos. + NSEC.Effluent.TSS + NSEC.Effluent.Flow",0.250256788915399,0.800245049829177,"3,2"
"91","Pump.Flow.Based.PAA.Dose + N..Eff..TSS.Conc. + Temp..of.NSEC.Main.Ch. + Temp..of.the.Atmos. + NSEC.Effluent.NO5 + NSEC.Effluent.Flow",0.239123319655209,0.813258149597621,"3,2"
"92","Pump.Flow.Based.PAA.Dose + N..Eff..TSS.Conc. + Temp..of.NSEC.Main.Ch. + Secondary.Effluent.Flow + N..Basin.Outfall + CODto..mg.L.",0.146419742422607,0.828635780442974,"3,2"
"93","Pump.Flow.Based.PAA.Dose + N..Eff..TSS.Conc. + Temp..of.NSEC.Main.Ch. + Secondary.Effluent.Flow + N..Basin.Outfall + TSS..mg.L.",0.239772819295521,0.824993627803311,"3,2"
"94","Pump.Flow.Based.PAA.Dose + N..Eff..TSS.Conc. + Temp..of.NSEC.Main.Ch. + Secondary.Effluent.Flow + N..Basin.Outfall + UVT....",0.222154682861505,0.815510578335921,"3,2"
"95","Pump.Flow.Based.PAA.Dose + N..Eff..TSS.Conc. + Temp..of.NSEC.Main.Ch. + Secondary.Effluent.Flow + N..Basin.Outfall + CODds..mg.L.",0.191148987100445,0.822472639426197,"3,2"
"96","Pump.Flow.Based.PAA.Dose + N..Eff..TSS.Conc. + Temp..of.NSEC.Main.Ch. + Secondary.Effluent.Flow + N..Basin.Outfall + SACto..1.m.",0.102900614958734,0.80832853875188,"3,2"
"97","Pump.Flow.Based.PAA.Dose + N..Eff..TSS.Conc. + Temp..of.NSEC.Main.Ch. + Secondary.Effluent.Flow + N..Basin.Outfall + NSEC.Aerobic.SRT",0.267881620331694,0.814826638795025,"3,2"
"98","Pump.Flow.Based.PAA.Dose + N..Eff..TSS.Conc. + Temp..of.NSEC.Main.Ch. + Secondary.Effluent.Flow + N..Basin.Outfall + NSEC.Effluent.NH3",0.213418206795314,0.823262757742605,"3,2"
"99","Pump.Flow.Based.PAA.Dose + N..Eff..TSS.Conc. + Temp..of.NSEC.Main.Ch. + Secondary.Effluent.Flow + N..Basin.Outfall + NSEC.Effluent.NO3",0.179671705686512,0.825342027399389,"3,2"
"100","Pump.Flow.Based.PAA.Dose + N..Eff..TSS.Conc. + Temp..of.NSEC.Main.Ch. + Secondary.Effluent.Flow + N..Basin.Outfall + NSEC.Effluent.OP",0.255418718586517,0.818353985000561,"3,2"
"101","Pump.Flow.Based.PAA.Dose + N..Eff..TSS.Conc. + Temp..of.NSEC.Main.Ch. + Secondary.Effluent.Flow + N..Basin.Outfall + NSEC.Effluent.TSS",0.195510871445345,0.810468617021219,"3,2"
"102","Pump.Flow.Based.PAA.Dose + N..Eff..TSS.Conc. + Temp..of.NSEC.Main.Ch. + Secondary.Effluent.Flow + N..Basin.Outfall + NSEC.Effluent.NO5",0.174167216344578,0.834657479464548,"3,2"
"103","Pump.Flow.Based.PAA.Dose + N..Eff..TSS.Conc. + Temp..of.NSEC.Main.Ch. + Secondary.Effluent.Flow + N..Basin.Outfall + NSEC.Effluent.Flow",0.188628219741867,0.808364107222018,"3,2"
"104","Pump.Flow.Based.PAA.Dose + N..Eff..TSS.Conc. + Temp..of.NSEC.Main.Ch. + Secondary.Effluent.Flow + CODto..mg.L. + TSS..mg.L.",0.137583683409666,0.844119345828641,"3,2"
"105","Pump.Flow.Based.PAA.Dose + N..Eff..TSS.Conc. + Temp..of.NSEC.Main.Ch. + Secondary.Effluent.Flow + CODto..mg.L. + UVT....",0.214871892829433,0.845353014674509,"3,2"
"106","Pump.Flow.Based.PAA.Dose + N..Eff..TSS.Conc. + Temp..of.NSEC.Main.Ch. + Secondary.Effluent.Flow + CODto..mg.L. + CODds..mg.L.",0.171372514256816,0.842210171260469,"3,2"
"107","Pump.Flow.Based.PAA.Dose + N..Eff..TSS.Conc. + Temp..of.NSEC.Main.Ch. + Secondary.Effluent.Flow + CODto..mg.L. + SACto..1.m.",0.153004765413828,0.828938511486939,"3,2"
"108","Pump.Flow.Based.PAA.Dose + N..Eff..TSS.Conc. + Temp..of.NSEC.Main.Ch. + Secondary.Effluent.Flow + CODto..mg.L. + NSEC.Aerobic.SRT",0.11985894492857,0.805327817165962,"3,2"
"109","Pump.Flow.Based.PAA.Dose + N..Eff..TSS.Conc. + Temp..of.NSEC.Main.Ch. + Secondary.Effluent.Flow + CODto..mg.L. + NSEC.Effluent.NH3",0.18720513739726,0.822710111652188,"3,2"
"110","Pump.Flow.Based.PAA.Dose + N..Eff..TSS.Conc. + Temp..of.NSEC.Main.Ch. + Secondary.Effluent.Flow + CODto..mg.L. + NSEC.Effluent.NO3",0.0750960576179092,0.80687569039418,"3,2"
"111","Pump.Flow.Based.PAA.Dose + N..Eff..TSS.Conc. + Temp..of.NSEC.Main.Ch. + Secondary.Effluent.Flow + CODto..mg.L. + NSEC.Effluent.OP",0.224962767744231,0.819909716898779,"3,2"
"112","Pump.Flow.Based.PAA.Dose + N..Eff..TSS.Conc. + Temp..of.NSEC.Main.Ch. + Secondary.Effluent.Flow + CODto..mg.L. + NSEC.Effluent.TSS",0.14507495171427,0.811271651207267,"3,2"
"113","Pump.Flow.Based.PAA.Dose + N..Eff..TSS.Conc. + Temp..of.NSEC.Main.Ch. + Secondary.Effluent.Flow + CODto..mg.L. + NSEC.Effluent.NO5",0.170098048314176,0.817075459843721,"3,2"
"114","Pump.Flow.Based.PAA.Dose + N..Eff..TSS.Conc. + Temp..of.NSEC.Main.Ch. + Secondary.Effluent.Flow + CODto..mg.L. + NSEC.Effluent.Flow",0.179116751819465,0.811139672977027,"3,2"
"115","Pump.Flow.Based.PAA.Dose + N..Eff..TSS.Conc. + Temp..of.NSEC.Main.Ch. + Secondary.Effluent.Flow + TSS..mg.L. + UVT....",0.208192151148516,0.849881286868959,"3,2"
"116","Pump.Flow.Based.PAA.Dose + N..Eff..TSS.Conc. + Temp..of.NSEC.Main.Ch. + Secondary.Effluent.Flow + TSS..mg.L. + CODds..mg.L.",0.0697125601977961,0.807099841693324,"3,2"
"117","Pump.Flow.Based.PAA.Dose + N..Eff..TSS.Conc. + Temp..of.NSEC.Main.Ch. + Secondary.Effluent.Flow + TSS..mg.L. + SACto..1.m.",0.0544468633550816,0.831165266453575,"3,2"
"118","Pump.Flow.Based.PAA.Dose + N..Eff..TSS.Conc. + Temp..of.NSEC.Main.Ch. + Secondary.Effluent.Flow + TSS..mg.L. + NSEC.Aerobic.SRT",0.236870333596735,0.846300501161191,"3,2"
"119","Pump.Flow.Based.PAA.Dose + N..Eff..TSS.Conc. + Temp..of.NSEC.Main.Ch. + Secondary.Effluent.Flow + TSS..mg.L. + NSEC.Effluent.NH3",0.155736645752432,0.822146210711091,"3,2"
"120","Pump.Flow.Based.PAA.Dose + N..Eff..TSS.Conc. + Temp..of.NSEC.Main.Ch. + Secondary.Effluent.Flow + TSS..mg.L. + NSEC.Effluent.NO3",0.118978957537546,0.836312190535065,"3,2"
"121","Pump.Flow.Based.PAA.Dose + N..Eff..TSS.Conc. + Temp..of.NSEC.Main.Ch. + Secondary.Effluent.Flow + TSS..mg.L. + NSEC.Effluent.OP",0.164130521979302,0.802758926420978,"3,2"
"122","Pump.Flow.Based.PAA.Dose + N..Eff..TSS.Conc. + Temp..of.NSEC.Main.Ch. + Secondary.Effluent.Flow + TSS..mg.L. + NSEC.Effluent.TSS",0.124649786748005,0.816423511512924,"3,2"
"123","Pump.Flow.Based.PAA.Dose + N..Eff..TSS.Conc. + Temp..of.NSEC.Main.Ch. + Secondary.Effluent.Flow + TSS..mg.L. + NSEC.Effluent.NO5",0.264564764408458,0.837291940148565,"3,2"
"124","Pump.Flow.Based.PAA.Dose + N..Eff..TSS.Conc. + Temp..of.NSEC.Main.Ch. + Secondary.Effluent.Flow + TSS..mg.L. + NSEC.Effluent.Flow",0.157615582730851,0.808349922511448,"3,2"
"125","Pump.Flow.Based.PAA.Dose + N..Eff..TSS.Conc. + Temp..of.NSEC.Main.Ch. + Secondary.Effluent.Flow + UVT.... + CODds..mg.L.",0.0644627948839287,0.836117465115408,"3,2"
"126","Pump.Flow.Based.PAA.Dose + N..Eff..TSS.Conc. + Temp..of.NSEC.Main.Ch. + Secondary.Effluent.Flow + UVT.... + SACto..1.m.",0.264808778231551,0.821214564567306,"3,2"
"127","Pump.Flow.Based.PAA.Dose + N..Eff..TSS.Conc. + Temp..of.NSEC.Main.Ch. + Secondary.Effluent.Flow + UVT.... + NSEC.Aerobic.SRT",0.132444287607723,0.805018907132703,"3,2"
"128","Pump.Flow.Based.PAA.Dose + N..Eff..TSS.Conc. + Temp..of.NSEC.Main.Ch. + Secondary.Effluent.Flow + UVT.... + NSEC.Effluent.NH3",0.153105858518045,0.809296577806147,"3,2"
"129","Pump.Flow.Based.PAA.Dose + N..Eff..TSS.Conc. + Temp..of.NSEC.Main.Ch. + Secondary.Effluent.Flow + UVT.... + NSEC.Effluent.NO3",0.134997652502149,0.843991379556506,"3,2"
"130","Pump.Flow.Based.PAA.Dose + N..Eff..TSS.Conc. + Temp..of.NSEC.Main.Ch. + Secondary.Effluent.Flow + UVT.... + NSEC.Effluent.OP",0.232351765867876,0.822752200225325,"3,2"
"131","Pump.Flow.Based.PAA.Dose + N..Eff..TSS.Conc. + Temp..of.NSEC.Main.Ch. + Secondary.Effluent.Flow + UVT.... + NSEC.Effluent.TSS",0.0870096302490126,0.804526933476804,"3,2"
"132","Pump.Flow.Based.PAA.Dose + N..Eff..TSS.Conc. + Temp..of.NSEC.Main.Ch. + Secondary.Effluent.Flow + UVT.... + NSEC.Effluent.NO5",0.246766658525948,0.821117025767033,"3,2"
"133","Pump.Flow.Based.PAA.Dose + N..Eff..TSS.Conc. + Temp..of.NSEC.Main.Ch. + Secondary.Effluent.Flow + UVT.... + NSEC.Effluent.Flow",0.2172056235039,0.817836794462042,"3,2"
"134","Pump.Flow.Based.PAA.Dose + N..Eff..TSS.Conc. + Temp..of.NSEC.Main.Ch. + Secondary.Effluent.Flow + CODds..mg.L. + SACto..1.m.",0.142625964029191,0.846347475503801,"3,2"
"135","Pump.Flow.Based.PAA.Dose + N..Eff..TSS.Conc. + Temp..of.NSEC.Main.Ch. + Secondary.Effluent.Flow + CODds..mg.L. + NSEC.Aerobic.SRT",0.203400352661648,0.832268882330178,"3,2"
"136","Pump.Flow.Based.PAA.Dose + N..Eff..TSS.Conc. + Temp..of.NSEC.Main.Ch. + Secondary.Effluent.Flow + CODds..mg.L. + NSEC.Effluent.NH3",0.101767955120247,0.805122134923501,"3,2"
"137","Pump.Flow.Based.PAA.Dose + N..Eff..TSS.Conc. + Temp..of.NSEC.Main.Ch. + Secondary.Effluent.Flow + CODds..mg.L. + NSEC.Effluent.NO3",0.243472662584586,0.827985519354822,"3,2"
"138","Pump.Flow.Based.PAA.Dose + N..Eff..TSS.Conc. + Temp..of.NSEC.Main.Ch. + Secondary.Effluent.Flow + CODds..mg.L. + NSEC.Effluent.OP",0.220819946694136,0.851484386528353,"3,2"
"139","Pump.Flow.Based.PAA.Dose + N..Eff..TSS.Conc. + Temp..of.NSEC.Main.Ch. + Secondary.Effluent.Flow + CODds..mg.L. + NSEC.Effluent.TSS",0.228968364828637,0.831025665284125,"3,2"
"140","Pump.Flow.Based.PAA.Dose + N..Eff..TSS.Conc. + Temp..of.NSEC.Main.Ch. + Secondary.Effluent.Flow + CODds..mg.L. + NSEC.Effluent.NO5",0.272333752058679,0.845193559029743,"3,2"
"141","Pump.Flow.Based.PAA.Dose + N..Eff..TSS.Conc. + Temp..of.NSEC.Main.Ch. + Secondary.Effluent.Flow + CODds..mg.L. + NSEC.Effluent.Flow",0.217533966273312,0.82808481834389,"3,2"
"142","Pump.Flow.Based.PAA.Dose + N..Eff..TSS.Conc. + Temp..of.NSEC.Main.Ch. + Secondary.Effluent.Flow + SACto..1.m. + NSEC.Aerobic.SRT",0.160847696345107,0.828358648750285,"3,2"
"143","Pump.Flow.Based.PAA.Dose + N..Eff..TSS.Conc. + Temp..of.NSEC.Main.Ch. + Secondary.Effluent.Flow + SACto..1.m. + NSEC.Effluent.NH3",0.286892567340934,0.865182798794179,"3,2"
"144","Pump.Flow.Based.PAA.Dose + N..Eff..TSS.Conc. + Temp..of.NSEC.Main.Ch. + Secondary.Effluent.Flow + SACto..1.m. + NSEC.Effluent.NO3",0.15139488044735,0.835307172316317,"3,2"
"145","Pump.Flow.Based.PAA.Dose + N..Eff..TSS.Conc. + Temp..of.NSEC.Main.Ch. + Secondary.Effluent.Flow + SACto..1.m. + NSEC.Effluent.OP",0.182379438522568,0.815589615279771,"3,2"
"146","Pump.Flow.Based.PAA.Dose + N..Eff..TSS.Conc. + Temp..of.NSEC.Main.Ch. + Secondary.Effluent.Flow + SACto..1.m. + NSEC.Effluent.TSS",0.159847178369043,0.826325735947022,"3,2"
"147","Pump.Flow.Based.PAA.Dose + N..Eff..TSS.Conc. + Temp..of.NSEC.Main.Ch. + Secondary.Effluent.Flow + SACto..1.m. + NSEC.Effluent.NO5",0.0941292048234259,0.80331613173594,"3,2"
"148","Pump.Flow.Based.PAA.Dose + N..Eff..TSS.Conc. + Temp..of.NSEC.Main.Ch. + Secondary.Effluent.Flow + SACto..1.m. + NSEC.Effluent.Flow",0.151794569635238,0.818959918084818,"3,2"
"149","Pump.Flow.Based.PAA.Dose + N..Eff..TSS.Conc. + Temp..of.NSEC.Main.Ch. + Secondary.Effluent.Flow + NSEC.Aerobic.SRT + NSEC.Effluent.NH3",0.186346010605676,0.818234978972104,"3,2"
"150","Pump.Flow.Based.PAA.Dose + N..Eff..TSS.Conc. + Temp..of.NSEC.Main.Ch. + Secondary.Effluent.Flow + NSEC.Aerobic.SRT + NSEC.Effluent.NO3",0.260736110540538,0.821996291732474,"3,2"
"151","Pump.Flow.Based.PAA.Dose + N..Eff..TSS.Conc. + Temp..of.NSEC.Main.Ch. + Secondary.Effluent.Flow + NSEC.Aerobic.SRT + NSEC.Effluent.OP",0.198903840130312,0.837777446263844,"3,2"
"152","Pump.Flow.Based.PAA.Dose + N..Eff..TSS.Conc. + Temp..of.NSEC.Main.Ch. + Secondary.Effluent.Flow + NSEC.Aerobic.SRT + NSEC.Effluent.TSS",0.218446866720815,0.810097881042626,"3,2"
"153","Pump.Flow.Based.PAA.Dose + N..Eff..TSS.Conc. + Temp..of.NSEC.Main.Ch. + Secondary.Effluent.Flow + NSEC.Aerobic.SRT + NSEC.Effluent.NO5",0.161886153416965,0.818769418203689,"3,2"
"154","Pump.Flow.Based.PAA.Dose + N..Eff..TSS.Conc. + Temp..of.NSEC.Main.Ch. + Secondary.Effluent.Flow + NSEC.Aerobic.SRT + NSEC.Effluent.Flow",0.185171653942484,0.811486049615802,"3,2"
"155","Pump.Flow.Based.PAA.Dose + N..Eff..TSS.Conc. + Temp..of.NSEC.Main.Ch. + Secondary.Effluent.Flow + NSEC.Effluent.NH3 + NSEC.Effluent.NO3",0.0804808575108329,0.812353793513325,"3,2"
"156","Pump.Flow.Based.PAA.Dose + N..Eff..TSS.Conc. + Temp..of.NSEC.Main.Ch. + Secondary.Effluent.Flow + NSEC.Effluent.NH3 + NSEC.Effluent.OP",0.144630975441787,0.825798943893741,"3,2"
"157","Pump.Flow.Based.PAA.Dose + N..Eff..TSS.Conc. + Temp..of.NSEC.Main.Ch. + Secondary.Effluent.Flow + NSEC.Effluent.NH3 + NSEC.Effluent.TSS",0.159634924345439,0.819934869214269,"3,2"
"158","Pump.Flow.Based.PAA.Dose + N..Eff..TSS.Conc. + Temp..of.NSEC.Main.Ch. + Secondary.Effluent.Flow + NSEC.Effluent.NH3 + NSEC.Effluent.NO5",0.174900292674463,0.840401229258413,"3,2"
"159","Pump.Flow.Based.PAA.Dose + N..Eff..TSS.Conc. + Temp..of.NSEC.Main.Ch. + Secondary.Effluent.Flow + NSEC.Effluent.NH3 + NSEC.Effluent.Flow",0.226813045381212,0.816328231297538,"3,2"
"160","Pump.Flow.Based.PAA.Dose + N..Eff..TSS.Conc. + Temp..of.NSEC.Main.Ch. + Secondary.Effluent.Flow + NSEC.Effluent.NO3 + NSEC.Effluent.OP",0.13596750297583,0.814628684473876,"3,2"
"161","Pump.Flow.Based.PAA.Dose + N..Eff..TSS.Conc. + Temp..of.NSEC.Main.Ch. + Secondary.Effluent.Flow + NSEC.Effluent.NO3 + NSEC.Effluent.TSS",0.205231815680553,0.834220256970481,"3,2"
"162","Pump.Flow.Based.PAA.Dose + N..Eff..TSS.Conc. + Temp..of.NSEC.Main.Ch. + Secondary.Effluent.Flow + NSEC.Effluent.NO3 + NSEC.Effluent.NO5",0.112074216920525,0.815081318646046,"3,2"
"163","Pump.Flow.Based.PAA.Dose + N..Eff..TSS.Conc. + Temp..of.NSEC.Main.Ch. + Secondary.Effluent.Flow + NSEC.Effluent.NO3 + NSEC.Effluent.Flow",0.221513736232774,0.833652037544494,"3,2"
"164","Pump.Flow.Based.PAA.Dose + N..Eff..TSS.Conc. + Temp..of.NSEC.Main.Ch. + Secondary.Effluent.Flow + NSEC.Effluent.OP + NSEC.Effluent.TSS",0.116992550924297,0.795953040618211,"3,2"
"165","Pump.Flow.Based.PAA.Dose + N..Eff..TSS.Conc. + Temp..of.NSEC.Main.Ch. + Secondary.Effluent.Flow + NSEC.Effluent.OP + NSEC.Effluent.NO5",0.114659210941825,0.835968434088764,"3,2"
"166","Pump.Flow.Based.PAA.Dose + N..Eff..TSS.Conc. + Temp..of.NSEC.Main.Ch. + Secondary.Effluent.Flow + NSEC.Effluent.OP + NSEC.Effluent.Flow",0.231295661804888,0.814811242547059,"3,2"
"167","Pump.Flow.Based.PAA.Dose + N..Eff..TSS.Conc. + Temp..of.NSEC.Main.Ch. + Secondary.Effluent.Flow + NSEC.Effluent.TSS + NSEC.Effluent.NO5",0.18407730339994,0.822834972153508,"3,2"
"168","Pump.Flow.Based.PAA.Dose + N..Eff..TSS.Conc. + Temp..of.NSEC.Main.Ch. + Secondary.Effluent.Flow + NSEC.Effluent.TSS + NSEC.Effluent.Flow",0.272059354811561,0.819174404061615,"3,2"
"169","Pump.Flow.Based.PAA.Dose + N..Eff..TSS.Conc. + Temp..of.NSEC.Main.Ch. + Secondary.Effluent.Flow + NSEC.Effluent.NO5 + NSEC.Effluent.Flow",0.113978568768248,0.813466569346056,"3,2"
"170","Pump.Flow.Based.PAA.Dose + N..Eff..TSS.Conc. + Temp..of.NSEC.Main.Ch. + N..Basin.Outfall + CODto..mg.L. + TSS..mg.L.",0.156974793880277,0.836237391114621,"3,2"
"171","Pump.Flow.Based.PAA.Dose + N..Eff..TSS.Conc. + Temp..of.NSEC.Main.Ch. + N..Basin.Outfall + CODto..mg.L. + UVT....",0.213236456807142,0.831819754554557,"3,2"
"172","Pump.Flow.Based.PAA.Dose + N..Eff..TSS.Conc. + Temp..of.NSEC.Main.Ch. + N..Basin.Outfall + CODto..mg.L. + CODds..mg.L.",0.140265556674786,0.828362507612403,"3,2"
"173","Pump.Flow.Based.PAA.Dose + N..Eff..TSS.Conc. + Temp..of.NSEC.Main.Ch. + N..Basin.Outfall + CODto..mg.L. + SACto..1.m.",0.24483628420339,0.819221498568723,"3,2"
"174","Pump.Flow.Based.PAA.Dose + N..Eff..TSS.Conc. + Temp..of.NSEC.Main.Ch. + N..Basin.Outfall + CODto..mg.L. + NSEC.Aerobic.SRT",0.155146664114412,0.85697344192699,"3,2"
"175","Pump.Flow.Based.PAA.Dose + N..Eff..TSS.Conc. + Temp..of.NSEC.Main.Ch. + N..Basin.Outfall + CODto..mg.L. + NSEC.Effluent.NH3",0.0574974382777063,0.797183987972451,"3,2"
"176","Pump.Flow.Based.PAA.Dose + N..Eff..TSS.Conc. + Temp..of.NSEC.Main.Ch. + N..Basin.Outfall + CODto..mg.L. + NSEC.Effluent.NO3",0.120667189954567,0.828975092880949,"3,2"
"177","Pump.Flow.Based.PAA.Dose + N..Eff..TSS.Conc. + Temp..of.NSEC.Main.Ch. + N..Basin.Outfall + CODto..mg.L. + NSEC.Effluent.OP",0.141330542097869,0.804332014150897,"3,2"
"178","Pump.Flow.Based.PAA.Dose + N..Eff..TSS.Conc. + Temp..of.NSEC.Main.Ch. + N..Basin.Outfall + CODto..mg.L. + NSEC.Effluent.TSS",0.0989379437027418,0.791557242232272,"3,2"
"179","Pump.Flow.Based.PAA.Dose + N..Eff..TSS.Conc. + Temp..of.NSEC.Main.Ch. + N..Basin.Outfall + CODto..mg.L. + NSEC.Effluent.NO5",0.1550494069895,0.818184606656483,"3,2"
"180","Pump.Flow.Based.PAA.Dose + N..Eff..TSS.Conc. + Temp..of.NSEC.Main.Ch. + N..Basin.Outfall + CODto..mg.L. + NSEC.Effluent.Flow",0.221104758891582,0.808087611796437,"3,2"
"181","Pump.Flow.Based.PAA.Dose + N..Eff..TSS.Conc. + Temp..of.NSEC.Main.Ch. + N..Basin.Outfall + TSS..mg.L. + UVT....",0.0845196109531003,0.837231705564635,"3,2"
"182","Pump.Flow.Based.PAA.Dose + N..Eff..TSS.Conc. + Temp..of.NSEC.Main.Ch. + N..Basin.Outfall + TSS..mg.L. + CODds..mg.L.",0.166741423087264,0.84023787426856,"3,2"
"183","Pump.Flow.Based.PAA.Dose + N..Eff..TSS.Conc. + Temp..of.NSEC.Main.Ch. + N..Basin.Outfall + TSS..mg.L. + SACto..1.m.",0.115492209156737,0.813144126768815,"3,2"
"184","Pump.Flow.Based.PAA.Dose + N..Eff..TSS.Conc. + Temp..of.NSEC.Main.Ch. + N..Basin.Outfall + TSS..mg.L. + NSEC.Aerobic.SRT",0.196516794196417,0.830989721484836,"3,2"
"185","Pump.Flow.Based.PAA.Dose + N..Eff..TSS.Conc. + Temp..of.NSEC.Main.Ch. + N..Basin.Outfall + TSS..mg.L. + NSEC.Effluent.NH3",0.197709092521864,0.8243370425892,"3,2"
"186","Pump.Flow.Based.PAA.Dose + N..Eff..TSS.Conc. + Temp..of.NSEC.Main.Ch. + N..Basin.Outfall + TSS..mg.L. + NSEC.Effluent.NO3",0.275822159840565,0.830579235302904,"3,2"
"187","Pump.Flow.Based.PAA.Dose + N..Eff..TSS.Conc. + Temp..of.NSEC.Main.Ch. + N..Basin.Outfall + TSS..mg.L. + NSEC.Effluent.OP",0.141416032552187,0.803258107997224,"3,2"
"188","Pump.Flow.Based.PAA.Dose + N..Eff..TSS.Conc. + Temp..of.NSEC.Main.Ch. + N..Basin.Outfall + TSS..mg.L. + NSEC.Effluent.TSS",0.117366460223494,0.791772673088096,"3,2"
"189","Pump.Flow.Based.PAA.Dose + N..Eff..TSS.Conc. + Temp..of.NSEC.Main.Ch. + N..Basin.Outfall + TSS..mg.L. + NSEC.Effluent.NO5",0.213941910402493,0.845331234260003,"3,2"
"190","Pump.Flow.Based.PAA.Dose + N..Eff..TSS.Conc. + Temp..of.NSEC.Main.Ch. + N..Basin.Outfall + TSS..mg.L. + NSEC.Effluent.Flow",0.18535162411828,0.80853777179826,"3,2"
"191","Pump.Flow.Based.PAA.Dose + N..Eff..TSS.Conc. + Temp..of.NSEC.Main.Ch. + N..Basin.Outfall + UVT.... + CODds..mg.L.",0.186685638140467,0.825844481251288,"3,2"
"192","Pump.Flow.Based.PAA.Dose + N..Eff..TSS.Conc. + Temp..of.NSEC.Main.Ch. + N..Basin.Outfall + UVT.... + SACto..1.m.",0.134124990702492,0.798970662850904,"3,2"
"193","Pump.Flow.Based.PAA.Dose + N..Eff..TSS.Conc. + Temp..of.NSEC.Main.Ch. + N..Basin.Outfall + UVT.... + NSEC.Aerobic.SRT",0.163868014477899,0.807960534406321,"3,2"
"194","Pump.Flow.Based.PAA.Dose + N..Eff..TSS.Conc. + Temp..of.NSEC.Main.Ch. + N..Basin.Outfall + UVT.... + NSEC.Effluent.NH3",0.130270392496843,0.806659530808108,"3,2"
"195","Pump.Flow.Based.PAA.Dose + N..Eff..TSS.Conc. + Temp..of.NSEC.Main.Ch. + N..Basin.Outfall + UVT.... + NSEC.Effluent.NO3",0.214277344527642,0.818154929288177,"3,2"
"196","Pump.Flow.Based.PAA.Dose + N..Eff..TSS.Conc. + Temp..of.NSEC.Main.Ch. + N..Basin.Outfall + UVT.... + NSEC.Effluent.OP",0.159505063851794,0.809700839622534,"3,2"
"197","Pump.Flow.Based.PAA.Dose + N..Eff..TSS.Conc. + Temp..of.NSEC.Main.Ch. + N..Basin.Outfall + UVT.... + NSEC.Effluent.TSS",0.185428774679018,0.846899865112191,"3,2"
"198","Pump.Flow.Based.PAA.Dose + N..Eff..TSS.Conc. + Temp..of.NSEC.Main.Ch. + N..Basin.Outfall + UVT.... + NSEC.Effluent.NO5",0.296448287397139,0.832189815978272,"3,2"
"199","Pump.Flow.Based.PAA.Dose + N..Eff..TSS.Conc. + Temp..of.NSEC.Main.Ch. + N..Basin.Outfall + UVT.... + NSEC.Effluent.Flow",0.193469921911773,0.146658569880939,"3,2"
"200","Pump.Flow.Based.PAA.Dose + N..Eff..TSS.Conc. + Temp..of.NSEC.Main.Ch. + N..Basin.Outfall + CODds..mg.L. + SACto..1.m.",0.189047421276769,0.834637667863528,"3,2"
"201","Pump.Flow.Based.PAA.Dose + N..Eff..TSS.Conc. + Temp..of.NSEC.Main.Ch. + N..Basin.Outfall + CODds..mg.L. + NSEC.Aerobic.SRT",0.25218091298447,0.818750383079953,"3,2"
"202","Pump.Flow.Based.PAA.Dose + N..Eff..TSS.Conc. + Temp..of.NSEC.Main.Ch. + N..Basin.Outfall + CODds..mg.L. + NSEC.Effluent.NH3",0.246819553624017,0.819189406387599,"3,2"
"203","Pump.Flow.Based.PAA.Dose + N..Eff..TSS.Conc. + Temp..of.NSEC.Main.Ch. + N..Basin.Outfall + CODds..mg.L. + NSEC.Effluent.NO3",0.0946259007181396,0.805155871477725,"3,2"
"204","Pump.Flow.Based.PAA.Dose + N..Eff..TSS.Conc. + Temp..of.NSEC.Main.Ch. + N..Basin.Outfall + CODds..mg.L. + NSEC.Effluent.OP",0.0973998967305896,0.797173474384836,"3,2"
"205","Pump.Flow.Based.PAA.Dose + N..Eff..TSS.Conc. + Temp..of.NSEC.Main.Ch. + N..Basin.Outfall + CODds..mg.L. + NSEC.Effluent.TSS",0.201770726189826,0.821392741850931,"3,2"
"206","Pump.Flow.Based.PAA.Dose + N..Eff..TSS.Conc. + Temp..of.NSEC.Main.Ch. + N..Basin.Outfall + CODds..mg.L. + NSEC.Effluent.NO5",0.221699331897136,0.82822291761936,"3,2"
"207","Pump.Flow.Based.PAA.Dose + N..Eff..TSS.Conc. + Temp..of.NSEC.Main.Ch. + N..Basin.Outfall + CODds..mg.L. + NSEC.Effluent.Flow",0.216945582287402,0.817166931949189,"3,2"
"208","Pump.Flow.Based.PAA.Dose + N..Eff..TSS.Conc. + Temp..of.NSEC.Main.Ch. + N..Basin.Outfall + SACto..1.m. + NSEC.Aerobic.SRT",0.134916504071062,0.842517973885729,"3,2"
"209","Pump.Flow.Based.PAA.Dose + N..Eff..TSS.Conc. + Temp..of.NSEC.Main.Ch. + N..Basin.Outfall + SACto..1.m. + NSEC.Effluent.NH3",0.18107146865101,0.827071666186435,"3,2"
"210","Pump.Flow.Based.PAA.Dose + N..Eff..TSS.Conc. + Temp..of.NSEC.Main.Ch. + N..Basin.Outfall + SACto..1.m. + NSEC.Effluent.NO3",0.223140397460849,0.85079713861051,"3,2"
"211","Pump.Flow.Based.PAA.Dose + N..Eff..TSS.Conc. + Temp..of.NSEC.Main.Ch. + N..Basin.Outfall + SACto..1.m. + NSEC.Effluent.OP",0.170135585171648,0.828302720952396,"3,2"
"212","Pump.Flow.Based.PAA.Dose + N..Eff..TSS.Conc. + Temp..of.NSEC.Main.Ch. + N..Basin.Outfall + SACto..1.m. + NSEC.Effluent.TSS",0.0817570048320198,0.804288790112401,"3,2"
"213","Pump.Flow.Based.PAA.Dose + N..Eff..TSS.Conc. + Temp..of.NSEC.Main.Ch. + N..Basin.Outfall + SACto..1.m. + NSEC.Effluent.NO5",0.102462006236271,0.807298031635814,"3,2"
"214","Pump.Flow.Based.PAA.Dose + N..Eff..TSS.Conc. + Temp..of.NSEC.Main.Ch. + N..Basin.Outfall + SACto..1.m. + NSEC.Effluent.Flow",0.225380498493581,0.817222591247333,"3,2"
"215","Pump.Flow.Based.PAA.Dose + N..Eff..TSS.Conc. + Temp..of.NSEC.Main.Ch. + N..Basin.Outfall + NSEC.Aerobic.SRT + NSEC.Effluent.NH3",0.259368683503925,0.817527549410797,"3,2"
"216","Pump.Flow.Based.PAA.Dose + N..Eff..TSS.Conc. + Temp..of.NSEC.Main.Ch. + N..Basin.Outfall + NSEC.Aerobic.SRT + NSEC.Effluent.NO3",0.187076853120568,0.810189956768709,"3,2"
"217","Pump.Flow.Based.PAA.Dose + N..Eff..TSS.Conc. + Temp..of.NSEC.Main.Ch. + N..Basin.Outfall + NSEC.Aerobic.SRT + NSEC.Effluent.OP",0.181683529621329,0.832225516372563,"3,2"
"218","Pump.Flow.Based.PAA.Dose + N..Eff..TSS.Conc. + Temp..of.NSEC.Main.Ch. + N..Basin.Outfall + NSEC.Aerobic.SRT + NSEC.Effluent.TSS",0.267580956734472,0.816968868835087,"3,2"
"219","Pump.Flow.Based.PAA.Dose + N..Eff..TSS.Conc. + Temp..of.NSEC.Main.Ch. + N..Basin.Outfall + NSEC.Aerobic.SRT + NSEC.Effluent.NO5",0.168434729214295,0.806768876826484,"3,2"
"220","Pump.Flow.Based.PAA.Dose + N..Eff..TSS.Conc. + Temp..of.NSEC.Main.Ch. + N..Basin.Outfall + NSEC.Aerobic.SRT + NSEC.Effluent.Flow",0.173492205465788,0.816681339376411,"3,2"
"221","Pump.Flow.Based.PAA.Dose + N..Eff..TSS.Conc. + Temp..of.NSEC.Main.Ch. + N..Basin.Outfall + NSEC.Effluent.NH3 + NSEC.Effluent.NO3",0.0936391129590499,0.815756336560349,"3,2"
"222","Pump.Flow.Based.PAA.Dose + N..Eff..TSS.Conc. + Temp..of.NSEC.Main.Ch. + N..Basin.Outfall + NSEC.Effluent.NH3 + NSEC.Effluent.OP",0.206759669083953,0.819217801675037,"3,2"
"223","Pump.Flow.Based.PAA.Dose + N..Eff..TSS.Conc. + Temp..of.NSEC.Main.Ch. + N..Basin.Outfall + NSEC.Effluent.NH3 + NSEC.Effluent.TSS",0.117853091123437,0.793005240198609,"3,2"
"224","Pump.Flow.Based.PAA.Dose + N..Eff..TSS.Conc. + Temp..of.NSEC.Main.Ch. + N..Basin.Outfall + NSEC.Effluent.NH3 + NSEC.Effluent.NO5",0.196349537398022,0.841047545743272,"3,2"
"225","Pump.Flow.Based.PAA.Dose + N..Eff..TSS.Conc. + Temp..of.NSEC.Main.Ch. + N..Basin.Outfall + NSEC.Effluent.NH3 + NSEC.Effluent.Flow",0.207137809894647,0.815935655927558,"3,2"
"226","Pump.Flow.Based.PAA.Dose + N..Eff..TSS.Conc. + Temp..of.NSEC.Main.Ch. + N..Basin.Outfall + NSEC.Effluent.NO3 + NSEC.Effluent.OP",0.243626266883249,0.820288941123253,"3,2"
"227","Pump.Flow.Based.PAA.Dose + N..Eff..TSS.Conc. + Temp..of.NSEC.Main.Ch. + N..Basin.Outfall + NSEC.Effluent.NO3 + NSEC.Effluent.TSS",0.212379779451367,0.815660227277391,"3,2"
"228","Pump.Flow.Based.PAA.Dose + N..Eff..TSS.Conc. + Temp..of.NSEC.Main.Ch. + N..Basin.Outfall + NSEC.Effluent.NO3 + NSEC.Effluent.NO5",0.248414251566865,0.82080928020383,"3,2"
"229","Pump.Flow.Based.PAA.Dose + N..Eff..TSS.Conc. + Temp..of.NSEC.Main.Ch. + N..Basin.Outfall + NSEC.Effluent.NO3 + NSEC.Effluent.Flow",0.274332318359245,0.824706477063702,"3,2"
"230","Pump.Flow.Based.PAA.Dose + N..Eff..TSS.Conc. + Temp..of.NSEC.Main.Ch. + N..Basin.Outfall + NSEC.Effluent.OP + NSEC.Effluent.TSS",0.230734666617848,0.811194306544055,"3,2"
"231","Pump.Flow.Based.PAA.Dose + N..Eff..TSS.Conc. + Temp..of.NSEC.Main.Ch. + N..Basin.Outfall + NSEC.Effluent.OP + NSEC.Effluent.NO5",0.167726628771738,0.831776341168567,"3,2"
"232","Pump.Flow.Based.PAA.Dose + N..Eff..TSS.Conc. + Temp..of.NSEC.Main.Ch. + N..Basin.Outfall + NSEC.Effluent.OP + NSEC.Effluent.Flow",0.235591945949442,0.810743343139309,"3,2"
"233","Pump.Flow.Based.PAA.Dose + N..Eff..TSS.Conc. + Temp..of.NSEC.Main.Ch. + N..Basin.Outfall + NSEC.Effluent.TSS + NSEC.Effluent.NO5",0.227092330125936,0.80929154293598,"3,2"
"234","Pump.Flow.Based.PAA.Dose + N..Eff..TSS.Conc. + Temp..of.NSEC.Main.Ch. + N..Basin.Outfall + NSEC.Effluent.TSS + NSEC.Effluent.Flow",0.177795359986281,0.796909463966857,"3,2"
"235","Pump.Flow.Based.PAA.Dose + N..Eff..TSS.Conc. + Temp..of.NSEC.Main.Ch. + N..Basin.Outfall + NSEC.Effluent.NO5 + NSEC.Effluent.Flow",0.120516194698624,0.801178867719583,"3,2"
"236","Pump.Flow.Based.PAA.Dose + N..Eff..TSS.Conc. + Temp..of.NSEC.Main.Ch. + CODto..mg.L. + TSS..mg.L. + UVT....",0.418245279047338,0.769061556414048,"3,2"
"237","Pump.Flow.Based.PAA.Dose + N..Eff..TSS.Conc. + Temp..of.NSEC.Main.Ch. + CODto..mg.L. + TSS..mg.L. + CODds..mg.L.",0.296309121001069,0.749584653758548,"3,2"
"238","Pump.Flow.Based.PAA.Dose + N..Eff..TSS.Conc. + Temp..of.NSEC.Main.Ch. + CODto..mg.L. + TSS..mg.L. + SACto..1.m.",0.359262160332431,0.812121798146854,"3,2"
"239","Pump.Flow.Based.PAA.Dose + N..Eff..TSS.Conc. + Temp..of.NSEC.Main.Ch. + CODto..mg.L. + TSS..mg.L. + NSEC.Aerobic.SRT",0.190540899522737,0.78442629530806,"3,2"
"240","Pump.Flow.Based.PAA.Dose + N..Eff..TSS.Conc. + Temp..of.NSEC.Main.Ch. + CODto..mg.L. + TSS..mg.L. + NSEC.Effluent.NH3",0.38203544399115,0.7500306842797,"3,2"
"241","Pump.Flow.Based.PAA.Dose + N..Eff..TSS.Conc. + Temp..of.NSEC.Main.Ch. + CODto..mg.L. + TSS..mg.L. + NSEC.Effluent.NO3",0.365100950459565,0.739733412435776,"3,2"
"242","Pump.Flow.Based.PAA.Dose + N..Eff..TSS.Conc. + Temp..of.NSEC.Main.Ch. + CODto..mg.L. + TSS..mg.L. + NSEC.Effluent.OP",0.39182827136174,0.776689151531827,"3,2"
"243","Pump.Flow.Based.PAA.Dose + N..Eff..TSS.Conc. + Temp..of.NSEC.Main.Ch. + CODto..mg.L. + TSS..mg.L. + NSEC.Effluent.TSS",0.409283612157942,0.746505637536516,"3,2"
"244","Pump.Flow.Based.PAA.Dose + N..Eff..TSS.Conc. + Temp..of.NSEC.Main.Ch. + CODto..mg.L. + TSS..mg.L. + NSEC.Effluent.NO5",0.401902712368023,0.788245659856894,"3,2"
"245","Pump.Flow.Based.PAA.Dose + N..Eff..TSS.Conc. + Temp..of.NSEC.Main.Ch. + CODto..mg.L. + TSS..mg.L. + NSEC.Effluent.Flow",0.154454293442221,0.822526339913552,"3,2"
"246","Pump.Flow.Based.PAA.Dose + N..Eff..TSS.Conc. + Temp..of.NSEC.Main.Ch. + CODto..mg.L. + UVT.... + CODds..mg.L.",0.312603956469647,0.771534477718588,"3,2"
"247","Pump.Flow.Based.PAA.Dose + N..Eff..TSS.Conc. + Temp..of.NSEC.Main.Ch. + CODto..mg.L. + UVT.... + SACto..1.m.",0.442028975469643,0.7796524606216,"3,2"
"248","Pump.Flow.Based.PAA.Dose + N..Eff..TSS.Conc. + Temp..of.NSEC.Main.Ch. + CODto..mg.L. + UVT.... + NSEC.Aerobic.SRT",0.36735908773767,0.765694216875915,"3,2"
"249","Pump.Flow.Based.PAA.Dose + N..Eff..TSS.Conc. + Temp..of.NSEC.Main.Ch. + CODto..mg.L. + UVT.... + NSEC.Effluent.NH3",0.412608785134416,0.714072798660265,"3,2"
"250","Pump.Flow.Based.PAA.Dose + N..Eff..TSS.Conc. + Temp..of.NSEC.Main.Ch. + CODto..mg.L. + UVT.... + NSEC.Effluent.NO3",0.505918741904617,0.792232542708855,"3,2"
"251","Pump.Flow.Based.PAA.Dose + N..Eff..TSS.Conc. + Temp..of.NSEC.Main.Ch. + CODto..mg.L. + UVT.... + NSEC.Effluent.OP",0.343328466112953,0.745366816099063,"3,2"
"252","Pump.Flow.Based.PAA.Dose + N..Eff..TSS.Conc. + Temp..of.NSEC.Main.Ch. + CODto..mg.L. + UVT.... + NSEC.Effluent.TSS",0.362402038752204,0.748337703773458,"3,2"
"253","Pump.Flow.Based.PAA.Dose + N..Eff..TSS.Conc. + Temp..of.NSEC.Main.Ch. + CODto..mg.L. + UVT.... + NSEC.Effluent.NO5",0.339529941397407,0.755382946491612,"3,2"
"254","Pump.Flow.Based.PAA.Dose + N..Eff..TSS.Conc. + Temp..of.NSEC.Main.Ch. + CODto..mg.L. + UVT.... + NSEC.Effluent.Flow",0.19986738902501,0.786690071531569,"3,2"
"255","Pump.Flow.Based.PAA.Dose + N..Eff..TSS.Conc. + Temp..of.NSEC.Main.Ch. + CODto..mg.L. + CODds..mg.L. + SACto..1.m.",0.306928154952795,0.751503863404201,"3,2"
"256","Pump.Flow.Based.PAA.Dose + N..Eff..TSS.Conc. + Temp..of.NSEC.Main.Ch. + CODto..mg.L. + CODds..mg.L. + NSEC.Aerobic.SRT",0.356565835329997,0.773925657910956,"3,2"
"257","Pump.Flow.Based.PAA.Dose + N..Eff..TSS.Conc. + Temp..of.NSEC.Main.Ch. + CODto..mg.L. + CODds..mg.L. + NSEC.Effluent.NH3",0.289453791897235,0.759500483289466,"3,2"
"258","Pump.Flow.Based.PAA.Dose + N..Eff..TSS.Conc. + Temp..of.NSEC.Main.Ch. + CODto..mg.L. + CODds..mg.L. + NSEC.Effluent.NO3",0.395515920315183,0.79950530497805,"3,2"
"259","Pump.Flow.Based.PAA.Dose + N..Eff..TSS.Conc. + Temp..of.NSEC.Main.Ch. + CODto..mg.L. + CODds..mg.L. + NSEC.Effluent.OP",0.290745030146567,0.777579433621954,"3,2"
"260","Pump.Flow.Based.PAA.Dose + N..Eff..TSS.Conc. + Temp..of.NSEC.Main.Ch. + CODto..mg.L. + CODds..mg.L. + NSEC.Effluent.TSS",0.374294995151785,0.769338263247003,"3,2"
"261","Pump.Flow.Based.PAA.Dose + N..Eff..TSS.Conc. + Temp..of.NSEC.Main.Ch. + CODto..mg.L. + CODds..mg.L. + NSEC.Effluent.NO5",0.265731359904684,0.758803597285389,"3,2"
"262","Pump.Flow.Based.PAA.Dose + N..Eff..TSS.Conc. + Temp..of.NSEC.Main.Ch. + CODto..mg.L. + CODds..mg.L. + NSEC.Effluent.Flow",0.19030715551181,0.144107552098849,"3,2"
"263","Pump.Flow.Based.PAA.Dose + N..Eff..TSS.Conc. + Temp..of.NSEC.Main.Ch. + CODto..mg.L. + SACto..1.m. + NSEC.Aerobic.SRT",0.226600934290378,0.801328757024489,"3,2"
"264","Pump.Flow.Based.PAA.Dose + N..Eff..TSS.Conc. + Temp..of.NSEC.Main.Ch. + CODto..mg.L. + SACto..1.m. + NSEC.Effluent.NH3",0.395388549848767,0.747218868388307,"3,2"
"265","Pump.Flow.Based.PAA.Dose + N..Eff..TSS.Conc. + Temp..of.NSEC.Main.Ch. + CODto..mg.L. + SACto..1.m. + NSEC.Effluent.NO3",0.382507445405865,0.782538387910611,"3,2"
"266","Pump.Flow.Based.PAA.Dose + N..Eff..TSS.Conc. + Temp..of.NSEC.Main.Ch. + CODto..mg.L. + SACto..1.m. + NSEC.Effluent.OP",0.340554049159582,0.762777350954741,"3,2"
"267","Pump.Flow.Based.PAA.Dose + N..Eff..TSS.Conc. + Temp..of.NSEC.Main.Ch. + CODto..mg.L. + SACto..1.m. + NSEC.Effluent.TSS",0.36515765753702,0.742626237265555,"3,2"
"268","Pump.Flow.Based.PAA.Dose + N..Eff..TSS.Conc. + Temp..of.NSEC.Main.Ch. + CODto..mg.L. + SACto..1.m. + NSEC.Effluent.NO5",0.369241587944373,0.743084106659398,"3,2"
"269","Pump.Flow.Based.PAA.Dose + N..Eff..TSS.Conc. + Temp..of.NSEC.Main.Ch. + CODto..mg.L. + SACto..1.m. + NSEC.Effluent.Flow",0.235193136689597,0.834340141335902,"3,2"
"270","Pump.Flow.Based.PAA.Dose + N..Eff..TSS.Conc. + Temp..of.NSEC.Main.Ch. + CODto..mg.L. + NSEC.Aerobic.SRT + NSEC.Effluent.NH3",0.360659062999155,0.737309309086957,"3,2"
"271","Pump.Flow.Based.PAA.Dose + N..Eff..TSS.Conc. + Temp..of.NSEC.Main.Ch. + CODto..mg.L. + NSEC.Aerobic.SRT + NSEC.Effluent.NO3",0.33333799791137,0.7508838450965,"3,2"
"272","Pump.Flow.Based.PAA.Dose + N..Eff..TSS.Conc. + Temp..of.NSEC.Main.Ch. + CODto..mg.L. + NSEC.Aerobic.SRT + NSEC.Effluent.OP",0.319005972188666,0.797210880428965,"3,2"
"273","Pump.Flow.Based.PAA.Dose + N..Eff..TSS.Conc. + Temp..of.NSEC.Main.Ch. + CODto..mg.L. + NSEC.Aerobic.SRT + NSEC.Effluent.TSS",0.373107240362183,0.743934398559599,"3,2"
"274","Pump.Flow.Based.PAA.Dose + N..Eff..TSS.Conc. + Temp..of.NSEC.Main.Ch. + CODto..mg.L. + NSEC.Aerobic.SRT + NSEC.Effluent.NO5",0.255793767874993,0.750333376806591,"3,2"
"275","Pump.Flow.Based.PAA.Dose + N..Eff..TSS.Conc. + Temp..of.NSEC.Main.Ch. + CODto..mg.L. + NSEC.Aerobic.SRT + NSEC.Effluent.Flow",0.229807089934351,0.831703975613101,"3,2"
"276","Pump.Flow.Based.PAA.Dose + N..Eff..TSS.Conc. + Temp..of.NSEC.Main.Ch. + CODto..mg.L. + NSEC.Effluent.NH3 + NSEC.Effluent.NO3",0.435721932806404,0.772670057479193,"3,2"
"277","Pump.Flow.Based.PAA.Dose + N..Eff..TSS.Conc. + Temp..of.NSEC.Main.Ch. + CODto..mg.L. + NSEC.Effluent.NH3 + NSEC.Effluent.OP",0.335211850236048,0.762857646719538,"3,2"
"278","Pump.Flow.Based.PAA.Dose + N..Eff..TSS.Conc. + Temp..of.NSEC.Main.Ch. + CODto..mg.L. + NSEC.Effluent.NH3 + NSEC.Effluent.TSS",0.520147976454259,0.784155229414958,"3,2"
"279","Pump.Flow.Based.PAA.Dose + N..Eff..TSS.Conc. + Temp..of.NSEC.Main.Ch. + CODto..mg.L. + NSEC.Effluent.NH3 + NSEC.Effluent.NO5",0.489795161293066,0.7972187733982,"3,2"
"280","Pump.Flow.Based.PAA.Dose + N..Eff..TSS.Conc. + Temp..of.NSEC.Main.Ch. + CODto..mg.L. + NSEC.Effluent.NH3 + NSEC.Effluent.Flow",0.167952460442591,0.809555339774855,"3,2"
"281","Pump.Flow.Based.PAA.Dose + N..Eff..TSS.Conc. + Temp..of.NSEC.Main.Ch. + CODto..mg.L. + NSEC.Effluent.NO3 + NSEC.Effluent.OP",0.383589688204496,0.74597672333778,"3,2"
"282","Pump.Flow.Based.PAA.Dose + N..Eff..TSS.Conc. + Temp..of.NSEC.Main.Ch. + CODto..mg.L. + NSEC.Effluent.NO3 + NSEC.Effluent.TSS",0.347989791461019,0.72881305204629,"3,2"
"283","Pump.Flow.Based.PAA.Dose + N..Eff..TSS.Conc. + Temp..of.NSEC.Main.Ch. + CODto..mg.L. + NSEC.Effluent.NO3 + NSEC.Effluent.NO5",0.311982557614321,0.808238332168551,"3,2"
"284","Pump.Flow.Based.PAA.Dose + N..Eff..TSS.Conc. + Temp..of.NSEC.Main.Ch. + CODto..mg.L. + NSEC.Effluent.NO3 + NSEC.Effluent.Flow",0.23920242720174,0.832948799605807,"3,2"
"285","Pump.Flow.Based.PAA.Dose + N..Eff..TSS.Conc. + Temp..of.NSEC.Main.Ch. + CODto..mg.L. + NSEC.Effluent.OP + NSEC.Effluent.TSS",0.372886318287703,0.772483524592789,"3,2"
"286","Pump.Flow.Based.PAA.Dose + N..Eff..TSS.Conc. + Temp..of.NSEC.Main.Ch. + CODto..mg.L. + NSEC.Effluent.OP + NSEC.Effluent.NO5",0.460066552604262,0.782541675084944,"3,2"
"287","Pump.Flow.Based.PAA.Dose + N..Eff..TSS.Conc. + Temp..of.NSEC.Main.Ch. + CODto..mg.L. + NSEC.Effluent.OP + NSEC.Effluent.Flow",0.249882479678913,0.856908951856974,"3,2"
"288","Pump.Flow.Based.PAA.Dose + N..Eff..TSS.Conc. + Temp..of.NSEC.Main.Ch. + CODto..mg.L. + NSEC.Effluent.TSS + NSEC.Effluent.NO5",0.417550374934164,0.774100476528085,"3,2"
"289","Pump.Flow.Based.PAA.Dose + N..Eff..TSS.Conc. + Temp..of.NSEC.Main.Ch. + CODto..mg.L. + NSEC.Effluent.TSS + NSEC.Effluent.Flow",0.177288235120721,0.823987699515772,"3,2"
"290","Pump.Flow.Based.PAA.Dose + N..Eff..TSS.Conc. + Temp..of.NSEC.Main.Ch. + CODto..mg.L. + NSEC.Effluent.NO5 + NSEC.Effluent.Flow",0.13940092170343,0.821297215863912,"3,2"
"291","Pump.Flow.Based.PAA.Dose + N..Eff..TSS.Conc. + Temp..of.NSEC.Main.Ch. + TSS..mg.L. + UVT.... + CODds..mg.L.",0.247252239301925,0.791521401277412,"3,2"
"292","Pump.Flow.Based.PAA.Dose + N..Eff..TSS.Conc. + Temp..of.NSEC.Main.Ch. + TSS..mg.L. + UVT.... + SACto..1.m.",0.347492979708608,0.750789563697164,"3,2"
"293","Pump.Flow.Based.PAA.Dose + N..Eff..TSS.Conc. + Temp..of.NSEC.Main.Ch. + TSS..mg.L. + UVT.... + NSEC.Aerobic.SRT",0.129176884001603,0.791133276401926,"3,2"
"294","Pump.Flow.Based.PAA.Dose + N..Eff..TSS.Conc. + Temp..of.NSEC.Main.Ch. + TSS..mg.L. + UVT.... + NSEC.Effluent.NH3",0.257932322217689,0.741216487034359,"3,2"
"295","Pump.Flow.Based.PAA.Dose + N..Eff..TSS.Conc. + Temp..of.NSEC.Main.Ch. + TSS..mg.L. + UVT.... + NSEC.Effluent.NO3",0.32862772238921,0.749963301200186,"3,2"
"296","Pump.Flow.Based.PAA.Dose + N..Eff..TSS.Conc. + Temp..of.NSEC.Main.Ch. + TSS..mg.L. + UVT.... + NSEC.Effluent.OP",0.239545548025135,0.77890999790039,"3,2"
"297","Pump.Flow.Based.PAA.Dose + N..Eff..TSS.Conc. + Temp..of.NSEC.Main.Ch. + TSS..mg.L. + UVT.... + NSEC.Effluent.TSS",0.392695606500694,0.735046325052929,"3,2"
"298","Pump.Flow.Based.PAA.Dose + N..Eff..TSS.Conc. + Temp..of.NSEC.Main.Ch. + TSS..mg.L. + UVT.... + NSEC.Effluent.NO5",0.323171658253027,0.787842699699315,"3,2"
"299","Pump.Flow.Based.PAA.Dose + N..Eff..TSS.Conc. + Temp..of.NSEC.Main.Ch. + TSS..mg.L. + UVT.... + NSEC.Effluent.Flow",0.034078450797201,0.80818633568585,"3,2"
"300","Pump.Flow.Based.PAA.Dose + N..Eff..TSS.Conc. + Temp..of.NSEC.Main.Ch. + TSS..mg.L. + CODds..mg.L. + SACto..1.m.",0.271625513747056,0.76533422837227,"3,2"
"301","Pump.Flow.Based.PAA.Dose + N..Eff..TSS.Conc. + Temp..of.NSEC.Main.Ch. + TSS..mg.L. + CODds..mg.L. + NSEC.Aerobic.SRT",0.310420709910869,0.795517153106417,"3,2"
"302","Pump.Flow.Based.PAA.Dose + N..Eff..TSS.Conc. + Temp..of.NSEC.Main.Ch. + TSS..mg.L. + CODds..mg.L. + NSEC.Effluent.NH3",0.333378949932375,0.737079088635566,"3,2"
"303","Pump.Flow.Based.PAA.Dose + N..Eff..TSS.Conc. + Temp..of.NSEC.Main.Ch. + TSS..mg.L. + CODds..mg.L. + NSEC.Effluent.NO3",0.294352847697771,0.783584835781267,"3,2"
"304","Pump.Flow.Based.PAA.Dose + N..Eff..TSS.Conc. + Temp..of.NSEC.Main.Ch. + TSS..mg.L. + CODds..mg.L. + NSEC.Effluent.OP",0.310115873362367,0.781563533038569,"3,2"
"305","Pump.Flow.Based.PAA.Dose + N..Eff..TSS.Conc. + Temp..of.NSEC.Main.Ch. + TSS..mg.L. + CODds..mg.L. + NSEC.Effluent.TSS",0.289970275543171,0.742216187724312,"3,2"
"306","Pump.Flow.Based.PAA.Dose + N..Eff..TSS.Conc. + Temp..of.NSEC.Main.Ch. + TSS..mg.L. + CODds..mg.L. + NSEC.Effluent.NO5",0.316174688157425,0.737505874672173,"3,2"
"307","Pump.Flow.Based.PAA.Dose + N..Eff..TSS.Conc. + Temp..of.NSEC.Main.Ch. + TSS..mg.L. + CODds..mg.L. + NSEC.Effluent.Flow",0.286462781804597,0.825218203357061,"3,2"
"308","Pump.Flow.Based.PAA.Dose + N..Eff..TSS.Conc. + Temp..of.NSEC.Main.Ch. + TSS..mg.L. + SACto..1.m. + NSEC.Aerobic.SRT",0.178469787248491,0.773304214567073,"3,2"
"309","Pump.Flow.Based.PAA.Dose + N..Eff..TSS.Conc. + Temp..of.NSEC.Main.Ch. + TSS..mg.L. + SACto..1.m. + NSEC.Effluent.NH3",0.273212898274714,0.822294349591065,"3,2"
"310","Pump.Flow.Based.PAA.Dose + N..Eff..TSS.Conc. + Temp..of.NSEC.Main.Ch. + TSS..mg.L. + SACto..1.m. + NSEC.Effluent.NO3",0.409691303151273,0.81486906568955,"3,2"
"311","Pump.Flow.Based.PAA.Dose + N..Eff..TSS.Conc. + Temp..of.NSEC.Main.Ch. + TSS..mg.L. + SACto..1.m. + NSEC.Effluent.OP",0.303758083580172,0.808488614697005,"3,2"
"312","Pump.Flow.Based.PAA.Dose + N..Eff..TSS.Conc. + Temp..of.NSEC.Main.Ch. + TSS..mg.L. + SACto..1.m. + NSEC.Effluent.TSS",0.404202074531394,0.797001568553843,"3,2"
"313","Pump.Flow.Based.PAA.Dose + N..Eff..TSS.Conc. + Temp..of.NSEC.Main.Ch. + TSS..mg.L. + SACto..1.m. + NSEC.Effluent.NO5",0.388762903843602,0.818505243713833,"3,2"
"314","Pump.Flow.Based.PAA.Dose + N..Eff..TSS.Conc. + Temp..of.NSEC.Main.Ch. + TSS..mg.L. + SACto..1.m. + NSEC.Effluent.Flow",0.154316536204605,0.832457377086239,"3,2"
"315","Pump.Flow.Based.PAA.Dose + N..Eff..TSS.Conc. + Temp..of.NSEC.Main.Ch. + TSS..mg.L. + NSEC.Aerobic.SRT + NSEC.Effluent.NH3",0.337583154350886,0.790020406899114,"3,2"
"316","Pump.Flow.Based.PAA.Dose + N..Eff..TSS.Conc. + Temp..of.NSEC.Main.Ch. + TSS..mg.L. + NSEC.Aerobic.SRT + NSEC.Effluent.NO3",0.326108705202715,0.777621679502322,"3,2"
"317","Pump.Flow.Based.PAA.Dose + N..Eff..TSS.Conc. + Temp..of.NSEC.Main.Ch. + TSS..mg.L. + NSEC.Aerobic.SRT + NSEC.Effluent.OP",0.414476262987385,0.76022618974681,"3,2"
"318","Pump.Flow.Based.PAA.Dose + N..Eff..TSS.Conc. + Temp..of.NSEC.Main.Ch. + TSS..mg.L. + NSEC.Aerobic.SRT + NSEC.Effluent.TSS",0.307704959150938,0.725369151188355,"3,2"
"319","Pump.Flow.Based.PAA.Dose + N..Eff..TSS.Conc. + Temp..of.NSEC.Main.Ch. + TSS..mg.L. + NSEC.Aerobic.SRT + NSEC.Effluent.NO5",0.394401805383303,0.786754447758216,"3,2"
"320","Pump.Flow.Based.PAA.Dose + N..Eff..TSS.Conc. + Temp..of.NSEC.Main.Ch. + TSS..mg.L. + NSEC.Aerobic.SRT + NSEC.Effluent.Flow",0.283608832166073,0.839396147855394,"3,2"
"321","Pump.Flow.Based.PAA.Dose + N..Eff..TSS.Conc. + Temp..of.NSEC.Main.Ch. + TSS..mg.L. + NSEC.Effluent.NH3 + NSEC.Effluent.NO3",0.487141539069828,0.809692277709803,"3,2"
"322","Pump.Flow.Based.PAA.Dose + N..Eff..TSS.Conc. + Temp..of.NSEC.Main.Ch. + TSS..mg.L. + NSEC.Effluent.NH3 + NSEC.Effluent.OP",0.409714424492212,0.780808986842731,"3,2"
"323","Pump.Flow.Based.PAA.Dose + N..Eff..TSS.Conc. + Temp..of.NSEC.Main.Ch. + TSS..mg.L. + NSEC.Effluent.NH3 + NSEC.Effluent.TSS",0.522986888747529,0.787096942808424,"3,2"
"324","Pump.Flow.Based.PAA.Dose + N..Eff..TSS.Conc. + Temp..of.NSEC.Main.Ch. + TSS..mg.L. + NSEC.Effluent.NH3 + NSEC.Effluent.NO5",0.479039028842759,0.781083782120986,"3,2"
"325","Pump.Flow.Based.PAA.Dose + N..Eff..TSS.Conc. + Temp..of.NSEC.Main.Ch. + TSS..mg.L. + NSEC.Effluent.NH3 + NSEC.Effluent.Flow",0.202457727788617,0.821435035937073,"3,2"
"326","Pump.Flow.Based.PAA.Dose + N..Eff..TSS.Conc. + Temp..of.NSEC.Main.Ch. + TSS..mg.L. + NSEC.Effluent.NO3 + NSEC.Effluent.OP",0.418371806163122,0.753451590693465,"3,2"
"327","Pump.Flow.Based.PAA.Dose + N..Eff..TSS.Conc. + Temp..of.NSEC.Main.Ch. + TSS..mg.L. + NSEC.Effluent.NO3 + NSEC.Effluent.TSS",0.443568227580318,0.767096275665452,"3,2"
"328","Pump.Flow.Based.PAA.Dose + N..Eff..TSS.Conc. + Temp..of.NSEC.Main.Ch. + TSS..mg.L. + NSEC.Effluent.NO3 + NSEC.Effluent.NO5",0.378437493852791,0.74621057120981,"3,2"
"329","Pump.Flow.Based.PAA.Dose + N..Eff..TSS.Conc. + Temp..of.NSEC.Main.Ch. + TSS..mg.L. + NSEC.Effluent.NO3 + NSEC.Effluent.Flow",0.163155668489769,0.834284133970853,"3,2"
"330","Pump.Flow.Based.PAA.Dose + N..Eff..TSS.Conc. + Temp..of.NSEC.Main.Ch. + TSS..mg.L. + NSEC.Effluent.OP + NSEC.Effluent.TSS",0.40418160324377,0.762468611316814,"3,2"
"331","Pump.Flow.Based.PAA.Dose + N..Eff..TSS.Conc. + Temp..of.NSEC.Main.Ch. + TSS..mg.L. + NSEC.Effluent.OP + NSEC.Effluent.NO5",0.432003062748059,0.812643738552149,"3,2"
"332","Pump.Flow.Based.PAA.Dose + N..Eff..TSS.Conc. + Temp..of.NSEC.Main.Ch. + TSS..mg.L. + NSEC.Effluent.OP + NSEC.Effluent.Flow",0.228234163104425,0.824267076056932,"3,2"
"333","Pump.Flow.Based.PAA.Dose + N..Eff..TSS.Conc. + Temp..of.NSEC.Main.Ch. + TSS..mg.L. + NSEC.Effluent.TSS + NSEC.Effluent.NO5",0.417271401580119,0.764319544797625,"3,2"
"334","Pump.Flow.Based.PAA.Dose + N..Eff..TSS.Conc. + Temp..of.NSEC.Main.Ch. + TSS..mg.L. + NSEC.Effluent.TSS + NSEC.Effluent.Flow",0.221247291539961,0.813482214460292,"3,2"
"335","Pump.Flow.Based.PAA.Dose + N..Eff..TSS.Conc. + Temp..of.NSEC.Main.Ch. + TSS..mg.L. + NSEC.Effluent.NO5 + NSEC.Effluent.Flow",0.158472043177348,0.82250277503097,"3,2"
"336","Pump.Flow.Based.PAA.Dose + N..Eff..TSS.Conc. + Temp..of.NSEC.Main.Ch. + UVT.... + CODds..mg.L. + SACto..1.m.",0.452508874168672,0.77241899672225,"3,2"
"337","Pump.Flow.Based.PAA.Dose + N..Eff..TSS.Conc. + Temp..of.NSEC.Main.Ch. + UVT.... + CODds..mg.L. + NSEC.Aerobic.SRT",0.358349167781817,0.786514461698097,"3,2"
"338","Pump.Flow.Based.PAA.Dose + N..Eff..TSS.Conc. + Temp..of.NSEC.Main.Ch. + UVT.... + CODds..mg.L. + NSEC.Effluent.NH3",0.329665106379556,0.79864798386291,"3,2"
"339","Pump.Flow.Based.PAA.Dose + N..Eff..TSS.Conc. + Temp..of.NSEC.Main.Ch. + UVT.... + CODds..mg.L. + NSEC.Effluent.NO3",0.302392541554798,0.757024976816405,"3,2"
"340","Pump.Flow.Based.PAA.Dose + N..Eff..TSS.Conc. + Temp..of.NSEC.Main.Ch. + UVT.... + CODds..mg.L. + NSEC.Effluent.OP",0.243954400346889,0.762412975251262,"3,2"
"341","Pump.Flow.Based.PAA.Dose + N..Eff..TSS.Conc. + Temp..of.NSEC.Main.Ch. + UVT.... + CODds..mg.L. + NSEC.Effluent.TSS",0.45675725543445,0.803150473345791,"3,2"
"342","Pump.Flow.Based.PAA.Dose + N..Eff..TSS.Conc. + Temp..of.NSEC.Main.Ch. + UVT.... + CODds..mg.L. + NSEC.Effluent.NO5",0.326464973532194,0.77548808728394,"3,2"
"343","Pump.Flow.Based.PAA.Dose + N..Eff..TSS.Conc. + Temp..of.NSEC.Main.Ch. + UVT.... + CODds..mg.L. + NSEC.Effluent.Flow",0.190922973612461,0.82559975133982,"3,2"
"344","Pump.Flow.Based.PAA.Dose + N..Eff..TSS.Conc. + Temp..of.NSEC.Main.Ch. + UVT.... + SACto..1.m. + NSEC.Aerobic.SRT",0.296372772063051,0.808751764975494,"3,2"
"345","Pump.Flow.Based.PAA.Dose + N..Eff..TSS.Conc. + Temp..of.NSEC.Main.Ch. + UVT.... + SACto..1.m. + NSEC.Effluent.NH3",0.39464426408449,0.737914644021599,"3,2"
"346","Pump.Flow.Based.PAA.Dose + N..Eff..TSS.Conc. + Temp..of.NSEC.Main.Ch. + UVT.... + SACto..1.m. + NSEC.Effluent.NO3",0.379188451456882,0.746871831039923,"3,2"
"347","Pump.Flow.Based.PAA.Dose + N..Eff..TSS.Conc. + Temp..of.NSEC.Main.Ch. + UVT.... + SACto..1.m. + NSEC.Effluent.OP",0.316643069256286,0.782317032774496,"3,2"
"348","Pump.Flow.Based.PAA.Dose + N..Eff..TSS.Conc. + Temp..of.NSEC.Main.Ch. + UVT.... + SACto..1.m. + NSEC.Effluent.TSS",0.419426762568403,0.736946241276679,"3,2"
"349","Pump.Flow.Based.PAA.Dose + N..Eff..TSS.Conc. + Temp..of.NSEC.Main.Ch. + UVT.... + SACto..1.m. + NSEC.Effluent.NO5",0.444254904069181,0.768642540977621,"3,2"
"350","Pump.Flow.Based.PAA.Dose + N..Eff..TSS.Conc. + Temp..of.NSEC.Main.Ch. + UVT.... + SACto..1.m. + NSEC.Effluent.Flow",0.253154331521816,0.824898740543474,"3,2"
"351","Pump.Flow.Based.PAA.Dose + N..Eff..TSS.Conc. + Temp..of.NSEC.Main.Ch. + UVT.... + NSEC.Aerobic.SRT + NSEC.Effluent.NH3",0.326125105713556,0.800102673899278,"3,2"
"352","Pump.Flow.Based.PAA.Dose + N..Eff..TSS.Conc. + Temp..of.NSEC.Main.Ch. + UVT.... + NSEC.Aerobic.SRT + NSEC.Effluent.NO3",0.254335057645059,0.734298401939848,"3,2"
"353","Pump.Flow.Based.PAA.Dose + N..Eff..TSS.Conc. + Temp..of.NSEC.Main.Ch. + UVT.... + NSEC.Aerobic.SRT + NSEC.Effluent.OP",0.346011309196459,0.804803547632878,"3,2"
"354","Pump.Flow.Based.PAA.Dose + N..Eff..TSS.Conc. + Temp..of.NSEC.Main.Ch. + UVT.... + NSEC.Aerobic.SRT + NSEC.Effluent.TSS",0.265758890440234,0.765729282600462,"3,2"
"355","Pump.Flow.Based.PAA.Dose + N..Eff..TSS.Conc. + Temp..of.NSEC.Main.Ch. + UVT.... + NSEC.Aerobic.SRT + NSEC.Effluent.NO5",0.282488420768797,0.73785249880621,"3,2"
"356","Pump.Flow.Based.PAA.Dose + N..Eff..TSS.Conc. + Temp..of.NSEC.Main.Ch. + UVT.... + NSEC.Aerobic.SRT + NSEC.Effluent.Flow",0.20153814420542,0.8191516784854,"3,2"
"357","Pump.Flow.Based.PAA.Dose + N..Eff..TSS.Conc. + Temp..of.NSEC.Main.Ch. + UVT.... + NSEC.Effluent.NH3 + NSEC.Effluent.NO3",0.449282314196016,0.8039568829944,"3,2"
"358","Pump.Flow.Based.PAA.Dose + N..Eff..TSS.Conc. + Temp..of.NSEC.Main.Ch. + UVT.... + NSEC.Effluent.NH3 + NSEC.Effluent.OP",0.375519015058414,0.790324705031459,"3,2"
"359","Pump.Flow.Based.PAA.Dose + N..Eff..TSS.Conc. + Temp..of.NSEC.Main.Ch. + UVT.... + NSEC.Effluent.NH3 + NSEC.Effluent.TSS",0.424393423804288,0.736412522445596,"3,2"
"360","Pump.Flow.Based.PAA.Dose + N..Eff..TSS.Conc. + Temp..of.NSEC.Main.Ch. + UVT.... + NSEC.Effluent.NH3 + NSEC.Effluent.NO5",0.448037910075064,0.81302631180533,"3,2"
"361","Pump.Flow.Based.PAA.Dose + N..Eff..TSS.Conc. + Temp..of.NSEC.Main.Ch. + UVT.... + NSEC.Effluent.NH3 + NSEC.Effluent.Flow",0.140652252534549,0.805512052135714,"3,2"
"362","Pump.Flow.Based.PAA.Dose + N..Eff..TSS.Conc. + Temp..of.NSEC.Main.Ch. + UVT.... + NSEC.Effluent.NO3 + NSEC.Effluent.OP",0.321424963981523,0.755460227858618,"3,2"
"363","Pump.Flow.Based.PAA.Dose + N..Eff..TSS.Conc. + Temp..of.NSEC.Main.Ch. + UVT.... + NSEC.Effluent.NO3 + NSEC.Effluent.TSS",0.382015286528231,0.758514357244255,"3,2"
"364","Pump.Flow.Based.PAA.Dose + N..Eff..TSS.Conc. + Temp..of.NSEC.Main.Ch. + UVT.... + NSEC.Effluent.NO3 + NSEC.Effluent.NO5",0.336615585656621,0.755153936668756,"3,2"
"365","Pump.Flow.Based.PAA.Dose + N..Eff..TSS.Conc. + Temp..of.NSEC.Main.Ch. + UVT.... + NSEC.Effluent.NO3 + NSEC.Effluent.Flow",0.227017136154609,0.847467066841572,"3,2"
"366","Pump.Flow.Based.PAA.Dose + N..Eff..TSS.Conc. + Temp..of.NSEC.Main.Ch. + UVT.... + NSEC.Effluent.OP + NSEC.Effluent.TSS",0.321707930605039,0.749200944639485,"3,2"
"367","Pump.Flow.Based.PAA.Dose + N..Eff..TSS.Conc. + Temp..of.NSEC.Main.Ch. + UVT.... + NSEC.Effluent.OP + NSEC.Effluent.NO5",0.358411271019871,0.798406507067361,"3,2"
"368","Pump.Flow.Based.PAA.Dose + N..Eff..TSS.Conc. + Temp..of.NSEC.Main.Ch. + UVT.... + NSEC.Effluent.OP + NSEC.Effluent.Flow",0.221471972708142,0.816308248369509,"3,2"
"369","Pump.Flow.Based.PAA.Dose + N..Eff..TSS.Conc. + Temp..of.NSEC.Main.Ch. + UVT.... + NSEC.Effluent.TSS + NSEC.Effluent.NO5",0.46357062225186,0.774278140099844,"3,2"
"370","Pump.Flow.Based.PAA.Dose + N..Eff..TSS.Conc. + Temp..of.NSEC.Main.Ch. + UVT.... + NSEC.Effluent.TSS + NSEC.Effluent.Flow",0.217769261487762,0.80843961455642,"3,2"
"371","Pump.Flow.Based.PAA.Dose + N..Eff..TSS.Conc. + Temp..of.NSEC.Main.Ch. + UVT.... + NSEC.Effluent.NO5 + NSEC.Effluent.Flow",0.290984786918712,0.849726189067312,"3,2"
"372","Pump.Flow.Based.PAA.Dose + N..Eff..TSS.Conc. + Temp..of.NSEC.Main.Ch. + CODds..mg.L. + SACto..1.m. + NSEC.Aerobic.SRT",0.160101530562601,0.730332868658425,"3,2"
"373","Pump.Flow.Based.PAA.Dose + N..Eff..TSS.Conc. + Temp..of.NSEC.Main.Ch. + CODds..mg.L. + SACto..1.m. + NSEC.Effluent.NH3",0.219100987178555,0.807047608090196,"3,2"
"374","Pump.Flow.Based.PAA.Dose + N..Eff..TSS.Conc. + Temp..of.NSEC.Main.Ch. + CODds..mg.L. + SACto..1.m. + NSEC.Effluent.NO3",0.362332018175886,0.775613932917518,"3,2"
"375","Pump.Flow.Based.PAA.Dose + N..Eff..TSS.Conc. + Temp..of.NSEC.Main.Ch. + CODds..mg.L. + SACto..1.m. + NSEC.Effluent.OP",0.290279077485721,0.779252366444336,"3,2"
"376","Pump.Flow.Based.PAA.Dose + N..Eff..TSS.Conc. + Temp..of.NSEC.Main.Ch. + CODds..mg.L. + SACto..1.m. + NSEC.Effluent.TSS",0.268828804829603,0.737546153993219,"3,2"
"377","Pump.Flow.Based.PAA.Dose + N..Eff..TSS.Conc. + Temp..of.NSEC.Main.Ch. + CODds..mg.L. + SACto..1.m. + NSEC.Effluent.NO5",0.195553487780328,0.789261445193524,"3,2"
"378","Pump.Flow.Based.PAA.Dose + N..Eff..TSS.Conc. + Temp..of.NSEC.Main.Ch. + CODds..mg.L. + SACto..1.m. + NSEC.Effluent.Flow",0.158246906916261,0.83467716331989,"3,2"
"379","Pump.Flow.Based.PAA.Dose + N..Eff..TSS.Conc. + Temp..of.NSEC.Main.Ch. + CODds..mg.L. + NSEC.Aerobic.SRT + NSEC.Effluent.NH3",0.37810477357318,0.742087055307997,"3,2"
"380","Pump.Flow.Based.PAA.Dose + N..Eff..TSS.Conc. + Temp..of.NSEC.Main.Ch. + CODds..mg.L. + NSEC.Aerobic.SRT + NSEC.Effluent.NO3",0.279078629974845,0.750671898436353,"3,2"
"381","Pump.Flow.Based.PAA.Dose + N..Eff..TSS.Conc. + Temp..of.NSEC.Main.Ch. + CODds..mg.L. + NSEC.Aerobic.SRT + NSEC.Effluent.OP",0.296428848203412,0.749705468932915,"3,2"
"382","Pump.Flow.Based.PAA.Dose + N..Eff..TSS.Conc. + Temp..of.NSEC.Main.Ch. + CODds..mg.L. + NSEC.Aerobic.SRT + NSEC.Effluent.TSS",0.323856164575162,0.795267013748639,"3,2"
"383","Pump.Flow.Based.PAA.Dose + N..Eff..TSS.Conc. + Temp..of.NSEC.Main.Ch. + CODds..mg.L. + NSEC.Aerobic.SRT + NSEC.Effluent.NO5",0.285378154319095,0.794849950353587,"3,2"
"384","Pump.Flow.Based.PAA.Dose + N..Eff..TSS.Conc. + Temp..of.NSEC.Main.Ch. + CODds..mg.L. + NSEC.Aerobic.SRT + NSEC.Effluent.Flow",0.228078079338071,0.816517358388339,"3,2"
"385","Pump.Flow.Based.PAA.Dose + N..Eff..TSS.Conc. + Temp..of.NSEC.Main.Ch. + CODds..mg.L. + NSEC.Effluent.NH3 + NSEC.Effluent.NO3",0.331692005674907,0.754940711699,"3,2"
"386","Pump.Flow.Based.PAA.Dose + N..Eff..TSS.Conc. + Temp..of.NSEC.Main.Ch. + CODds..mg.L. + NSEC.Effluent.NH3 + NSEC.Effluent.OP",0.36087102841873,0.764105495948658,"3,2"
"387","Pump.Flow.Based.PAA.Dose + N..Eff..TSS.Conc. + Temp..of.NSEC.Main.Ch. + CODds..mg.L. + NSEC.Effluent.NH3 + NSEC.Effluent.TSS",0.455181504511818,0.757649279886023,"3,2"
"388","Pump.Flow.Based.PAA.Dose + N..Eff..TSS.Conc. + Temp..of.NSEC.Main.Ch. + CODds..mg.L. + NSEC.Effluent.NH3 + NSEC.Effluent.NO5",0.410605386897971,0.786690760348755,"3,2"
"389","Pump.Flow.Based.PAA.Dose + N..Eff..TSS.Conc. + Temp..of.NSEC.Main.Ch. + CODds..mg.L. + NSEC.Effluent.NH3 + NSEC.Effluent.Flow",0.205555251632989,0.806103776090715,"3,2"
"390","Pump.Flow.Based.PAA.Dose + N..Eff..TSS.Conc. + Temp..of.NSEC.Main.Ch. + CODds..mg.L. + NSEC.Effluent.NO3 + NSEC.Effluent.OP",0.369752816448275,0.783095032590542,"3,2"
"391","Pump.Flow.Based.PAA.Dose + N..Eff..TSS.Conc. + Temp..of.NSEC.Main.Ch. + CODds..mg.L. + NSEC.Effluent.NO3 + NSEC.Effluent.TSS",0.395753531825527,0.768810852646749,"3,2"
"392","Pump.Flow.Based.PAA.Dose + N..Eff..TSS.Conc. + Temp..of.NSEC.Main.Ch. + CODds..mg.L. + NSEC.Effluent.NO3 + NSEC.Effluent.NO5",0.398718931812296,0.752991804794023,"3,2"
"393","Pump.Flow.Based.PAA.Dose + N..Eff..TSS.Conc. + Temp..of.NSEC.Main.Ch. + CODds..mg.L. + NSEC.Effluent.NO3 + NSEC.Effluent.Flow",0.127650331021122,0.832583689694406,"3,2"
"394","Pump.Flow.Based.PAA.Dose + N..Eff..TSS.Conc. + Temp..of.NSEC.Main.Ch. + CODds..mg.L. + NSEC.Effluent.OP + NSEC.Effluent.TSS",0.382050439446239,0.754648226229592,"3,2"
"395","Pump.Flow.Based.PAA.Dose + N..Eff..TSS.Conc. + Temp..of.NSEC.Main.Ch. + CODds..mg.L. + NSEC.Effluent.OP + NSEC.Effluent.NO5",0.341255752937828,0.78249336035194,"3,2"
"396","Pump.Flow.Based.PAA.Dose + N..Eff..TSS.Conc. + Temp..of.NSEC.Main.Ch. + CODds..mg.L. + NSEC.Effluent.OP + NSEC.Effluent.Flow",0.176673531050118,0.819368541811375,"3,2"
"397","Pump.Flow.Based.PAA.Dose + N..Eff..TSS.Conc. + Temp..of.NSEC.Main.Ch. + CODds..mg.L. + NSEC.Effluent.TSS + NSEC.Effluent.NO5",0.343068475988954,0.738836783333134,"3,2"
"398","Pump.Flow.Based.PAA.Dose + N..Eff..TSS.Conc. + Temp..of.NSEC.Main.Ch. + CODds..mg.L. + NSEC.Effluent.TSS + NSEC.Effluent.Flow",0.261097099703209,0.813250587505138,"3,2"
"399","Pump.Flow.Based.PAA.Dose + N..Eff..TSS.Conc. + Temp..of.NSEC.Main.Ch. + CODds..mg.L. + NSEC.Effluent.NO5 + NSEC.Effluent.Flow",0.146136936901687,0.820994456698316,"3,2"
"400","Pump.Flow.Based.PAA.Dose + N..Eff..TSS.Conc. + Temp..of.NSEC.Main.Ch. + SACto..1.m. + NSEC.Aerobic.SRT + NSEC.Effluent.NH3",0.350469620095633,0.786137394039207,"3,2"
"401","Pump.Flow.Based.PAA.Dose + N..Eff..TSS.Conc. + Temp..of.NSEC.Main.Ch. + SACto..1.m. + NSEC.Aerobic.SRT + NSEC.Effluent.NO3",0.305378175639649,0.75712237172677,"3,2"
"402","Pump.Flow.Based.PAA.Dose + N..Eff..TSS.Conc. + Temp..of.NSEC.Main.Ch. + SACto..1.m. + NSEC.Aerobic.SRT + NSEC.Effluent.OP",0.252246359796167,0.786737442818036,"3,2"
"403","Pump.Flow.Based.PAA.Dose + N..Eff..TSS.Conc. + Temp..of.NSEC.Main.Ch. + SACto..1.m. + NSEC.Aerobic.SRT + NSEC.Effluent.TSS",0.353550058059161,0.808537697328309,"3,2"
"404","Pump.Flow.Based.PAA.Dose + N..Eff..TSS.Conc. + Temp..of.NSEC.Main.Ch. + SACto..1.m. + NSEC.Aerobic.SRT + NSEC.Effluent.NO5",0.316675692708795,0.725025323043526,"3,2"
"405","Pump.Flow.Based.PAA.Dose + N..Eff..TSS.Conc. + Temp..of.NSEC.Main.Ch. + SACto..1.m. + NSEC.Aerobic.SRT + NSEC.Effluent.Flow",0.353504453266984,0.8289673090745,"3,2"
"406","Pump.Flow.Based.PAA.Dose + N..Eff..TSS.Conc. + Temp..of.NSEC.Main.Ch. + SACto..1.m. + NSEC.Effluent.NH3 + NSEC.Effluent.NO3",0.428510892298611,0.78987023209169,"3,2"
"407","Pump.Flow.Based.PAA.Dose + N..Eff..TSS.Conc. + Temp..of.NSEC.Main.Ch. + SACto..1.m. + NSEC.Effluent.NH3 + NSEC.Effluent.OP",0.375961288084113,0.775124430970719,"3,2"
"408","Pump.Flow.Based.PAA.Dose + N..Eff..TSS.Conc. + Temp..of.NSEC.Main.Ch. + SACto..1.m. + NSEC.Effluent.NH3 + NSEC.Effluent.TSS",0.543896808128467,0.786722522869995,"3,2"
"409","Pump.Flow.Based.PAA.Dose + N..Eff..TSS.Conc. + Temp..of.NSEC.Main.Ch. + SACto..1.m. + NSEC.Effluent.NH3 + NSEC.Effluent.NO5",0.36595114339431,0.814897199695738,"3,2"
"410","Pump.Flow.Based.PAA.Dose + N..Eff..TSS.Conc. + Temp..of.NSEC.Main.Ch. + SACto..1.m. + NSEC.Effluent.NH3 + NSEC.Effluent.Flow",0.20692567879461,0.816098470646661,"3,2"
"411","Pump.Flow.Based.PAA.Dose + N..Eff..TSS.Conc. + Temp..of.NSEC.Main.Ch. + SACto..1.m. + NSEC.Effluent.NO3 + NSEC.Effluent.OP",0.3556682221626,0.741714053937859,"3,2"
"412","Pump.Flow.Based.PAA.Dose + N..Eff..TSS.Conc. + Temp..of.NSEC.Main.Ch. + SACto..1.m. + NSEC.Effluent.NO3 + NSEC.Effluent.TSS",0.350371764980719,0.727592709130729,"3,2"
"413","Pump.Flow.Based.PAA.Dose + N..Eff..TSS.Conc. + Temp..of.NSEC.Main.Ch. + SACto..1.m. + NSEC.Effluent.NO3 + NSEC.Effluent.NO5",0.526276317436649,0.800841293143099,"3,2"
"414","Pump.Flow.Based.PAA.Dose + N..Eff..TSS.Conc. + Temp..of.NSEC.Main.Ch. + SACto..1.m. + NSEC.Effluent.NO3 + NSEC.Effluent.Flow",0.163840249869644,0.828652417887837,"3,2"
"415","Pump.Flow.Based.PAA.Dose + N..Eff..TSS.Conc. + Temp..of.NSEC.Main.Ch. + SACto..1.m. + NSEC.Effluent.OP + NSEC.Effluent.TSS",0.270473575360803,0.765272565986676,"3,2"
"416","Pump.Flow.Based.PAA.Dose + N..Eff..TSS.Conc. + Temp..of.NSEC.Main.Ch. + SACto..1.m. + NSEC.Effluent.OP + NSEC.Effluent.NO5",0.397219599034724,0.754168365382451,"3,2"
"417","Pump.Flow.Based.PAA.Dose + N..Eff..TSS.Conc. + Temp..of.NSEC.Main.Ch. + SACto..1.m. + NSEC.Effluent.OP + NSEC.Effluent.Flow",0.147589431193229,0.832872837481403,"3,2"
"418","Pump.Flow.Based.PAA.Dose + N..Eff..TSS.Conc. + Temp..of.NSEC.Main.Ch. + SACto..1.m. + NSEC.Effluent.TSS + NSEC.Effluent.NO5",0.509579241772183,0.788145327132485,"3,2"
"419","Pump.Flow.Based.PAA.Dose + N..Eff..TSS.Conc. + Temp..of.NSEC.Main.Ch. + SACto..1.m. + NSEC.Effluent.TSS + NSEC.Effluent.Flow",0.122758209421589,0.798727587040368,"3,2"
"420","Pump.Flow.Based.PAA.Dose + N..Eff..TSS.Conc. + Temp..of.NSEC.Main.Ch. + SACto..1.m. + NSEC.Effluent.NO5 + NSEC.Effluent.Flow",0.252687760297418,0.838045007083096,"3,2"
"421","Pump.Flow.Based.PAA.Dose + N..Eff..TSS.Conc. + Temp..of.NSEC.Main.Ch. + NSEC.Aerobic.SRT + NSEC.Effluent.NH3 + NSEC.Effluent.NO3",0.291023505780156,0.826005584213675,"3,2"
"422","Pump.Flow.Based.PAA.Dose + N..Eff..TSS.Conc. + Temp..of.NSEC.Main.Ch. + NSEC.Aerobic.SRT + NSEC.Effluent.NH3 + NSEC.Effluent.OP",0.342473247414708,0.80550384325345,"3,2"
"423","Pump.Flow.Based.PAA.Dose + N..Eff..TSS.Conc. + Temp..of.NSEC.Main.Ch. + NSEC.Aerobic.SRT + NSEC.Effluent.NH3 + NSEC.Effluent.TSS",0.366725166551762,0.746361559008674,"3,2"
"424","Pump.Flow.Based.PAA.Dose + N..Eff..TSS.Conc. + Temp..of.NSEC.Main.Ch. + NSEC.Aerobic.SRT + NSEC.Effluent.NH3 + NSEC.Effluent.NO5",0.326942734346657,0.744888454794258,"3,2"
"425","Pump.Flow.Based.PAA.Dose + N..Eff..TSS.Conc. + Temp..of.NSEC.Main.Ch. + NSEC.Aerobic.SRT + NSEC.Effluent.NH3 + NSEC.Effluent.Flow",0.248442857529676,0.825787490925597,"3,2"
"426","Pump.Flow.Based.PAA.Dose + N..Eff..TSS.Conc. + Temp..of.NSEC.Main.Ch. + NSEC.Aerobic.SRT + NSEC.Effluent.NO3 + NSEC.Effluent.OP",0.364965971374198,0.772584182382905,"3,2"
"427","Pump.Flow.Based.PAA.Dose + N..Eff..TSS.Conc. + Temp..of.NSEC.Main.Ch. + NSEC.Aerobic.SRT + NSEC.Effluent.NO3 + NSEC.Effluent.TSS",0.283568477453266,0.778415564578015,"3,2"
"428","Pump.Flow.Based.PAA.Dose + N..Eff..TSS.Conc. + Temp..of.NSEC.Main.Ch. + NSEC.Aerobic.SRT + NSEC.Effluent.NO3 + NSEC.Effluent.NO5",0.320425207040655,0.787734011584162,"3,2"
"429","Pump.Flow.Based.PAA.Dose + N..Eff..TSS.Conc. + Temp..of.NSEC.Main.Ch. + NSEC.Aerobic.SRT + NSEC.Effluent.NO3 + NSEC.Effluent.Flow",0.282296044611667,0.829645755917917,"3,2"
"430","Pump.Flow.Based.PAA.Dose + N..Eff..TSS.Conc. + Temp..of.NSEC.Main.Ch. + NSEC.Aerobic.SRT + NSEC.Effluent.OP + NSEC.Effluent.TSS",0.317742667927714,0.734350086385374,"3,2"
"431","Pump.Flow.Based.PAA.Dose + N..Eff..TSS.Conc. + Temp..of.NSEC.Main.Ch. + NSEC.Aerobic.SRT + NSEC.Effluent.OP + NSEC.Effluent.NO5",0.349594183741841,0.740208814920752,"3,2"
"432","Pump.Flow.Based.PAA.Dose + N..Eff..TSS.Conc. + Temp..of.NSEC.Main.Ch. + NSEC.Aerobic.SRT + NSEC.Effluent.OP + NSEC.Effluent.Flow",0.191720104344143,0.820983417854834,"3,2"
"433","Pump.Flow.Based.PAA.Dose + N..Eff..TSS.Conc. + Temp..of.NSEC.Main.Ch. + NSEC.Aerobic.SRT + NSEC.Effluent.TSS + NSEC.Effluent.NO5",0.282822055257621,0.720813372624417,"3,2"
"434","Pump.Flow.Based.PAA.Dose + N..Eff..TSS.Conc. + Temp..of.NSEC.Main.Ch. + NSEC.Aerobic.SRT + NSEC.Effluent.TSS + NSEC.Effluent.Flow",0.193561874880431,0.805752555795677,"3,2"
"435","Pump.Flow.Based.PAA.Dose + N..Eff..TSS.Conc. + Temp..of.NSEC.Main.Ch. + NSEC.Aerobic.SRT + NSEC.Effluent.NO5 + NSEC.Effluent.Flow",0.252835819875094,0.824069822634225,"3,2"
"436","Pump.Flow.Based.PAA.Dose + N..Eff..TSS.Conc. + Temp..of.NSEC.Main.Ch. + NSEC.Effluent.NH3 + NSEC.Effluent.NO3 + NSEC.Effluent.OP",0.408159261102831,0.804669886039013,"3,2"
"437","Pump.Flow.Based.PAA.Dose + N..Eff..TSS.Conc. + Temp..of.NSEC.Main.Ch. + NSEC.Effluent.NH3 + NSEC.Effluent.NO3 + NSEC.Effluent.TSS",0.395412684195851,0.738036602555932,"3,2"
"438","Pump.Flow.Based.PAA.Dose + N..Eff..TSS.Conc. + Temp..of.NSEC.Main.Ch. + NSEC.Effluent.NH3 + NSEC.Effluent.NO3 + NSEC.Effluent.NO5",0.50660069648358,0.77187598509537,"3,2"
"439","Pump.Flow.Based.PAA.Dose + N..Eff..TSS.Conc. + Temp..of.NSEC.Main.Ch. + NSEC.Effluent.NH3 + NSEC.Effluent.NO3 + NSEC.Effluent.Flow",0.165972767875539,0.823535682837431,"3,2"
"440","Pump.Flow.Based.PAA.Dose + N..Eff..TSS.Conc. + Temp..of.NSEC.Main.Ch. + NSEC.Effluent.NH3 + NSEC.Effluent.OP + NSEC.Effluent.TSS",0.425948251198094,0.754103590954943,"3,2"
"441","Pump.Flow.Based.PAA.Dose + N..Eff..TSS.Conc. + Temp..of.NSEC.Main.Ch. + NSEC.Effluent.NH3 + NSEC.Effluent.OP + NSEC.Effluent.NO5",0.426175157273236,0.742073797821385,"3,2"
"442","Pump.Flow.Based.PAA.Dose + N..Eff..TSS.Conc. + Temp..of.NSEC.Main.Ch. + NSEC.Effluent.NH3 + NSEC.Effluent.OP + NSEC.Effluent.Flow",0.219657884723167,0.845611278027709,"3,2"
"443","Pump.Flow.Based.PAA.Dose + N..Eff..TSS.Conc. + Temp..of.NSEC.Main.Ch. + NSEC.Effluent.NH3 + NSEC.Effluent.TSS + NSEC.Effluent.NO5",0.420232854553114,0.741622713426005,"3,2"
"444","Pump.Flow.Based.PAA.Dose + N..Eff..TSS.Conc. + Temp..of.NSEC.Main.Ch. + NSEC.Effluent.NH3 + NSEC.Effluent.TSS + NSEC.Effluent.Flow",0.205456771952945,0.80433513948161,"3,2"
"445","Pump.Flow.Based.PAA.Dose + N..Eff..TSS.Conc. + Temp..of.NSEC.Main.Ch. + NSEC.Effluent.NH3 + NSEC.Effluent.NO5 + NSEC.Effluent.Flow",0.228339263661672,0.824052154128424,"3,2"
"446","Pump.Flow.Based.PAA.Dose + N..Eff..TSS.Conc. + Temp..of.NSEC.Main.Ch. + NSEC.Effluent.NO3 + NSEC.Effluent.OP + NSEC.Effluent.TSS",0.222405024792173,0.815904328586316,"3,2"
"447","Pump.Flow.Based.PAA.Dose + N..Eff..TSS.Conc. + Temp..of.NSEC.Main.Ch. + NSEC.Effluent.NO3 + NSEC.Effluent.OP + NSEC.Effluent.NO5",0.375560286091944,0.776215296193915,"3,2"
"448","Pump.Flow.Based.PAA.Dose + N..Eff..TSS.Conc. + Temp..of.NSEC.Main.Ch. + NSEC.Effluent.NO3 + NSEC.Effluent.OP + NSEC.Effluent.Flow",0.24657853150724,0.833811037333763,"3,2"
"449","Pump.Flow.Based.PAA.Dose + N..Eff..TSS.Conc. + Temp..of.NSEC.Main.Ch. + NSEC.Effluent.NO3 + NSEC.Effluent.TSS + NSEC.Effluent.NO5",0.378659215729535,0.786533764236999,"3,2"
"450","Pump.Flow.Based.PAA.Dose + N..Eff..TSS.Conc. + Temp..of.NSEC.Main.Ch. + NSEC.Effluent.NO3 + NSEC.Effluent.TSS + NSEC.Effluent.Flow",0.287973615389923,0.849432724576005,"3,2"
"451","Pump.Flow.Based.PAA.Dose + N..Eff..TSS.Conc. + Temp..of.NSEC.Main.Ch. + NSEC.Effluent.NO3 + NSEC.Effluent.NO5 + NSEC.Effluent.Flow",0.183054177593277,0.819147600874368,"3,2"
"452","Pump.Flow.Based.PAA.Dose + N..Eff..TSS.Conc. + Temp..of.NSEC.Main.Ch. + NSEC.Effluent.OP + NSEC.Effluent.TSS + NSEC.Effluent.NO5",0.358844611888867,0.735173789704728,"3,2"
"453","Pump.Flow.Based.PAA.Dose + N..Eff..TSS.Conc. + Temp..of.NSEC.Main.Ch. + NSEC.Effluent.OP + NSEC.Effluent.TSS + NSEC.Effluent.Flow",0.264628015367892,0.812862949750111,"3,2"
"454","Pump.Flow.Based.PAA.Dose + N..Eff..TSS.Conc. + Temp..of.NSEC.Main.Ch. + NSEC.Effluent.OP + NSEC.Effluent.NO5 + NSEC.Effluent.Flow",0.154707701289583,0.831056742686395,"3,2"
"455","Pump.Flow.Based.PAA.Dose + N..Eff..TSS.Conc. + Temp..of.NSEC.Main.Ch. + NSEC.Effluent.TSS + NSEC.Effluent.NO5 + NSEC.Effluent.Flow",0.149952276991509,0.802474331420695,"3,2"
"456","Pump.Flow.Based.PAA.Dose + N..Eff..TSS.Conc. + Temp..of.the.Atmos. + Secondary.Effluent.Flow + N..Basin.Outfall + CODto..mg.L.",0.22146310021217,0.835927421556335,"3,2"
"457","Pump.Flow.Based.PAA.Dose + N..Eff..TSS.Conc. + Temp..of.the.Atmos. + Secondary.Effluent.Flow + N..Basin.Outfall + TSS..mg.L.",0.298840418976466,0.832112891839315,"3,2"
"458","Pump.Flow.Based.PAA.Dose + N..Eff..TSS.Conc. + Temp..of.the.Atmos. + Secondary.Effluent.Flow + N..Basin.Outfall + UVT....",0.180607335748351,0.831282485208801,"3,2"
"459","Pump.Flow.Based.PAA.Dose + N..Eff..TSS.Conc. + Temp..of.the.Atmos. + Secondary.Effluent.Flow + N..Basin.Outfall + CODds..mg.L.",0.183191834987019,0.804479719419558,"3,2"
"460","Pump.Flow.Based.PAA.Dose + N..Eff..TSS.Conc. + Temp..of.the.Atmos. + Secondary.Effluent.Flow + N..Basin.Outfall + SACto..1.m.",0.283872549215598,0.815460238021195,"3,2"
"461","Pump.Flow.Based.PAA.Dose + N..Eff..TSS.Conc. + Temp..of.the.Atmos. + Secondary.Effluent.Flow + N..Basin.Outfall + NSEC.Aerobic.SRT",0.257770409300104,0.814887361812176,"3,2"
"462","Pump.Flow.Based.PAA.Dose + N..Eff..TSS.Conc. + Temp..of.the.Atmos. + Secondary.Effluent.Flow + N..Basin.Outfall + NSEC.Effluent.NH3",0.261051094477242,0.816916352040027,"3,2"
"463","Pump.Flow.Based.PAA.Dose + N..Eff..TSS.Conc. + Temp..of.the.Atmos. + Secondary.Effluent.Flow + N..Basin.Outfall + NSEC.Effluent.NO3",0.259412194000303,0.828023456921956,"3,2"
"464","Pump.Flow.Based.PAA.Dose + N..Eff..TSS.Conc. + Temp..of.the.Atmos. + Secondary.Effluent.Flow + N..Basin.Outfall + NSEC.Effluent.OP",0.200589531110461,0.798692785177167,"3,2"
"465","Pump.Flow.Based.PAA.Dose + N..Eff..TSS.Conc. + Temp..of.the.Atmos. + Secondary.Effluent.Flow + N..Basin.Outfall + NSEC.Effluent.TSS",0.210686710112982,0.801753233642528,"3,2"
"466","Pump.Flow.Based.PAA.Dose + N..Eff..TSS.Conc. + Temp..of.the.Atmos. + Secondary.Effluent.Flow + N..Basin.Outfall + NSEC.Effluent.NO5",0.261576468223965,0.815786801008439,"3,2"
"467","Pump.Flow.Based.PAA.Dose + N..Eff..TSS.Conc. + Temp..of.the.Atmos. + Secondary.Effluent.Flow + N..Basin.Outfall + NSEC.Effluent.Flow",0.251091105675078,0.813595838792833,"3,2"
"468","Pump.Flow.Based.PAA.Dose + N..Eff..TSS.Conc. + Temp..of.the.Atmos. + Secondary.Effluent.Flow + CODto..mg.L. + TSS..mg.L.",0.189816360309338,0.82817266310196,"3,2"
"469","Pump.Flow.Based.PAA.Dose + N..Eff..TSS.Conc. + Temp..of.the.Atmos. + Secondary.Effluent.Flow + CODto..mg.L. + UVT....",0.21152557428734,0.808183956672538,"3,2"
"470","Pump.Flow.Based.PAA.Dose + N..Eff..TSS.Conc. + Temp..of.the.Atmos. + Secondary.Effluent.Flow + CODto..mg.L. + CODds..mg.L.",0.214335513113906,0.831364260150655,"3,2"
"471","Pump.Flow.Based.PAA.Dose + N..Eff..TSS.Conc. + Temp..of.the.Atmos. + Secondary.Effluent.Flow + CODto..mg.L. + SACto..1.m.",0.319686906609905,0.834706423657811,"3,2"
"472","Pump.Flow.Based.PAA.Dose + N..Eff..TSS.Conc. + Temp..of.the.Atmos. + Secondary.Effluent.Flow + CODto..mg.L. + NSEC.Aerobic.SRT",0.252093909972061,0.824299761133721,"3,2"
"473","Pump.Flow.Based.PAA.Dose + N..Eff..TSS.Conc. + Temp..of.the.Atmos. + Secondary.Effluent.Flow + CODto..mg.L. + NSEC.Effluent.NH3",0.188083694401116,0.803689558525197,"3,2"
"474","Pump.Flow.Based.PAA.Dose + N..Eff..TSS.Conc. + Temp..of.the.Atmos. + Secondary.Effluent.Flow + CODto..mg.L. + NSEC.Effluent.NO3",0.183216436222673,0.811805940189309,"3,2"
"475","Pump.Flow.Based.PAA.Dose + N..Eff..TSS.Conc. + Temp..of.the.Atmos. + Secondary.Effluent.Flow + CODto..mg.L. + NSEC.Effluent.OP",0.260315316732604,0.820695014583838,"3,2"
"476","Pump.Flow.Based.PAA.Dose + N..Eff..TSS.Conc. + Temp..of.the.Atmos. + Secondary.Effluent.Flow + CODto..mg.L. + NSEC.Effluent.TSS",0.253086696651242,0.821563823590674,"3,2"
"477","Pump.Flow.Based.PAA.Dose + N..Eff..TSS.Conc. + Temp..of.the.Atmos. + Secondary.Effluent.Flow + CODto..mg.L. + NSEC.Effluent.NO5",0.22287744396589,0.817512638627085,"3,2"
"478","Pump.Flow.Based.PAA.Dose + N..Eff..TSS.Conc. + Temp..of.the.Atmos. + Secondary.Effluent.Flow + CODto..mg.L. + NSEC.Effluent.Flow",0.195394309751097,0.805024049313057,"3,2"
"479","Pump.Flow.Based.PAA.Dose + N..Eff..TSS.Conc. + Temp..of.the.Atmos. + Secondary.Effluent.Flow + TSS..mg.L. + UVT....",0.239870467116207,0.81799343634674,"3,2"
"480","Pump.Flow.Based.PAA.Dose + N..Eff..TSS.Conc. + Temp..of.the.Atmos. + Secondary.Effluent.Flow + TSS..mg.L. + CODds..mg.L.",0.155883457697169,0.812789628056364,"3,2"
"481","Pump.Flow.Based.PAA.Dose + N..Eff..TSS.Conc. + Temp..of.the.Atmos. + Secondary.Effluent.Flow + TSS..mg.L. + SACto..1.m.",0.185252935032572,0.828195351471087,"3,2"
"482","Pump.Flow.Based.PAA.Dose + N..Eff..TSS.Conc. + Temp..of.the.Atmos. + Secondary.Effluent.Flow + TSS..mg.L. + NSEC.Aerobic.SRT",0.242639564142281,0.813178111328766,"3,2"
"483","Pump.Flow.Based.PAA.Dose + N..Eff..TSS.Conc. + Temp..of.the.Atmos. + Secondary.Effluent.Flow + TSS..mg.L. + NSEC.Effluent.NH3",0.284232079260274,0.816811090259654,"3,2"
"484","Pump.Flow.Based.PAA.Dose + N..Eff..TSS.Conc. + Temp..of.the.Atmos. + Secondary.Effluent.Flow + TSS..mg.L. + NSEC.Effluent.NO3",0.214440875356183,0.827608999592222,"3,2"
"485","Pump.Flow.Based.PAA.Dose + N..Eff..TSS.Conc. + Temp..of.the.Atmos. + Secondary.Effluent.Flow + TSS..mg.L. + NSEC.Effluent.OP",0.212095835492936,0.817576311375454,"3,2"
"486","Pump.Flow.Based.PAA.Dose + N..Eff..TSS.Conc. + Temp..of.the.Atmos. + Secondary.Effluent.Flow + TSS..mg.L. + NSEC.Effluent.TSS",0.265024590645375,0.815454386406998,"3,2"
"487","Pump.Flow.Based.PAA.Dose + N..Eff..TSS.Conc. + Temp..of.the.Atmos. + Secondary.Effluent.Flow + TSS..mg.L. + NSEC.Effluent.NO5",0.203937315821402,0.801192034010308,"3,2"
"488","Pump.Flow.Based.PAA.Dose + N..Eff..TSS.Conc. + Temp..of.the.Atmos. + Secondary.Effluent.Flow + TSS..mg.L. + NSEC.Effluent.Flow",0.210655666647926,0.797026243063579,"3,2"
"489","Pump.Flow.Based.PAA.Dose + N..Eff..TSS.Conc. + Temp..of.the.Atmos. + Secondary.Effluent.Flow + UVT.... + CODds..mg.L.",0.248061962331956,0.827199424842091,"3,2"
"490","Pump.Flow.Based.PAA.Dose + N..Eff..TSS.Conc. + Temp..of.the.Atmos. + Secondary.Effluent.Flow + UVT.... + SACto..1.m.",0.311131581609991,0.819889613740213,"3,2"
"491","Pump.Flow.Based.PAA.Dose + N..Eff..TSS.Conc. + Temp..of.the.Atmos. + Secondary.Effluent.Flow + UVT.... + NSEC.Aerobic.SRT",0.11029873298807,0.837459573216424,"3,2"
"492","Pump.Flow.Based.PAA.Dose + N..Eff..TSS.Conc. + Temp..of.the.Atmos. + Secondary.Effluent.Flow + UVT.... + NSEC.Effluent.NH3",0.251569926846023,0.81466700393136,"3,2"
"493","Pump.Flow.Based.PAA.Dose + N..Eff..TSS.Conc. + Temp..of.the.Atmos. + Secondary.Effluent.Flow + UVT.... + NSEC.Effluent.NO3",0.230293435620274,0.83356826029893,"3,2"
"494","Pump.Flow.Based.PAA.Dose + N..Eff..TSS.Conc. + Temp..of.the.Atmos. + Secondary.Effluent.Flow + UVT.... + NSEC.Effluent.OP",0.199938290128864,0.819823221221576,"3,2"
"495","Pump.Flow.Based.PAA.Dose + N..Eff..TSS.Conc. + Temp..of.the.Atmos. + Secondary.Effluent.Flow + UVT.... + NSEC.Effluent.TSS",0.17654106955362,0.802786449581348,"3,2"
"496","Pump.Flow.Based.PAA.Dose + N..Eff..TSS.Conc. + Temp..of.the.Atmos. + Secondary.Effluent.Flow + UVT.... + NSEC.Effluent.NO5",0.184962172966856,0.802832266188376,"3,2"
"497","Pump.Flow.Based.PAA.Dose + N..Eff..TSS.Conc. + Temp..of.the.Atmos. + Secondary.Effluent.Flow + UVT.... + NSEC.Effluent.Flow",0.239615019290689,0.824076281885037,"3,2"
"498","Pump.Flow.Based.PAA.Dose + N..Eff..TSS.Conc. + Temp..of.the.Atmos. + Secondary.Effluent.Flow + CODds..mg.L. + SACto..1.m.",0.140161779255267,0.843330004468749,"3,2"
"499","Pump.Flow.Based.PAA.Dose + N..Eff..TSS.Conc. + Temp..of.the.Atmos. + Secondary.Effluent.Flow + CODds..mg.L. + NSEC.Aerobic.SRT",0.165953476094392,0.809010438727167,"3,2"
"500","Pump.Flow.Based.PAA.Dose + N..Eff..TSS.Conc. + Temp..of.the.Atmos. + Secondary.Effluent.Flow + CODds..mg.L. + NSEC.Effluent.NH3",0.212399710217028,0.828133054428708,"3,2"
"501","Pump.Flow.Based.PAA.Dose + N..Eff..TSS.Conc. + Temp..of.the.Atmos. + Secondary.Effluent.Flow + CODds..mg.L. + NSEC.Effluent.NO3",0.119496681891805,0.835594845421753,"3,2"
"502","Pump.Flow.Based.PAA.Dose + N..Eff..TSS.Conc. + Temp..of.the.Atmos. + Secondary.Effluent.Flow + CODds..mg.L. + NSEC.Effluent.OP",0.234553739618739,0.830619642393287,"3,2"
"503","Pump.Flow.Based.PAA.Dose + N..Eff..TSS.Conc. + Temp..of.the.Atmos. + Secondary.Effluent.Flow + CODds..mg.L. + NSEC.Effluent.TSS",0.254560298329014,0.834844427729,"3,2"
"504","Pump.Flow.Based.PAA.Dose + N..Eff..TSS.Conc. + Temp..of.the.Atmos. + Secondary.Effluent.Flow + CODds..mg.L. + NSEC.Effluent.NO5",0.264112272014871,0.832945820627569,"3,2"
"505","Pump.Flow.Based.PAA.Dose + N..Eff..TSS.Conc. + Temp..of.the.Atmos. + Secondary.Effluent.Flow + CODds..mg.L. + NSEC.Effluent.Flow",0.24479494917739,0.825647770700374,"3,2"
"506","Pump.Flow.Based.PAA.Dose + N..Eff..TSS.Conc. + Temp..of.the.Atmos. + Secondary.Effluent.Flow + SACto..1.m. + NSEC.Aerobic.SRT",0.187595458079738,0.836301130799844,"3,2"
"507","Pump.Flow.Based.PAA.Dose + N..Eff..TSS.Conc. + Temp..of.the.Atmos. + Secondary.Effluent.Flow + SACto..1.m. + NSEC.Effluent.NH3",0.135996792777225,0.82606636428293,"3,2"
"508","Pump.Flow.Based.PAA.Dose + N..Eff..TSS.Conc. + Temp..of.the.Atmos. + Secondary.Effluent.Flow + SACto..1.m. + NSEC.Effluent.NO3",0.186890268105664,0.80922728343954,"3,2"
"509","Pump.Flow.Based.PAA.Dose + N..Eff..TSS.Conc. + Temp..of.the.Atmos. + Secondary.Effluent.Flow + SACto..1.m. + NSEC.Effluent.OP",0.258566924318626,0.820481811078611,"3,2"
"510","Pump.Flow.Based.PAA.Dose + N..Eff..TSS.Conc. + Temp..of.the.Atmos. + Secondary.Effluent.Flow + SACto..1.m. + NSEC.Effluent.TSS",0.149877665797334,0.8005458127774,"3,2"
"511","Pump.Flow.Based.PAA.Dose + N..Eff..TSS.Conc. + Temp..of.the.Atmos. + Secondary.Effluent.Flow + SACto..1.m. + NSEC.Effluent.NO5",0.154503873684485,0.802515618068531,"3,2"
"512","Pump.Flow.Based.PAA.Dose + N..Eff..TSS.Conc. + Temp..of.the.Atmos. + Secondary.Effluent.Flow + SACto..1.m. + NSEC.Effluent.Flow",0.280894974439691,0.827684965354445,"3,2"
"513","Pump.Flow.Based.PAA.Dose + N..Eff..TSS.Conc. + Temp..of.the.Atmos. + Secondary.Effluent.Flow + NSEC.Aerobic.SRT + NSEC.Effluent.NH3",0.215641772028232,0.839104532397213,"3,2"
"514","Pump.Flow.Based.PAA.Dose + N..Eff..TSS.Conc. + Temp..of.the.Atmos. + Secondary.Effluent.Flow + NSEC.Aerobic.SRT + NSEC.Effluent.NO3",0.26079249518589,0.830471833217915,"3,2"
"515","Pump.Flow.Based.PAA.Dose + N..Eff..TSS.Conc. + Temp..of.the.Atmos. + Secondary.Effluent.Flow + NSEC.Aerobic.SRT + NSEC.Effluent.OP",0.248248623086427,0.825203606087243,"3,2"
"516","Pump.Flow.Based.PAA.Dose + N..Eff..TSS.Conc. + Temp..of.the.Atmos. + Secondary.Effluent.Flow + NSEC.Aerobic.SRT + NSEC.Effluent.TSS",0.280010884958874,0.813219184545821,"3,2"
"517","Pump.Flow.Based.PAA.Dose + N..Eff..TSS.Conc. + Temp..of.the.Atmos. + Secondary.Effluent.Flow + NSEC.Aerobic.SRT + NSEC.Effluent.NO5",0.186627470186653,0.808356413895186,"3,2"
"518","Pump.Flow.Based.PAA.Dose + N..Eff..TSS.Conc. + Temp..of.the.Atmos. + Secondary.Effluent.Flow + NSEC.Aerobic.SRT + NSEC.Effluent.Flow",0.196628496634447,0.830359649897067,"3,2"
"519","Pump.Flow.Based.PAA.Dose + N..Eff..TSS.Conc. + Temp..of.the.Atmos. + Secondary.Effluent.Flow + NSEC.Effluent.NH3 + NSEC.Effluent.NO3",0.225660162094506,0.855805028651093,"3,2"
"520","Pump.Flow.Based.PAA.Dose + N..Eff..TSS.Conc. + Temp..of.the.Atmos. + Secondary.Effluent.Flow + NSEC.Effluent.NH3 + NSEC.Effluent.OP",0.231044646526105,0.813590933271021,"3,2"
"521","Pump.Flow.Based.PAA.Dose + N..Eff..TSS.Conc. + Temp..of.the.Atmos. + Secondary.Effluent.Flow + NSEC.Effluent.NH3 + NSEC.Effluent.TSS",0.238553571367269,0.815386039614393,"3,2"
"522","Pump.Flow.Based.PAA.Dose + N..Eff..TSS.Conc. + Temp..of.the.Atmos. + Secondary.Effluent.Flow + NSEC.Effluent.NH3 + NSEC.Effluent.NO5",0.260469008099892,0.829417540647186,"3,2"
"523","Pump.Flow.Based.PAA.Dose + N..Eff..TSS.Conc. + Temp..of.the.Atmos. + Secondary.Effluent.Flow + NSEC.Effluent.NH3 + NSEC.Effluent.Flow",0.221053549134598,0.810671633373455,"3,2"
"524","Pump.Flow.Based.PAA.Dose + N..Eff..TSS.Conc. + Temp..of.the.Atmos. + Secondary.Effluent.Flow + NSEC.Effluent.NO3 + NSEC.Effluent.OP",0.266389826919457,0.837738354857719,"3,2"
"525","Pump.Flow.Based.PAA.Dose + N..Eff..TSS.Conc. + Temp..of.the.Atmos. + Secondary.Effluent.Flow + NSEC.Effluent.NO3 + NSEC.Effluent.TSS",0.242526227843764,0.816017028410735,"3,2"
"526","Pump.Flow.Based.PAA.Dose + N..Eff..TSS.Conc. + Temp..of.the.Atmos. + Secondary.Effluent.Flow + NSEC.Effluent.NO3 + NSEC.Effluent.NO5",0.291319272748291,0.838328435752674,"3,2"
"527","Pump.Flow.Based.PAA.Dose + N..Eff..TSS.Conc. + Temp..of.the.Atmos. + Secondary.Effluent.Flow + NSEC.Effluent.NO3 + NSEC.Effluent.Flow",0.227728452446302,0.815972262116753,"3,2"
"528","Pump.Flow.Based.PAA.Dose + N..Eff..TSS.Conc. + Temp..of.the.Atmos. + Secondary.Effluent.Flow + NSEC.Effluent.OP + NSEC.Effluent.TSS",0.229907573847013,0.813863548749444,"3,2"
"529","Pump.Flow.Based.PAA.Dose + N..Eff..TSS.Conc. + Temp..of.the.Atmos. + Secondary.Effluent.Flow + NSEC.Effluent.OP + NSEC.Effluent.NO5",0.224208481736429,0.825403340561859,"3,2"
"530","Pump.Flow.Based.PAA.Dose + N..Eff..TSS.Conc. + Temp..of.the.Atmos. + Secondary.Effluent.Flow + NSEC.Effluent.OP + NSEC.Effluent.Flow",0.220586717704721,0.813239554665727,"3,2"
"531","Pump.Flow.Based.PAA.Dose + N..Eff..TSS.Conc. + Temp..of.the.Atmos. + Secondary.Effluent.Flow + NSEC.Effluent.TSS + NSEC.Effluent.NO5",0.215115113185238,0.825490303378251,"3,2"
"532","Pump.Flow.Based.PAA.Dose + N..Eff..TSS.Conc. + Temp..of.the.Atmos. + Secondary.Effluent.Flow + NSEC.Effluent.TSS + NSEC.Effluent.Flow",0.232301883337694,0.81083863696025,"3,2"
"533","Pump.Flow.Based.PAA.Dose + N..Eff..TSS.Conc. + Temp..of.the.Atmos. + Secondary.Effluent.Flow + NSEC.Effluent.NO5 + NSEC.Effluent.Flow",0.211401749989406,0.805595057051661,"3,2"
"534","Pump.Flow.Based.PAA.Dose + N..Eff..TSS.Conc. + Temp..of.the.Atmos. + N..Basin.Outfall + CODto..mg.L. + TSS..mg.L.",0.122825823942727,0.817424338440929,"3,2"
"535","Pump.Flow.Based.PAA.Dose + N..Eff..TSS.Conc. + Temp..of.the.Atmos. + N..Basin.Outfall + CODto..mg.L. + UVT....",0.255232216791969,0.812818898955344,"3,2"
"536","Pump.Flow.Based.PAA.Dose + N..Eff..TSS.Conc. + Temp..of.the.Atmos. + N..Basin.Outfall + CODto..mg.L. + CODds..mg.L.",0.104091924078192,0.809118767200993,"3,2"
"537","Pump.Flow.Based.PAA.Dose + N..Eff..TSS.Conc. + Temp..of.the.Atmos. + N..Basin.Outfall + CODto..mg.L. + SACto..1.m.",0.169497211239365,0.807093987932981,"3,2"
"538","Pump.Flow.Based.PAA.Dose + N..Eff..TSS.Conc. + Temp..of.the.Atmos. + N..Basin.Outfall + CODto..mg.L. + NSEC.Aerobic.SRT",0.253792699566308,0.81000984881313,"3,2"
"539","Pump.Flow.Based.PAA.Dose + N..Eff..TSS.Conc. + Temp..of.the.Atmos. + N..Basin.Outfall + CODto..mg.L. + NSEC.Effluent.NH3",0.282798169875659,0.830648449748587,"3,2"
"540","Pump.Flow.Based.PAA.Dose + N..Eff..TSS.Conc. + Temp..of.the.Atmos. + N..Basin.Outfall + CODto..mg.L. + NSEC.Effluent.NO3",0.169636512484664,0.817108570960589,"3,2"
"541","Pump.Flow.Based.PAA.Dose + N..Eff..TSS.Conc. + Temp..of.the.Atmos. + N..Basin.Outfall + CODto..mg.L. + NSEC.Effluent.OP",0.249132676912133,0.829540027404269,"3,2"
"542","Pump.Flow.Based.PAA.Dose + N..Eff..TSS.Conc. + Temp..of.the.Atmos. + N..Basin.Outfall + CODto..mg.L. + NSEC.Effluent.TSS",0.228139849235068,0.816610999300103,"3,2"
"543","Pump.Flow.Based.PAA.Dose + N..Eff..TSS.Conc. + Temp..of.the.Atmos. + N..Basin.Outfall + CODto..mg.L. + NSEC.Effluent.NO5",0.162964948332735,0.840136630334494,"3,2"
"544","Pump.Flow.Based.PAA.Dose + N..Eff..TSS.Conc. + Temp..of.the.Atmos. + N..Basin.Outfall + CODto..mg.L. + NSEC.Effluent.Flow",0.207733333294141,0.825601667389885,"3,2"
"545","Pump.Flow.Based.PAA.Dose + N..Eff..TSS.Conc. + Temp..of.the.Atmos. + N..Basin.Outfall + TSS..mg.L. + UVT....",0.188779766297175,0.821184575172995,"3,2"
"546","Pump.Flow.Based.PAA.Dose + N..Eff..TSS.Conc. + Temp..of.the.Atmos. + N..Basin.Outfall + TSS..mg.L. + CODds..mg.L.",0.221610679390327,0.823122047799711,"3,2"
"547","Pump.Flow.Based.PAA.Dose + N..Eff..TSS.Conc. + Temp..of.the.Atmos. + N..Basin.Outfall + TSS..mg.L. + SACto..1.m.",0.145600891687331,0.818010790857451,"3,2"
"548","Pump.Flow.Based.PAA.Dose + N..Eff..TSS.Conc. + Temp..of.the.Atmos. + N..Basin.Outfall + TSS..mg.L. + NSEC.Aerobic.SRT",0.175321329205865,0.797425199721409,"3,2"
"549","Pump.Flow.Based.PAA.Dose + N..Eff..TSS.Conc. + Temp..of.the.Atmos. + N..Basin.Outfall + TSS..mg.L. + NSEC.Effluent.NH3",0.248226882687591,0.833359625377397,"3,2"
"550","Pump.Flow.Based.PAA.Dose + N..Eff..TSS.Conc. + Temp..of.the.Atmos. + N..Basin.Outfall + TSS..mg.L. + NSEC.Effluent.NO3",0.280452494476882,0.817779419180052,"3,2"
"551","Pump.Flow.Based.PAA.Dose + N..Eff..TSS.Conc. + Temp..of.the.Atmos. + N..Basin.Outfall + TSS..mg.L. + NSEC.Effluent.OP",0.245058672503876,0.811615579959755,"3,2"
"552","Pump.Flow.Based.PAA.Dose + N..Eff..TSS.Conc. + Temp..of.the.Atmos. + N..Basin.Outfall + TSS..mg.L. + NSEC.Effluent.TSS",0.21969773988541,0.829331817069761,"3,2"
"553","Pump.Flow.Based.PAA.Dose + N..Eff..TSS.Conc. + Temp..of.the.Atmos. + N..Basin.Outfall + TSS..mg.L. + NSEC.Effluent.NO5",0.243893289242358,0.833245027980827,"3,2"
"554","Pump.Flow.Based.PAA.Dose + N..Eff..TSS.Conc. + Temp..of.the.Atmos. + N..Basin.Outfall + TSS..mg.L. + NSEC.Effluent.Flow",0.218194681264408,0.793763060213354,"3,2"
"555","Pump.Flow.Based.PAA.Dose + N..Eff..TSS.Conc. + Temp..of.the.Atmos. + N..Basin.Outfall + UVT.... + CODds..mg.L.",0.16392089953509,0.825725385041625,"3,2"
"556","Pump.Flow.Based.PAA.Dose + N..Eff..TSS.Conc. + Temp..of.the.Atmos. + N..Basin.Outfall + UVT.... + SACto..1.m.",0.248629008912947,0.821855887278717,"3,2"
"557","Pump.Flow.Based.PAA.Dose + N..Eff..TSS.Conc. + Temp..of.the.Atmos. + N..Basin.Outfall + UVT.... + NSEC.Aerobic.SRT",0.207707968103054,0.833172541435129,"3,2"
"558","Pump.Flow.Based.PAA.Dose + N..Eff..TSS.Conc. + Temp..of.the.Atmos. + N..Basin.Outfall + UVT.... + NSEC.Effluent.NH3",0.256982548982464,0.842665210973583,"3,2"
"559","Pump.Flow.Based.PAA.Dose + N..Eff..TSS.Conc. + Temp..of.the.Atmos. + N..Basin.Outfall + UVT.... + NSEC.Effluent.NO3",0.156556044208216,0.809208667963187,"3,2"
"560","Pump.Flow.Based.PAA.Dose + N..Eff..TSS.Conc. + Temp..of.the.Atmos. + N..Basin.Outfall + UVT.... + NSEC.Effluent.OP",0.276070035857247,0.825758695596251,"3,2"
"561","Pump.Flow.Based.PAA.Dose + N..Eff..TSS.Conc. + Temp..of.the.Atmos. + N..Basin.Outfall + UVT.... + NSEC.Effluent.TSS",0.223908435141506,0.811545267012499,"3,2"
"562","Pump.Flow.Based.PAA.Dose + N..Eff..TSS.Conc. + Temp..of.the.Atmos. + N..Basin.Outfall + UVT.... + NSEC.Effluent.NO5",0.259237213967031,0.823057387317294,"3,2"
"563","Pump.Flow.Based.PAA.Dose + N..Eff..TSS.Conc. + Temp..of.the.Atmos. + N..Basin.Outfall + UVT.... + NSEC.Effluent.Flow",0.170809993104148,0.799956665381939,"3,2"
"564","Pump.Flow.Based.PAA.Dose + N..Eff..TSS.Conc. + Temp..of.the.Atmos. + N..Basin.Outfall + CODds..mg.L. + SACto..1.m.",0.237454384263777,0.845760251240435,"3,2"
"565","Pump.Flow.Based.PAA.Dose + N..Eff..TSS.Conc. + Temp..of.the.Atmos. + N..Basin.Outfall + CODds..mg.L. + NSEC.Aerobic.SRT",0.162907206982022,0.810834254052708,"3,2"
"566","Pump.Flow.Based.PAA.Dose + N..Eff..TSS.Conc. + Temp..of.the.Atmos. + N..Basin.Outfall + CODds..mg.L. + NSEC.Effluent.NH3",0.237609315216735,0.818478455804752,"3,2"
"567","Pump.Flow.Based.PAA.Dose + N..Eff..TSS.Conc. + Temp..of.the.Atmos. + N..Basin.Outfall + CODds..mg.L. + NSEC.Effluent.NO3",0.258855720507284,0.838801632502385,"3,2"
"568","Pump.Flow.Based.PAA.Dose + N..Eff..TSS.Conc. + Temp..of.the.Atmos. + N..Basin.Outfall + CODds..mg.L. + NSEC.Effluent.OP",0.24870810972945,0.817797691547443,"3,2"
"569","Pump.Flow.Based.PAA.Dose + N..Eff..TSS.Conc. + Temp..of.the.Atmos. + N..Basin.Outfall + CODds..mg.L. + NSEC.Effluent.TSS",0.218250148911939,0.818044145792425,"3,2"
"570","Pump.Flow.Based.PAA.Dose + N..Eff..TSS.Conc. + Temp..of.the.Atmos. + N..Basin.Outfall + CODds..mg.L. + NSEC.Effluent.NO5",0.206934153441507,0.836550026931668,"3,2"
"571","Pump.Flow.Based.PAA.Dose + N..Eff..TSS.Conc. + Temp..of.the.Atmos. + N..Basin.Outfall + CODds..mg.L. + NSEC.Effluent.Flow",0.21054271265799,0.821806574629943,"3,2"
"572","Pump.Flow.Based.PAA.Dose + N..Eff..TSS.Conc. + Temp..of.the.Atmos. + N..Basin.Outfall + SACto..1.m. + NSEC.Aerobic.SRT",0.34489406194595,0.827274937735149,"3,2"
"573","Pump.Flow.Based.PAA.Dose + N..Eff..TSS.Conc. + Temp..of.the.Atmos. + N..Basin.Outfall + SACto..1.m. + NSEC.Effluent.NH3",0.165320204294488,0.820645283650595,"3,2"
"574","Pump.Flow.Based.PAA.Dose + N..Eff..TSS.Conc. + Temp..of.the.Atmos. + N..Basin.Outfall + SACto..1.m. + NSEC.Effluent.NO3",0.192179927847967,0.798586052951825,"3,2"
"575","Pump.Flow.Based.PAA.Dose + N..Eff..TSS.Conc. + Temp..of.the.Atmos. + N..Basin.Outfall + SACto..1.m. + NSEC.Effluent.OP",0.221015726756758,0.818971183986855,"3,2"
"576","Pump.Flow.Based.PAA.Dose + N..Eff..TSS.Conc. + Temp..of.the.Atmos. + N..Basin.Outfall + SACto..1.m. + NSEC.Effluent.TSS",0.193903190273827,0.000539817193397578,"3,2"
"577","Pump.Flow.Based.PAA.Dose + N..Eff..TSS.Conc. + Temp..of.the.Atmos. + N..Basin.Outfall + SACto..1.m. + NSEC.Effluent.NO5",0.200602008979983,0.823647601415803,"3,2"
"578","Pump.Flow.Based.PAA.Dose + N..Eff..TSS.Conc. + Temp..of.the.Atmos. + N..Basin.Outfall + SACto..1.m. + NSEC.Effluent.Flow",0.217483974966885,0.817060734841388,"3,2"
"579","Pump.Flow.Based.PAA.Dose + N..Eff..TSS.Conc. + Temp..of.the.Atmos. + N..Basin.Outfall + NSEC.Aerobic.SRT + NSEC.Effluent.NH3",0.312075023547752,0.816199251070643,"3,2"
"580","Pump.Flow.Based.PAA.Dose + N..Eff..TSS.Conc. + Temp..of.the.Atmos. + N..Basin.Outfall + NSEC.Aerobic.SRT + NSEC.Effluent.NO3",0.196435694361648,0.806673830377671,"3,2"
"581","Pump.Flow.Based.PAA.Dose + N..Eff..TSS.Conc. + Temp..of.the.Atmos. + N..Basin.Outfall + NSEC.Aerobic.SRT + NSEC.Effluent.OP",0.160226780290932,0.822266303606361,"3,2"
"582","Pump.Flow.Based.PAA.Dose + N..Eff..TSS.Conc. + Temp..of.the.Atmos. + N..Basin.Outfall + NSEC.Aerobic.SRT + NSEC.Effluent.TSS",0.248108363118019,0.827403444742016,"3,2"
"583","Pump.Flow.Based.PAA.Dose + N..Eff..TSS.Conc. + Temp..of.the.Atmos. + N..Basin.Outfall + NSEC.Aerobic.SRT + NSEC.Effluent.NO5",0.221678260406572,0.807401393546268,"3,2"
"584","Pump.Flow.Based.PAA.Dose + N..Eff..TSS.Conc. + Temp..of.the.Atmos. + N..Basin.Outfall + NSEC.Aerobic.SRT + NSEC.Effluent.Flow",0.266897775662064,0.813845618686327,"3,2"
"585","Pump.Flow.Based.PAA.Dose + N..Eff..TSS.Conc. + Temp..of.the.Atmos. + N..Basin.Outfall + NSEC.Effluent.NH3 + NSEC.Effluent.NO3",0.229783504366377,0.809113018569114,"3,2"
"586","Pump.Flow.Based.PAA.Dose + N..Eff..TSS.Conc. + Temp..of.the.Atmos. + N..Basin.Outfall + NSEC.Effluent.NH3 + NSEC.Effluent.OP",0.263505023537735,0.817773609642335,"3,2"
"587","Pump.Flow.Based.PAA.Dose + N..Eff..TSS.Conc. + Temp..of.the.Atmos. + N..Basin.Outfall + NSEC.Effluent.NH3 + NSEC.Effluent.TSS",0.220292732917996,0.796415925833119,"3,2"
"588","Pump.Flow.Based.PAA.Dose + N..Eff..TSS.Conc. + Temp..of.the.Atmos. + N..Basin.Outfall + NSEC.Effluent.NH3 + NSEC.Effluent.NO5",0.227816981102776,0.828939030122198,"3,2"
"589","Pump.Flow.Based.PAA.Dose + N..Eff..TSS.Conc. + Temp..of.the.Atmos. + N..Basin.Outfall + NSEC.Effluent.NH3 + NSEC.Effluent.Flow",0.278033398339983,0.818815195688544,"3,2"
"590","Pump.Flow.Based.PAA.Dose + N..Eff..TSS.Conc. + Temp..of.the.Atmos. + N..Basin.Outfall + NSEC.Effluent.NO3 + NSEC.Effluent.OP",0.226315325843867,0.812239602350278,"3,2"
"591","Pump.Flow.Based.PAA.Dose + N..Eff..TSS.Conc. + Temp..of.the.Atmos. + N..Basin.Outfall + NSEC.Effluent.NO3 + NSEC.Effluent.TSS",0.20771720143747,0.795630420103799,"3,2"
"592","Pump.Flow.Based.PAA.Dose + N..Eff..TSS.Conc. + Temp..of.the.Atmos. + N..Basin.Outfall + NSEC.Effluent.NO3 + NSEC.Effluent.NO5",0.222100211613807,0.823796683787065,"3,2"
"593","Pump.Flow.Based.PAA.Dose + N..Eff..TSS.Conc. + Temp..of.the.Atmos. + N..Basin.Outfall + NSEC.Effluent.NO3 + NSEC.Effluent.Flow",0.279803064441459,0.825531188584832,"3,2"
"594","Pump.Flow.Based.PAA.Dose + N..Eff..TSS.Conc. + Temp..of.the.Atmos. + N..Basin.Outfall + NSEC.Effluent.OP + NSEC.Effluent.TSS",0.287442335320892,0.819403516523654,"3,2"
"595","Pump.Flow.Based.PAA.Dose + N..Eff..TSS.Conc. + Temp..of.the.Atmos. + N..Basin.Outfall + NSEC.Effluent.OP + NSEC.Effluent.NO5",0.262983961991778,0.834637624829862,"3,2"
"596","Pump.Flow.Based.PAA.Dose + N..Eff..TSS.Conc. + Temp..of.the.Atmos. + N..Basin.Outfall + NSEC.Effluent.OP + NSEC.Effluent.Flow",0.240946089680046,0.806520680966904,"3,2"
"597","Pump.Flow.Based.PAA.Dose + N..Eff..TSS.Conc. + Temp..of.the.Atmos. + N..Basin.Outfall + NSEC.Effluent.TSS + NSEC.Effluent.NO5",0.219043826165279,0.797909610991089,"3,2"
"598","Pump.Flow.Based.PAA.Dose + N..Eff..TSS.Conc. + Temp..of.the.Atmos. + N..Basin.Outfall + NSEC.Effluent.TSS + NSEC.Effluent.Flow",0.211184463210393,0.796399348168323,"3,2"
"599","Pump.Flow.Based.PAA.Dose + N..Eff..TSS.Conc. + Temp..of.the.Atmos. + N..Basin.Outfall + NSEC.Effluent.NO5 + NSEC.Effluent.Flow",0.245854209351835,0.820674517688675,"3,2"
"600","Pump.Flow.Based.PAA.Dose + N..Eff..TSS.Conc. + Temp..of.the.Atmos. + CODto..mg.L. + TSS..mg.L. + UVT....",0.349986386855868,0.781860163924824,"3,2"
"601","Pump.Flow.Based.PAA.Dose + N..Eff..TSS.Conc. + Temp..of.the.Atmos. + CODto..mg.L. + TSS..mg.L. + CODds..mg.L.",0.274323054998933,0.772750612860381,"3,2"
"602","Pump.Flow.Based.PAA.Dose + N..Eff..TSS.Conc. + Temp..of.the.Atmos. + CODto..mg.L. + TSS..mg.L. + SACto..1.m.",0.325089514803663,0.739882739918596,"3,2"
"603","Pump.Flow.Based.PAA.Dose + N..Eff..TSS.Conc. + Temp..of.the.Atmos. + CODto..mg.L. + TSS..mg.L. + NSEC.Aerobic.SRT",0.181482961946938,0.801421401618103,"3,2"
"604","Pump.Flow.Based.PAA.Dose + N..Eff..TSS.Conc. + Temp..of.the.Atmos. + CODto..mg.L. + TSS..mg.L. + NSEC.Effluent.NH3",0.379355154729817,0.721173415866785,"3,2"
"605","Pump.Flow.Based.PAA.Dose + N..Eff..TSS.Conc. + Temp..of.the.Atmos. + CODto..mg.L. + TSS..mg.L. + NSEC.Effluent.NO3",0.362750159442944,0.759666366329054,"3,2"
"606","Pump.Flow.Based.PAA.Dose + N..Eff..TSS.Conc. + Temp..of.the.Atmos. + CODto..mg.L. + TSS..mg.L. + NSEC.Effluent.OP",0.240744159092584,0.79321772767168,"3,2"
"607","Pump.Flow.Based.PAA.Dose + N..Eff..TSS.Conc. + Temp..of.the.Atmos. + CODto..mg.L. + TSS..mg.L. + NSEC.Effluent.TSS",0.337934517006885,0.745743895477632,"3,2"
"608","Pump.Flow.Based.PAA.Dose + N..Eff..TSS.Conc. + Temp..of.the.Atmos. + CODto..mg.L. + TSS..mg.L. + NSEC.Effluent.NO5",0.264247072706791,0.755221207402282,"3,2"
"609","Pump.Flow.Based.PAA.Dose + N..Eff..TSS.Conc. + Temp..of.the.Atmos. + CODto..mg.L. + TSS..mg.L. + NSEC.Effluent.Flow",0.0909073687166406,0.839590407735016,"3,2"
"610","Pump.Flow.Based.PAA.Dose + N..Eff..TSS.Conc. + Temp..of.the.Atmos. + CODto..mg.L. + UVT.... + CODds..mg.L.",0.292858383840755,0.680297136354759,"3,2"
"611","Pump.Flow.Based.PAA.Dose + N..Eff..TSS.Conc. + Temp..of.the.Atmos. + CODto..mg.L. + UVT.... + SACto..1.m.",0.360280867364958,0.744545933138014,"3,2"
"612","Pump.Flow.Based.PAA.Dose + N..Eff..TSS.Conc. + Temp..of.the.Atmos. + CODto..mg.L. + UVT.... + NSEC.Aerobic.SRT",0.209080097881873,0.753117214065738,"3,2"
"613","Pump.Flow.Based.PAA.Dose + N..Eff..TSS.Conc. + Temp..of.the.Atmos. + CODto..mg.L. + UVT.... + NSEC.Effluent.NH3",0.450580825767269,0.727000776851991,"3,2"
"614","Pump.Flow.Based.PAA.Dose + N..Eff..TSS.Conc. + Temp..of.the.Atmos. + CODto..mg.L. + UVT.... + NSEC.Effluent.NO3",0.383542022909841,0.786028310525783,"3,2"
"615","Pump.Flow.Based.PAA.Dose + N..Eff..TSS.Conc. + Temp..of.the.Atmos. + CODto..mg.L. + UVT.... + NSEC.Effluent.OP",0.28313052872256,0.788242842436895,"3,2"
"616","Pump.Flow.Based.PAA.Dose + N..Eff..TSS.Conc. + Temp..of.the.Atmos. + CODto..mg.L. + UVT.... + NSEC.Effluent.TSS",0.31815374790425,0.707316313608543,"3,2"
"617","Pump.Flow.Based.PAA.Dose + N..Eff..TSS.Conc. + Temp..of.the.Atmos. + CODto..mg.L. + UVT.... + NSEC.Effluent.NO5",0.351149912895463,0.770292142148605,"3,2"
"618","Pump.Flow.Based.PAA.Dose + N..Eff..TSS.Conc. + Temp..of.the.Atmos. + CODto..mg.L. + UVT.... + NSEC.Effluent.Flow",0.289570660740207,0.83372585617708,"3,2"
"619","Pump.Flow.Based.PAA.Dose + N..Eff..TSS.Conc. + Temp..of.the.Atmos. + CODto..mg.L. + CODds..mg.L. + SACto..1.m.",0.226147601750678,0.757198860162684,"3,2"
"620","Pump.Flow.Based.PAA.Dose + N..Eff..TSS.Conc. + Temp..of.the.Atmos. + CODto..mg.L. + CODds..mg.L. + NSEC.Aerobic.SRT",0.222958094740766,0.721792150442769,"3,2"
"621","Pump.Flow.Based.PAA.Dose + N..Eff..TSS.Conc. + Temp..of.the.Atmos. + CODto..mg.L. + CODds..mg.L. + NSEC.Effluent.NH3",0.27304541781955,0.776909081771158,"3,2"
"622","Pump.Flow.Based.PAA.Dose + N..Eff..TSS.Conc. + Temp..of.the.Atmos. + CODto..mg.L. + CODds..mg.L. + NSEC.Effluent.NO3",0.119787206155929,0.803265396056141,"3,2"
"623","Pump.Flow.Based.PAA.Dose + N..Eff..TSS.Conc. + Temp..of.the.Atmos. + CODto..mg.L. + CODds..mg.L. + NSEC.Effluent.OP",0.253955399919565,0.771308937155413,"3,2"
"624","Pump.Flow.Based.PAA.Dose + N..Eff..TSS.Conc. + Temp..of.the.Atmos. + CODto..mg.L. + CODds..mg.L. + NSEC.Effluent.TSS",0.330380206828297,0.767407261655829,"3,2"
"625","Pump.Flow.Based.PAA.Dose + N..Eff..TSS.Conc. + Temp..of.the.Atmos. + CODto..mg.L. + CODds..mg.L. + NSEC.Effluent.NO5",0.239071185547434,0.768261782365444,"3,2"
"626","Pump.Flow.Based.PAA.Dose + N..Eff..TSS.Conc. + Temp..of.the.Atmos. + CODto..mg.L. + CODds..mg.L. + NSEC.Effluent.Flow",0.217352803030626,0.840851295311321,"3,2"
"627","Pump.Flow.Based.PAA.Dose + N..Eff..TSS.Conc. + Temp..of.the.Atmos. + CODto..mg.L. + SACto..1.m. + NSEC.Aerobic.SRT",0.243017045252762,0.750853646558259,"3,2"
"628","Pump.Flow.Based.PAA.Dose + N..Eff..TSS.Conc. + Temp..of.the.Atmos. + CODto..mg.L. + SACto..1.m. + NSEC.Effluent.NH3",0.350869810629546,0.771073755338141,"3,2"
"629","Pump.Flow.Based.PAA.Dose + N..Eff..TSS.Conc. + Temp..of.the.Atmos. + CODto..mg.L. + SACto..1.m. + NSEC.Effluent.NO3",0.410421698317554,0.804886208561057,"3,2"
"630","Pump.Flow.Based.PAA.Dose + N..Eff..TSS.Conc. + Temp..of.the.Atmos. + CODto..mg.L. + SACto..1.m. + NSEC.Effluent.OP",0.342284075338707,0.687937743350284,"3,2"
"631","Pump.Flow.Based.PAA.Dose + N..Eff..TSS.Conc. + Temp..of.the.Atmos. + CODto..mg.L. + SACto..1.m. + NSEC.Effluent.TSS",0.450076359978288,0.74422827442592,"3,2"
"632","Pump.Flow.Based.PAA.Dose + N..Eff..TSS.Conc. + Temp..of.the.Atmos. + CODto..mg.L. + SACto..1.m. + NSEC.Effluent.NO5",0.494240789869674,0.804481918596057,"3,2"
"633","Pump.Flow.Based.PAA.Dose + N..Eff..TSS.Conc. + Temp..of.the.Atmos. + CODto..mg.L. + SACto..1.m. + NSEC.Effluent.Flow",0.242391543021436,0.858481287556702,"3,2"
"634","Pump.Flow.Based.PAA.Dose + N..Eff..TSS.Conc. + Temp..of.the.Atmos. + CODto..mg.L. + NSEC.Aerobic.SRT + NSEC.Effluent.NH3",0.308351474140301,0.703005763474879,"3,2"
"635","Pump.Flow.Based.PAA.Dose + N..Eff..TSS.Conc. + Temp..of.the.Atmos. + CODto..mg.L. + NSEC.Aerobic.SRT + NSEC.Effluent.NO3",0.328208146195022,0.761723889326805,"3,2"
"636","Pump.Flow.Based.PAA.Dose + N..Eff..TSS.Conc. + Temp..of.the.Atmos. + CODto..mg.L. + NSEC.Aerobic.SRT + NSEC.Effluent.OP",0.239753985720444,0.798786095746166,"3,2"
"637","Pump.Flow.Based.PAA.Dose + N..Eff..TSS.Conc. + Temp..of.the.Atmos. + CODto..mg.L. + NSEC.Aerobic.SRT + NSEC.Effluent.TSS",0.194292624878354,0.76590144765062,"3,2"
"638","Pump.Flow.Based.PAA.Dose + N..Eff..TSS.Conc. + Temp..of.the.Atmos. + CODto..mg.L. + NSEC.Aerobic.SRT + NSEC.Effluent.NO5",0.295068388708757,0.7630155560959,"3,2"
"639","Pump.Flow.Based.PAA.Dose + N..Eff..TSS.Conc. + Temp..of.the.Atmos. + CODto..mg.L. + NSEC.Aerobic.SRT + NSEC.Effluent.Flow",0.20588126547686,0.833483610690081,"3,2"
"640","Pump.Flow.Based.PAA.Dose + N..Eff..TSS.Conc. + Temp..of.the.Atmos. + CODto..mg.L. + NSEC.Effluent.NH3 + NSEC.Effluent.NO3",0.456917284169214,0.817438831924633,"3,2"
"641","Pump.Flow.Based.PAA.Dose + N..Eff..TSS.Conc. + Temp..of.the.Atmos. + CODto..mg.L. + NSEC.Effluent.NH3 + NSEC.Effluent.OP",0.283247103113257,0.810967252368928,"3,2"
"642","Pump.Flow.Based.PAA.Dose + N..Eff..TSS.Conc. + Temp..of.the.Atmos. + CODto..mg.L. + NSEC.Effluent.NH3 + NSEC.Effluent.TSS",0.394445785369888,0.726487471820172,"3,2"
"643","Pump.Flow.Based.PAA.Dose + N..Eff..TSS.Conc. + Temp..of.the.Atmos. + CODto..mg.L. + NSEC.Effluent.NH3 + NSEC.Effluent.NO5",0.452176503649471,0.786329589796677,"3,2"
"644","Pump.Flow.Based.PAA.Dose + N..Eff..TSS.Conc. + Temp..of.the.Atmos. + CODto..mg.L. + NSEC.Effluent.NH3 + NSEC.Effluent.Flow",0.24284317094504,0.819197811792384,"3,2"
"645","Pump.Flow.Based.PAA.Dose + N..Eff..TSS.Conc. + Temp..of.the.Atmos. + CODto..mg.L. + NSEC.Effluent.NO3 + NSEC.Effluent.OP",0.421209220768167,0.780933585470656,"3,2"
"646","Pump.Flow.Based.PAA.Dose + N..Eff..TSS.Conc. + Temp..of.the.Atmos. + CODto..mg.L. + NSEC.Effluent.NO3 + NSEC.Effluent.TSS",0.400622614340022,0.754578527343216,"3,2"
"647","Pump.Flow.Based.PAA.Dose + N..Eff..TSS.Conc. + Temp..of.the.Atmos. + CODto..mg.L. + NSEC.Effluent.NO3 + NSEC.Effluent.NO5",0.452058608031737,0.790861250839592,"3,2"
"648","Pump.Flow.Based.PAA.Dose + N..Eff..TSS.Conc. + Temp..of.the.Atmos. + CODto..mg.L. + NSEC.Effluent.NO3 + NSEC.Effluent.Flow",0.181246127279659,0.81593499696608,"3,2"
"649","Pump.Flow.Based.PAA.Dose + N..Eff..TSS.Conc. + Temp..of.the.Atmos. + CODto..mg.L. + NSEC.Effluent.OP + NSEC.Effluent.TSS",0.357208048438137,0.76537512106733,"3,2"
"650","Pump.Flow.Based.PAA.Dose + N..Eff..TSS.Conc. + Temp..of.the.Atmos. + CODto..mg.L. + NSEC.Effluent.OP + NSEC.Effluent.NO5",0.4278500902362,0.802601887443581,"3,2"
"651","Pump.Flow.Based.PAA.Dose + N..Eff..TSS.Conc. + Temp..of.the.Atmos. + CODto..mg.L. + NSEC.Effluent.OP + NSEC.Effluent.Flow",0.16356026329397,0.824347565444265,"3,2"
"652","Pump.Flow.Based.PAA.Dose + N..Eff..TSS.Conc. + Temp..of.the.Atmos. + CODto..mg.L. + NSEC.Effluent.TSS + NSEC.Effluent.NO5",0.413070628826644,0.728853750918396,"3,2"
"653","Pump.Flow.Based.PAA.Dose + N..Eff..TSS.Conc. + Temp..of.the.Atmos. + CODto..mg.L. + NSEC.Effluent.TSS + NSEC.Effluent.Flow",0.236713900849535,0.812347206343031,"3,2"
"654","Pump.Flow.Based.PAA.Dose + N..Eff..TSS.Conc. + Temp..of.the.Atmos. + CODto..mg.L. + NSEC.Effluent.NO5 + NSEC.Effluent.Flow",0.265534900738299,0.832019230107211,"3,2"
"655","Pump.Flow.Based.PAA.Dose + N..Eff..TSS.Conc. + Temp..of.the.Atmos. + TSS..mg.L. + UVT.... + CODds..mg.L.",0.331198945913567,0.775868788356959,"3,2"
"656","Pump.Flow.Based.PAA.Dose + N..Eff..TSS.Conc. + Temp..of.the.Atmos. + TSS..mg.L. + UVT.... + SACto..1.m.",0.448099143972404,0.753191048370806,"3,2"
"657","Pump.Flow.Based.PAA.Dose + N..Eff..TSS.Conc. + Temp..of.the.Atmos. + TSS..mg.L. + UVT.... + NSEC.Aerobic.SRT",0.312050025341129,0.779714234894539,"3,2"
"658","Pump.Flow.Based.PAA.Dose + N..Eff..TSS.Conc. + Temp..of.the.Atmos. + TSS..mg.L. + UVT.... + NSEC.Effluent.NH3",0.302843997677944,0.758050126664814,"3,2"
"659","Pump.Flow.Based.PAA.Dose + N..Eff..TSS.Conc. + Temp..of.the.Atmos. + TSS..mg.L. + UVT.... + NSEC.Effluent.NO3",0.237992016007474,0.762282310021843,"3,2"
"660","Pump.Flow.Based.PAA.Dose + N..Eff..TSS.Conc. + Temp..of.the.Atmos. + TSS..mg.L. + UVT.... + NSEC.Effluent.OP",0.258191833069547,0.798402230868767,"3,2"
"661","Pump.Flow.Based.PAA.Dose + N..Eff..TSS.Conc. + Temp..of.the.Atmos. + TSS..mg.L. + UVT.... + NSEC.Effluent.TSS",0.314466930352101,0.748363121711478,"3,2"
"662","Pump.Flow.Based.PAA.Dose + N..Eff..TSS.Conc. + Temp..of.the.Atmos. + TSS..mg.L. + UVT.... + NSEC.Effluent.NO5",0.49333796350457,0.819974604264198,"3,2"
"663","Pump.Flow.Based.PAA.Dose + N..Eff..TSS.Conc. + Temp..of.the.Atmos. + TSS..mg.L. + UVT.... + NSEC.Effluent.Flow",0.198887860512316,0.821057457664689,"3,2"
"664","Pump.Flow.Based.PAA.Dose + N..Eff..TSS.Conc. + Temp..of.the.Atmos. + TSS..mg.L. + CODds..mg.L. + SACto..1.m.",0.199587727288617,0.755312078887713,"3,2"
"665","Pump.Flow.Based.PAA.Dose + N..Eff..TSS.Conc. + Temp..of.the.Atmos. + TSS..mg.L. + CODds..mg.L. + NSEC.Aerobic.SRT",0.22272113845971,0.718655306347692,"3,2"
"666","Pump.Flow.Based.PAA.Dose + N..Eff..TSS.Conc. + Temp..of.the.Atmos. + TSS..mg.L. + CODds..mg.L. + NSEC.Effluent.NH3",0.346805365552529,0.729210355305897,"3,2"
"667","Pump.Flow.Based.PAA.Dose + N..Eff..TSS.Conc. + Temp..of.the.Atmos. + TSS..mg.L. + CODds..mg.L. + NSEC.Effluent.NO3",0.381380786789654,0.800289293797677,"3,2"
"668","Pump.Flow.Based.PAA.Dose + N..Eff..TSS.Conc. + Temp..of.the.Atmos. + TSS..mg.L. + CODds..mg.L. + NSEC.Effluent.OP",0.273042881940986,0.779279189633946,"3,2"
"669","Pump.Flow.Based.PAA.Dose + N..Eff..TSS.Conc. + Temp..of.the.Atmos. + TSS..mg.L. + CODds..mg.L. + NSEC.Effluent.TSS",0.301983089542748,0.730287947319056,"3,2"
"670","Pump.Flow.Based.PAA.Dose + N..Eff..TSS.Conc. + Temp..of.the.Atmos. + TSS..mg.L. + CODds..mg.L. + NSEC.Effluent.NO5",0.271076944890395,0.733509183257281,"3,2"
"671","Pump.Flow.Based.PAA.Dose + N..Eff..TSS.Conc. + Temp..of.the.Atmos. + TSS..mg.L. + CODds..mg.L. + NSEC.Effluent.Flow",0.210917140761796,0.843903917581754,"3,2"
"672","Pump.Flow.Based.PAA.Dose + N..Eff..TSS.Conc. + Temp..of.the.Atmos. + TSS..mg.L. + SACto..1.m. + NSEC.Aerobic.SRT",0.255929680401668,0.735157881987417,"3,2"
"673","Pump.Flow.Based.PAA.Dose + N..Eff..TSS.Conc. + Temp..of.the.Atmos. + TSS..mg.L. + SACto..1.m. + NSEC.Effluent.NH3",0.377838294819485,0.742870823775869,"3,2"
"674","Pump.Flow.Based.PAA.Dose + N..Eff..TSS.Conc. + Temp..of.the.Atmos. + TSS..mg.L. + SACto..1.m. + NSEC.Effluent.NO3",0.324924118463141,0.792744453694057,"3,2"
"675","Pump.Flow.Based.PAA.Dose + N..Eff..TSS.Conc. + Temp..of.the.Atmos. + TSS..mg.L. + SACto..1.m. + NSEC.Effluent.OP",0.231082796940361,0.794606377214124,"3,2"
"676","Pump.Flow.Based.PAA.Dose + N..Eff..TSS.Conc. + Temp..of.the.Atmos. + TSS..mg.L. + SACto..1.m. + NSEC.Effluent.TSS",0.24302864824847,0.783264043037943,"3,2"
"677","Pump.Flow.Based.PAA.Dose + N..Eff..TSS.Conc. + Temp..of.the.Atmos. + TSS..mg.L. + SACto..1.m. + NSEC.Effluent.NO5",0.28467244270026,0.795659201845539,"3,2"
"678","Pump.Flow.Based.PAA.Dose + N..Eff..TSS.Conc. + Temp..of.the.Atmos. + TSS..mg.L. + SACto..1.m. + NSEC.Effluent.Flow",0.132410723491469,0.838760668873006,"3,2"
"679","Pump.Flow.Based.PAA.Dose + N..Eff..TSS.Conc. + Temp..of.the.Atmos. + TSS..mg.L. + NSEC.Aerobic.SRT + NSEC.Effluent.NH3",0.357877015284757,0.700155015082564,"3,2"
"680","Pump.Flow.Based.PAA.Dose + N..Eff..TSS.Conc. + Temp..of.the.Atmos. + TSS..mg.L. + NSEC.Aerobic.SRT + NSEC.Effluent.NO3",0.314877838370859,0.742167419562905,"3,2"
"681","Pump.Flow.Based.PAA.Dose + N..Eff..TSS.Conc. + Temp..of.the.Atmos. + TSS..mg.L. + NSEC.Aerobic.SRT + NSEC.Effluent.OP",0.271310558836655,0.754644280012741,"3,2"
"682","Pump.Flow.Based.PAA.Dose + N..Eff..TSS.Conc. + Temp..of.the.Atmos. + TSS..mg.L. + NSEC.Aerobic.SRT + NSEC.Effluent.TSS",0.300590851632505,0.753986551659761,"3,2"
"683","Pump.Flow.Based.PAA.Dose + N..Eff..TSS.Conc. + Temp..of.the.Atmos. + TSS..mg.L. + NSEC.Aerobic.SRT + NSEC.Effluent.NO5",0.347507589688778,0.815706241635154,"3,2"
"684","Pump.Flow.Based.PAA.Dose + N..Eff..TSS.Conc. + Temp..of.the.Atmos. + TSS..mg.L. + NSEC.Aerobic.SRT + NSEC.Effluent.Flow",0.240564890991119,0.82489462987774,"3,2"
"685","Pump.Flow.Based.PAA.Dose + N..Eff..TSS.Conc. + Temp..of.the.Atmos. + TSS..mg.L. + NSEC.Effluent.NH3 + NSEC.Effluent.NO3",0.52525895439809,0.821832552238762,"3,2"
"686","Pump.Flow.Based.PAA.Dose + N..Eff..TSS.Conc. + Temp..of.the.Atmos. + TSS..mg.L. + NSEC.Effluent.NH3 + NSEC.Effluent.OP",0.406807552265144,0.711891759131586,"3,2"
"687","Pump.Flow.Based.PAA.Dose + N..Eff..TSS.Conc. + Temp..of.the.Atmos. + TSS..mg.L. + NSEC.Effluent.NH3 + NSEC.Effluent.TSS",0.427736198067543,0.714594643947716,"3,2"
"688","Pump.Flow.Based.PAA.Dose + N..Eff..TSS.Conc. + Temp..of.the.Atmos. + TSS..mg.L. + NSEC.Effluent.NH3 + NSEC.Effluent.NO5",0.399824713513224,0.761502667930823,"3,2"
"689","Pump.Flow.Based.PAA.Dose + N..Eff..TSS.Conc. + Temp..of.the.Atmos. + TSS..mg.L. + NSEC.Effluent.NH3 + NSEC.Effluent.Flow",0.235697672238241,0.792059342293509,"3,2"
"690","Pump.Flow.Based.PAA.Dose + N..Eff..TSS.Conc. + Temp..of.the.Atmos. + TSS..mg.L. + NSEC.Effluent.NO3 + NSEC.Effluent.OP",0.38639894498337,0.774811067527665,"3,2"
"691","Pump.Flow.Based.PAA.Dose + N..Eff..TSS.Conc. + Temp..of.the.Atmos. + TSS..mg.L. + NSEC.Effluent.NO3 + NSEC.Effluent.TSS",0.399329143869935,0.751475091150913,"3,2"
"692","Pump.Flow.Based.PAA.Dose + N..Eff..TSS.Conc. + Temp..of.the.Atmos. + TSS..mg.L. + NSEC.Effluent.NO3 + NSEC.Effluent.NO5",0.398766219934681,0.814201378426054,"3,2"
"693","Pump.Flow.Based.PAA.Dose + N..Eff..TSS.Conc. + Temp..of.the.Atmos. + TSS..mg.L. + NSEC.Effluent.NO3 + NSEC.Effluent.Flow",0.240047211470518,0.832584267837169,"3,2"
"694","Pump.Flow.Based.PAA.Dose + N..Eff..TSS.Conc. + Temp..of.the.Atmos. + TSS..mg.L. + NSEC.Effluent.OP + NSEC.Effluent.TSS",0.402971309307999,0.780133886511438,"3,2"
"695","Pump.Flow.Based.PAA.Dose + N..Eff..TSS.Conc. + Temp..of.the.Atmos. + TSS..mg.L. + NSEC.Effluent.OP + NSEC.Effluent.NO5",0.412564142097915,0.790671051924968,"3,2"
"696","Pump.Flow.Based.PAA.Dose + N..Eff..TSS.Conc. + Temp..of.the.Atmos. + TSS..mg.L. + NSEC.Effluent.OP + NSEC.Effluent.Flow",0.221762666667244,0.83018789151855,"3,2"
"697","Pump.Flow.Based.PAA.Dose + N..Eff..TSS.Conc. + Temp..of.the.Atmos. + TSS..mg.L. + NSEC.Effluent.TSS + NSEC.Effluent.NO5",0.460234928005058,0.754294017448975,"3,2"
"698","Pump.Flow.Based.PAA.Dose + N..Eff..TSS.Conc. + Temp..of.the.Atmos. + TSS..mg.L. + NSEC.Effluent.TSS + NSEC.Effluent.Flow",0.219071603610226,0.807566509920015,"3,2"
"699","Pump.Flow.Based.PAA.Dose + N..Eff..TSS.Conc. + Temp..of.the.Atmos. + TSS..mg.L. + NSEC.Effluent.NO5 + NSEC.Effluent.Flow",0.256252769130697,0.84607311118923,"3,2"
"700","Pump.Flow.Based.PAA.Dose + N..Eff..TSS.Conc. + Temp..of.the.Atmos. + UVT.... + CODds..mg.L. + SACto..1.m.",0.361926169933783,0.743813731218931,"3,2"
"701","Pump.Flow.Based.PAA.Dose + N..Eff..TSS.Conc. + Temp..of.the.Atmos. + UVT.... + CODds..mg.L. + NSEC.Aerobic.SRT",0.205868100201266,0.716839696695784,"3,2"
"702","Pump.Flow.Based.PAA.Dose + N..Eff..TSS.Conc. + Temp..of.the.Atmos. + UVT.... + CODds..mg.L. + NSEC.Effluent.NH3",0.310199045984056,0.694783215024336,"3,2"
"703","Pump.Flow.Based.PAA.Dose + N..Eff..TSS.Conc. + Temp..of.the.Atmos. + UVT.... + CODds..mg.L. + NSEC.Effluent.NO3",0.22479708799081,0.770120676710526,"3,2"
"704","Pump.Flow.Based.PAA.Dose + N..Eff..TSS.Conc. + Temp..of.the.Atmos. + UVT.... + CODds..mg.L. + NSEC.Effluent.OP",0.0960838221033427,0.794835472436112,"3,2"
"705","Pump.Flow.Based.PAA.Dose + N..Eff..TSS.Conc. + Temp..of.the.Atmos. + UVT.... + CODds..mg.L. + NSEC.Effluent.TSS",0.171982551735304,0.715134192598386,"3,2"
"706","Pump.Flow.Based.PAA.Dose + N..Eff..TSS.Conc. + Temp..of.the.Atmos. + UVT.... + CODds..mg.L. + NSEC.Effluent.NO5",0.198975380788533,0.770081671408945,"3,2"
"707","Pump.Flow.Based.PAA.Dose + N..Eff..TSS.Conc. + Temp..of.the.Atmos. + UVT.... + CODds..mg.L. + NSEC.Effluent.Flow",0.130989234370595,0.799469729827344,"3,2"
"708","Pump.Flow.Based.PAA.Dose + N..Eff..TSS.Conc. + Temp..of.the.Atmos. + UVT.... + SACto..1.m. + NSEC.Aerobic.SRT",0.247038360278991,0.686579519107929,"3,2"
"709","Pump.Flow.Based.PAA.Dose + N..Eff..TSS.Conc. + Temp..of.the.Atmos. + UVT.... + SACto..1.m. + NSEC.Effluent.NH3",0.425656900897219,0.734437308187055,"3,2"
"710","Pump.Flow.Based.PAA.Dose + N..Eff..TSS.Conc. + Temp..of.the.Atmos. + UVT.... + SACto..1.m. + NSEC.Effluent.NO3",0.417170332406443,0.772368125949531,"3,2"
"711","Pump.Flow.Based.PAA.Dose + N..Eff..TSS.Conc. + Temp..of.the.Atmos. + UVT.... + SACto..1.m. + NSEC.Effluent.OP",0.294590521124934,0.761106693941968,"3,2"
"712","Pump.Flow.Based.PAA.Dose + N..Eff..TSS.Conc. + Temp..of.the.Atmos. + UVT.... + SACto..1.m. + NSEC.Effluent.TSS",0.362703911405249,0.697393819027321,"3,2"
"713","Pump.Flow.Based.PAA.Dose + N..Eff..TSS.Conc. + Temp..of.the.Atmos. + UVT.... + SACto..1.m. + NSEC.Effluent.NO5",0.403951676516482,0.756544447396543,"3,2"
"714","Pump.Flow.Based.PAA.Dose + N..Eff..TSS.Conc. + Temp..of.the.Atmos. + UVT.... + SACto..1.m. + NSEC.Effluent.Flow",0.226065358693359,0.797759690241227,"3,2"
"715","Pump.Flow.Based.PAA.Dose + N..Eff..TSS.Conc. + Temp..of.the.Atmos. + UVT.... + NSEC.Aerobic.SRT + NSEC.Effluent.NH3",0.297462163463237,0.770411291129495,"3,2"
"716","Pump.Flow.Based.PAA.Dose + N..Eff..TSS.Conc. + Temp..of.the.Atmos. + UVT.... + NSEC.Aerobic.SRT + NSEC.Effluent.NO3",0.292131580443844,0.734925628417496,"3,2"
"717","Pump.Flow.Based.PAA.Dose + N..Eff..TSS.Conc. + Temp..of.the.Atmos. + UVT.... + NSEC.Aerobic.SRT + NSEC.Effluent.OP",0.261335361677196,0.805032565817931,"3,2"
"718","Pump.Flow.Based.PAA.Dose + N..Eff..TSS.Conc. + Temp..of.the.Atmos. + UVT.... + NSEC.Aerobic.SRT + NSEC.Effluent.TSS",0.284169790166617,0.745592455371324,"3,2"
"719","Pump.Flow.Based.PAA.Dose + N..Eff..TSS.Conc. + Temp..of.the.Atmos. + UVT.... + NSEC.Aerobic.SRT + NSEC.Effluent.NO5",0.353072231322473,0.789487020626063,"3,2"
"720","Pump.Flow.Based.PAA.Dose + N..Eff..TSS.Conc. + Temp..of.the.Atmos. + UVT.... + NSEC.Aerobic.SRT + NSEC.Effluent.Flow",0.200925429726614,0.822807352419721,"3,2"
"721","Pump.Flow.Based.PAA.Dose + N..Eff..TSS.Conc. + Temp..of.the.Atmos. + UVT.... + NSEC.Effluent.NH3 + NSEC.Effluent.NO3",0.352514298065979,0.733604927210785,"3,2"
"722","Pump.Flow.Based.PAA.Dose + N..Eff..TSS.Conc. + Temp..of.the.Atmos. + UVT.... + NSEC.Effluent.NH3 + NSEC.Effluent.OP",0.30660347961388,0.802579358493725,"3,2"
"723","Pump.Flow.Based.PAA.Dose + N..Eff..TSS.Conc. + Temp..of.the.Atmos. + UVT.... + NSEC.Effluent.NH3 + NSEC.Effluent.TSS",0.438064012065104,0.754999759393635,"3,2"
"724","Pump.Flow.Based.PAA.Dose + N..Eff..TSS.Conc. + Temp..of.the.Atmos. + UVT.... + NSEC.Effluent.NH3 + NSEC.Effluent.NO5",0.364493589760925,0.753897683208831,"3,2"
"725","Pump.Flow.Based.PAA.Dose + N..Eff..TSS.Conc. + Temp..of.the.Atmos. + UVT.... + NSEC.Effluent.NH3 + NSEC.Effluent.Flow",0.187003419369279,0.817938967515367,"3,2"
"726","Pump.Flow.Based.PAA.Dose + N..Eff..TSS.Conc. + Temp..of.the.Atmos. + UVT.... + NSEC.Effluent.NO3 + NSEC.Effluent.OP",0.320308489282859,0.790628420272012,"3,2"
"727","Pump.Flow.Based.PAA.Dose + N..Eff..TSS.Conc. + Temp..of.the.Atmos. + UVT.... + NSEC.Effluent.NO3 + NSEC.Effluent.TSS",0.385765350320121,0.753031311172601,"3,2"
"728","Pump.Flow.Based.PAA.Dose + N..Eff..TSS.Conc. + Temp..of.the.Atmos. + UVT.... + NSEC.Effluent.NO3 + NSEC.Effluent.NO5",0.326402758130303,0.789851311506337,"3,2"
"729","Pump.Flow.Based.PAA.Dose + N..Eff..TSS.Conc. + Temp..of.the.Atmos. + UVT.... + NSEC.Effluent.NO3 + NSEC.Effluent.Flow",0.18799813067087,0.823668419799175,"3,2"
"730","Pump.Flow.Based.PAA.Dose + N..Eff..TSS.Conc. + Temp..of.the.Atmos. + UVT.... + NSEC.Effluent.OP + NSEC.Effluent.TSS",0.326711129720297,0.670164177954906,"3,2"
"731","Pump.Flow.Based.PAA.Dose + N..Eff..TSS.Conc. + Temp..of.the.Atmos. + UVT.... + NSEC.Effluent.OP + NSEC.Effluent.NO5",0.279595100412096,0.818673503521109,"3,2"
"732","Pump.Flow.Based.PAA.Dose + N..Eff..TSS.Conc. + Temp..of.the.Atmos. + UVT.... + NSEC.Effluent.OP + NSEC.Effluent.Flow",0.232052329623479,0.818960130967029,"3,2"
"733","Pump.Flow.Based.PAA.Dose + N..Eff..TSS.Conc. + Temp..of.the.Atmos. + UVT.... + NSEC.Effluent.TSS + NSEC.Effluent.NO5",0.40587387407316,0.77581638721337,"3,2"
"734","Pump.Flow.Based.PAA.Dose + N..Eff..TSS.Conc. + Temp..of.the.Atmos. + UVT.... + NSEC.Effluent.TSS + NSEC.Effluent.Flow",0.17343965001211,0.806310940100605,"3,2"
"735","Pump.Flow.Based.PAA.Dose + N..Eff..TSS.Conc. + Temp..of.the.Atmos. + UVT.... + NSEC.Effluent.NO5 + NSEC.Effluent.Flow",0.215465522086905,0.822278477926286,"3,2"
"736","Pump.Flow.Based.PAA.Dose + N..Eff..TSS.Conc. + Temp..of.the.Atmos. + CODds..mg.L. + SACto..1.m. + NSEC.Aerobic.SRT",0.311866282583598,0.775230841592515,"3,2"
"737","Pump.Flow.Based.PAA.Dose + N..Eff..TSS.Conc. + Temp..of.the.Atmos. + CODds..mg.L. + SACto..1.m. + NSEC.Effluent.NH3",0.318807342214326,0.704019940789911,"3,2"
"738","Pump.Flow.Based.PAA.Dose + N..Eff..TSS.Conc. + Temp..of.the.Atmos. + CODds..mg.L. + SACto..1.m. + NSEC.Effluent.NO3",0.253658771595324,0.76130989274084,"3,2"
"739","Pump.Flow.Based.PAA.Dose + N..Eff..TSS.Conc. + Temp..of.the.Atmos. + CODds..mg.L. + SACto..1.m. + NSEC.Effluent.OP",0.14840475976701,0.789852993751781,"3,2"
"740","Pump.Flow.Based.PAA.Dose + N..Eff..TSS.Conc. + Temp..of.the.Atmos. + CODds..mg.L. + SACto..1.m. + NSEC.Effluent.TSS",0.190842366028556,0.746096630183584,"3,2"
"741","Pump.Flow.Based.PAA.Dose + N..Eff..TSS.Conc. + Temp..of.the.Atmos. + CODds..mg.L. + SACto..1.m. + NSEC.Effluent.NO5",0.280695154683059,0.804754987028459,"3,2"
"742","Pump.Flow.Based.PAA.Dose + N..Eff..TSS.Conc. + Temp..of.the.Atmos. + CODds..mg.L. + SACto..1.m. + NSEC.Effluent.Flow",0.169923180277929,0.837308257169194,"3,2"
"743","Pump.Flow.Based.PAA.Dose + N..Eff..TSS.Conc. + Temp..of.the.Atmos. + CODds..mg.L. + NSEC.Aerobic.SRT + NSEC.Effluent.NH3",0.312544330412965,0.778262210602834,"3,2"
"744","Pump.Flow.Based.PAA.Dose + N..Eff..TSS.Conc. + Temp..of.the.Atmos. + CODds..mg.L. + NSEC.Aerobic.SRT + NSEC.Effluent.NO3",0.253021784361842,0.747727140815055,"3,2"
"745","Pump.Flow.Based.PAA.Dose + N..Eff..TSS.Conc. + Temp..of.the.Atmos. + CODds..mg.L. + NSEC.Aerobic.SRT + NSEC.Effluent.OP",0.223670021411186,0.687258794247548,"3,2"
"746","Pump.Flow.Based.PAA.Dose + N..Eff..TSS.Conc. + Temp..of.the.Atmos. + CODds..mg.L. + NSEC.Aerobic.SRT + NSEC.Effluent.TSS",0.278411241100547,0.708957857653292,"3,2"
"747","Pump.Flow.Based.PAA.Dose + N..Eff..TSS.Conc. + Temp..of.the.Atmos. + CODds..mg.L. + NSEC.Aerobic.SRT + NSEC.Effluent.NO5",0.240078498503457,0.72590962102408,"3,2"
"748","Pump.Flow.Based.PAA.Dose + N..Eff..TSS.Conc. + Temp..of.the.Atmos. + CODds..mg.L. + NSEC.Aerobic.SRT + NSEC.Effluent.Flow",0.265600480047986,0.820555493851596,"3,2"
"749","Pump.Flow.Based.PAA.Dose + N..Eff..TSS.Conc. + Temp..of.the.Atmos. + CODds..mg.L. + NSEC.Effluent.NH3 + NSEC.Effluent.NO3",0.295826640844151,0.744351832038082,"3,2"
"750","Pump.Flow.Based.PAA.Dose + N..Eff..TSS.Conc. + Temp..of.the.Atmos. + CODds..mg.L. + NSEC.Effluent.NH3 + NSEC.Effluent.OP",0.257390625863885,0.793565347418694,"3,2"
"751","Pump.Flow.Based.PAA.Dose + N..Eff..TSS.Conc. + Temp..of.the.Atmos. + CODds..mg.L. + NSEC.Effluent.NH3 + NSEC.Effluent.TSS",0.393220191855456,0.68522835666629,"3,2"
"752","Pump.Flow.Based.PAA.Dose + N..Eff..TSS.Conc. + Temp..of.the.Atmos. + CODds..mg.L. + NSEC.Effluent.NH3 + NSEC.Effluent.NO5",0.330092401563169,0.752421990664685,"3,2"
"753","Pump.Flow.Based.PAA.Dose + N..Eff..TSS.Conc. + Temp..of.the.Atmos. + CODds..mg.L. + NSEC.Effluent.NH3 + NSEC.Effluent.Flow",0.260866756120971,0.818675149810332,"3,2"
"754","Pump.Flow.Based.PAA.Dose + N..Eff..TSS.Conc. + Temp..of.the.Atmos. + CODds..mg.L. + NSEC.Effluent.NO3 + NSEC.Effluent.OP",0.290008059030492,0.769943157296223,"3,2"
"755","Pump.Flow.Based.PAA.Dose + N..Eff..TSS.Conc. + Temp..of.the.Atmos. + CODds..mg.L. + NSEC.Effluent.NO3 + NSEC.Effluent.TSS",0.336687319212738,0.760841328861576,"3,2"
"756","Pump.Flow.Based.PAA.Dose + N..Eff..TSS.Conc. + Temp..of.the.Atmos. + CODds..mg.L. + NSEC.Effluent.NO3 + NSEC.Effluent.NO5",0.306731682151511,0.752771798425218,"3,2"
"757","Pump.Flow.Based.PAA.Dose + N..Eff..TSS.Conc. + Temp..of.the.Atmos. + CODds..mg.L. + NSEC.Effluent.NO3 + NSEC.Effluent.Flow",0.227729371348653,0.830749426265217,"3,2"
"758","Pump.Flow.Based.PAA.Dose + N..Eff..TSS.Conc. + Temp..of.the.Atmos. + CODds..mg.L. + NSEC.Effluent.OP + NSEC.Effluent.TSS",0.297888504337396,0.801846277027714,"3,2"
"759","Pump.Flow.Based.PAA.Dose + N..Eff..TSS.Conc. + Temp..of.the.Atmos. + CODds..mg.L. + NSEC.Effluent.OP + NSEC.Effluent.NO5",0.23935060530164,0.771887734765906,"3,2"
"760","Pump.Flow.Based.PAA.Dose + N..Eff..TSS.Conc. + Temp..of.the.Atmos. + CODds..mg.L. + NSEC.Effluent.OP + NSEC.Effluent.Flow",0.222388828684422,0.830975377369136,"3,2"
"761","Pump.Flow.Based.PAA.Dose + N..Eff..TSS.Conc. + Temp..of.the.Atmos. + CODds..mg.L. + NSEC.Effluent.TSS + NSEC.Effluent.NO5",0.345357897456146,0.754626535253358,"3,2"
"762","Pump.Flow.Based.PAA.Dose + N..Eff..TSS.Conc. + Temp..of.the.Atmos. + CODds..mg.L. + NSEC.Effluent.TSS + NSEC.Effluent.Flow",0.255506724374583,0.815327385079627,"3,2"
"763","Pump.Flow.Based.PAA.Dose + N..Eff..TSS.Conc. + Temp..of.the.Atmos. + CODds..mg.L. + NSEC.Effluent.NO5 + NSEC.Effluent.Flow",0.26038838411212,0.828237210360752,"3,2"
"764","Pump.Flow.Based.PAA.Dose + N..Eff..TSS.Conc. + Temp..of.the.Atmos. + SACto..1.m. + NSEC.Aerobic.SRT + NSEC.Effluent.NH3",0.268929348343184,0.699280958903798,"3,2"
"765","Pump.Flow.Based.PAA.Dose + N..Eff..TSS.Conc. + Temp..of.the.Atmos. + SACto..1.m. + NSEC.Aerobic.SRT + NSEC.Effluent.NO3",0.280505528327375,0.814869136761904,"3,2"
"766","Pump.Flow.Based.PAA.Dose + N..Eff..TSS.Conc. + Temp..of.the.Atmos. + SACto..1.m. + NSEC.Aerobic.SRT + NSEC.Effluent.OP",0.310884918062217,0.826165514769569,"3,2"
"767","Pump.Flow.Based.PAA.Dose + N..Eff..TSS.Conc. + Temp..of.the.Atmos. + SACto..1.m. + NSEC.Aerobic.SRT + NSEC.Effluent.TSS",0.309037499969954,0.77107034722869,"3,2"
"768","Pump.Flow.Based.PAA.Dose + N..Eff..TSS.Conc. + Temp..of.the.Atmos. + SACto..1.m. + NSEC.Aerobic.SRT + NSEC.Effluent.NO5",0.468857013951103,0.802307202457138,"3,2"
"769","Pump.Flow.Based.PAA.Dose + N..Eff..TSS.Conc. + Temp..of.the.Atmos. + SACto..1.m. + NSEC.Aerobic.SRT + NSEC.Effluent.Flow",0.182359606009527,0.793862234476847,"3,2"
"770","Pump.Flow.Based.PAA.Dose + N..Eff..TSS.Conc. + Temp..of.the.Atmos. + SACto..1.m. + NSEC.Effluent.NH3 + NSEC.Effluent.NO3",0.457041060394226,0.780038369887218,"3,2"
"771","Pump.Flow.Based.PAA.Dose + N..Eff..TSS.Conc. + Temp..of.the.Atmos. + SACto..1.m. + NSEC.Effluent.NH3 + NSEC.Effluent.OP",0.355518099130206,0.790068204895411,"3,2"
"772","Pump.Flow.Based.PAA.Dose + N..Eff..TSS.Conc. + Temp..of.the.Atmos. + SACto..1.m. + NSEC.Effluent.NH3 + NSEC.Effluent.TSS",0.469365068801642,0.780988968341246,"3,2"
"773","Pump.Flow.Based.PAA.Dose + N..Eff..TSS.Conc. + Temp..of.the.Atmos. + SACto..1.m. + NSEC.Effluent.NH3 + NSEC.Effluent.NO5",0.194660371241013,0.0373776775260612,"3,2"
"774","Pump.Flow.Based.PAA.Dose + N..Eff..TSS.Conc. + Temp..of.the.Atmos. + SACto..1.m. + NSEC.Effluent.NH3 + NSEC.Effluent.Flow",0.212609562629202,0.814395604060844,"3,2"
"775","Pump.Flow.Based.PAA.Dose + N..Eff..TSS.Conc. + Temp..of.the.Atmos. + SACto..1.m. + NSEC.Effluent.NO3 + NSEC.Effluent.OP",0.379195239885259,0.738611738893738,"3,2"
"776","Pump.Flow.Based.PAA.Dose + N..Eff..TSS.Conc. + Temp..of.the.Atmos. + SACto..1.m. + NSEC.Effluent.NO3 + NSEC.Effluent.TSS",0.411692054631964,0.756097497801692,"3,2"
"777","Pump.Flow.Based.PAA.Dose + N..Eff..TSS.Conc. + Temp..of.the.Atmos. + SACto..1.m. + NSEC.Effluent.NO3 + NSEC.Effluent.NO5",0.393831791679611,0.797357598980741,"3,2"
"778","Pump.Flow.Based.PAA.Dose + N..Eff..TSS.Conc. + Temp..of.the.Atmos. + SACto..1.m. + NSEC.Effluent.NO3 + NSEC.Effluent.Flow",0.232672144733375,0.828432532471042,"3,2"
"779","Pump.Flow.Based.PAA.Dose + N..Eff..TSS.Conc. + Temp..of.the.Atmos. + SACto..1.m. + NSEC.Effluent.OP + NSEC.Effluent.TSS",0.307263007337216,0.766497907834211,"3,2"
"780","Pump.Flow.Based.PAA.Dose + N..Eff..TSS.Conc. + Temp..of.the.Atmos. + SACto..1.m. + NSEC.Effluent.OP + NSEC.Effluent.NO5",0.319099911575472,0.844428873313612,"3,2"
"781","Pump.Flow.Based.PAA.Dose + N..Eff..TSS.Conc. + Temp..of.the.Atmos. + SACto..1.m. + NSEC.Effluent.OP + NSEC.Effluent.Flow",0.344417099438649,0.844068739928575,"3,2"
"782","Pump.Flow.Based.PAA.Dose + N..Eff..TSS.Conc. + Temp..of.the.Atmos. + SACto..1.m. + NSEC.Effluent.TSS + NSEC.Effluent.NO5",0.468388460373141,0.793608441502818,"3,2"
"783","Pump.Flow.Based.PAA.Dose + N..Eff..TSS.Conc. + Temp..of.the.Atmos. + SACto..1.m. + NSEC.Effluent.TSS + NSEC.Effluent.Flow",0.16968361919019,0.796488927867308,"3,2"
"784","Pump.Flow.Based.PAA.Dose + N..Eff..TSS.Conc. + Temp..of.the.Atmos. + SACto..1.m. + NSEC.Effluent.NO5 + NSEC.Effluent.Flow",0.190739048536175,0.822306857524372,"3,2"
"785","Pump.Flow.Based.PAA.Dose + N..Eff..TSS.Conc. + Temp..of.the.Atmos. + NSEC.Aerobic.SRT + NSEC.Effluent.NH3 + NSEC.Effluent.NO3",0.27271108419496,0.753708278838623,"3,2"
"786","Pump.Flow.Based.PAA.Dose + N..Eff..TSS.Conc. + Temp..of.the.Atmos. + NSEC.Aerobic.SRT + NSEC.Effluent.NH3 + NSEC.Effluent.OP",0.308440828895085,0.800388504597488,"3,2"
"787","Pump.Flow.Based.PAA.Dose + N..Eff..TSS.Conc. + Temp..of.the.Atmos. + NSEC.Aerobic.SRT + NSEC.Effluent.NH3 + NSEC.Effluent.TSS",0.276737767468944,0.715303086230397,"3,2"
"788","Pump.Flow.Based.PAA.Dose + N..Eff..TSS.Conc. + Temp..of.the.Atmos. + NSEC.Aerobic.SRT + NSEC.Effluent.NH3 + NSEC.Effluent.NO5",0.32046267459385,0.770169278267588,"3,2"
"789","Pump.Flow.Based.PAA.Dose + N..Eff..TSS.Conc. + Temp..of.the.Atmos. + NSEC.Aerobic.SRT + NSEC.Effluent.NH3 + NSEC.Effluent.Flow",0.196623108959952,0.823104723220161,"3,2"
"790","Pump.Flow.Based.PAA.Dose + N..Eff..TSS.Conc. + Temp..of.the.Atmos. + NSEC.Aerobic.SRT + NSEC.Effluent.NO3 + NSEC.Effluent.OP",0.30817294274228,0.792064287750342,"3,2"
"791","Pump.Flow.Based.PAA.Dose + N..Eff..TSS.Conc. + Temp..of.the.Atmos. + NSEC.Aerobic.SRT + NSEC.Effluent.NO3 + NSEC.Effluent.TSS",0.257102834053066,0.734676078727572,"3,2"
"792","Pump.Flow.Based.PAA.Dose + N..Eff..TSS.Conc. + Temp..of.the.Atmos. + NSEC.Aerobic.SRT + NSEC.Effluent.NO3 + NSEC.Effluent.NO5",0.272325678789711,0.816005727719299,"3,2"
"793","Pump.Flow.Based.PAA.Dose + N..Eff..TSS.Conc. + Temp..of.the.Atmos. + NSEC.Aerobic.SRT + NSEC.Effluent.NO3 + NSEC.Effluent.Flow",0.268677004621428,0.822222415261599,"3,2"
"794","Pump.Flow.Based.PAA.Dose + N..Eff..TSS.Conc. + Temp..of.the.Atmos. + NSEC.Aerobic.SRT + NSEC.Effluent.OP + NSEC.Effluent.TSS",0.299683523170021,0.77350870646805,"3,2"
"795","Pump.Flow.Based.PAA.Dose + N..Eff..TSS.Conc. + Temp..of.the.Atmos. + NSEC.Aerobic.SRT + NSEC.Effluent.OP + NSEC.Effluent.NO5",0.308736289247505,0.773900991410545,"3,2"
"796","Pump.Flow.Based.PAA.Dose + N..Eff..TSS.Conc. + Temp..of.the.Atmos. + NSEC.Aerobic.SRT + NSEC.Effluent.OP + NSEC.Effluent.Flow",0.0786736673072546,0.839861161837369,"3,2"
"797","Pump.Flow.Based.PAA.Dose + N..Eff..TSS.Conc. + Temp..of.the.Atmos. + NSEC.Aerobic.SRT + NSEC.Effluent.TSS + NSEC.Effluent.NO5",0.335835834313675,0.748708838181992,"3,2"
"798","Pump.Flow.Based.PAA.Dose + N..Eff..TSS.Conc. + Temp..of.the.Atmos. + NSEC.Aerobic.SRT + NSEC.Effluent.TSS + NSEC.Effluent.Flow",0.107211109005528,0.819472444096252,"3,2"
"799","Pump.Flow.Based.PAA.Dose + N..Eff..TSS.Conc. + Temp..of.the.Atmos. + NSEC.Aerobic.SRT + NSEC.Effluent.NO5 + NSEC.Effluent.Flow",0.265783442005036,0.813378131823225,"3,2"
"800","Pump.Flow.Based.PAA.Dose + N..Eff..TSS.Conc. + Temp..of.the.Atmos. + NSEC.Effluent.NH3 + NSEC.Effluent.NO3 + NSEC.Effluent.OP",0.365286477110255,0.785969791691179,"3,2"
"801","Pump.Flow.Based.PAA.Dose + N..Eff..TSS.Conc. + Temp..of.the.Atmos. + NSEC.Effluent.NH3 + NSEC.Effluent.NO3 + NSEC.Effluent.TSS",0.413772384350465,0.727224161491756,"3,2"
"802","Pump.Flow.Based.PAA.Dose + N..Eff..TSS.Conc. + Temp..of.the.Atmos. + NSEC.Effluent.NH3 + NSEC.Effluent.NO3 + NSEC.Effluent.NO5",0.396441066000699,0.792116240911094,"3,2"
"803","Pump.Flow.Based.PAA.Dose + N..Eff..TSS.Conc. + Temp..of.the.Atmos. + NSEC.Effluent.NH3 + NSEC.Effluent.NO3 + NSEC.Effluent.Flow",0.188719351171172,0.804553683500747,"3,2"
"804","Pump.Flow.Based.PAA.Dose + N..Eff..TSS.Conc. + Temp..of.the.Atmos. + NSEC.Effluent.NH3 + NSEC.Effluent.OP + NSEC.Effluent.TSS",0.386813061626444,0.752733987691329,"3,2"
"805","Pump.Flow.Based.PAA.Dose + N..Eff..TSS.Conc. + Temp..of.the.Atmos. + NSEC.Effluent.NH3 + NSEC.Effluent.OP + NSEC.Effluent.NO5",0.364604960485253,0.790704106441572,"3,2"
"806","Pump.Flow.Based.PAA.Dose + N..Eff..TSS.Conc. + Temp..of.the.Atmos. + NSEC.Effluent.NH3 + NSEC.Effluent.OP + NSEC.Effluent.Flow",0.231603940222032,0.82899762446046,"3,2"
"807","Pump.Flow.Based.PAA.Dose + N..Eff..TSS.Conc. + Temp..of.the.Atmos. + NSEC.Effluent.NH3 + NSEC.Effluent.TSS + NSEC.Effluent.NO5",0.423596541916454,0.740661724766888,"3,2"
"808","Pump.Flow.Based.PAA.Dose + N..Eff..TSS.Conc. + Temp..of.the.Atmos. + NSEC.Effluent.NH3 + NSEC.Effluent.TSS + NSEC.Effluent.Flow",0.274137166702374,0.803989755015685,"3,2"
"809","Pump.Flow.Based.PAA.Dose + N..Eff..TSS.Conc. + Temp..of.the.Atmos. + NSEC.Effluent.NH3 + NSEC.Effluent.NO5 + NSEC.Effluent.Flow",0.229363389443807,0.810345568680174,"3,2"
"810","Pump.Flow.Based.PAA.Dose + N..Eff..TSS.Conc. + Temp..of.the.Atmos. + NSEC.Effluent.NO3 + NSEC.Effluent.OP + NSEC.Effluent.TSS",0.193696621415234,0.338365430294284,"3,2"
"811","Pump.Flow.Based.PAA.Dose + N..Eff..TSS.Conc. + Temp..of.the.Atmos. + NSEC.Effluent.NO3 + NSEC.Effluent.OP + NSEC.Effluent.NO5",0.333980620199499,0.787861639011225,"3,2"
"812","Pump.Flow.Based.PAA.Dose + N..Eff..TSS.Conc. + Temp..of.the.Atmos. + NSEC.Effluent.NO3 + NSEC.Effluent.OP + NSEC.Effluent.Flow",0.220110008808023,0.817507335368464,"3,2"
"813","Pump.Flow.Based.PAA.Dose + N..Eff..TSS.Conc. + Temp..of.the.Atmos. + NSEC.Effluent.NO3 + NSEC.Effluent.TSS + NSEC.Effluent.NO5",0.342753632255191,0.75850666458832,"3,2"
"814","Pump.Flow.Based.PAA.Dose + N..Eff..TSS.Conc. + Temp..of.the.Atmos. + NSEC.Effluent.NO3 + NSEC.Effluent.TSS + NSEC.Effluent.Flow",0.277944716385206,0.830634296435629,"3,2"
"815","Pump.Flow.Based.PAA.Dose + N..Eff..TSS.Conc. + Temp..of.the.Atmos. + NSEC.Effluent.NO3 + NSEC.Effluent.NO5 + NSEC.Effluent.Flow",0.237805443574107,0.815414818836091,"3,2"
"816","Pump.Flow.Based.PAA.Dose + N..Eff..TSS.Conc. + Temp..of.the.Atmos. + NSEC.Effluent.OP + NSEC.Effluent.TSS + NSEC.Effluent.NO5",0.347392126785802,0.797814583683577,"3,2"
"817","Pump.Flow.Based.PAA.Dose + N..Eff..TSS.Conc. + Temp..of.the.Atmos. + NSEC.Effluent.OP + NSEC.Effluent.TSS + NSEC.Effluent.Flow",0.233037158811559,0.816319376861758,"3,2"
"818","Pump.Flow.Based.PAA.Dose + N..Eff..TSS.Conc. + Temp..of.the.Atmos. + NSEC.Effluent.OP + NSEC.Effluent.NO5 + NSEC.Effluent.Flow",0.230367325661095,0.816428877542829,"3,2"
"819","Pump.Flow.Based.PAA.Dose + N..Eff..TSS.Conc. + Temp..of.the.Atmos. + NSEC.Effluent.TSS + NSEC.Effluent.NO5 + NSEC.Effluent.Flow",0.23493187026236,0.801662715184997,"3,2"
"820","Pump.Flow.Based.PAA.Dose + N..Eff..TSS.Conc. + Secondary.Effluent.Flow + N..Basin.Outfall + CODto..mg.L. + TSS..mg.L.",0.194038416128661,2.78953788593064e-05,"3,2"
"821","Pump.Flow.Based.PAA.Dose + N..Eff..TSS.Conc. + Secondary.Effluent.Flow + N..Basin.Outfall + CODto..mg.L. + UVT....",0.301848035493457,0.82301969559744,"3,2"
"822","Pump.Flow.Based.PAA.Dose + N..Eff..TSS.Conc. + Secondary.Effluent.Flow + N..Basin.Outfall + CODto..mg.L. + CODds..mg.L.",0.180621593400937,0.850846223705398,"3,2"
"823","Pump.Flow.Based.PAA.Dose + N..Eff..TSS.Conc. + Secondary.Effluent.Flow + N..Basin.Outfall + CODto..mg.L. + SACto..1.m.",0.198456862418791,0.834802927493379,"3,2"
"824","Pump.Flow.Based.PAA.Dose + N..Eff..TSS.Conc. + Secondary.Effluent.Flow + N..Basin.Outfall + CODto..mg.L. + NSEC.Aerobic.SRT",0.261791708215779,0.836613112800402,"3,2"
"825","Pump.Flow.Based.PAA.Dose + N..Eff..TSS.Conc. + Secondary.Effluent.Flow + N..Basin.Outfall + CODto..mg.L. + NSEC.Effluent.NH3",0.283594797589512,0.816134504764532,"3,2"
"826","Pump.Flow.Based.PAA.Dose + N..Eff..TSS.Conc. + Secondary.Effluent.Flow + N..Basin.Outfall + CODto..mg.L. + NSEC.Effluent.NO3",0.259448755910304,0.817473365965457,"3,2"
"827","Pump.Flow.Based.PAA.Dose + N..Eff..TSS.Conc. + Secondary.Effluent.Flow + N..Basin.Outfall + CODto..mg.L. + NSEC.Effluent.OP",0.266823660244236,0.818597052207836,"3,2"
"828","Pump.Flow.Based.PAA.Dose + N..Eff..TSS.Conc. + Secondary.Effluent.Flow + N..Basin.Outfall + CODto..mg.L. + NSEC.Effluent.TSS",0.202269830253249,0.798580722016278,"3,2"
"829","Pump.Flow.Based.PAA.Dose + N..Eff..TSS.Conc. + Secondary.Effluent.Flow + N..Basin.Outfall + CODto..mg.L. + NSEC.Effluent.NO5",0.289545319773298,0.812651284096837,"3,2"
"830","Pump.Flow.Based.PAA.Dose + N..Eff..TSS.Conc. + Secondary.Effluent.Flow + N..Basin.Outfall + CODto..mg.L. + NSEC.Effluent.Flow",0.22087359981463,0.804606068045149,"3,2"
"831","Pump.Flow.Based.PAA.Dose + N..Eff..TSS.Conc. + Secondary.Effluent.Flow + N..Basin.Outfall + TSS..mg.L. + UVT....",0.214812333556069,0.822353822363693,"3,2"
"832","Pump.Flow.Based.PAA.Dose + N..Eff..TSS.Conc. + Secondary.Effluent.Flow + N..Basin.Outfall + TSS..mg.L. + CODds..mg.L.",0.14678573253132,0.808006021442566,"3,2"
"833","Pump.Flow.Based.PAA.Dose + N..Eff..TSS.Conc. + Secondary.Effluent.Flow + N..Basin.Outfall + TSS..mg.L. + SACto..1.m.",0.239334443829777,0.833125773464833,"3,2"
"834","Pump.Flow.Based.PAA.Dose + N..Eff..TSS.Conc. + Secondary.Effluent.Flow + N..Basin.Outfall + TSS..mg.L. + NSEC.Aerobic.SRT",0.253377547492484,0.836103379801059,"3,2"
"835","Pump.Flow.Based.PAA.Dose + N..Eff..TSS.Conc. + Secondary.Effluent.Flow + N..Basin.Outfall + TSS..mg.L. + NSEC.Effluent.NH3",0.273241086622923,0.816534208381834,"3,2"
"836","Pump.Flow.Based.PAA.Dose + N..Eff..TSS.Conc. + Secondary.Effluent.Flow + N..Basin.Outfall + TSS..mg.L. + NSEC.Effluent.NO3",0.29792738118572,0.8329370153919,"3,2"
"837","Pump.Flow.Based.PAA.Dose + N..Eff..TSS.Conc. + Secondary.Effluent.Flow + N..Basin.Outfall + TSS..mg.L. + NSEC.Effluent.OP",0.30456933066103,0.808765724160994,"3,2"
"838","Pump.Flow.Based.PAA.Dose + N..Eff..TSS.Conc. + Secondary.Effluent.Flow + N..Basin.Outfall + TSS..mg.L. + NSEC.Effluent.TSS",0.252844999083119,0.804406992596428,"3,2"
"839","Pump.Flow.Based.PAA.Dose + N..Eff..TSS.Conc. + Secondary.Effluent.Flow + N..Basin.Outfall + TSS..mg.L. + NSEC.Effluent.NO5",0.247361763280465,0.809593942419576,"3,2"
"840","Pump.Flow.Based.PAA.Dose + N..Eff..TSS.Conc. + Secondary.Effluent.Flow + N..Basin.Outfall + TSS..mg.L. + NSEC.Effluent.Flow",0.264924451756221,0.811297449786405,"3,2"
"841","Pump.Flow.Based.PAA.Dose + N..Eff..TSS.Conc. + Secondary.Effluent.Flow + N..Basin.Outfall + UVT.... + CODds..mg.L.",0.208163192663942,0.838081747653382,"3,2"
"842","Pump.Flow.Based.PAA.Dose + N..Eff..TSS.Conc. + Secondary.Effluent.Flow + N..Basin.Outfall + UVT.... + SACto..1.m.",0.241404014457328,0.821077132872534,"3,2"
"843","Pump.Flow.Based.PAA.Dose + N..Eff..TSS.Conc. + Secondary.Effluent.Flow + N..Basin.Outfall + UVT.... + NSEC.Aerobic.SRT",0.230336882279214,0.826435020714095,"3,2"
"844","Pump.Flow.Based.PAA.Dose + N..Eff..TSS.Conc. + Secondary.Effluent.Flow + N..Basin.Outfall + UVT.... + NSEC.Effluent.NH3",0.14786790431773,0.794454725894811,"3,2"
"845","Pump.Flow.Based.PAA.Dose + N..Eff..TSS.Conc. + Secondary.Effluent.Flow + N..Basin.Outfall + UVT.... + NSEC.Effluent.NO3",0.400201770111606,0.841937539626031,"3,2"
"846","Pump.Flow.Based.PAA.Dose + N..Eff..TSS.Conc. + Secondary.Effluent.Flow + N..Basin.Outfall + UVT.... + NSEC.Effluent.OP",0.347099743586925,0.830004943180423,"3,2"
"847","Pump.Flow.Based.PAA.Dose + N..Eff..TSS.Conc. + Secondary.Effluent.Flow + N..Basin.Outfall + UVT.... + NSEC.Effluent.TSS",0.206423027884057,0.814522253130149,"3,2"
"848","Pump.Flow.Based.PAA.Dose + N..Eff..TSS.Conc. + Secondary.Effluent.Flow + N..Basin.Outfall + UVT.... + NSEC.Effluent.NO5",0.199357054065814,0.82421631536355,"3,2"
"849","Pump.Flow.Based.PAA.Dose + N..Eff..TSS.Conc. + Secondary.Effluent.Flow + N..Basin.Outfall + UVT.... + NSEC.Effluent.Flow",0.148269139603308,0.82902946841293,"3,2"
"850","Pump.Flow.Based.PAA.Dose + N..Eff..TSS.Conc. + Secondary.Effluent.Flow + N..Basin.Outfall + CODds..mg.L. + SACto..1.m.",0.147262514339578,0.82284584677292,"3,2"
"851","Pump.Flow.Based.PAA.Dose + N..Eff..TSS.Conc. + Secondary.Effluent.Flow + N..Basin.Outfall + CODds..mg.L. + NSEC.Aerobic.SRT",0.158536857177459,0.798919465497824,"3,2"
"852","Pump.Flow.Based.PAA.Dose + N..Eff..TSS.Conc. + Secondary.Effluent.Flow + N..Basin.Outfall + CODds..mg.L. + NSEC.Effluent.NH3",0.177060215576688,0.820010908077015,"3,2"
"853","Pump.Flow.Based.PAA.Dose + N..Eff..TSS.Conc. + Secondary.Effluent.Flow + N..Basin.Outfall + CODds..mg.L. + NSEC.Effluent.NO3",0.317612974570993,0.848279851195295,"3,2"
"854","Pump.Flow.Based.PAA.Dose + N..Eff..TSS.Conc. + Secondary.Effluent.Flow + N..Basin.Outfall + CODds..mg.L. + NSEC.Effluent.OP",0.167483991087729,0.806337891580368,"3,2"
"855","Pump.Flow.Based.PAA.Dose + N..Eff..TSS.Conc. + Secondary.Effluent.Flow + N..Basin.Outfall + CODds..mg.L. + NSEC.Effluent.TSS",0.237693225811133,0.816742348033428,"3,2"
"856","Pump.Flow.Based.PAA.Dose + N..Eff..TSS.Conc. + Secondary.Effluent.Flow + N..Basin.Outfall + CODds..mg.L. + NSEC.Effluent.NO5",0.165738913800667,0.81900390131072,"3,2"
"857","Pump.Flow.Based.PAA.Dose + N..Eff..TSS.Conc. + Secondary.Effluent.Flow + N..Basin.Outfall + CODds..mg.L. + NSEC.Effluent.Flow",0.235752880796329,0.815323123000705,"3,2"
"858","Pump.Flow.Based.PAA.Dose + N..Eff..TSS.Conc. + Secondary.Effluent.Flow + N..Basin.Outfall + SACto..1.m. + NSEC.Aerobic.SRT",0.215088684388224,0.820366706489079,"3,2"
"859","Pump.Flow.Based.PAA.Dose + N..Eff..TSS.Conc. + Secondary.Effluent.Flow + N..Basin.Outfall + SACto..1.m. + NSEC.Effluent.NH3",0.187677781575073,0.807227506392238,"3,2"
"860","Pump.Flow.Based.PAA.Dose + N..Eff..TSS.Conc. + Secondary.Effluent.Flow + N..Basin.Outfall + SACto..1.m. + NSEC.Effluent.NO3",0.234149000894577,0.823718411735438,"3,2"
"861","Pump.Flow.Based.PAA.Dose + N..Eff..TSS.Conc. + Secondary.Effluent.Flow + N..Basin.Outfall + SACto..1.m. + NSEC.Effluent.OP",0.163659050932236,0.793128694441958,"3,2"
"862","Pump.Flow.Based.PAA.Dose + N..Eff..TSS.Conc. + Secondary.Effluent.Flow + N..Basin.Outfall + SACto..1.m. + NSEC.Effluent.TSS",0.232204808185906,0.814492881945272,"3,2"
"863","Pump.Flow.Based.PAA.Dose + N..Eff..TSS.Conc. + Secondary.Effluent.Flow + N..Basin.Outfall + SACto..1.m. + NSEC.Effluent.NO5",0.160887278998223,0.81377142126545,"3,2"
"864","Pump.Flow.Based.PAA.Dose + N..Eff..TSS.Conc. + Secondary.Effluent.Flow + N..Basin.Outfall + SACto..1.m. + NSEC.Effluent.Flow",0.285511170927224,0.821702164201703,"3,2"
"865","Pump.Flow.Based.PAA.Dose + N..Eff..TSS.Conc. + Secondary.Effluent.Flow + N..Basin.Outfall + NSEC.Aerobic.SRT + NSEC.Effluent.NH3",0.302081267647997,0.827094141587087,"3,2"
"866","Pump.Flow.Based.PAA.Dose + N..Eff..TSS.Conc. + Secondary.Effluent.Flow + N..Basin.Outfall + NSEC.Aerobic.SRT + NSEC.Effluent.NO3",0.236847920504962,0.820789715672882,"3,2"
"867","Pump.Flow.Based.PAA.Dose + N..Eff..TSS.Conc. + Secondary.Effluent.Flow + N..Basin.Outfall + NSEC.Aerobic.SRT + NSEC.Effluent.OP",0.313406191823028,0.81268679590784,"3,2"
"868","Pump.Flow.Based.PAA.Dose + N..Eff..TSS.Conc. + Secondary.Effluent.Flow + N..Basin.Outfall + NSEC.Aerobic.SRT + NSEC.Effluent.TSS",0.267256581250671,0.811486871311317,"3,2"
"869","Pump.Flow.Based.PAA.Dose + N..Eff..TSS.Conc. + Secondary.Effluent.Flow + N..Basin.Outfall + NSEC.Aerobic.SRT + NSEC.Effluent.NO5",0.271357632906628,0.807890240916223,"3,2"
"870","Pump.Flow.Based.PAA.Dose + N..Eff..TSS.Conc. + Secondary.Effluent.Flow + N..Basin.Outfall + NSEC.Aerobic.SRT + NSEC.Effluent.Flow",0.278779374573329,0.820765685177618,"3,2"
"871","Pump.Flow.Based.PAA.Dose + N..Eff..TSS.Conc. + Secondary.Effluent.Flow + N..Basin.Outfall + NSEC.Effluent.NH3 + NSEC.Effluent.NO3",0.217077830188767,0.817682193033337,"3,2"
"872","Pump.Flow.Based.PAA.Dose + N..Eff..TSS.Conc. + Secondary.Effluent.Flow + N..Basin.Outfall + NSEC.Effluent.NH3 + NSEC.Effluent.OP",0.218559940861944,0.821493058426486,"3,2"
"873","Pump.Flow.Based.PAA.Dose + N..Eff..TSS.Conc. + Secondary.Effluent.Flow + N..Basin.Outfall + NSEC.Effluent.NH3 + NSEC.Effluent.TSS",0.266803379470494,0.808176371527209,"3,2"
"874","Pump.Flow.Based.PAA.Dose + N..Eff..TSS.Conc. + Secondary.Effluent.Flow + N..Basin.Outfall + NSEC.Effluent.NH3 + NSEC.Effluent.NO5",0.281936225280162,0.836095108349181,"3,2"
"875","Pump.Flow.Based.PAA.Dose + N..Eff..TSS.Conc. + Secondary.Effluent.Flow + N..Basin.Outfall + NSEC.Effluent.NH3 + NSEC.Effluent.Flow",0.238028008535106,0.789363796598765,"3,2"
"876","Pump.Flow.Based.PAA.Dose + N..Eff..TSS.Conc. + Secondary.Effluent.Flow + N..Basin.Outfall + NSEC.Effluent.NO3 + NSEC.Effluent.OP",0.232171073473074,0.820364247612021,"3,2"
"877","Pump.Flow.Based.PAA.Dose + N..Eff..TSS.Conc. + Secondary.Effluent.Flow + N..Basin.Outfall + NSEC.Effluent.NO3 + NSEC.Effluent.TSS",0.254708764924648,0.811950407743077,"3,2"
"878","Pump.Flow.Based.PAA.Dose + N..Eff..TSS.Conc. + Secondary.Effluent.Flow + N..Basin.Outfall + NSEC.Effluent.NO3 + NSEC.Effluent.NO5",0.254630620969772,0.841438967670118,"3,2"
"879","Pump.Flow.Based.PAA.Dose + N..Eff..TSS.Conc. + Secondary.Effluent.Flow + N..Basin.Outfall + NSEC.Effluent.NO3 + NSEC.Effluent.Flow",0.26502846109031,0.81959678363387,"3,2"
"880","Pump.Flow.Based.PAA.Dose + N..Eff..TSS.Conc. + Secondary.Effluent.Flow + N..Basin.Outfall + NSEC.Effluent.OP + NSEC.Effluent.TSS",0.274898941499279,0.808133505790992,"3,2"
"881","Pump.Flow.Based.PAA.Dose + N..Eff..TSS.Conc. + Secondary.Effluent.Flow + N..Basin.Outfall + NSEC.Effluent.OP + NSEC.Effluent.NO5",0.270310990371165,0.827734835659973,"3,2"
"882","Pump.Flow.Based.PAA.Dose + N..Eff..TSS.Conc. + Secondary.Effluent.Flow + N..Basin.Outfall + NSEC.Effluent.OP + NSEC.Effluent.Flow",0.299241904241592,0.824480089200601,"3,2"
"883","Pump.Flow.Based.PAA.Dose + N..Eff..TSS.Conc. + Secondary.Effluent.Flow + N..Basin.Outfall + NSEC.Effluent.TSS + NSEC.Effluent.NO5",0.258592176603998,0.812229384345097,"3,2"
"884","Pump.Flow.Based.PAA.Dose + N..Eff..TSS.Conc. + Secondary.Effluent.Flow + N..Basin.Outfall + NSEC.Effluent.TSS + NSEC.Effluent.Flow",0.277052905510987,0.804124651080387,"3,2"
"885","Pump.Flow.Based.PAA.Dose + N..Eff..TSS.Conc. + Secondary.Effluent.Flow + N..Basin.Outfall + NSEC.Effluent.NO5 + NSEC.Effluent.Flow",0.238899025362584,0.797982685926642,"3,2"
"886","Pump.Flow.Based.PAA.Dose + N..Eff..TSS.Conc. + Secondary.Effluent.Flow + CODto..mg.L. + TSS..mg.L. + UVT....",0.174552922995087,0.845275533661506,"3,2"
"887","Pump.Flow.Based.PAA.Dose + N..Eff..TSS.Conc. + Secondary.Effluent.Flow + CODto..mg.L. + TSS..mg.L. + CODds..mg.L.",0.0939102559725082,0.826981179357665,"3,2"
"888","Pump.Flow.Based.PAA.Dose + N..Eff..TSS.Conc. + Secondary.Effluent.Flow + CODto..mg.L. + TSS..mg.L. + SACto..1.m.",0.121230444535395,0.816258163819507,"3,2"
"889","Pump.Flow.Based.PAA.Dose + N..Eff..TSS.Conc. + Secondary.Effluent.Flow + CODto..mg.L. + TSS..mg.L. + NSEC.Aerobic.SRT",0.158580515063916,0.845964968128962,"3,2"
"890","Pump.Flow.Based.PAA.Dose + N..Eff..TSS.Conc. + Secondary.Effluent.Flow + CODto..mg.L. + TSS..mg.L. + NSEC.Effluent.NH3",0.179503330079986,0.839861102562223,"3,2"
"891","Pump.Flow.Based.PAA.Dose + N..Eff..TSS.Conc. + Secondary.Effluent.Flow + CODto..mg.L. + TSS..mg.L. + NSEC.Effluent.NO3",0.182552673869371,0.819349104359281,"3,2"
"892","Pump.Flow.Based.PAA.Dose + N..Eff..TSS.Conc. + Secondary.Effluent.Flow + CODto..mg.L. + TSS..mg.L. + NSEC.Effluent.OP",0.155213985839641,0.82364730169596,"3,2"
"893","Pump.Flow.Based.PAA.Dose + N..Eff..TSS.Conc. + Secondary.Effluent.Flow + CODto..mg.L. + TSS..mg.L. + NSEC.Effluent.TSS",0.257812715975551,0.842539347916083,"3,2"
"894","Pump.Flow.Based.PAA.Dose + N..Eff..TSS.Conc. + Secondary.Effluent.Flow + CODto..mg.L. + TSS..mg.L. + NSEC.Effluent.NO5",0.197600487419729,0.838865694324319,"3,2"
"895","Pump.Flow.Based.PAA.Dose + N..Eff..TSS.Conc. + Secondary.Effluent.Flow + CODto..mg.L. + TSS..mg.L. + NSEC.Effluent.Flow",0.161265389481137,0.828226766179888,"3,2"
"896","Pump.Flow.Based.PAA.Dose + N..Eff..TSS.Conc. + Secondary.Effluent.Flow + CODto..mg.L. + UVT.... + CODds..mg.L.",0.152204991319921,0.830951806271534,"3,2"
"897","Pump.Flow.Based.PAA.Dose + N..Eff..TSS.Conc. + Secondary.Effluent.Flow + CODto..mg.L. + UVT.... + SACto..1.m.",0.188650986181115,0.812379879334703,"3,2"
"898","Pump.Flow.Based.PAA.Dose + N..Eff..TSS.Conc. + Secondary.Effluent.Flow + CODto..mg.L. + UVT.... + NSEC.Aerobic.SRT",0.279685234817942,0.82894998719091,"3,2"
"899","Pump.Flow.Based.PAA.Dose + N..Eff..TSS.Conc. + Secondary.Effluent.Flow + CODto..mg.L. + UVT.... + NSEC.Effluent.NH3",0.188011809065221,0.823938295915854,"3,2"
"900","Pump.Flow.Based.PAA.Dose + N..Eff..TSS.Conc. + Secondary.Effluent.Flow + CODto..mg.L. + UVT.... + NSEC.Effluent.NO3",0.223549226959108,0.83778975044354,"3,2"
"901","Pump.Flow.Based.PAA.Dose + N..Eff..TSS.Conc. + Secondary.Effluent.Flow + CODto..mg.L. + UVT.... + NSEC.Effluent.OP",0.207953817906855,0.836605905130448,"3,2"
"902","Pump.Flow.Based.PAA.Dose + N..Eff..TSS.Conc. + Secondary.Effluent.Flow + CODto..mg.L. + UVT.... + NSEC.Effluent.TSS",0.190972216075668,0.816296165675485,"3,2"
"903","Pump.Flow.Based.PAA.Dose + N..Eff..TSS.Conc. + Secondary.Effluent.Flow + CODto..mg.L. + UVT.... + NSEC.Effluent.NO5",0.196207416555545,0.811621229411151,"3,2"
"904","Pump.Flow.Based.PAA.Dose + N..Eff..TSS.Conc. + Secondary.Effluent.Flow + CODto..mg.L. + UVT.... + NSEC.Effluent.Flow",0.189621394418,0.802661992525759,"3,2"
"905","Pump.Flow.Based.PAA.Dose + N..Eff..TSS.Conc. + Secondary.Effluent.Flow + CODto..mg.L. + CODds..mg.L. + SACto..1.m.",0.265337271211906,0.833640685877862,"3,2"
"906","Pump.Flow.Based.PAA.Dose + N..Eff..TSS.Conc. + Secondary.Effluent.Flow + CODto..mg.L. + CODds..mg.L. + NSEC.Aerobic.SRT",0.203351516652087,0.832584586491298,"3,2"
"907","Pump.Flow.Based.PAA.Dose + N..Eff..TSS.Conc. + Secondary.Effluent.Flow + CODto..mg.L. + CODds..mg.L. + NSEC.Effluent.NH3",0.0934362355379887,0.819789656108007,"3,2"
"908","Pump.Flow.Based.PAA.Dose + N..Eff..TSS.Conc. + Secondary.Effluent.Flow + CODto..mg.L. + CODds..mg.L. + NSEC.Effluent.NO3",0.13914047987717,0.809877195103716,"3,2"
"909","Pump.Flow.Based.PAA.Dose + N..Eff..TSS.Conc. + Secondary.Effluent.Flow + CODto..mg.L. + CODds..mg.L. + NSEC.Effluent.OP",0.237499428443374,0.836368945659317,"3,2"
"910","Pump.Flow.Based.PAA.Dose + N..Eff..TSS.Conc. + Secondary.Effluent.Flow + CODto..mg.L. + CODds..mg.L. + NSEC.Effluent.TSS",0.100033245936696,0.816558439977448,"3,2"
"911","Pump.Flow.Based.PAA.Dose + N..Eff..TSS.Conc. + Secondary.Effluent.Flow + CODto..mg.L. + CODds..mg.L. + NSEC.Effluent.NO5",0.245296664072388,0.827950194139683,"3,2"
"912","Pump.Flow.Based.PAA.Dose + N..Eff..TSS.Conc. + Secondary.Effluent.Flow + CODto..mg.L. + CODds..mg.L. + NSEC.Effluent.Flow",0.136153870510136,0.828163120192361,"3,2"
"913","Pump.Flow.Based.PAA.Dose + N..Eff..TSS.Conc. + Secondary.Effluent.Flow + CODto..mg.L. + SACto..1.m. + NSEC.Aerobic.SRT",0.247289127201708,0.837766777475137,"3,2"
"914","Pump.Flow.Based.PAA.Dose + N..Eff..TSS.Conc. + Secondary.Effluent.Flow + CODto..mg.L. + SACto..1.m. + NSEC.Effluent.NH3",0.192844661489931,0.837061086692429,"3,2"
"915","Pump.Flow.Based.PAA.Dose + N..Eff..TSS.Conc. + Secondary.Effluent.Flow + CODto..mg.L. + SACto..1.m. + NSEC.Effluent.NO3",0.151681343223802,0.810964308306509,"3,2"
"916","Pump.Flow.Based.PAA.Dose + N..Eff..TSS.Conc. + Secondary.Effluent.Flow + CODto..mg.L. + SACto..1.m. + NSEC.Effluent.OP",0.251339222206031,0.823950290935019,"3,2"
"917","Pump.Flow.Based.PAA.Dose + N..Eff..TSS.Conc. + Secondary.Effluent.Flow + CODto..mg.L. + SACto..1.m. + NSEC.Effluent.TSS",0.178305086683716,0.826814556376555,"3,2"
"918","Pump.Flow.Based.PAA.Dose + N..Eff..TSS.Conc. + Secondary.Effluent.Flow + CODto..mg.L. + SACto..1.m. + NSEC.Effluent.NO5",0.217325129638155,0.829952142129028,"3,2"
"919","Pump.Flow.Based.PAA.Dose + N..Eff..TSS.Conc. + Secondary.Effluent.Flow + CODto..mg.L. + SACto..1.m. + NSEC.Effluent.Flow",0.191458184656037,0.797619607824006,"3,2"
"920","Pump.Flow.Based.PAA.Dose + N..Eff..TSS.Conc. + Secondary.Effluent.Flow + CODto..mg.L. + NSEC.Aerobic.SRT + NSEC.Effluent.NH3",0.282247057818868,0.834347260609771,"3,2"
"921","Pump.Flow.Based.PAA.Dose + N..Eff..TSS.Conc. + Secondary.Effluent.Flow + CODto..mg.L. + NSEC.Aerobic.SRT + NSEC.Effluent.NO3",0.292471842044691,0.824020786215823,"3,2"
"922","Pump.Flow.Based.PAA.Dose + N..Eff..TSS.Conc. + Secondary.Effluent.Flow + CODto..mg.L. + NSEC.Aerobic.SRT + NSEC.Effluent.OP",0.22118994080588,0.825726413002825,"3,2"
"923","Pump.Flow.Based.PAA.Dose + N..Eff..TSS.Conc. + Secondary.Effluent.Flow + CODto..mg.L. + NSEC.Aerobic.SRT + NSEC.Effluent.TSS",0.235925471302589,0.83482695207144,"3,2"
"924","Pump.Flow.Based.PAA.Dose + N..Eff..TSS.Conc. + Secondary.Effluent.Flow + CODto..mg.L. + NSEC.Aerobic.SRT + NSEC.Effluent.NO5",0.203043727468749,0.812454067032191,"3,2"
"925","Pump.Flow.Based.PAA.Dose + N..Eff..TSS.Conc. + Secondary.Effluent.Flow + CODto..mg.L. + NSEC.Aerobic.SRT + NSEC.Effluent.Flow",0.249080609349069,0.853247794343128,"3,2"
"926","Pump.Flow.Based.PAA.Dose + N..Eff..TSS.Conc. + Secondary.Effluent.Flow + CODto..mg.L. + NSEC.Effluent.NH3 + NSEC.Effluent.NO3",0.24517492201699,0.828082837490744,"3,2"
"927","Pump.Flow.Based.PAA.Dose + N..Eff..TSS.Conc. + Secondary.Effluent.Flow + CODto..mg.L. + NSEC.Effluent.NH3 + NSEC.Effluent.OP",0.156057500652918,0.836489884580216,"3,2"
"928","Pump.Flow.Based.PAA.Dose + N..Eff..TSS.Conc. + Secondary.Effluent.Flow + CODto..mg.L. + NSEC.Effluent.NH3 + NSEC.Effluent.TSS",0.26208673574118,0.819545979497626,"3,2"
"929","Pump.Flow.Based.PAA.Dose + N..Eff..TSS.Conc. + Secondary.Effluent.Flow + CODto..mg.L. + NSEC.Effluent.NH3 + NSEC.Effluent.NO5",0.24775353611327,0.825002367336178,"3,2"
"930","Pump.Flow.Based.PAA.Dose + N..Eff..TSS.Conc. + Secondary.Effluent.Flow + CODto..mg.L. + NSEC.Effluent.NH3 + NSEC.Effluent.Flow",0.217136495101051,0.805594360475001,"3,2"
"931","Pump.Flow.Based.PAA.Dose + N..Eff..TSS.Conc. + Secondary.Effluent.Flow + CODto..mg.L. + NSEC.Effluent.NO3 + NSEC.Effluent.OP",0.299015435174374,0.843400474243495,"3,2"
"932","Pump.Flow.Based.PAA.Dose + N..Eff..TSS.Conc. + Secondary.Effluent.Flow + CODto..mg.L. + NSEC.Effluent.NO3 + NSEC.Effluent.TSS",0.211368483646827,0.816217295181527,"3,2"
"933","Pump.Flow.Based.PAA.Dose + N..Eff..TSS.Conc. + Secondary.Effluent.Flow + CODto..mg.L. + NSEC.Effluent.NO3 + NSEC.Effluent.NO5",0.229638376757316,0.837133182105395,"3,2"
"934","Pump.Flow.Based.PAA.Dose + N..Eff..TSS.Conc. + Secondary.Effluent.Flow + CODto..mg.L. + NSEC.Effluent.NO3 + NSEC.Effluent.Flow",0.347665860549729,0.861551657048062,"3,2"
"935","Pump.Flow.Based.PAA.Dose + N..Eff..TSS.Conc. + Secondary.Effluent.Flow + CODto..mg.L. + NSEC.Effluent.OP + NSEC.Effluent.TSS",0.160961895540668,0.793535313711457,"3,2"
"936","Pump.Flow.Based.PAA.Dose + N..Eff..TSS.Conc. + Secondary.Effluent.Flow + CODto..mg.L. + NSEC.Effluent.OP + NSEC.Effluent.NO5",0.266497477616603,0.849674896698524,"3,2"
"937","Pump.Flow.Based.PAA.Dose + N..Eff..TSS.Conc. + Secondary.Effluent.Flow + CODto..mg.L. + NSEC.Effluent.OP + NSEC.Effluent.Flow",0.22065054317165,0.813416564419949,"3,2"
"938","Pump.Flow.Based.PAA.Dose + N..Eff..TSS.Conc. + Secondary.Effluent.Flow + CODto..mg.L. + NSEC.Effluent.TSS + NSEC.Effluent.NO5",0.26190538443308,0.852692199154118,"3,2"
"939","Pump.Flow.Based.PAA.Dose + N..Eff..TSS.Conc. + Secondary.Effluent.Flow + CODto..mg.L. + NSEC.Effluent.TSS + NSEC.Effluent.Flow",0.200198514256252,0.809638594086178,"3,2"
"940","Pump.Flow.Based.PAA.Dose + N..Eff..TSS.Conc. + Secondary.Effluent.Flow + CODto..mg.L. + NSEC.Effluent.NO5 + NSEC.Effluent.Flow",0.302052592238716,0.825903704325897,"3,2"
"941","Pump.Flow.Based.PAA.Dose + N..Eff..TSS.Conc. + Secondary.Effluent.Flow + TSS..mg.L. + UVT.... + CODds..mg.L.",0.126875548962289,0.827624621107345,"3,2"
"942","Pump.Flow.Based.PAA.Dose + N..Eff..TSS.Conc. + Secondary.Effluent.Flow + TSS..mg.L. + UVT.... + SACto..1.m.",0.183389398049413,0.834846843752897,"3,2"
"943","Pump.Flow.Based.PAA.Dose + N..Eff..TSS.Conc. + Secondary.Effluent.Flow + TSS..mg.L. + UVT.... + NSEC.Aerobic.SRT",0.142171837815958,0.808070500645505,"3,2"
"944","Pump.Flow.Based.PAA.Dose + N..Eff..TSS.Conc. + Secondary.Effluent.Flow + TSS..mg.L. + UVT.... + NSEC.Effluent.NH3",0.203980650278031,0.827453548437123,"3,2"
"945","Pump.Flow.Based.PAA.Dose + N..Eff..TSS.Conc. + Secondary.Effluent.Flow + TSS..mg.L. + UVT.... + NSEC.Effluent.NO3",0.242770158460696,0.825480135225697,"3,2"
"946","Pump.Flow.Based.PAA.Dose + N..Eff..TSS.Conc. + Secondary.Effluent.Flow + TSS..mg.L. + UVT.... + NSEC.Effluent.OP",0.141132266799294,0.844510286122694,"3,2"
"947","Pump.Flow.Based.PAA.Dose + N..Eff..TSS.Conc. + Secondary.Effluent.Flow + TSS..mg.L. + UVT.... + NSEC.Effluent.TSS",0.185815983174526,0.802213528216318,"3,2"
"948","Pump.Flow.Based.PAA.Dose + N..Eff..TSS.Conc. + Secondary.Effluent.Flow + TSS..mg.L. + UVT.... + NSEC.Effluent.NO5",0.130640858407401,0.829065742535579,"3,2"
"949","Pump.Flow.Based.PAA.Dose + N..Eff..TSS.Conc. + Secondary.Effluent.Flow + TSS..mg.L. + UVT.... + NSEC.Effluent.Flow",0.153442567757585,0.845344150804499,"3,2"
"950","Pump.Flow.Based.PAA.Dose + N..Eff..TSS.Conc. + Secondary.Effluent.Flow + TSS..mg.L. + CODds..mg.L. + SACto..1.m.",0.226930786983039,0.842447740731441,"3,2"
"951","Pump.Flow.Based.PAA.Dose + N..Eff..TSS.Conc. + Secondary.Effluent.Flow + TSS..mg.L. + CODds..mg.L. + NSEC.Aerobic.SRT",0.292550919397786,0.828339726612227,"3,2"
"952","Pump.Flow.Based.PAA.Dose + N..Eff..TSS.Conc. + Secondary.Effluent.Flow + TSS..mg.L. + CODds..mg.L. + NSEC.Effluent.NH3",0.166441734288693,0.799229710522023,"3,2"
"953","Pump.Flow.Based.PAA.Dose + N..Eff..TSS.Conc. + Secondary.Effluent.Flow + TSS..mg.L. + CODds..mg.L. + NSEC.Effluent.NO3",0.189373261482751,0.826972480355265,"3,2"
"954","Pump.Flow.Based.PAA.Dose + N..Eff..TSS.Conc. + Secondary.Effluent.Flow + TSS..mg.L. + CODds..mg.L. + NSEC.Effluent.OP",0.202370302079718,0.827915536185193,"3,2"
"955","Pump.Flow.Based.PAA.Dose + N..Eff..TSS.Conc. + Secondary.Effluent.Flow + TSS..mg.L. + CODds..mg.L. + NSEC.Effluent.TSS",0.207846739252668,0.822896245906217,"3,2"
"956","Pump.Flow.Based.PAA.Dose + N..Eff..TSS.Conc. + Secondary.Effluent.Flow + TSS..mg.L. + CODds..mg.L. + NSEC.Effluent.NO5",0.131203986819558,0.810505147514824,"3,2"
"957","Pump.Flow.Based.PAA.Dose + N..Eff..TSS.Conc. + Secondary.Effluent.Flow + TSS..mg.L. + CODds..mg.L. + NSEC.Effluent.Flow",0.18904110599708,0.82417007929097,"3,2"
"958","Pump.Flow.Based.PAA.Dose + N..Eff..TSS.Conc. + Secondary.Effluent.Flow + TSS..mg.L. + SACto..1.m. + NSEC.Aerobic.SRT",0.105170424252137,0.836109750644277,"3,2"
"959","Pump.Flow.Based.PAA.Dose + N..Eff..TSS.Conc. + Secondary.Effluent.Flow + TSS..mg.L. + SACto..1.m. + NSEC.Effluent.NH3",0.13608246150803,0.832182013131825,"3,2"
"960","Pump.Flow.Based.PAA.Dose + N..Eff..TSS.Conc. + Secondary.Effluent.Flow + TSS..mg.L. + SACto..1.m. + NSEC.Effluent.NO3",0.148090325220684,0.82491177818859,"3,2"
"961","Pump.Flow.Based.PAA.Dose + N..Eff..TSS.Conc. + Secondary.Effluent.Flow + TSS..mg.L. + SACto..1.m. + NSEC.Effluent.OP",0.1594117289982,0.82463651123361,"3,2"
"962","Pump.Flow.Based.PAA.Dose + N..Eff..TSS.Conc. + Secondary.Effluent.Flow + TSS..mg.L. + SACto..1.m. + NSEC.Effluent.TSS",0.184175279991265,0.839970542583939,"3,2"
"963","Pump.Flow.Based.PAA.Dose + N..Eff..TSS.Conc. + Secondary.Effluent.Flow + TSS..mg.L. + SACto..1.m. + NSEC.Effluent.NO5",0.233535802922442,0.836550184620621,"3,2"
"964","Pump.Flow.Based.PAA.Dose + N..Eff..TSS.Conc. + Secondary.Effluent.Flow + TSS..mg.L. + SACto..1.m. + NSEC.Effluent.Flow",0.151522085049805,0.816639610388225,"3,2"
"965","Pump.Flow.Based.PAA.Dose + N..Eff..TSS.Conc. + Secondary.Effluent.Flow + TSS..mg.L. + NSEC.Aerobic.SRT + NSEC.Effluent.NH3",0.280070950948055,0.820820419146,"3,2"
"966","Pump.Flow.Based.PAA.Dose + N..Eff..TSS.Conc. + Secondary.Effluent.Flow + TSS..mg.L. + NSEC.Aerobic.SRT + NSEC.Effluent.NO3",0.258353048723818,0.821194909408273,"3,2"
"967","Pump.Flow.Based.PAA.Dose + N..Eff..TSS.Conc. + Secondary.Effluent.Flow + TSS..mg.L. + NSEC.Aerobic.SRT + NSEC.Effluent.OP",0.259023973743536,0.815419835623955,"3,2"
"968","Pump.Flow.Based.PAA.Dose + N..Eff..TSS.Conc. + Secondary.Effluent.Flow + TSS..mg.L. + NSEC.Aerobic.SRT + NSEC.Effluent.TSS",0.207257120815451,0.835941344364253,"3,2"
"969","Pump.Flow.Based.PAA.Dose + N..Eff..TSS.Conc. + Secondary.Effluent.Flow + TSS..mg.L. + NSEC.Aerobic.SRT + NSEC.Effluent.NO5",0.305380534804188,0.857002307440213,"3,2"
"970","Pump.Flow.Based.PAA.Dose + N..Eff..TSS.Conc. + Secondary.Effluent.Flow + TSS..mg.L. + NSEC.Aerobic.SRT + NSEC.Effluent.Flow",0.242950432313122,0.82261126573179,"3,2"
"971","Pump.Flow.Based.PAA.Dose + N..Eff..TSS.Conc. + Secondary.Effluent.Flow + TSS..mg.L. + NSEC.Effluent.NH3 + NSEC.Effluent.NO3",0.268366931902645,0.826404803920072,"3,2"
"972","Pump.Flow.Based.PAA.Dose + N..Eff..TSS.Conc. + Secondary.Effluent.Flow + TSS..mg.L. + NSEC.Effluent.NH3 + NSEC.Effluent.OP",0.221384956281468,0.807308527578046,"3,2"
"973","Pump.Flow.Based.PAA.Dose + N..Eff..TSS.Conc. + Secondary.Effluent.Flow + TSS..mg.L. + NSEC.Effluent.NH3 + NSEC.Effluent.TSS",0.265003057207704,0.81663228960801,"3,2"
"974","Pump.Flow.Based.PAA.Dose + N..Eff..TSS.Conc. + Secondary.Effluent.Flow + TSS..mg.L. + NSEC.Effluent.NH3 + NSEC.Effluent.NO5",0.258240637318722,0.82525548774175,"3,2"
"975","Pump.Flow.Based.PAA.Dose + N..Eff..TSS.Conc. + Secondary.Effluent.Flow + TSS..mg.L. + NSEC.Effluent.NH3 + NSEC.Effluent.Flow",0.257636274254771,0.813944100466683,"3,2"
"976","Pump.Flow.Based.PAA.Dose + N..Eff..TSS.Conc. + Secondary.Effluent.Flow + TSS..mg.L. + NSEC.Effluent.NO3 + NSEC.Effluent.OP",0.270206353252608,0.832859106427635,"3,2"
"977","Pump.Flow.Based.PAA.Dose + N..Eff..TSS.Conc. + Secondary.Effluent.Flow + TSS..mg.L. + NSEC.Effluent.NO3 + NSEC.Effluent.TSS",0.230799908444722,0.811252076326421,"3,2"
"978","Pump.Flow.Based.PAA.Dose + N..Eff..TSS.Conc. + Secondary.Effluent.Flow + TSS..mg.L. + NSEC.Effluent.NO3 + NSEC.Effluent.NO5",0.213392774688124,0.829539781785699,"3,2"
"979","Pump.Flow.Based.PAA.Dose + N..Eff..TSS.Conc. + Secondary.Effluent.Flow + TSS..mg.L. + NSEC.Effluent.NO3 + NSEC.Effluent.Flow",0.276362192161833,0.83779130710094,"3,2"
"980","Pump.Flow.Based.PAA.Dose + N..Eff..TSS.Conc. + Secondary.Effluent.Flow + TSS..mg.L. + NSEC.Effluent.OP + NSEC.Effluent.TSS",0.295663069705187,0.821417793927999,"3,2"
"981","Pump.Flow.Based.PAA.Dose + N..Eff..TSS.Conc. + Secondary.Effluent.Flow + TSS..mg.L. + NSEC.Effluent.OP + NSEC.Effluent.NO5",0.262857461558692,0.812724305488121,"3,2"
"982","Pump.Flow.Based.PAA.Dose + N..Eff..TSS.Conc. + Secondary.Effluent.Flow + TSS..mg.L. + NSEC.Effluent.OP + NSEC.Effluent.Flow",0.269335609573318,0.822563052329314,"3,2"
"983","Pump.Flow.Based.PAA.Dose + N..Eff..TSS.Conc. + Secondary.Effluent.Flow + TSS..mg.L. + NSEC.Effluent.TSS + NSEC.Effluent.NO5",0.274974045423299,0.811185696206842,"3,2"
"984","Pump.Flow.Based.PAA.Dose + N..Eff..TSS.Conc. + Secondary.Effluent.Flow + TSS..mg.L. + NSEC.Effluent.TSS + NSEC.Effluent.Flow",0.23884085372023,0.804723036994976,"3,2"
"985","Pump.Flow.Based.PAA.Dose + N..Eff..TSS.Conc. + Secondary.Effluent.Flow + TSS..mg.L. + NSEC.Effluent.NO5 + NSEC.Effluent.Flow",0.295897098344334,0.823620927626031,"3,2"
"986","Pump.Flow.Based.PAA.Dose + N..Eff..TSS.Conc. + Secondary.Effluent.Flow + UVT.... + CODds..mg.L. + SACto..1.m.",0.348993506193342,0.841553489922909,"3,2"
"987","Pump.Flow.Based.PAA.Dose + N..Eff..TSS.Conc. + Secondary.Effluent.Flow + UVT.... + CODds..mg.L. + NSEC.Aerobic.SRT",0.054478894428688,0.853898705426282,"3,2"
"988","Pump.Flow.Based.PAA.Dose + N..Eff..TSS.Conc. + Secondary.Effluent.Flow + UVT.... + CODds..mg.L. + NSEC.Effluent.NH3",0.187357251072451,0.83748621176276,"3,2"
"989","Pump.Flow.Based.PAA.Dose + N..Eff..TSS.Conc. + Secondary.Effluent.Flow + UVT.... + CODds..mg.L. + NSEC.Effluent.NO3",0.131856509627877,0.852199830738727,"3,2"
"990","Pump.Flow.Based.PAA.Dose + N..Eff..TSS.Conc. + Secondary.Effluent.Flow + UVT.... + CODds..mg.L. + NSEC.Effluent.OP",0.190479389062967,0.826879356384117,"3,2"
"991","Pump.Flow.Based.PAA.Dose + N..Eff..TSS.Conc. + Secondary.Effluent.Flow + UVT.... + CODds..mg.L. + NSEC.Effluent.TSS",0.18778659587896,0.830096806678524,"3,2"
"992","Pump.Flow.Based.PAA.Dose + N..Eff..TSS.Conc. + Secondary.Effluent.Flow + UVT.... + CODds..mg.L. + NSEC.Effluent.NO5",0.174276824529789,0.831491442162654,"3,2"
"993","Pump.Flow.Based.PAA.Dose + N..Eff..TSS.Conc. + Secondary.Effluent.Flow + UVT.... + CODds..mg.L. + NSEC.Effluent.Flow",0.176493170059372,0.827756155596896,"3,2"
"994","Pump.Flow.Based.PAA.Dose + N..Eff..TSS.Conc. + Secondary.Effluent.Flow + UVT.... + SACto..1.m. + NSEC.Aerobic.SRT",0.193069250955505,0.804045120016843,"3,2"
"995","Pump.Flow.Based.PAA.Dose + N..Eff..TSS.Conc. + Secondary.Effluent.Flow + UVT.... + SACto..1.m. + NSEC.Effluent.NH3",0.200657920248534,0.856829662000514,"3,2"
"996","Pump.Flow.Based.PAA.Dose + N..Eff..TSS.Conc. + Secondary.Effluent.Flow + UVT.... + SACto..1.m. + NSEC.Effluent.NO3",0.24916080908919,0.814463640503138,"3,2"
"997","Pump.Flow.Based.PAA.Dose + N..Eff..TSS.Conc. + Secondary.Effluent.Flow + UVT.... + SACto..1.m. + NSEC.Effluent.OP",0.230346600090729,0.804592168512706,"3,2"
"998","Pump.Flow.Based.PAA.Dose + N..Eff..TSS.Conc. + Secondary.Effluent.Flow + UVT.... + SACto..1.m. + NSEC.Effluent.TSS",0.24689143504589,0.814162966796375,"3,2"
"999","Pump.Flow.Based.PAA.Dose + N..Eff..TSS.Conc. + Secondary.Effluent.Flow + UVT.... + SACto..1.m. + NSEC.Effluent.NO5",0.239439606555665,0.848213422105339,"3,2"
"1000","Pump.Flow.Based.PAA.Dose + N..Eff..TSS.Conc. + Secondary.Effluent.Flow + UVT.... + SACto..1.m. + NSEC.Effluent.Flow",0.264909946153336,0.820604832617265,"3,2"
"1001","Pump.Flow.Based.PAA.Dose + N..Eff..TSS.Conc. + Secondary.Effluent.Flow + UVT.... + NSEC.Aerobic.SRT + NSEC.Effluent.NH3",0.161790902340379,0.801280703915066,"3,2"
"1002","Pump.Flow.Based.PAA.Dose + N..Eff..TSS.Conc. + Secondary.Effluent.Flow + UVT.... + NSEC.Aerobic.SRT + NSEC.Effluent.NO3",0.168311504534401,0.844459064830446,"3,2"
"1003","Pump.Flow.Based.PAA.Dose + N..Eff..TSS.Conc. + Secondary.Effluent.Flow + UVT.... + NSEC.Aerobic.SRT + NSEC.Effluent.OP",0.199789809682323,0.833712350109695,"3,2"
"1004","Pump.Flow.Based.PAA.Dose + N..Eff..TSS.Conc. + Secondary.Effluent.Flow + UVT.... + NSEC.Aerobic.SRT + NSEC.Effluent.TSS",0.221433050578243,0.822434545061718,"3,2"
"1005","Pump.Flow.Based.PAA.Dose + N..Eff..TSS.Conc. + Secondary.Effluent.Flow + UVT.... + NSEC.Aerobic.SRT + NSEC.Effluent.NO5",0.256078605505441,0.826887912953967,"3,2"
"1006","Pump.Flow.Based.PAA.Dose + N..Eff..TSS.Conc. + Secondary.Effluent.Flow + UVT.... + NSEC.Aerobic.SRT + NSEC.Effluent.Flow",0.248655527557207,0.814593746360341,"3,2"
"1007","Pump.Flow.Based.PAA.Dose + N..Eff..TSS.Conc. + Secondary.Effluent.Flow + UVT.... + NSEC.Effluent.NH3 + NSEC.Effluent.NO3",0.195985658806534,0.83359162837081,"3,2"
"1008","Pump.Flow.Based.PAA.Dose + N..Eff..TSS.Conc. + Secondary.Effluent.Flow + UVT.... + NSEC.Effluent.NH3 + NSEC.Effluent.OP",0.177932770902443,0.809261064207736,"3,2"
"1009","Pump.Flow.Based.PAA.Dose + N..Eff..TSS.Conc. + Secondary.Effluent.Flow + UVT.... + NSEC.Effluent.NH3 + NSEC.Effluent.TSS",0.215284727406031,0.806322742836059,"3,2"
"1010","Pump.Flow.Based.PAA.Dose + N..Eff..TSS.Conc. + Secondary.Effluent.Flow + UVT.... + NSEC.Effluent.NH3 + NSEC.Effluent.NO5",0.176316190270757,0.817833506168941,"3,2"
"1011","Pump.Flow.Based.PAA.Dose + N..Eff..TSS.Conc. + Secondary.Effluent.Flow + UVT.... + NSEC.Effluent.NH3 + NSEC.Effluent.Flow",0.243189277648399,0.82122464118601,"3,2"
"1012","Pump.Flow.Based.PAA.Dose + N..Eff..TSS.Conc. + Secondary.Effluent.Flow + UVT.... + NSEC.Effluent.NO3 + NSEC.Effluent.OP",0.279347637227321,0.845785207608913,"3,2"
"1013","Pump.Flow.Based.PAA.Dose + N..Eff..TSS.Conc. + Secondary.Effluent.Flow + UVT.... + NSEC.Effluent.NO3 + NSEC.Effluent.TSS",0.224101350921011,0.821130055036444,"3,2"
"1014","Pump.Flow.Based.PAA.Dose + N..Eff..TSS.Conc. + Secondary.Effluent.Flow + UVT.... + NSEC.Effluent.NO3 + NSEC.Effluent.NO5",0.135087564546786,0.819655574586951,"3,2"
"1015","Pump.Flow.Based.PAA.Dose + N..Eff..TSS.Conc. + Secondary.Effluent.Flow + UVT.... + NSEC.Effluent.NO3 + NSEC.Effluent.Flow",0.222844325888609,0.820803489415415,"3,2"
"1016","Pump.Flow.Based.PAA.Dose + N..Eff..TSS.Conc. + Secondary.Effluent.Flow + UVT.... + NSEC.Effluent.OP + NSEC.Effluent.TSS",0.193279441492775,0.488440333985832,"3,2"
"1017","Pump.Flow.Based.PAA.Dose + N..Eff..TSS.Conc. + Secondary.Effluent.Flow + UVT.... + NSEC.Effluent.OP + NSEC.Effluent.NO5",0.247897421253427,0.819488249551317,"3,2"
"1018","Pump.Flow.Based.PAA.Dose + N..Eff..TSS.Conc. + Secondary.Effluent.Flow + UVT.... + NSEC.Effluent.OP + NSEC.Effluent.Flow",0.135962030157152,0.811004995577317,"3,2"
"1019","Pump.Flow.Based.PAA.Dose + N..Eff..TSS.Conc. + Secondary.Effluent.Flow + UVT.... + NSEC.Effluent.TSS + NSEC.Effluent.NO5",0.189753083839866,0.816437792323589,"3,2"
"1020","Pump.Flow.Based.PAA.Dose + N..Eff..TSS.Conc. + Secondary.Effluent.Flow + UVT.... + NSEC.Effluent.TSS + NSEC.Effluent.Flow",0.159025905286321,0.801065578286693,"3,2"
"1021","Pump.Flow.Based.PAA.Dose + N..Eff..TSS.Conc. + Secondary.Effluent.Flow + UVT.... + NSEC.Effluent.NO5 + NSEC.Effluent.Flow",0.203877410560616,0.818157781575944,"3,2"
"1022","Pump.Flow.Based.PAA.Dose + N..Eff..TSS.Conc. + Secondary.Effluent.Flow + CODds..mg.L. + SACto..1.m. + NSEC.Aerobic.SRT",0.212760477720568,0.845949796653737,"3,2"
"1023","Pump.Flow.Based.PAA.Dose + N..Eff..TSS.Conc. + Secondary.Effluent.Flow + CODds..mg.L. + SACto..1.m. + NSEC.Effluent.NH3",0.209213246096466,0.833953470971273,"3,2"
"1024","Pump.Flow.Based.PAA.Dose + N..Eff..TSS.Conc. + Secondary.Effluent.Flow + CODds..mg.L. + SACto..1.m. + NSEC.Effluent.NO3",0.202948622010299,0.857794586890433,"3,2"
"1025","Pump.Flow.Based.PAA.Dose + N..Eff..TSS.Conc. + Secondary.Effluent.Flow + CODds..mg.L. + SACto..1.m. + NSEC.Effluent.OP",0.11381667726229,0.814139618228714,"3,2"
"1026","Pump.Flow.Based.PAA.Dose + N..Eff..TSS.Conc. + Secondary.Effluent.Flow + CODds..mg.L. + SACto..1.m. + NSEC.Effluent.TSS",0.254877289346179,0.841872803622923,"3,2"
"1027","Pump.Flow.Based.PAA.Dose + N..Eff..TSS.Conc. + Secondary.Effluent.Flow + CODds..mg.L. + SACto..1.m. + NSEC.Effluent.NO5",0.185900962208879,0.837217035025593,"3,2"
"1028","Pump.Flow.Based.PAA.Dose + N..Eff..TSS.Conc. + Secondary.Effluent.Flow + CODds..mg.L. + SACto..1.m. + NSEC.Effluent.Flow",0.262052984848672,0.826338094929041,"3,2"
"1029","Pump.Flow.Based.PAA.Dose + N..Eff..TSS.Conc. + Secondary.Effluent.Flow + CODds..mg.L. + NSEC.Aerobic.SRT + NSEC.Effluent.NH3",0.252925684233836,0.829976230545003,"3,2"
"1030","Pump.Flow.Based.PAA.Dose + N..Eff..TSS.Conc. + Secondary.Effluent.Flow + CODds..mg.L. + NSEC.Aerobic.SRT + NSEC.Effluent.NO3",0.273991454231962,0.839183060843521,"3,2"
"1031","Pump.Flow.Based.PAA.Dose + N..Eff..TSS.Conc. + Secondary.Effluent.Flow + CODds..mg.L. + NSEC.Aerobic.SRT + NSEC.Effluent.OP",0.22479025568242,0.816426005709443,"3,2"
"1032","Pump.Flow.Based.PAA.Dose + N..Eff..TSS.Conc. + Secondary.Effluent.Flow + CODds..mg.L. + NSEC.Aerobic.SRT + NSEC.Effluent.TSS",0.237208514943785,0.818246013166242,"3,2"
"1033","Pump.Flow.Based.PAA.Dose + N..Eff..TSS.Conc. + Secondary.Effluent.Flow + CODds..mg.L. + NSEC.Aerobic.SRT + NSEC.Effluent.NO5",0.111834431606906,0.840427811545226,"3,2"
"1034","Pump.Flow.Based.PAA.Dose + N..Eff..TSS.Conc. + Secondary.Effluent.Flow + CODds..mg.L. + NSEC.Aerobic.SRT + NSEC.Effluent.Flow",0.2427398253828,0.814518744701616,"3,2"
"1035","Pump.Flow.Based.PAA.Dose + N..Eff..TSS.Conc. + Secondary.Effluent.Flow + CODds..mg.L. + NSEC.Effluent.NH3 + NSEC.Effluent.NO3",0.195162264662773,0.842401959500416,"3,2"
"1036","Pump.Flow.Based.PAA.Dose + N..Eff..TSS.Conc. + Secondary.Effluent.Flow + CODds..mg.L. + NSEC.Effluent.NH3 + NSEC.Effluent.OP",0.215054119565664,0.823439549229925,"3,2"
"1037","Pump.Flow.Based.PAA.Dose + N..Eff..TSS.Conc. + Secondary.Effluent.Flow + CODds..mg.L. + NSEC.Effluent.NH3 + NSEC.Effluent.TSS",0.203914269494184,0.826245937496495,"3,2"
"1038","Pump.Flow.Based.PAA.Dose + N..Eff..TSS.Conc. + Secondary.Effluent.Flow + CODds..mg.L. + NSEC.Effluent.NH3 + NSEC.Effluent.NO5",0.18876285684465,0.830386016557293,"3,2"
"1039","Pump.Flow.Based.PAA.Dose + N..Eff..TSS.Conc. + Secondary.Effluent.Flow + CODds..mg.L. + NSEC.Effluent.NH3 + NSEC.Effluent.Flow",0.15897899408252,0.810444079148223,"3,2"
"1040","Pump.Flow.Based.PAA.Dose + N..Eff..TSS.Conc. + Secondary.Effluent.Flow + CODds..mg.L. + NSEC.Effluent.NO3 + NSEC.Effluent.OP",0.211655378650961,0.82192280731613,"3,2"
"1041","Pump.Flow.Based.PAA.Dose + N..Eff..TSS.Conc. + Secondary.Effluent.Flow + CODds..mg.L. + NSEC.Effluent.NO3 + NSEC.Effluent.TSS",0.159258157226266,0.824564385313493,"3,2"
"1042","Pump.Flow.Based.PAA.Dose + N..Eff..TSS.Conc. + Secondary.Effluent.Flow + CODds..mg.L. + NSEC.Effluent.NO3 + NSEC.Effluent.NO5",0.247857948654708,0.85086381645672,"3,2"
"1043","Pump.Flow.Based.PAA.Dose + N..Eff..TSS.Conc. + Secondary.Effluent.Flow + CODds..mg.L. + NSEC.Effluent.NO3 + NSEC.Effluent.Flow",0.209059636702296,0.830360432600541,"3,2"
"1044","Pump.Flow.Based.PAA.Dose + N..Eff..TSS.Conc. + Secondary.Effluent.Flow + CODds..mg.L. + NSEC.Effluent.OP + NSEC.Effluent.TSS",0.241961345198016,0.818838488222084,"3,2"
"1045","Pump.Flow.Based.PAA.Dose + N..Eff..TSS.Conc. + Secondary.Effluent.Flow + CODds..mg.L. + NSEC.Effluent.OP + NSEC.Effluent.NO5",0.266656751543056,0.835453654149714,"3,2"
"1046","Pump.Flow.Based.PAA.Dose + N..Eff..TSS.Conc. + Secondary.Effluent.Flow + CODds..mg.L. + NSEC.Effluent.OP + NSEC.Effluent.Flow",0.209532659595264,0.823108985279789,"3,2"
"1047","Pump.Flow.Based.PAA.Dose + N..Eff..TSS.Conc. + Secondary.Effluent.Flow + CODds..mg.L. + NSEC.Effluent.TSS + NSEC.Effluent.NO5",0.265869100645353,0.837245168425318,"3,2"
"1048","Pump.Flow.Based.PAA.Dose + N..Eff..TSS.Conc. + Secondary.Effluent.Flow + CODds..mg.L. + NSEC.Effluent.TSS + NSEC.Effluent.Flow",0.250671552572786,0.825172647982577,"3,2"
"1049","Pump.Flow.Based.PAA.Dose + N..Eff..TSS.Conc. + Secondary.Effluent.Flow + CODds..mg.L. + NSEC.Effluent.NO5 + NSEC.Effluent.Flow",0.246062077240235,0.824287509411191,"3,2"
"1050","Pump.Flow.Based.PAA.Dose + N..Eff..TSS.Conc. + Secondary.Effluent.Flow + SACto..1.m. + NSEC.Aerobic.SRT + NSEC.Effluent.NH3",0.225178151660774,0.835354224394834,"3,2"
"1051","Pump.Flow.Based.PAA.Dose + N..Eff..TSS.Conc. + Secondary.Effluent.Flow + SACto..1.m. + NSEC.Aerobic.SRT + NSEC.Effluent.NO3",0.185909910518649,0.815610817480165,"3,2"
"1052","Pump.Flow.Based.PAA.Dose + N..Eff..TSS.Conc. + Secondary.Effluent.Flow + SACto..1.m. + NSEC.Aerobic.SRT + NSEC.Effluent.OP",0.165296888085337,0.832424666764837,"3,2"
"1053","Pump.Flow.Based.PAA.Dose + N..Eff..TSS.Conc. + Secondary.Effluent.Flow + SACto..1.m. + NSEC.Aerobic.SRT + NSEC.Effluent.TSS",0.218725706614292,0.813117555620206,"3,2"
"1054","Pump.Flow.Based.PAA.Dose + N..Eff..TSS.Conc. + Secondary.Effluent.Flow + SACto..1.m. + NSEC.Aerobic.SRT + NSEC.Effluent.NO5",0.288891188014802,0.822053499335913,"3,2"
"1055","Pump.Flow.Based.PAA.Dose + N..Eff..TSS.Conc. + Secondary.Effluent.Flow + SACto..1.m. + NSEC.Aerobic.SRT + NSEC.Effluent.Flow",0.191699385628531,0.857662634164608,"3,2"
"1056","Pump.Flow.Based.PAA.Dose + N..Eff..TSS.Conc. + Secondary.Effluent.Flow + SACto..1.m. + NSEC.Effluent.NH3 + NSEC.Effluent.NO3",0.213048103275011,0.823387840646087,"3,2"
"1057","Pump.Flow.Based.PAA.Dose + N..Eff..TSS.Conc. + Secondary.Effluent.Flow + SACto..1.m. + NSEC.Effluent.NH3 + NSEC.Effluent.OP",0.186367490935391,0.813870076035649,"3,2"
"1058","Pump.Flow.Based.PAA.Dose + N..Eff..TSS.Conc. + Secondary.Effluent.Flow + SACto..1.m. + NSEC.Effluent.NH3 + NSEC.Effluent.TSS",0.163233533891039,0.799867060687863,"3,2"
"1059","Pump.Flow.Based.PAA.Dose + N..Eff..TSS.Conc. + Secondary.Effluent.Flow + SACto..1.m. + NSEC.Effluent.NH3 + NSEC.Effluent.NO5",0.23404365804398,0.843166572829202,"3,2"
"1060","Pump.Flow.Based.PAA.Dose + N..Eff..TSS.Conc. + Secondary.Effluent.Flow + SACto..1.m. + NSEC.Effluent.NH3 + NSEC.Effluent.Flow",0.203234200588835,0.822753300266246,"3,2"
"1061","Pump.Flow.Based.PAA.Dose + N..Eff..TSS.Conc. + Secondary.Effluent.Flow + SACto..1.m. + NSEC.Effluent.NO3 + NSEC.Effluent.OP",0.19353630695824,0.827392078817913,"3,2"
"1062","Pump.Flow.Based.PAA.Dose + N..Eff..TSS.Conc. + Secondary.Effluent.Flow + SACto..1.m. + NSEC.Effluent.NO3 + NSEC.Effluent.TSS",0.2519762639401,0.845065569966928,"3,2"
"1063","Pump.Flow.Based.PAA.Dose + N..Eff..TSS.Conc. + Secondary.Effluent.Flow + SACto..1.m. + NSEC.Effluent.NO3 + NSEC.Effluent.NO5",0.199128325468067,0.833646809617849,"3,2"
"1064","Pump.Flow.Based.PAA.Dose + N..Eff..TSS.Conc. + Secondary.Effluent.Flow + SACto..1.m. + NSEC.Effluent.NO3 + NSEC.Effluent.Flow",0.34627073756582,0.846011777388972,"3,2"
"1065","Pump.Flow.Based.PAA.Dose + N..Eff..TSS.Conc. + Secondary.Effluent.Flow + SACto..1.m. + NSEC.Effluent.OP + NSEC.Effluent.TSS",0.212087170271477,0.816960150989391,"3,2"
"1066","Pump.Flow.Based.PAA.Dose + N..Eff..TSS.Conc. + Secondary.Effluent.Flow + SACto..1.m. + NSEC.Effluent.OP + NSEC.Effluent.NO5",0.206568800931398,0.810313116045589,"3,2"
"1067","Pump.Flow.Based.PAA.Dose + N..Eff..TSS.Conc. + Secondary.Effluent.Flow + SACto..1.m. + NSEC.Effluent.OP + NSEC.Effluent.Flow",0.276974051960652,0.833717283630347,"3,2"
"1068","Pump.Flow.Based.PAA.Dose + N..Eff..TSS.Conc. + Secondary.Effluent.Flow + SACto..1.m. + NSEC.Effluent.TSS + NSEC.Effluent.NO5",0.159591480007859,0.81438576729385,"3,2"
"1069","Pump.Flow.Based.PAA.Dose + N..Eff..TSS.Conc. + Secondary.Effluent.Flow + SACto..1.m. + NSEC.Effluent.TSS + NSEC.Effluent.Flow",0.252990415393493,0.817313548345256,"3,2"
"1070","Pump.Flow.Based.PAA.Dose + N..Eff..TSS.Conc. + Secondary.Effluent.Flow + SACto..1.m. + NSEC.Effluent.NO5 + NSEC.Effluent.Flow",0.259243441417346,0.813811631948229,"3,2"
"1071","Pump.Flow.Based.PAA.Dose + N..Eff..TSS.Conc. + Secondary.Effluent.Flow + NSEC.Aerobic.SRT + NSEC.Effluent.NH3 + NSEC.Effluent.NO3",0.197162139883803,0.84763443218909,"3,2"
"1072","Pump.Flow.Based.PAA.Dose + N..Eff..TSS.Conc. + Secondary.Effluent.Flow + NSEC.Aerobic.SRT + NSEC.Effluent.NH3 + NSEC.Effluent.OP",0.252130418731078,0.819675867321615,"3,2"
"1073","Pump.Flow.Based.PAA.Dose + N..Eff..TSS.Conc. + Secondary.Effluent.Flow + NSEC.Aerobic.SRT + NSEC.Effluent.NH3 + NSEC.Effluent.TSS",0.176220204950625,0.838414278678251,"3,2"
"1074","Pump.Flow.Based.PAA.Dose + N..Eff..TSS.Conc. + Secondary.Effluent.Flow + NSEC.Aerobic.SRT + NSEC.Effluent.NH3 + NSEC.Effluent.NO5",0.295600654605474,0.829744246375865,"3,2"
"1075","Pump.Flow.Based.PAA.Dose + N..Eff..TSS.Conc. + Secondary.Effluent.Flow + NSEC.Aerobic.SRT + NSEC.Effluent.NH3 + NSEC.Effluent.Flow",0.198251884752301,0.79243694488385,"3,2"
"1076","Pump.Flow.Based.PAA.Dose + N..Eff..TSS.Conc. + Secondary.Effluent.Flow + NSEC.Aerobic.SRT + NSEC.Effluent.NO3 + NSEC.Effluent.OP",0.293315583181306,0.828060929099345,"3,2"
"1077","Pump.Flow.Based.PAA.Dose + N..Eff..TSS.Conc. + Secondary.Effluent.Flow + NSEC.Aerobic.SRT + NSEC.Effluent.NO3 + NSEC.Effluent.TSS",0.235456136401153,0.81209012987767,"3,2"
"1078","Pump.Flow.Based.PAA.Dose + N..Eff..TSS.Conc. + Secondary.Effluent.Flow + NSEC.Aerobic.SRT + NSEC.Effluent.NO3 + NSEC.Effluent.NO5",0.238743494225784,0.825626427234974,"3,2"
"1079","Pump.Flow.Based.PAA.Dose + N..Eff..TSS.Conc. + Secondary.Effluent.Flow + NSEC.Aerobic.SRT + NSEC.Effluent.NO3 + NSEC.Effluent.Flow",0.27536307192937,0.840070103871441,"3,2"
"1080","Pump.Flow.Based.PAA.Dose + N..Eff..TSS.Conc. + Secondary.Effluent.Flow + NSEC.Aerobic.SRT + NSEC.Effluent.OP + NSEC.Effluent.TSS",0.26306026645017,0.823693223961803,"3,2"
"1081","Pump.Flow.Based.PAA.Dose + N..Eff..TSS.Conc. + Secondary.Effluent.Flow + NSEC.Aerobic.SRT + NSEC.Effluent.OP + NSEC.Effluent.NO5",0.164514161033086,0.83015220245404,"3,2"
"1082","Pump.Flow.Based.PAA.Dose + N..Eff..TSS.Conc. + Secondary.Effluent.Flow + NSEC.Aerobic.SRT + NSEC.Effluent.OP + NSEC.Effluent.Flow",0.232641334428342,0.817033506492884,"3,2"
"1083","Pump.Flow.Based.PAA.Dose + N..Eff..TSS.Conc. + Secondary.Effluent.Flow + NSEC.Aerobic.SRT + NSEC.Effluent.TSS + NSEC.Effluent.NO5",0.194165852247262,0.116629398594195,"3,2"
"1084","Pump.Flow.Based.PAA.Dose + N..Eff..TSS.Conc. + Secondary.Effluent.Flow + NSEC.Aerobic.SRT + NSEC.Effluent.TSS + NSEC.Effluent.Flow",0.193336987300754,0.819228714981749,"3,2"
"1085","Pump.Flow.Based.PAA.Dose + N..Eff..TSS.Conc. + Secondary.Effluent.Flow + NSEC.Aerobic.SRT + NSEC.Effluent.NO5 + NSEC.Effluent.Flow",0.303624159312439,0.819220252930347,"3,2"
"1086","Pump.Flow.Based.PAA.Dose + N..Eff..TSS.Conc. + Secondary.Effluent.Flow + NSEC.Effluent.NH3 + NSEC.Effluent.NO3 + NSEC.Effluent.OP",0.219038405000123,0.802248252184357,"3,2"
"1087","Pump.Flow.Based.PAA.Dose + N..Eff..TSS.Conc. + Secondary.Effluent.Flow + NSEC.Effluent.NH3 + NSEC.Effluent.NO3 + NSEC.Effluent.TSS",0.246593211766372,0.835910926281746,"3,2"
"1088","Pump.Flow.Based.PAA.Dose + N..Eff..TSS.Conc. + Secondary.Effluent.Flow + NSEC.Effluent.NH3 + NSEC.Effluent.NO3 + NSEC.Effluent.NO5",0.237020078590709,0.82955211508504,"3,2"
"1089","Pump.Flow.Based.PAA.Dose + N..Eff..TSS.Conc. + Secondary.Effluent.Flow + NSEC.Effluent.NH3 + NSEC.Effluent.NO3 + NSEC.Effluent.Flow",0.203826217428168,0.803488580961714,"3,2"
"1090","Pump.Flow.Based.PAA.Dose + N..Eff..TSS.Conc. + Secondary.Effluent.Flow + NSEC.Effluent.NH3 + NSEC.Effluent.OP + NSEC.Effluent.TSS",0.235835029282214,0.838528994978964,"3,2"
"1091","Pump.Flow.Based.PAA.Dose + N..Eff..TSS.Conc. + Secondary.Effluent.Flow + NSEC.Effluent.NH3 + NSEC.Effluent.OP + NSEC.Effluent.NO5",0.202996877779539,0.826199603744248,"3,2"
"1092","Pump.Flow.Based.PAA.Dose + N..Eff..TSS.Conc. + Secondary.Effluent.Flow + NSEC.Effluent.NH3 + NSEC.Effluent.OP + NSEC.Effluent.Flow",0.237673297295732,0.798687805047812,"3,2"
"1093","Pump.Flow.Based.PAA.Dose + N..Eff..TSS.Conc. + Secondary.Effluent.Flow + NSEC.Effluent.NH3 + NSEC.Effluent.TSS + NSEC.Effluent.NO5",0.274990297233441,0.834650267597771,"3,2"
"1094","Pump.Flow.Based.PAA.Dose + N..Eff..TSS.Conc. + Secondary.Effluent.Flow + NSEC.Effluent.NH3 + NSEC.Effluent.TSS + NSEC.Effluent.Flow",0.240456543914587,0.819079334555281,"3,2"
"1095","Pump.Flow.Based.PAA.Dose + N..Eff..TSS.Conc. + Secondary.Effluent.Flow + NSEC.Effluent.NH3 + NSEC.Effluent.NO5 + NSEC.Effluent.Flow",0.256081552040157,0.823080237817985,"3,2"
"1096","Pump.Flow.Based.PAA.Dose + N..Eff..TSS.Conc. + Secondary.Effluent.Flow + NSEC.Effluent.NO3 + NSEC.Effluent.OP + NSEC.Effluent.TSS",0.265486682312588,0.845331643788474,"3,2"
"1097","Pump.Flow.Based.PAA.Dose + N..Eff..TSS.Conc. + Secondary.Effluent.Flow + NSEC.Effluent.NO3 + NSEC.Effluent.OP + NSEC.Effluent.NO5",0.187327038011205,0.816151043081816,"3,2"
"1098","Pump.Flow.Based.PAA.Dose + N..Eff..TSS.Conc. + Secondary.Effluent.Flow + NSEC.Effluent.NO3 + NSEC.Effluent.OP + NSEC.Effluent.Flow",0.264374723575323,0.855212012963234,"3,2"
"1099","Pump.Flow.Based.PAA.Dose + N..Eff..TSS.Conc. + Secondary.Effluent.Flow + NSEC.Effluent.NO3 + NSEC.Effluent.TSS + NSEC.Effluent.NO5",0.248735387570605,0.82368409731139,"3,2"
"1100","Pump.Flow.Based.PAA.Dose + N..Eff..TSS.Conc. + Secondary.Effluent.Flow + NSEC.Effluent.NO3 + NSEC.Effluent.TSS + NSEC.Effluent.Flow",0.251865893716805,0.820427031753347,"3,2"
"1101","Pump.Flow.Based.PAA.Dose + N..Eff..TSS.Conc. + Secondary.Effluent.Flow + NSEC.Effluent.NO3 + NSEC.Effluent.NO5 + NSEC.Effluent.Flow",0.271272865187916,0.82222974774908,"3,2"
"1102","Pump.Flow.Based.PAA.Dose + N..Eff..TSS.Conc. + Secondary.Effluent.Flow + NSEC.Effluent.OP + NSEC.Effluent.TSS + NSEC.Effluent.NO5",0.283975096934993,0.817029027130057,"3,2"
"1103","Pump.Flow.Based.PAA.Dose + N..Eff..TSS.Conc. + Secondary.Effluent.Flow + NSEC.Effluent.OP + NSEC.Effluent.TSS + NSEC.Effluent.Flow",0.270365839331465,0.819136299496816,"3,2"
"1104","Pump.Flow.Based.PAA.Dose + N..Eff..TSS.Conc. + Secondary.Effluent.Flow + NSEC.Effluent.OP + NSEC.Effluent.NO5 + NSEC.Effluent.Flow",0.283513880502965,0.824384736057253,"3,2"
"1105","Pump.Flow.Based.PAA.Dose + N..Eff..TSS.Conc. + Secondary.Effluent.Flow + NSEC.Effluent.TSS + NSEC.Effluent.NO5 + NSEC.Effluent.Flow",0.242473904291134,0.811308845574323,"3,2"
"1106","Pump.Flow.Based.PAA.Dose + N..Eff..TSS.Conc. + N..Basin.Outfall + CODto..mg.L. + TSS..mg.L. + UVT....",0.225575922850398,0.823347530330827,"3,2"
"1107","Pump.Flow.Based.PAA.Dose + N..Eff..TSS.Conc. + N..Basin.Outfall + CODto..mg.L. + TSS..mg.L. + CODds..mg.L.",0.139653084224131,0.814568479514815,"3,2"
"1108","Pump.Flow.Based.PAA.Dose + N..Eff..TSS.Conc. + N..Basin.Outfall + CODto..mg.L. + TSS..mg.L. + SACto..1.m.",0.217158825687566,0.83858049728757,"3,2"
"1109","Pump.Flow.Based.PAA.Dose + N..Eff..TSS.Conc. + N..Basin.Outfall + CODto..mg.L. + TSS..mg.L. + NSEC.Aerobic.SRT",0.194389087901208,0.836675729285297,"3,2"
"1110","Pump.Flow.Based.PAA.Dose + N..Eff..TSS.Conc. + N..Basin.Outfall + CODto..mg.L. + TSS..mg.L. + NSEC.Effluent.NH3",0.185015844577151,0.836907961815017,"3,2"
"1111","Pump.Flow.Based.PAA.Dose + N..Eff..TSS.Conc. + N..Basin.Outfall + CODto..mg.L. + TSS..mg.L. + NSEC.Effluent.NO3",0.539891414089789,0.879668836012981,"3,2"
"1112","Pump.Flow.Based.PAA.Dose + N..Eff..TSS.Conc. + N..Basin.Outfall + CODto..mg.L. + TSS..mg.L. + NSEC.Effluent.OP",0.235547901020457,0.833657889634361,"3,2"
"1113","Pump.Flow.Based.PAA.Dose + N..Eff..TSS.Conc. + N..Basin.Outfall + CODto..mg.L. + TSS..mg.L. + NSEC.Effluent.TSS",0.271827487488911,0.811680001057039,"3,2"
"1114","Pump.Flow.Based.PAA.Dose + N..Eff..TSS.Conc. + N..Basin.Outfall + CODto..mg.L. + TSS..mg.L. + NSEC.Effluent.NO5",0.223736889357936,0.813994164790503,"3,2"
"1115","Pump.Flow.Based.PAA.Dose + N..Eff..TSS.Conc. + N..Basin.Outfall + CODto..mg.L. + TSS..mg.L. + NSEC.Effluent.Flow",0.213690226260707,0.827881945076506,"3,2"
"1116","Pump.Flow.Based.PAA.Dose + N..Eff..TSS.Conc. + N..Basin.Outfall + CODto..mg.L. + UVT.... + CODds..mg.L.",0.250924614608622,0.816611502746191,"3,2"
"1117","Pump.Flow.Based.PAA.Dose + N..Eff..TSS.Conc. + N..Basin.Outfall + CODto..mg.L. + UVT.... + SACto..1.m.",0.198614349272624,0.79245599545514,"3,2"
"1118","Pump.Flow.Based.PAA.Dose + N..Eff..TSS.Conc. + N..Basin.Outfall + CODto..mg.L. + UVT.... + NSEC.Aerobic.SRT",0.219459676476512,0.838954977869463,"3,2"
"1119","Pump.Flow.Based.PAA.Dose + N..Eff..TSS.Conc. + N..Basin.Outfall + CODto..mg.L. + UVT.... + NSEC.Effluent.NH3",0.220974586257157,0.824153803999558,"3,2"
"1120","Pump.Flow.Based.PAA.Dose + N..Eff..TSS.Conc. + N..Basin.Outfall + CODto..mg.L. + UVT.... + NSEC.Effluent.NO3",0.221921220967106,0.867113192173974,"3,2"
"1121","Pump.Flow.Based.PAA.Dose + N..Eff..TSS.Conc. + N..Basin.Outfall + CODto..mg.L. + UVT.... + NSEC.Effluent.OP",0.204624567842171,0.826648089590774,"3,2"
"1122","Pump.Flow.Based.PAA.Dose + N..Eff..TSS.Conc. + N..Basin.Outfall + CODto..mg.L. + UVT.... + NSEC.Effluent.TSS",0.193848127849759,0.798614553904194,"3,2"
"1123","Pump.Flow.Based.PAA.Dose + N..Eff..TSS.Conc. + N..Basin.Outfall + CODto..mg.L. + UVT.... + NSEC.Effluent.NO5",0.26129049034636,0.839084615073702,"3,2"
"1124","Pump.Flow.Based.PAA.Dose + N..Eff..TSS.Conc. + N..Basin.Outfall + CODto..mg.L. + UVT.... + NSEC.Effluent.Flow",0.269947590609217,0.826168389813683,"3,2"
"1125","Pump.Flow.Based.PAA.Dose + N..Eff..TSS.Conc. + N..Basin.Outfall + CODto..mg.L. + CODds..mg.L. + SACto..1.m.",0.131810088882977,0.815114119701411,"3,2"
"1126","Pump.Flow.Based.PAA.Dose + N..Eff..TSS.Conc. + N..Basin.Outfall + CODto..mg.L. + CODds..mg.L. + NSEC.Aerobic.SRT",0.138794737772602,0.836701533303942,"3,2"
"1127","Pump.Flow.Based.PAA.Dose + N..Eff..TSS.Conc. + N..Basin.Outfall + CODto..mg.L. + CODds..mg.L. + NSEC.Effluent.NH3",0.197554950107345,0.829107782555674,"3,2"
"1128","Pump.Flow.Based.PAA.Dose + N..Eff..TSS.Conc. + N..Basin.Outfall + CODto..mg.L. + CODds..mg.L. + NSEC.Effluent.NO3",0.179782657781657,0.834352854182783,"3,2"
"1129","Pump.Flow.Based.PAA.Dose + N..Eff..TSS.Conc. + N..Basin.Outfall + CODto..mg.L. + CODds..mg.L. + NSEC.Effluent.OP",0.178340609474114,0.837402582100626,"3,2"
"1130","Pump.Flow.Based.PAA.Dose + N..Eff..TSS.Conc. + N..Basin.Outfall + CODto..mg.L. + CODds..mg.L. + NSEC.Effluent.TSS",0.249934464928008,0.816402092029582,"3,2"
"1131","Pump.Flow.Based.PAA.Dose + N..Eff..TSS.Conc. + N..Basin.Outfall + CODto..mg.L. + CODds..mg.L. + NSEC.Effluent.NO5",0.198835429408686,0.834475535253333,"3,2"
"1132","Pump.Flow.Based.PAA.Dose + N..Eff..TSS.Conc. + N..Basin.Outfall + CODto..mg.L. + CODds..mg.L. + NSEC.Effluent.Flow",0.152689901859,0.819684465355222,"3,2"
"1133","Pump.Flow.Based.PAA.Dose + N..Eff..TSS.Conc. + N..Basin.Outfall + CODto..mg.L. + SACto..1.m. + NSEC.Aerobic.SRT",0.185753252613295,0.83806034468062,"3,2"
"1134","Pump.Flow.Based.PAA.Dose + N..Eff..TSS.Conc. + N..Basin.Outfall + CODto..mg.L. + SACto..1.m. + NSEC.Effluent.NH3",0.257215427274638,0.828005349372362,"3,2"
"1135","Pump.Flow.Based.PAA.Dose + N..Eff..TSS.Conc. + N..Basin.Outfall + CODto..mg.L. + SACto..1.m. + NSEC.Effluent.NO3",0.214386178753801,0.813198906740671,"3,2"
"1136","Pump.Flow.Based.PAA.Dose + N..Eff..TSS.Conc. + N..Basin.Outfall + CODto..mg.L. + SACto..1.m. + NSEC.Effluent.OP",0.132215429039128,0.828291010489754,"3,2"
"1137","Pump.Flow.Based.PAA.Dose + N..Eff..TSS.Conc. + N..Basin.Outfall + CODto..mg.L. + SACto..1.m. + NSEC.Effluent.TSS",0.202614395262084,0.812758054944702,"3,2"
"1138","Pump.Flow.Based.PAA.Dose + N..Eff..TSS.Conc. + N..Basin.Outfall + CODto..mg.L. + SACto..1.m. + NSEC.Effluent.NO5",0.209530066399415,0.837654293961134,"3,2"
"1139","Pump.Flow.Based.PAA.Dose + N..Eff..TSS.Conc. + N..Basin.Outfall + CODto..mg.L. + SACto..1.m. + NSEC.Effluent.Flow",0.165145457414065,0.806311904862152,"3,2"
"1140","Pump.Flow.Based.PAA.Dose + N..Eff..TSS.Conc. + N..Basin.Outfall + CODto..mg.L. + NSEC.Aerobic.SRT + NSEC.Effluent.NH3",0.256269864022542,0.832776405045686,"3,2"
"1141","Pump.Flow.Based.PAA.Dose + N..Eff..TSS.Conc. + N..Basin.Outfall + CODto..mg.L. + NSEC.Aerobic.SRT + NSEC.Effluent.NO3",0.272180217552663,0.817411514143633,"3,2"
"1142","Pump.Flow.Based.PAA.Dose + N..Eff..TSS.Conc. + N..Basin.Outfall + CODto..mg.L. + NSEC.Aerobic.SRT + NSEC.Effluent.OP",0.207578452138852,0.835496130126256,"3,2"
"1143","Pump.Flow.Based.PAA.Dose + N..Eff..TSS.Conc. + N..Basin.Outfall + CODto..mg.L. + NSEC.Aerobic.SRT + NSEC.Effluent.TSS",0.185452275551246,0.795248375002377,"3,2"
"1144","Pump.Flow.Based.PAA.Dose + N..Eff..TSS.Conc. + N..Basin.Outfall + CODto..mg.L. + NSEC.Aerobic.SRT + NSEC.Effluent.NO5",0.23028450847908,0.823468979092208,"3,2"
"1145","Pump.Flow.Based.PAA.Dose + N..Eff..TSS.Conc. + N..Basin.Outfall + CODto..mg.L. + NSEC.Aerobic.SRT + NSEC.Effluent.Flow",0.235076261504265,0.824555997741169,"3,2"
"1146","Pump.Flow.Based.PAA.Dose + N..Eff..TSS.Conc. + N..Basin.Outfall + CODto..mg.L. + NSEC.Effluent.NH3 + NSEC.Effluent.NO3",0.145295108473896,0.852713418756127,"3,2"
"1147","Pump.Flow.Based.PAA.Dose + N..Eff..TSS.Conc. + N..Basin.Outfall + CODto..mg.L. + NSEC.Effluent.NH3 + NSEC.Effluent.OP",0.24148428619943,0.836074118875372,"3,2"
"1148","Pump.Flow.Based.PAA.Dose + N..Eff..TSS.Conc. + N..Basin.Outfall + CODto..mg.L. + NSEC.Effluent.NH3 + NSEC.Effluent.TSS",0.244549834650928,0.817254794314476,"3,2"
"1149","Pump.Flow.Based.PAA.Dose + N..Eff..TSS.Conc. + N..Basin.Outfall + CODto..mg.L. + NSEC.Effluent.NH3 + NSEC.Effluent.NO5",0.172687014268348,0.829787541202704,"3,2"
"1150","Pump.Flow.Based.PAA.Dose + N..Eff..TSS.Conc. + N..Basin.Outfall + CODto..mg.L. + NSEC.Effluent.NH3 + NSEC.Effluent.Flow",0.239036026161519,0.811689142935463,"3,2"
"1151","Pump.Flow.Based.PAA.Dose + N..Eff..TSS.Conc. + N..Basin.Outfall + CODto..mg.L. + NSEC.Effluent.NO3 + NSEC.Effluent.OP",0.290925047800446,0.854822694282972,"3,2"
"1152","Pump.Flow.Based.PAA.Dose + N..Eff..TSS.Conc. + N..Basin.Outfall + CODto..mg.L. + NSEC.Effluent.NO3 + NSEC.Effluent.TSS",0.228328130453437,0.797629956422561,"3,2"
"1153","Pump.Flow.Based.PAA.Dose + N..Eff..TSS.Conc. + N..Basin.Outfall + CODto..mg.L. + NSEC.Effluent.NO3 + NSEC.Effluent.NO5",0.250579165686738,0.844828804899382,"3,2"
"1154","Pump.Flow.Based.PAA.Dose + N..Eff..TSS.Conc. + N..Basin.Outfall + CODto..mg.L. + NSEC.Effluent.NO3 + NSEC.Effluent.Flow",0.227315429599064,0.801043294515884,"3,2"
"1155","Pump.Flow.Based.PAA.Dose + N..Eff..TSS.Conc. + N..Basin.Outfall + CODto..mg.L. + NSEC.Effluent.OP + NSEC.Effluent.TSS",0.19096491948789,0.815876762660781,"3,2"
"1156","Pump.Flow.Based.PAA.Dose + N..Eff..TSS.Conc. + N..Basin.Outfall + CODto..mg.L. + NSEC.Effluent.OP + NSEC.Effluent.NO5",0.281199987840462,0.822507175622426,"3,2"
"1157","Pump.Flow.Based.PAA.Dose + N..Eff..TSS.Conc. + N..Basin.Outfall + CODto..mg.L. + NSEC.Effluent.OP + NSEC.Effluent.Flow",0.199761016324328,0.812077781156055,"3,2"
"1158","Pump.Flow.Based.PAA.Dose + N..Eff..TSS.Conc. + N..Basin.Outfall + CODto..mg.L. + NSEC.Effluent.TSS + NSEC.Effluent.NO5",0.268246661687202,0.831864880161006,"3,2"
"1159","Pump.Flow.Based.PAA.Dose + N..Eff..TSS.Conc. + N..Basin.Outfall + CODto..mg.L. + NSEC.Effluent.TSS + NSEC.Effluent.Flow",0.216374176517531,0.826204867252812,"3,2"
"1160","Pump.Flow.Based.PAA.Dose + N..Eff..TSS.Conc. + N..Basin.Outfall + CODto..mg.L. + NSEC.Effluent.NO5 + NSEC.Effluent.Flow",0.243919554700909,0.831258472370661,"3,2"
"1161","Pump.Flow.Based.PAA.Dose + N..Eff..TSS.Conc. + N..Basin.Outfall + TSS..mg.L. + UVT.... + CODds..mg.L.",0.194042727475162,0.296900377826533,"3,2"
"1162","Pump.Flow.Based.PAA.Dose + N..Eff..TSS.Conc. + N..Basin.Outfall + TSS..mg.L. + UVT.... + SACto..1.m.",0.255958453024927,0.826942066487662,"3,2"
"1163","Pump.Flow.Based.PAA.Dose + N..Eff..TSS.Conc. + N..Basin.Outfall + TSS..mg.L. + UVT.... + NSEC.Aerobic.SRT",0.204574002158729,0.816629272973611,"3,2"
"1164","Pump.Flow.Based.PAA.Dose + N..Eff..TSS.Conc. + N..Basin.Outfall + TSS..mg.L. + UVT.... + NSEC.Effluent.NH3",0.303925922109954,0.834321400028797,"3,2"
"1165","Pump.Flow.Based.PAA.Dose + N..Eff..TSS.Conc. + N..Basin.Outfall + TSS..mg.L. + UVT.... + NSEC.Effluent.NO3",0.284187246932594,0.82984510891591,"3,2"
"1166","Pump.Flow.Based.PAA.Dose + N..Eff..TSS.Conc. + N..Basin.Outfall + TSS..mg.L. + UVT.... + NSEC.Effluent.OP",0.19996001214568,0.83056796055997,"3,2"
"1167","Pump.Flow.Based.PAA.Dose + N..Eff..TSS.Conc. + N..Basin.Outfall + TSS..mg.L. + UVT.... + NSEC.Effluent.TSS",0.209876472989991,0.814695085565429,"3,2"
"1168","Pump.Flow.Based.PAA.Dose + N..Eff..TSS.Conc. + N..Basin.Outfall + TSS..mg.L. + UVT.... + NSEC.Effluent.NO5",0.133683154813659,0.815401695527316,"3,2"
"1169","Pump.Flow.Based.PAA.Dose + N..Eff..TSS.Conc. + N..Basin.Outfall + TSS..mg.L. + UVT.... + NSEC.Effluent.Flow",0.253653193473128,0.811354359287946,"3,2"
"1170","Pump.Flow.Based.PAA.Dose + N..Eff..TSS.Conc. + N..Basin.Outfall + TSS..mg.L. + CODds..mg.L. + SACto..1.m.",0.15014916323431,0.829656214601084,"3,2"
"1171","Pump.Flow.Based.PAA.Dose + N..Eff..TSS.Conc. + N..Basin.Outfall + TSS..mg.L. + CODds..mg.L. + NSEC.Aerobic.SRT",0.146897316575235,0.831162121943191,"3,2"
"1172","Pump.Flow.Based.PAA.Dose + N..Eff..TSS.Conc. + N..Basin.Outfall + TSS..mg.L. + CODds..mg.L. + NSEC.Effluent.NH3",0.0976657589297263,0.820001939892112,"3,2"
"1173","Pump.Flow.Based.PAA.Dose + N..Eff..TSS.Conc. + N..Basin.Outfall + TSS..mg.L. + CODds..mg.L. + NSEC.Effluent.NO3",0.255385746574126,0.833686341219033,"3,2"
"1174","Pump.Flow.Based.PAA.Dose + N..Eff..TSS.Conc. + N..Basin.Outfall + TSS..mg.L. + CODds..mg.L. + NSEC.Effluent.OP",0.257113100657732,0.841691711459185,"3,2"
"1175","Pump.Flow.Based.PAA.Dose + N..Eff..TSS.Conc. + N..Basin.Outfall + TSS..mg.L. + CODds..mg.L. + NSEC.Effluent.TSS",0.169557329370495,0.828871040052943,"3,2"
"1176","Pump.Flow.Based.PAA.Dose + N..Eff..TSS.Conc. + N..Basin.Outfall + TSS..mg.L. + CODds..mg.L. + NSEC.Effluent.NO5",0.243570824013339,0.847937184457288,"3,2"
"1177","Pump.Flow.Based.PAA.Dose + N..Eff..TSS.Conc. + N..Basin.Outfall + TSS..mg.L. + CODds..mg.L. + NSEC.Effluent.Flow",0.265424663697933,0.837602054523256,"3,2"
"1178","Pump.Flow.Based.PAA.Dose + N..Eff..TSS.Conc. + N..Basin.Outfall + TSS..mg.L. + SACto..1.m. + NSEC.Aerobic.SRT",0.220925736780971,0.8413132672646,"3,2"
"1179","Pump.Flow.Based.PAA.Dose + N..Eff..TSS.Conc. + N..Basin.Outfall + TSS..mg.L. + SACto..1.m. + NSEC.Effluent.NH3",0.152118612189947,0.81083692784752,"3,2"
"1180","Pump.Flow.Based.PAA.Dose + N..Eff..TSS.Conc. + N..Basin.Outfall + TSS..mg.L. + SACto..1.m. + NSEC.Effluent.NO3",0.226635532888794,0.838440209322044,"3,2"
"1181","Pump.Flow.Based.PAA.Dose + N..Eff..TSS.Conc. + N..Basin.Outfall + TSS..mg.L. + SACto..1.m. + NSEC.Effluent.OP",0.0622467147955998,0.822697013240243,"3,2"
"1182","Pump.Flow.Based.PAA.Dose + N..Eff..TSS.Conc. + N..Basin.Outfall + TSS..mg.L. + SACto..1.m. + NSEC.Effluent.TSS",0.124380672639518,0.813708789887991,"3,2"
"1183","Pump.Flow.Based.PAA.Dose + N..Eff..TSS.Conc. + N..Basin.Outfall + TSS..mg.L. + SACto..1.m. + NSEC.Effluent.NO5",0.193046653606975,0.82542619272936,"3,2"
"1184","Pump.Flow.Based.PAA.Dose + N..Eff..TSS.Conc. + N..Basin.Outfall + TSS..mg.L. + SACto..1.m. + NSEC.Effluent.Flow",0.245496207153349,0.841662559001044,"3,2"
"1185","Pump.Flow.Based.PAA.Dose + N..Eff..TSS.Conc. + N..Basin.Outfall + TSS..mg.L. + NSEC.Aerobic.SRT + NSEC.Effluent.NH3",0.296526783816364,0.83391895450772,"3,2"
"1186","Pump.Flow.Based.PAA.Dose + N..Eff..TSS.Conc. + N..Basin.Outfall + TSS..mg.L. + NSEC.Aerobic.SRT + NSEC.Effluent.NO3",0.266106570026949,0.819546394303144,"3,2"
"1187","Pump.Flow.Based.PAA.Dose + N..Eff..TSS.Conc. + N..Basin.Outfall + TSS..mg.L. + NSEC.Aerobic.SRT + NSEC.Effluent.OP",0.175119475907238,0.833582358149013,"3,2"
"1188","Pump.Flow.Based.PAA.Dose + N..Eff..TSS.Conc. + N..Basin.Outfall + TSS..mg.L. + NSEC.Aerobic.SRT + NSEC.Effluent.TSS",0.218772325959588,0.81803417071714,"3,2"
"1189","Pump.Flow.Based.PAA.Dose + N..Eff..TSS.Conc. + N..Basin.Outfall + TSS..mg.L. + NSEC.Aerobic.SRT + NSEC.Effluent.NO5",0.281005338515617,0.829116813353395,"3,2"
"1190","Pump.Flow.Based.PAA.Dose + N..Eff..TSS.Conc. + N..Basin.Outfall + TSS..mg.L. + NSEC.Aerobic.SRT + NSEC.Effluent.Flow",0.23637508898251,0.815237111798829,"3,2"
"1191","Pump.Flow.Based.PAA.Dose + N..Eff..TSS.Conc. + N..Basin.Outfall + TSS..mg.L. + NSEC.Effluent.NH3 + NSEC.Effluent.NO3",0.208510677308525,0.809689420320184,"3,2"
"1192","Pump.Flow.Based.PAA.Dose + N..Eff..TSS.Conc. + N..Basin.Outfall + TSS..mg.L. + NSEC.Effluent.NH3 + NSEC.Effluent.OP",0.290566948443908,0.820644048650047,"3,2"
"1193","Pump.Flow.Based.PAA.Dose + N..Eff..TSS.Conc. + N..Basin.Outfall + TSS..mg.L. + NSEC.Effluent.NH3 + NSEC.Effluent.TSS",0.283721645773228,0.817496549690649,"3,2"
"1194","Pump.Flow.Based.PAA.Dose + N..Eff..TSS.Conc. + N..Basin.Outfall + TSS..mg.L. + NSEC.Effluent.NH3 + NSEC.Effluent.NO5",0.227691429945508,0.819265003708138,"3,2"
"1195","Pump.Flow.Based.PAA.Dose + N..Eff..TSS.Conc. + N..Basin.Outfall + TSS..mg.L. + NSEC.Effluent.NH3 + NSEC.Effluent.Flow",0.240634124470397,0.80613955140979,"3,2"
"1196","Pump.Flow.Based.PAA.Dose + N..Eff..TSS.Conc. + N..Basin.Outfall + TSS..mg.L. + NSEC.Effluent.NO3 + NSEC.Effluent.OP",0.28471476277709,0.850551653000264,"3,2"
"1197","Pump.Flow.Based.PAA.Dose + N..Eff..TSS.Conc. + N..Basin.Outfall + TSS..mg.L. + NSEC.Effluent.NO3 + NSEC.Effluent.TSS",0.22557579530575,0.796714843551071,"3,2"
"1198","Pump.Flow.Based.PAA.Dose + N..Eff..TSS.Conc. + N..Basin.Outfall + TSS..mg.L. + NSEC.Effluent.NO3 + NSEC.Effluent.NO5",0.265024286132285,0.833251928266963,"3,2"
"1199","Pump.Flow.Based.PAA.Dose + N..Eff..TSS.Conc. + N..Basin.Outfall + TSS..mg.L. + NSEC.Effluent.NO3 + NSEC.Effluent.Flow",0.305279456983615,0.831038265838335,"3,2"
"1200","Pump.Flow.Based.PAA.Dose + N..Eff..TSS.Conc. + N..Basin.Outfall + TSS..mg.L. + NSEC.Effluent.OP + NSEC.Effluent.TSS",0.226167699166485,0.802925814001639,"3,2"
"1201","Pump.Flow.Based.PAA.Dose + N..Eff..TSS.Conc. + N..Basin.Outfall + TSS..mg.L. + NSEC.Effluent.OP + NSEC.Effluent.NO5",0.253707923193817,0.841169414708417,"3,2"
"1202","Pump.Flow.Based.PAA.Dose + N..Eff..TSS.Conc. + N..Basin.Outfall + TSS..mg.L. + NSEC.Effluent.OP + NSEC.Effluent.Flow",0.293396436967376,0.824768863328814,"3,2"
"1203","Pump.Flow.Based.PAA.Dose + N..Eff..TSS.Conc. + N..Basin.Outfall + TSS..mg.L. + NSEC.Effluent.TSS + NSEC.Effluent.NO5",0.24797536131227,0.801524787596025,"3,2"
"1204","Pump.Flow.Based.PAA.Dose + N..Eff..TSS.Conc. + N..Basin.Outfall + TSS..mg.L. + NSEC.Effluent.TSS + NSEC.Effluent.Flow",0.260943358931323,0.820449632028619,"3,2"
"1205","Pump.Flow.Based.PAA.Dose + N..Eff..TSS.Conc. + N..Basin.Outfall + TSS..mg.L. + NSEC.Effluent.NO5 + NSEC.Effluent.Flow",0.224684270967076,0.795180592533968,"3,2"
"1206","Pump.Flow.Based.PAA.Dose + N..Eff..TSS.Conc. + N..Basin.Outfall + UVT.... + CODds..mg.L. + SACto..1.m.",0.1724470570992,0.82771760181258,"3,2"
"1207","Pump.Flow.Based.PAA.Dose + N..Eff..TSS.Conc. + N..Basin.Outfall + UVT.... + CODds..mg.L. + NSEC.Aerobic.SRT",0.181130787995686,0.832068777559684,"3,2"
"1208","Pump.Flow.Based.PAA.Dose + N..Eff..TSS.Conc. + N..Basin.Outfall + UVT.... + CODds..mg.L. + NSEC.Effluent.NH3",0.0838473164902878,0.829664369358329,"3,2"
"1209","Pump.Flow.Based.PAA.Dose + N..Eff..TSS.Conc. + N..Basin.Outfall + UVT.... + CODds..mg.L. + NSEC.Effluent.NO3",0.196798003733642,0.837662046791937,"3,2"
"1210","Pump.Flow.Based.PAA.Dose + N..Eff..TSS.Conc. + N..Basin.Outfall + UVT.... + CODds..mg.L. + NSEC.Effluent.OP",0.148008182669696,0.834941394674274,"3,2"
"1211","Pump.Flow.Based.PAA.Dose + N..Eff..TSS.Conc. + N..Basin.Outfall + UVT.... + CODds..mg.L. + NSEC.Effluent.TSS",0.173607702075129,0.82507089997777,"3,2"
"1212","Pump.Flow.Based.PAA.Dose + N..Eff..TSS.Conc. + N..Basin.Outfall + UVT.... + CODds..mg.L. + NSEC.Effluent.NO5",0.166312098202348,0.835041612807812,"3,2"
"1213","Pump.Flow.Based.PAA.Dose + N..Eff..TSS.Conc. + N..Basin.Outfall + UVT.... + CODds..mg.L. + NSEC.Effluent.Flow",0.133213440463572,0.827755667468384,"3,2"
"1214","Pump.Flow.Based.PAA.Dose + N..Eff..TSS.Conc. + N..Basin.Outfall + UVT.... + SACto..1.m. + NSEC.Aerobic.SRT",0.264505006355264,0.828949568827208,"3,2"
"1215","Pump.Flow.Based.PAA.Dose + N..Eff..TSS.Conc. + N..Basin.Outfall + UVT.... + SACto..1.m. + NSEC.Effluent.NH3",0.208840041244741,0.799567608679754,"3,2"
"1216","Pump.Flow.Based.PAA.Dose + N..Eff..TSS.Conc. + N..Basin.Outfall + UVT.... + SACto..1.m. + NSEC.Effluent.NO3",0.4740011921853,0.855770394086474,"3,2"
"1217","Pump.Flow.Based.PAA.Dose + N..Eff..TSS.Conc. + N..Basin.Outfall + UVT.... + SACto..1.m. + NSEC.Effluent.OP",0.208867732588057,0.80171079170693,"3,2"
"1218","Pump.Flow.Based.PAA.Dose + N..Eff..TSS.Conc. + N..Basin.Outfall + UVT.... + SACto..1.m. + NSEC.Effluent.TSS",0.196130352459617,0.796349524023804,"3,2"
"1219","Pump.Flow.Based.PAA.Dose + N..Eff..TSS.Conc. + N..Basin.Outfall + UVT.... + SACto..1.m. + NSEC.Effluent.NO5",0.185333742981293,0.797459803343618,"3,2"
"1220","Pump.Flow.Based.PAA.Dose + N..Eff..TSS.Conc. + N..Basin.Outfall + UVT.... + SACto..1.m. + NSEC.Effluent.Flow",0.211527253165962,0.813033433453843,"3,2"
"1221","Pump.Flow.Based.PAA.Dose + N..Eff..TSS.Conc. + N..Basin.Outfall + UVT.... + NSEC.Aerobic.SRT + NSEC.Effluent.NH3",0.216449089871863,0.82774764609184,"3,2"
"1222","Pump.Flow.Based.PAA.Dose + N..Eff..TSS.Conc. + N..Basin.Outfall + UVT.... + NSEC.Aerobic.SRT + NSEC.Effluent.NO3",0.229675187892969,0.826672679344707,"3,2"
"1223","Pump.Flow.Based.PAA.Dose + N..Eff..TSS.Conc. + N..Basin.Outfall + UVT.... + NSEC.Aerobic.SRT + NSEC.Effluent.OP",0.25712577622467,0.81539897006332,"3,2"
"1224","Pump.Flow.Based.PAA.Dose + N..Eff..TSS.Conc. + N..Basin.Outfall + UVT.... + NSEC.Aerobic.SRT + NSEC.Effluent.TSS",0.150571768042449,0.820037527683767,"3,2"
"1225","Pump.Flow.Based.PAA.Dose + N..Eff..TSS.Conc. + N..Basin.Outfall + UVT.... + NSEC.Aerobic.SRT + NSEC.Effluent.NO5",0.182331355417731,0.824179819789642,"3,2"
"1226","Pump.Flow.Based.PAA.Dose + N..Eff..TSS.Conc. + N..Basin.Outfall + UVT.... + NSEC.Aerobic.SRT + NSEC.Effluent.Flow",0.203822762980709,0.812904602037094,"3,2"
"1227","Pump.Flow.Based.PAA.Dose + N..Eff..TSS.Conc. + N..Basin.Outfall + UVT.... + NSEC.Effluent.NH3 + NSEC.Effluent.NO3",0.173838262719936,0.824790015355061,"3,2"
"1228","Pump.Flow.Based.PAA.Dose + N..Eff..TSS.Conc. + N..Basin.Outfall + UVT.... + NSEC.Effluent.NH3 + NSEC.Effluent.OP",0.181240112619357,0.83267588717844,"3,2"
"1229","Pump.Flow.Based.PAA.Dose + N..Eff..TSS.Conc. + N..Basin.Outfall + UVT.... + NSEC.Effluent.NH3 + NSEC.Effluent.TSS",0.236836112155522,0.815442639683484,"3,2"
"1230","Pump.Flow.Based.PAA.Dose + N..Eff..TSS.Conc. + N..Basin.Outfall + UVT.... + NSEC.Effluent.NH3 + NSEC.Effluent.NO5",0.206379286350518,0.824791766046563,"3,2"
"1231","Pump.Flow.Based.PAA.Dose + N..Eff..TSS.Conc. + N..Basin.Outfall + UVT.... + NSEC.Effluent.NH3 + NSEC.Effluent.Flow",0.203991665752159,0.8147660343662,"3,2"
"1232","Pump.Flow.Based.PAA.Dose + N..Eff..TSS.Conc. + N..Basin.Outfall + UVT.... + NSEC.Effluent.NO3 + NSEC.Effluent.OP",0.175158388647016,0.813895793359701,"3,2"
"1233","Pump.Flow.Based.PAA.Dose + N..Eff..TSS.Conc. + N..Basin.Outfall + UVT.... + NSEC.Effluent.NO3 + NSEC.Effluent.TSS",0.182310326817794,0.828416728794898,"3,2"
"1234","Pump.Flow.Based.PAA.Dose + N..Eff..TSS.Conc. + N..Basin.Outfall + UVT.... + NSEC.Effluent.NO3 + NSEC.Effluent.NO5",0.238338380782443,0.820156861511408,"3,2"
"1235","Pump.Flow.Based.PAA.Dose + N..Eff..TSS.Conc. + N..Basin.Outfall + UVT.... + NSEC.Effluent.NO3 + NSEC.Effluent.Flow",0.235931691339087,0.826302343254953,"3,2"
"1236","Pump.Flow.Based.PAA.Dose + N..Eff..TSS.Conc. + N..Basin.Outfall + UVT.... + NSEC.Effluent.OP + NSEC.Effluent.TSS",0.221769036893268,0.808329845672392,"3,2"
"1237","Pump.Flow.Based.PAA.Dose + N..Eff..TSS.Conc. + N..Basin.Outfall + UVT.... + NSEC.Effluent.OP + NSEC.Effluent.NO5",0.167909619199302,0.806688761162465,"3,2"
"1238","Pump.Flow.Based.PAA.Dose + N..Eff..TSS.Conc. + N..Basin.Outfall + UVT.... + NSEC.Effluent.OP + NSEC.Effluent.Flow",0.137561585950877,0.817371613851818,"3,2"
"1239","Pump.Flow.Based.PAA.Dose + N..Eff..TSS.Conc. + N..Basin.Outfall + UVT.... + NSEC.Effluent.TSS + NSEC.Effluent.NO5",0.203241999464092,0.817332793095059,"3,2"
"1240","Pump.Flow.Based.PAA.Dose + N..Eff..TSS.Conc. + N..Basin.Outfall + UVT.... + NSEC.Effluent.TSS + NSEC.Effluent.Flow",0.201521568675582,0.80826197171804,"3,2"
"1241","Pump.Flow.Based.PAA.Dose + N..Eff..TSS.Conc. + N..Basin.Outfall + UVT.... + NSEC.Effluent.NO5 + NSEC.Effluent.Flow",0.128856032457745,0.799311370564209,"3,2"
"1242","Pump.Flow.Based.PAA.Dose + N..Eff..TSS.Conc. + N..Basin.Outfall + CODds..mg.L. + SACto..1.m. + NSEC.Aerobic.SRT",0.221590285315172,0.842642758230579,"3,2"
"1243","Pump.Flow.Based.PAA.Dose + N..Eff..TSS.Conc. + N..Basin.Outfall + CODds..mg.L. + SACto..1.m. + NSEC.Effluent.NH3",0.190753658405126,0.832159346753466,"3,2"
"1244","Pump.Flow.Based.PAA.Dose + N..Eff..TSS.Conc. + N..Basin.Outfall + CODds..mg.L. + SACto..1.m. + NSEC.Effluent.NO3",0.208965244495199,0.838290810791655,"3,2"
"1245","Pump.Flow.Based.PAA.Dose + N..Eff..TSS.Conc. + N..Basin.Outfall + CODds..mg.L. + SACto..1.m. + NSEC.Effluent.OP",0.296354908712075,0.861066838577761,"3,2"
"1246","Pump.Flow.Based.PAA.Dose + N..Eff..TSS.Conc. + N..Basin.Outfall + CODds..mg.L. + SACto..1.m. + NSEC.Effluent.TSS",0.27741276223576,0.847629265505105,"3,2"
"1247","Pump.Flow.Based.PAA.Dose + N..Eff..TSS.Conc. + N..Basin.Outfall + CODds..mg.L. + SACto..1.m. + NSEC.Effluent.NO5",0.214097458157989,0.86065533026205,"3,2"
"1248","Pump.Flow.Based.PAA.Dose + N..Eff..TSS.Conc. + N..Basin.Outfall + CODds..mg.L. + SACto..1.m. + NSEC.Effluent.Flow",0.116481507714117,0.798824439597443,"3,2"
"1249","Pump.Flow.Based.PAA.Dose + N..Eff..TSS.Conc. + N..Basin.Outfall + CODds..mg.L. + NSEC.Aerobic.SRT + NSEC.Effluent.NH3",0.287941402852561,0.828139352658854,"3,2"
"1250","Pump.Flow.Based.PAA.Dose + N..Eff..TSS.Conc. + N..Basin.Outfall + CODds..mg.L. + NSEC.Aerobic.SRT + NSEC.Effluent.NO3",0.298787242775071,0.834910875491752,"3,2"
"1251","Pump.Flow.Based.PAA.Dose + N..Eff..TSS.Conc. + N..Basin.Outfall + CODds..mg.L. + NSEC.Aerobic.SRT + NSEC.Effluent.OP",0.232844631086339,0.811783185715569,"3,2"
"1252","Pump.Flow.Based.PAA.Dose + N..Eff..TSS.Conc. + N..Basin.Outfall + CODds..mg.L. + NSEC.Aerobic.SRT + NSEC.Effluent.TSS",0.239922542231548,0.82457083255398,"3,2"
"1253","Pump.Flow.Based.PAA.Dose + N..Eff..TSS.Conc. + N..Basin.Outfall + CODds..mg.L. + NSEC.Aerobic.SRT + NSEC.Effluent.NO5",0.181536793059696,0.83813289616828,"3,2"
"1254","Pump.Flow.Based.PAA.Dose + N..Eff..TSS.Conc. + N..Basin.Outfall + CODds..mg.L. + NSEC.Aerobic.SRT + NSEC.Effluent.Flow",0.272369497699971,0.812628645472669,"3,2"
"1255","Pump.Flow.Based.PAA.Dose + N..Eff..TSS.Conc. + N..Basin.Outfall + CODds..mg.L. + NSEC.Effluent.NH3 + NSEC.Effluent.NO3",0.175930194080413,0.827286102339926,"3,2"
"1256","Pump.Flow.Based.PAA.Dose + N..Eff..TSS.Conc. + N..Basin.Outfall + CODds..mg.L. + NSEC.Effluent.NH3 + NSEC.Effluent.OP",0.249232149435874,0.821124508513637,"3,2"
"1257","Pump.Flow.Based.PAA.Dose + N..Eff..TSS.Conc. + N..Basin.Outfall + CODds..mg.L. + NSEC.Effluent.NH3 + NSEC.Effluent.TSS",0.175100456375755,0.810401762253838,"3,2"
"1258","Pump.Flow.Based.PAA.Dose + N..Eff..TSS.Conc. + N..Basin.Outfall + CODds..mg.L. + NSEC.Effluent.NH3 + NSEC.Effluent.NO5",0.231018782936805,0.842176936694073,"3,2"
"1259","Pump.Flow.Based.PAA.Dose + N..Eff..TSS.Conc. + N..Basin.Outfall + CODds..mg.L. + NSEC.Effluent.NH3 + NSEC.Effluent.Flow",0.250967690398263,0.819811984141333,"3,2"
"1260","Pump.Flow.Based.PAA.Dose + N..Eff..TSS.Conc. + N..Basin.Outfall + CODds..mg.L. + NSEC.Effluent.NO3 + NSEC.Effluent.OP",0.265650357610714,0.834334883629137,"3,2"
"1261","Pump.Flow.Based.PAA.Dose + N..Eff..TSS.Conc. + N..Basin.Outfall + CODds..mg.L. + NSEC.Effluent.NO3 + NSEC.Effluent.TSS",0.210835974811402,0.823499828711608,"3,2"
"1262","Pump.Flow.Based.PAA.Dose + N..Eff..TSS.Conc. + N..Basin.Outfall + CODds..mg.L. + NSEC.Effluent.NO3 + NSEC.Effluent.NO5",0.192269900416074,0.83298602575382,"3,2"
"1263","Pump.Flow.Based.PAA.Dose + N..Eff..TSS.Conc. + N..Basin.Outfall + CODds..mg.L. + NSEC.Effluent.NO3 + NSEC.Effluent.Flow",0.2725391852847,0.840268983868146,"3,2"
"1264","Pump.Flow.Based.PAA.Dose + N..Eff..TSS.Conc. + N..Basin.Outfall + CODds..mg.L. + NSEC.Effluent.OP + NSEC.Effluent.TSS",0.209129049810327,0.808147909196415,"3,2"
"1265","Pump.Flow.Based.PAA.Dose + N..Eff..TSS.Conc. + N..Basin.Outfall + CODds..mg.L. + NSEC.Effluent.OP + NSEC.Effluent.NO5",0.251523849836843,0.823574349217616,"3,2"
"1266","Pump.Flow.Based.PAA.Dose + N..Eff..TSS.Conc. + N..Basin.Outfall + CODds..mg.L. + NSEC.Effluent.OP + NSEC.Effluent.Flow",0.281935370551585,0.835637539194384,"3,2"
"1267","Pump.Flow.Based.PAA.Dose + N..Eff..TSS.Conc. + N..Basin.Outfall + CODds..mg.L. + NSEC.Effluent.TSS + NSEC.Effluent.NO5",0.211642749964355,0.832320620495067,"3,2"
"1268","Pump.Flow.Based.PAA.Dose + N..Eff..TSS.Conc. + N..Basin.Outfall + CODds..mg.L. + NSEC.Effluent.TSS + NSEC.Effluent.Flow",0.18156542358896,0.803257711603109,"3,2"
"1269","Pump.Flow.Based.PAA.Dose + N..Eff..TSS.Conc. + N..Basin.Outfall + CODds..mg.L. + NSEC.Effluent.NO5 + NSEC.Effluent.Flow",0.268338383448834,0.835999463298384,"3,2"
"1270","Pump.Flow.Based.PAA.Dose + N..Eff..TSS.Conc. + N..Basin.Outfall + SACto..1.m. + NSEC.Aerobic.SRT + NSEC.Effluent.NH3",0.172080975144144,0.838091521503371,"3,2"
"1271","Pump.Flow.Based.PAA.Dose + N..Eff..TSS.Conc. + N..Basin.Outfall + SACto..1.m. + NSEC.Aerobic.SRT + NSEC.Effluent.NO3",0.23364097838777,0.843383190183521,"3,2"
"1272","Pump.Flow.Based.PAA.Dose + N..Eff..TSS.Conc. + N..Basin.Outfall + SACto..1.m. + NSEC.Aerobic.SRT + NSEC.Effluent.OP",0.13716032426293,0.794787330487631,"3,2"
"1273","Pump.Flow.Based.PAA.Dose + N..Eff..TSS.Conc. + N..Basin.Outfall + SACto..1.m. + NSEC.Aerobic.SRT + NSEC.Effluent.TSS",0.288315613998732,0.820087552098594,"3,2"
"1274","Pump.Flow.Based.PAA.Dose + N..Eff..TSS.Conc. + N..Basin.Outfall + SACto..1.m. + NSEC.Aerobic.SRT + NSEC.Effluent.NO5",0.119786651778148,0.824323361236868,"3,2"
"1275","Pump.Flow.Based.PAA.Dose + N..Eff..TSS.Conc. + N..Basin.Outfall + SACto..1.m. + NSEC.Aerobic.SRT + NSEC.Effluent.Flow",0.235681337301663,0.817405615817326,"3,2"
"1276","Pump.Flow.Based.PAA.Dose + N..Eff..TSS.Conc. + N..Basin.Outfall + SACto..1.m. + NSEC.Effluent.NH3 + NSEC.Effluent.NO3",0.256303838135311,0.839008998859874,"3,2"
"1277","Pump.Flow.Based.PAA.Dose + N..Eff..TSS.Conc. + N..Basin.Outfall + SACto..1.m. + NSEC.Effluent.NH3 + NSEC.Effluent.OP",0.186245494357367,0.79623492017235,"3,2"
"1278","Pump.Flow.Based.PAA.Dose + N..Eff..TSS.Conc. + N..Basin.Outfall + SACto..1.m. + NSEC.Effluent.NH3 + NSEC.Effluent.TSS",0.234349253132706,0.818165035926124,"3,2"
"1279","Pump.Flow.Based.PAA.Dose + N..Eff..TSS.Conc. + N..Basin.Outfall + SACto..1.m. + NSEC.Effluent.NH3 + NSEC.Effluent.NO5",0.187173061866616,0.818030134702512,"3,2"
"1280","Pump.Flow.Based.PAA.Dose + N..Eff..TSS.Conc. + N..Basin.Outfall + SACto..1.m. + NSEC.Effluent.NH3 + NSEC.Effluent.Flow",0.265900354327801,0.818216338025336,"3,2"
"1281","Pump.Flow.Based.PAA.Dose + N..Eff..TSS.Conc. + N..Basin.Outfall + SACto..1.m. + NSEC.Effluent.NO3 + NSEC.Effluent.OP",0.246043604021411,0.824886397948288,"3,2"
"1282","Pump.Flow.Based.PAA.Dose + N..Eff..TSS.Conc. + N..Basin.Outfall + SACto..1.m. + NSEC.Effluent.NO3 + NSEC.Effluent.TSS",0.216178260357833,0.818087163097384,"3,2"
"1283","Pump.Flow.Based.PAA.Dose + N..Eff..TSS.Conc. + N..Basin.Outfall + SACto..1.m. + NSEC.Effluent.NO3 + NSEC.Effluent.NO5",0.191611777030555,0.812518770333255,"3,2"
"1284","Pump.Flow.Based.PAA.Dose + N..Eff..TSS.Conc. + N..Basin.Outfall + SACto..1.m. + NSEC.Effluent.NO3 + NSEC.Effluent.Flow",0.206612986948981,0.828881618271866,"3,2"
"1285","Pump.Flow.Based.PAA.Dose + N..Eff..TSS.Conc. + N..Basin.Outfall + SACto..1.m. + NSEC.Effluent.OP + NSEC.Effluent.TSS",0.193199119304865,0.838666736221362,"3,2"
"1286","Pump.Flow.Based.PAA.Dose + N..Eff..TSS.Conc. + N..Basin.Outfall + SACto..1.m. + NSEC.Effluent.OP + NSEC.Effluent.NO5",0.245165576233112,0.841870952268996,"3,2"
"1287","Pump.Flow.Based.PAA.Dose + N..Eff..TSS.Conc. + N..Basin.Outfall + SACto..1.m. + NSEC.Effluent.OP + NSEC.Effluent.Flow",0.221450784363272,0.828527282842045,"3,2"
"1288","Pump.Flow.Based.PAA.Dose + N..Eff..TSS.Conc. + N..Basin.Outfall + SACto..1.m. + NSEC.Effluent.TSS + NSEC.Effluent.NO5",0.240431929938734,0.84087159935693,"3,2"
"1289","Pump.Flow.Based.PAA.Dose + N..Eff..TSS.Conc. + N..Basin.Outfall + SACto..1.m. + NSEC.Effluent.TSS + NSEC.Effluent.Flow",0.234986746853216,0.828382969094451,"3,2"
"1290","Pump.Flow.Based.PAA.Dose + N..Eff..TSS.Conc. + N..Basin.Outfall + SACto..1.m. + NSEC.Effluent.NO5 + NSEC.Effluent.Flow",0.412057734633886,0.853884591173556,"3,2"
"1291","Pump.Flow.Based.PAA.Dose + N..Eff..TSS.Conc. + N..Basin.Outfall + NSEC.Aerobic.SRT + NSEC.Effluent.NH3 + NSEC.Effluent.NO3",0.246877052623908,0.821622177530293,"3,2"
"1292","Pump.Flow.Based.PAA.Dose + N..Eff..TSS.Conc. + N..Basin.Outfall + NSEC.Aerobic.SRT + NSEC.Effluent.NH3 + NSEC.Effluent.OP",0.269827334740824,0.817020372970353,"3,2"
"1293","Pump.Flow.Based.PAA.Dose + N..Eff..TSS.Conc. + N..Basin.Outfall + NSEC.Aerobic.SRT + NSEC.Effluent.NH3 + NSEC.Effluent.TSS",0.286827687108634,0.813972035511929,"3,2"
"1294","Pump.Flow.Based.PAA.Dose + N..Eff..TSS.Conc. + N..Basin.Outfall + NSEC.Aerobic.SRT + NSEC.Effluent.NH3 + NSEC.Effluent.NO5",0.301780754704362,0.837468314921934,"3,2"
"1295","Pump.Flow.Based.PAA.Dose + N..Eff..TSS.Conc. + N..Basin.Outfall + NSEC.Aerobic.SRT + NSEC.Effluent.NH3 + NSEC.Effluent.Flow",0.221949977119687,0.833457366324115,"3,2"
"1296","Pump.Flow.Based.PAA.Dose + N..Eff..TSS.Conc. + N..Basin.Outfall + NSEC.Aerobic.SRT + NSEC.Effluent.NO3 + NSEC.Effluent.OP",0.212289811569334,0.802083392671581,"3,2"
"1297","Pump.Flow.Based.PAA.Dose + N..Eff..TSS.Conc. + N..Basin.Outfall + NSEC.Aerobic.SRT + NSEC.Effluent.NO3 + NSEC.Effluent.TSS",0.226567452952249,0.81823809102641,"3,2"
"1298","Pump.Flow.Based.PAA.Dose + N..Eff..TSS.Conc. + N..Basin.Outfall + NSEC.Aerobic.SRT + NSEC.Effluent.NO3 + NSEC.Effluent.NO5",0.256159812829269,0.81513913069872,"3,2"
"1299","Pump.Flow.Based.PAA.Dose + N..Eff..TSS.Conc. + N..Basin.Outfall + NSEC.Aerobic.SRT + NSEC.Effluent.NO3 + NSEC.Effluent.Flow",0.260405052129903,0.827605974048798,"3,2"
"1300","Pump.Flow.Based.PAA.Dose + N..Eff..TSS.Conc. + N..Basin.Outfall + NSEC.Aerobic.SRT + NSEC.Effluent.OP + NSEC.Effluent.TSS",0.234380954137183,0.808052989567231,"3,2"
"1301","Pump.Flow.Based.PAA.Dose + N..Eff..TSS.Conc. + N..Basin.Outfall + NSEC.Aerobic.SRT + NSEC.Effluent.OP + NSEC.Effluent.NO5",0.238386927478133,0.807904389188369,"3,2"
"1302","Pump.Flow.Based.PAA.Dose + N..Eff..TSS.Conc. + N..Basin.Outfall + NSEC.Aerobic.SRT + NSEC.Effluent.OP + NSEC.Effluent.Flow",0.281438366119221,0.808018688216966,"3,2"
"1303","Pump.Flow.Based.PAA.Dose + N..Eff..TSS.Conc. + N..Basin.Outfall + NSEC.Aerobic.SRT + NSEC.Effluent.TSS + NSEC.Effluent.NO5",0.263035026617188,0.81434319470875,"3,2"
"1304","Pump.Flow.Based.PAA.Dose + N..Eff..TSS.Conc. + N..Basin.Outfall + NSEC.Aerobic.SRT + NSEC.Effluent.TSS + NSEC.Effluent.Flow",0.22351696018674,0.80678543026944,"3,2"
"1305","Pump.Flow.Based.PAA.Dose + N..Eff..TSS.Conc. + N..Basin.Outfall + NSEC.Aerobic.SRT + NSEC.Effluent.NO5 + NSEC.Effluent.Flow",0.303137170978431,0.825529392940888,"3,2"
"1306","Pump.Flow.Based.PAA.Dose + N..Eff..TSS.Conc. + N..Basin.Outfall + NSEC.Effluent.NH3 + NSEC.Effluent.NO3 + NSEC.Effluent.OP",0.243758212180122,0.849473606792123,"3,2"
"1307","Pump.Flow.Based.PAA.Dose + N..Eff..TSS.Conc. + N..Basin.Outfall + NSEC.Effluent.NH3 + NSEC.Effluent.NO3 + NSEC.Effluent.TSS",0.21967125039253,0.820742803187915,"3,2"
"1308","Pump.Flow.Based.PAA.Dose + N..Eff..TSS.Conc. + N..Basin.Outfall + NSEC.Effluent.NH3 + NSEC.Effluent.NO3 + NSEC.Effluent.NO5",0.239619005676665,0.82331287984684,"3,2"
"1309","Pump.Flow.Based.PAA.Dose + N..Eff..TSS.Conc. + N..Basin.Outfall + NSEC.Effluent.NH3 + NSEC.Effluent.NO3 + NSEC.Effluent.Flow",0.262129812538064,0.814475350135751,"3,2"
"1310","Pump.Flow.Based.PAA.Dose + N..Eff..TSS.Conc. + N..Basin.Outfall + NSEC.Effluent.NH3 + NSEC.Effluent.OP + NSEC.Effluent.TSS",0.266639773253497,0.80676087914752,"3,2"
"1311","Pump.Flow.Based.PAA.Dose + N..Eff..TSS.Conc. + N..Basin.Outfall + NSEC.Effluent.NH3 + NSEC.Effluent.OP + NSEC.Effluent.NO5",0.232675043488176,0.85514060530209,"3,2"
"1312","Pump.Flow.Based.PAA.Dose + N..Eff..TSS.Conc. + N..Basin.Outfall + NSEC.Effluent.NH3 + NSEC.Effluent.OP + NSEC.Effluent.Flow",0.287691986866119,0.827270512493774,"3,2"
"1313","Pump.Flow.Based.PAA.Dose + N..Eff..TSS.Conc. + N..Basin.Outfall + NSEC.Effluent.NH3 + NSEC.Effluent.TSS + NSEC.Effluent.NO5",0.219032979259454,0.794579309236974,"3,2"
"1314","Pump.Flow.Based.PAA.Dose + N..Eff..TSS.Conc. + N..Basin.Outfall + NSEC.Effluent.NH3 + NSEC.Effluent.TSS + NSEC.Effluent.Flow",0.264275192585816,0.804030499781146,"3,2"
"1315","Pump.Flow.Based.PAA.Dose + N..Eff..TSS.Conc. + N..Basin.Outfall + NSEC.Effluent.NH3 + NSEC.Effluent.NO5 + NSEC.Effluent.Flow",0.259627775363099,0.817702271931536,"3,2"
"1316","Pump.Flow.Based.PAA.Dose + N..Eff..TSS.Conc. + N..Basin.Outfall + NSEC.Effluent.NO3 + NSEC.Effluent.OP + NSEC.Effluent.TSS",0.193665615797779,0.54965587506344,"3,2"
"1317","Pump.Flow.Based.PAA.Dose + N..Eff..TSS.Conc. + N..Basin.Outfall + NSEC.Effluent.NO3 + NSEC.Effluent.OP + NSEC.Effluent.NO5",0.243711726645158,0.812727453225492,"3,2"
"1318","Pump.Flow.Based.PAA.Dose + N..Eff..TSS.Conc. + N..Basin.Outfall + NSEC.Effluent.NO3 + NSEC.Effluent.OP + NSEC.Effluent.Flow",0.27695969051932,0.818129642156496,"3,2"
"1319","Pump.Flow.Based.PAA.Dose + N..Eff..TSS.Conc. + N..Basin.Outfall + NSEC.Effluent.NO3 + NSEC.Effluent.TSS + NSEC.Effluent.NO5",0.246163807953293,0.813845336839953,"3,2"
"1320","Pump.Flow.Based.PAA.Dose + N..Eff..TSS.Conc. + N..Basin.Outfall + NSEC.Effluent.NO3 + NSEC.Effluent.TSS + NSEC.Effluent.Flow",0.209259641622574,0.801310477851868,"3,2"
"1321","Pump.Flow.Based.PAA.Dose + N..Eff..TSS.Conc. + N..Basin.Outfall + NSEC.Effluent.NO3 + NSEC.Effluent.NO5 + NSEC.Effluent.Flow",0.230136628993645,0.821924999342394,"3,2"
"1322","Pump.Flow.Based.PAA.Dose + N..Eff..TSS.Conc. + N..Basin.Outfall + NSEC.Effluent.OP + NSEC.Effluent.TSS + NSEC.Effluent.NO5",0.243878651160331,0.828223813144952,"3,2"
"1323","Pump.Flow.Based.PAA.Dose + N..Eff..TSS.Conc. + N..Basin.Outfall + NSEC.Effluent.OP + NSEC.Effluent.TSS + NSEC.Effluent.Flow",0.254743955895349,0.808195988487962,"3,2"
"1324","Pump.Flow.Based.PAA.Dose + N..Eff..TSS.Conc. + N..Basin.Outfall + NSEC.Effluent.OP + NSEC.Effluent.NO5 + NSEC.Effluent.Flow",0.238779552821422,0.79805791073505,"3,2"
"1325","Pump.Flow.Based.PAA.Dose + N..Eff..TSS.Conc. + N..Basin.Outfall + NSEC.Effluent.TSS + NSEC.Effluent.NO5 + NSEC.Effluent.Flow",0.241027849670892,0.814905762966528,"3,2"
"1326","Pump.Flow.Based.PAA.Dose + N..Eff..TSS.Conc. + CODto..mg.L. + TSS..mg.L. + UVT.... + CODds..mg.L.",0.233847333865392,0.751449655282556,"3,2"
"1327","Pump.Flow.Based.PAA.Dose + N..Eff..TSS.Conc. + CODto..mg.L. + TSS..mg.L. + UVT.... + SACto..1.m.",0.249800931163834,0.746051280558362,"3,2"
"1328","Pump.Flow.Based.PAA.Dose + N..Eff..TSS.Conc. + CODto..mg.L. + TSS..mg.L. + UVT.... + NSEC.Aerobic.SRT",0.223389062061331,0.756390774027363,"3,2"
"1329","Pump.Flow.Based.PAA.Dose + N..Eff..TSS.Conc. + CODto..mg.L. + TSS..mg.L. + UVT.... + NSEC.Effluent.NH3",0.278186488619423,0.749127730824124,"3,2"
"1330","Pump.Flow.Based.PAA.Dose + N..Eff..TSS.Conc. + CODto..mg.L. + TSS..mg.L. + UVT.... + NSEC.Effluent.NO3",0.360704349565001,0.750734135408038,"3,2"
"1331","Pump.Flow.Based.PAA.Dose + N..Eff..TSS.Conc. + CODto..mg.L. + TSS..mg.L. + UVT.... + NSEC.Effluent.OP",0.243827909102908,0.738230421734629,"3,2"
"1332","Pump.Flow.Based.PAA.Dose + N..Eff..TSS.Conc. + CODto..mg.L. + TSS..mg.L. + UVT.... + NSEC.Effluent.TSS",0.36162084534005,0.792042486586936,"3,2"
"1333","Pump.Flow.Based.PAA.Dose + N..Eff..TSS.Conc. + CODto..mg.L. + TSS..mg.L. + UVT.... + NSEC.Effluent.NO5",0.355456916557064,0.762529175008056,"3,2"
"1334","Pump.Flow.Based.PAA.Dose + N..Eff..TSS.Conc. + CODto..mg.L. + TSS..mg.L. + UVT.... + NSEC.Effluent.Flow",0.0886478011647205,0.816879677265244,"3,2"
"1335","Pump.Flow.Based.PAA.Dose + N..Eff..TSS.Conc. + CODto..mg.L. + TSS..mg.L. + CODds..mg.L. + SACto..1.m.",0.373582116203839,0.763737320277419,"3,2"
"1336","Pump.Flow.Based.PAA.Dose + N..Eff..TSS.Conc. + CODto..mg.L. + TSS..mg.L. + CODds..mg.L. + NSEC.Aerobic.SRT",0.112726235305672,0.761233159188446,"3,2"
"1337","Pump.Flow.Based.PAA.Dose + N..Eff..TSS.Conc. + CODto..mg.L. + TSS..mg.L. + CODds..mg.L. + NSEC.Effluent.NH3",0.204585440906378,0.778917107944422,"3,2"
"1338","Pump.Flow.Based.PAA.Dose + N..Eff..TSS.Conc. + CODto..mg.L. + TSS..mg.L. + CODds..mg.L. + NSEC.Effluent.NO3",0.375383393149869,0.784645499277156,"3,2"
"1339","Pump.Flow.Based.PAA.Dose + N..Eff..TSS.Conc. + CODto..mg.L. + TSS..mg.L. + CODds..mg.L. + NSEC.Effluent.OP",0.297746264582629,0.763640549073021,"3,2"
"1340","Pump.Flow.Based.PAA.Dose + N..Eff..TSS.Conc. + CODto..mg.L. + TSS..mg.L. + CODds..mg.L. + NSEC.Effluent.TSS",0.262396104595839,0.780404228633859,"3,2"
"1341","Pump.Flow.Based.PAA.Dose + N..Eff..TSS.Conc. + CODto..mg.L. + TSS..mg.L. + CODds..mg.L. + NSEC.Effluent.NO5",0.39909006049904,0.752915657427057,"3,2"
"1342","Pump.Flow.Based.PAA.Dose + N..Eff..TSS.Conc. + CODto..mg.L. + TSS..mg.L. + CODds..mg.L. + NSEC.Effluent.Flow",0.213933970693614,0.832266387221885,"3,2"
"1343","Pump.Flow.Based.PAA.Dose + N..Eff..TSS.Conc. + CODto..mg.L. + TSS..mg.L. + SACto..1.m. + NSEC.Aerobic.SRT",0.138527664700966,0.772762275826705,"3,2"
"1344","Pump.Flow.Based.PAA.Dose + N..Eff..TSS.Conc. + CODto..mg.L. + TSS..mg.L. + SACto..1.m. + NSEC.Effluent.NH3",0.326512307732038,0.821587556938245,"3,2"
"1345","Pump.Flow.Based.PAA.Dose + N..Eff..TSS.Conc. + CODto..mg.L. + TSS..mg.L. + SACto..1.m. + NSEC.Effluent.NO3",0.388571541504707,0.745504670800741,"3,2"
"1346","Pump.Flow.Based.PAA.Dose + N..Eff..TSS.Conc. + CODto..mg.L. + TSS..mg.L. + SACto..1.m. + NSEC.Effluent.OP",0.188690580463351,0.77266791116368,"3,2"
"1347","Pump.Flow.Based.PAA.Dose + N..Eff..TSS.Conc. + CODto..mg.L. + TSS..mg.L. + SACto..1.m. + NSEC.Effluent.TSS",0.337159864813906,0.787205385000668,"3,2"
"1348","Pump.Flow.Based.PAA.Dose + N..Eff..TSS.Conc. + CODto..mg.L. + TSS..mg.L. + SACto..1.m. + NSEC.Effluent.NO5",0.373258532070984,0.797457575281526,"3,2"
"1349","Pump.Flow.Based.PAA.Dose + N..Eff..TSS.Conc. + CODto..mg.L. + TSS..mg.L. + SACto..1.m. + NSEC.Effluent.Flow",0.0643865787575519,0.828851717199275,"3,2"
"1350","Pump.Flow.Based.PAA.Dose + N..Eff..TSS.Conc. + CODto..mg.L. + TSS..mg.L. + NSEC.Aerobic.SRT + NSEC.Effluent.NH3",0.276921705671179,0.742280158590083,"3,2"
"1351","Pump.Flow.Based.PAA.Dose + N..Eff..TSS.Conc. + CODto..mg.L. + TSS..mg.L. + NSEC.Aerobic.SRT + NSEC.Effluent.NO3",0.229122535422433,0.779739669549385,"3,2"
"1352","Pump.Flow.Based.PAA.Dose + N..Eff..TSS.Conc. + CODto..mg.L. + TSS..mg.L. + NSEC.Aerobic.SRT + NSEC.Effluent.OP",0.185686805915351,0.798147455305281,"3,2"
"1353","Pump.Flow.Based.PAA.Dose + N..Eff..TSS.Conc. + CODto..mg.L. + TSS..mg.L. + NSEC.Aerobic.SRT + NSEC.Effluent.TSS",0.196454728345316,0.756227715536842,"3,2"
"1354","Pump.Flow.Based.PAA.Dose + N..Eff..TSS.Conc. + CODto..mg.L. + TSS..mg.L. + NSEC.Aerobic.SRT + NSEC.Effluent.NO5",0.296992004892231,0.778974688370988,"3,2"
"1355","Pump.Flow.Based.PAA.Dose + N..Eff..TSS.Conc. + CODto..mg.L. + TSS..mg.L. + NSEC.Aerobic.SRT + NSEC.Effluent.Flow",0.122257674278942,0.810347469447042,"3,2"
"1356","Pump.Flow.Based.PAA.Dose + N..Eff..TSS.Conc. + CODto..mg.L. + TSS..mg.L. + NSEC.Effluent.NH3 + NSEC.Effluent.NO3",0.362309278027133,0.780670020117836,"3,2"
"1357","Pump.Flow.Based.PAA.Dose + N..Eff..TSS.Conc. + CODto..mg.L. + TSS..mg.L. + NSEC.Effluent.NH3 + NSEC.Effluent.OP",0.468697025697306,0.772161878826273,"3,2"
"1358","Pump.Flow.Based.PAA.Dose + N..Eff..TSS.Conc. + CODto..mg.L. + TSS..mg.L. + NSEC.Effluent.NH3 + NSEC.Effluent.TSS",0.334255122097272,0.744360155373417,"3,2"
"1359","Pump.Flow.Based.PAA.Dose + N..Eff..TSS.Conc. + CODto..mg.L. + TSS..mg.L. + NSEC.Effluent.NH3 + NSEC.Effluent.NO5",0.313651518956436,0.770252136850362,"3,2"
"1360","Pump.Flow.Based.PAA.Dose + N..Eff..TSS.Conc. + CODto..mg.L. + TSS..mg.L. + NSEC.Effluent.NH3 + NSEC.Effluent.Flow",0.185011116902293,0.826886732349893,"3,2"
"1361","Pump.Flow.Based.PAA.Dose + N..Eff..TSS.Conc. + CODto..mg.L. + TSS..mg.L. + NSEC.Effluent.NO3 + NSEC.Effluent.OP",0.382849450083046,0.803296896878327,"3,2"
"1362","Pump.Flow.Based.PAA.Dose + N..Eff..TSS.Conc. + CODto..mg.L. + TSS..mg.L. + NSEC.Effluent.NO3 + NSEC.Effluent.TSS",0.371203691835265,0.758315951035677,"3,2"
"1363","Pump.Flow.Based.PAA.Dose + N..Eff..TSS.Conc. + CODto..mg.L. + TSS..mg.L. + NSEC.Effluent.NO3 + NSEC.Effluent.NO5",0.399027163854962,0.773194573540399,"3,2"
"1364","Pump.Flow.Based.PAA.Dose + N..Eff..TSS.Conc. + CODto..mg.L. + TSS..mg.L. + NSEC.Effluent.NO3 + NSEC.Effluent.Flow",0.193727770433631,0.846147762566113,"3,2"
"1365","Pump.Flow.Based.PAA.Dose + N..Eff..TSS.Conc. + CODto..mg.L. + TSS..mg.L. + NSEC.Effluent.OP + NSEC.Effluent.TSS",0.257628233355182,0.803673326302042,"3,2"
"1366","Pump.Flow.Based.PAA.Dose + N..Eff..TSS.Conc. + CODto..mg.L. + TSS..mg.L. + NSEC.Effluent.OP + NSEC.Effluent.NO5",0.295688005261755,0.816096902483357,"3,2"
"1367","Pump.Flow.Based.PAA.Dose + N..Eff..TSS.Conc. + CODto..mg.L. + TSS..mg.L. + NSEC.Effluent.OP + NSEC.Effluent.Flow",0.177229348743453,0.835276443826904,"3,2"
"1368","Pump.Flow.Based.PAA.Dose + N..Eff..TSS.Conc. + CODto..mg.L. + TSS..mg.L. + NSEC.Effluent.TSS + NSEC.Effluent.NO5",0.497140013289677,0.814435068897021,"3,2"
"1369","Pump.Flow.Based.PAA.Dose + N..Eff..TSS.Conc. + CODto..mg.L. + TSS..mg.L. + NSEC.Effluent.TSS + NSEC.Effluent.Flow",0.187838435803641,0.841288352742789,"3,2"
"1370","Pump.Flow.Based.PAA.Dose + N..Eff..TSS.Conc. + CODto..mg.L. + TSS..mg.L. + NSEC.Effluent.NO5 + NSEC.Effluent.Flow",0.189954355887951,0.836073620385024,"3,2"
"1371","Pump.Flow.Based.PAA.Dose + N..Eff..TSS.Conc. + CODto..mg.L. + UVT.... + CODds..mg.L. + SACto..1.m.",0.323339877616927,0.701100283694767,"3,2"
"1372","Pump.Flow.Based.PAA.Dose + N..Eff..TSS.Conc. + CODto..mg.L. + UVT.... + CODds..mg.L. + NSEC.Aerobic.SRT",0.290880263027141,0.794922149025104,"3,2"
"1373","Pump.Flow.Based.PAA.Dose + N..Eff..TSS.Conc. + CODto..mg.L. + UVT.... + CODds..mg.L. + NSEC.Effluent.NH3",0.33058387940942,0.741014313223839,"3,2"
"1374","Pump.Flow.Based.PAA.Dose + N..Eff..TSS.Conc. + CODto..mg.L. + UVT.... + CODds..mg.L. + NSEC.Effluent.NO3",0.302802953921459,0.761999648289644,"3,2"
"1375","Pump.Flow.Based.PAA.Dose + N..Eff..TSS.Conc. + CODto..mg.L. + UVT.... + CODds..mg.L. + NSEC.Effluent.OP",0.232825972390589,0.773169661740861,"3,2"
"1376","Pump.Flow.Based.PAA.Dose + N..Eff..TSS.Conc. + CODto..mg.L. + UVT.... + CODds..mg.L. + NSEC.Effluent.TSS",0.175337647889804,0.754608249016785,"3,2"
"1377","Pump.Flow.Based.PAA.Dose + N..Eff..TSS.Conc. + CODto..mg.L. + UVT.... + CODds..mg.L. + NSEC.Effluent.NO5",0.412488193217613,0.782133205013242,"3,2"
"1378","Pump.Flow.Based.PAA.Dose + N..Eff..TSS.Conc. + CODto..mg.L. + UVT.... + CODds..mg.L. + NSEC.Effluent.Flow",0.158425156275941,0.799390393496252,"3,2"
"1379","Pump.Flow.Based.PAA.Dose + N..Eff..TSS.Conc. + CODto..mg.L. + UVT.... + SACto..1.m. + NSEC.Aerobic.SRT",0.343259225152903,0.736291437311155,"3,2"
"1380","Pump.Flow.Based.PAA.Dose + N..Eff..TSS.Conc. + CODto..mg.L. + UVT.... + SACto..1.m. + NSEC.Effluent.NH3",0.403233210984934,0.769216898744045,"3,2"
"1381","Pump.Flow.Based.PAA.Dose + N..Eff..TSS.Conc. + CODto..mg.L. + UVT.... + SACto..1.m. + NSEC.Effluent.NO3",0.385973187335569,0.75321362361257,"3,2"
"1382","Pump.Flow.Based.PAA.Dose + N..Eff..TSS.Conc. + CODto..mg.L. + UVT.... + SACto..1.m. + NSEC.Effluent.OP",0.406190383231478,0.764670278912587,"3,2"
"1383","Pump.Flow.Based.PAA.Dose + N..Eff..TSS.Conc. + CODto..mg.L. + UVT.... + SACto..1.m. + NSEC.Effluent.TSS",0.418723515262026,0.759445883476955,"3,2"
"1384","Pump.Flow.Based.PAA.Dose + N..Eff..TSS.Conc. + CODto..mg.L. + UVT.... + SACto..1.m. + NSEC.Effluent.NO5",0.415640800672131,0.707593562661576,"3,2"
"1385","Pump.Flow.Based.PAA.Dose + N..Eff..TSS.Conc. + CODto..mg.L. + UVT.... + SACto..1.m. + NSEC.Effluent.Flow",0.289604681945777,0.815269495317275,"3,2"
"1386","Pump.Flow.Based.PAA.Dose + N..Eff..TSS.Conc. + CODto..mg.L. + UVT.... + NSEC.Aerobic.SRT + NSEC.Effluent.NH3",0.328131276902917,0.75400393715016,"3,2"
"1387","Pump.Flow.Based.PAA.Dose + N..Eff..TSS.Conc. + CODto..mg.L. + UVT.... + NSEC.Aerobic.SRT + NSEC.Effluent.NO3",0.248269223821092,0.765697325007791,"3,2"
"1388","Pump.Flow.Based.PAA.Dose + N..Eff..TSS.Conc. + CODto..mg.L. + UVT.... + NSEC.Aerobic.SRT + NSEC.Effluent.OP",0.298642928990075,0.744099511776998,"3,2"
"1389","Pump.Flow.Based.PAA.Dose + N..Eff..TSS.Conc. + CODto..mg.L. + UVT.... + NSEC.Aerobic.SRT + NSEC.Effluent.TSS",0.195241140283435,0.763538232307411,"3,2"
"1390","Pump.Flow.Based.PAA.Dose + N..Eff..TSS.Conc. + CODto..mg.L. + UVT.... + NSEC.Aerobic.SRT + NSEC.Effluent.NO5",0.315243145959377,0.736313846966236,"3,2"
"1391","Pump.Flow.Based.PAA.Dose + N..Eff..TSS.Conc. + CODto..mg.L. + UVT.... + NSEC.Aerobic.SRT + NSEC.Effluent.Flow",0.272208259653713,0.840197980289119,"3,2"
"1392","Pump.Flow.Based.PAA.Dose + N..Eff..TSS.Conc. + CODto..mg.L. + UVT.... + NSEC.Effluent.NH3 + NSEC.Effluent.NO3",0.39264025890091,0.77840710525065,"3,2"
"1393","Pump.Flow.Based.PAA.Dose + N..Eff..TSS.Conc. + CODto..mg.L. + UVT.... + NSEC.Effluent.NH3 + NSEC.Effluent.OP",0.400555474274474,0.712023414869871,"3,2"
"1394","Pump.Flow.Based.PAA.Dose + N..Eff..TSS.Conc. + CODto..mg.L. + UVT.... + NSEC.Effluent.NH3 + NSEC.Effluent.TSS",0.415182119817297,0.745376802009274,"3,2"
"1395","Pump.Flow.Based.PAA.Dose + N..Eff..TSS.Conc. + CODto..mg.L. + UVT.... + NSEC.Effluent.NH3 + NSEC.Effluent.NO5",0.359935766053544,0.750839232312979,"3,2"
"1396","Pump.Flow.Based.PAA.Dose + N..Eff..TSS.Conc. + CODto..mg.L. + UVT.... + NSEC.Effluent.NH3 + NSEC.Effluent.Flow",0.248656568399218,0.797825664301535,"3,2"
"1397","Pump.Flow.Based.PAA.Dose + N..Eff..TSS.Conc. + CODto..mg.L. + UVT.... + NSEC.Effluent.NO3 + NSEC.Effluent.OP",0.407270534154847,0.775999282518204,"3,2"
"1398","Pump.Flow.Based.PAA.Dose + N..Eff..TSS.Conc. + CODto..mg.L. + UVT.... + NSEC.Effluent.NO3 + NSEC.Effluent.TSS",0.353939481651235,0.727831738170796,"3,2"
"1399","Pump.Flow.Based.PAA.Dose + N..Eff..TSS.Conc. + CODto..mg.L. + UVT.... + NSEC.Effluent.NO3 + NSEC.Effluent.NO5",0.449089756183581,0.809110429225937,"3,2"
"1400","Pump.Flow.Based.PAA.Dose + N..Eff..TSS.Conc. + CODto..mg.L. + UVT.... + NSEC.Effluent.NO3 + NSEC.Effluent.Flow",0.220296444147789,0.846252566108805,"3,2"
"1401","Pump.Flow.Based.PAA.Dose + N..Eff..TSS.Conc. + CODto..mg.L. + UVT.... + NSEC.Effluent.OP + NSEC.Effluent.TSS",0.386338764896465,0.797218040166718,"3,2"
"1402","Pump.Flow.Based.PAA.Dose + N..Eff..TSS.Conc. + CODto..mg.L. + UVT.... + NSEC.Effluent.OP + NSEC.Effluent.NO5",0.314516218044874,0.737456272454694,"3,2"
"1403","Pump.Flow.Based.PAA.Dose + N..Eff..TSS.Conc. + CODto..mg.L. + UVT.... + NSEC.Effluent.OP + NSEC.Effluent.Flow",0.151350970220768,0.825592118155359,"3,2"
"1404","Pump.Flow.Based.PAA.Dose + N..Eff..TSS.Conc. + CODto..mg.L. + UVT.... + NSEC.Effluent.TSS + NSEC.Effluent.NO5",0.336442655170476,0.743468703421108,"3,2"
"1405","Pump.Flow.Based.PAA.Dose + N..Eff..TSS.Conc. + CODto..mg.L. + UVT.... + NSEC.Effluent.TSS + NSEC.Effluent.Flow",0.210549940193876,0.812081317090561,"3,2"
"1406","Pump.Flow.Based.PAA.Dose + N..Eff..TSS.Conc. + CODto..mg.L. + UVT.... + NSEC.Effluent.NO5 + NSEC.Effluent.Flow",0.23402879931222,0.802001704058991,"3,2"
"1407","Pump.Flow.Based.PAA.Dose + N..Eff..TSS.Conc. + CODto..mg.L. + CODds..mg.L. + SACto..1.m. + NSEC.Aerobic.SRT",0.224088430978021,0.764397706662075,"3,2"
"1408","Pump.Flow.Based.PAA.Dose + N..Eff..TSS.Conc. + CODto..mg.L. + CODds..mg.L. + SACto..1.m. + NSEC.Effluent.NH3",0.297234157268208,0.759565871726727,"3,2"
"1409","Pump.Flow.Based.PAA.Dose + N..Eff..TSS.Conc. + CODto..mg.L. + CODds..mg.L. + SACto..1.m. + NSEC.Effluent.NO3",0.28001982242699,0.818466099373724,"3,2"
"1410","Pump.Flow.Based.PAA.Dose + N..Eff..TSS.Conc. + CODto..mg.L. + CODds..mg.L. + SACto..1.m. + NSEC.Effluent.OP",0.292574403246373,0.76206297354665,"3,2"
"1411","Pump.Flow.Based.PAA.Dose + N..Eff..TSS.Conc. + CODto..mg.L. + CODds..mg.L. + SACto..1.m. + NSEC.Effluent.TSS",0.297218709492324,0.732651676733351,"3,2"
"1412","Pump.Flow.Based.PAA.Dose + N..Eff..TSS.Conc. + CODto..mg.L. + CODds..mg.L. + SACto..1.m. + NSEC.Effluent.NO5",0.238355941664172,0.775347757513444,"3,2"
"1413","Pump.Flow.Based.PAA.Dose + N..Eff..TSS.Conc. + CODto..mg.L. + CODds..mg.L. + SACto..1.m. + NSEC.Effluent.Flow",0.170842434535277,0.833839847062733,"3,2"
"1414","Pump.Flow.Based.PAA.Dose + N..Eff..TSS.Conc. + CODto..mg.L. + CODds..mg.L. + NSEC.Aerobic.SRT + NSEC.Effluent.NH3",0.318890531993776,0.751571702414169,"3,2"
"1415","Pump.Flow.Based.PAA.Dose + N..Eff..TSS.Conc. + CODto..mg.L. + CODds..mg.L. + NSEC.Aerobic.SRT + NSEC.Effluent.NO3",0.223820481150355,0.761040288633532,"3,2"
"1416","Pump.Flow.Based.PAA.Dose + N..Eff..TSS.Conc. + CODto..mg.L. + CODds..mg.L. + NSEC.Aerobic.SRT + NSEC.Effluent.OP",0.227454308575571,0.775582413562898,"3,2"
"1417","Pump.Flow.Based.PAA.Dose + N..Eff..TSS.Conc. + CODto..mg.L. + CODds..mg.L. + NSEC.Aerobic.SRT + NSEC.Effluent.TSS",0.202470811502482,0.714571203349203,"3,2"
"1418","Pump.Flow.Based.PAA.Dose + N..Eff..TSS.Conc. + CODto..mg.L. + CODds..mg.L. + NSEC.Aerobic.SRT + NSEC.Effluent.NO5",0.275883252542146,0.75352455994412,"3,2"
"1419","Pump.Flow.Based.PAA.Dose + N..Eff..TSS.Conc. + CODto..mg.L. + CODds..mg.L. + NSEC.Aerobic.SRT + NSEC.Effluent.Flow",0.14960907193134,0.839225783221398,"3,2"
"1420","Pump.Flow.Based.PAA.Dose + N..Eff..TSS.Conc. + CODto..mg.L. + CODds..mg.L. + NSEC.Effluent.NH3 + NSEC.Effluent.NO3",0.251026108089809,0.750198420005421,"3,2"
"1421","Pump.Flow.Based.PAA.Dose + N..Eff..TSS.Conc. + CODto..mg.L. + CODds..mg.L. + NSEC.Effluent.NH3 + NSEC.Effluent.OP",0.348317180491986,0.702257784216733,"3,2"
"1422","Pump.Flow.Based.PAA.Dose + N..Eff..TSS.Conc. + CODto..mg.L. + CODds..mg.L. + NSEC.Effluent.NH3 + NSEC.Effluent.TSS",0.309989076795607,0.747025270308421,"3,2"
"1423","Pump.Flow.Based.PAA.Dose + N..Eff..TSS.Conc. + CODto..mg.L. + CODds..mg.L. + NSEC.Effluent.NH3 + NSEC.Effluent.NO5",0.317343343076735,0.708745272925649,"3,2"
"1424","Pump.Flow.Based.PAA.Dose + N..Eff..TSS.Conc. + CODto..mg.L. + CODds..mg.L. + NSEC.Effluent.NH3 + NSEC.Effluent.Flow",0.257692992089981,0.829592220060493,"3,2"
"1425","Pump.Flow.Based.PAA.Dose + N..Eff..TSS.Conc. + CODto..mg.L. + CODds..mg.L. + NSEC.Effluent.NO3 + NSEC.Effluent.OP",0.290142328562638,0.752147535675815,"3,2"
"1426","Pump.Flow.Based.PAA.Dose + N..Eff..TSS.Conc. + CODto..mg.L. + CODds..mg.L. + NSEC.Effluent.NO3 + NSEC.Effluent.TSS",0.298172898762319,0.755192971134907,"3,2"
"1427","Pump.Flow.Based.PAA.Dose + N..Eff..TSS.Conc. + CODto..mg.L. + CODds..mg.L. + NSEC.Effluent.NO3 + NSEC.Effluent.NO5",0.233556289752127,0.793529013243227,"3,2"
"1428","Pump.Flow.Based.PAA.Dose + N..Eff..TSS.Conc. + CODto..mg.L. + CODds..mg.L. + NSEC.Effluent.NO3 + NSEC.Effluent.Flow",0.193762387898759,0.851336523216691,"3,2"
"1429","Pump.Flow.Based.PAA.Dose + N..Eff..TSS.Conc. + CODto..mg.L. + CODds..mg.L. + NSEC.Effluent.OP + NSEC.Effluent.TSS",0.27281845137518,0.743066821757068,"3,2"
"1430","Pump.Flow.Based.PAA.Dose + N..Eff..TSS.Conc. + CODto..mg.L. + CODds..mg.L. + NSEC.Effluent.OP + NSEC.Effluent.NO5",0.391353818787814,0.774881705936135,"3,2"
"1431","Pump.Flow.Based.PAA.Dose + N..Eff..TSS.Conc. + CODto..mg.L. + CODds..mg.L. + NSEC.Effluent.OP + NSEC.Effluent.Flow",0.17540385200957,0.84349539393218,"3,2"
"1432","Pump.Flow.Based.PAA.Dose + N..Eff..TSS.Conc. + CODto..mg.L. + CODds..mg.L. + NSEC.Effluent.TSS + NSEC.Effluent.NO5",0.30937385244165,0.771041497356134,"3,2"
"1433","Pump.Flow.Based.PAA.Dose + N..Eff..TSS.Conc. + CODto..mg.L. + CODds..mg.L. + NSEC.Effluent.TSS + NSEC.Effluent.Flow",0.121704473676146,0.809482121502549,"3,2"
"1434","Pump.Flow.Based.PAA.Dose + N..Eff..TSS.Conc. + CODto..mg.L. + CODds..mg.L. + NSEC.Effluent.NO5 + NSEC.Effluent.Flow",0.181934160715814,0.831123104638208,"3,2"
"1435","Pump.Flow.Based.PAA.Dose + N..Eff..TSS.Conc. + CODto..mg.L. + SACto..1.m. + NSEC.Aerobic.SRT + NSEC.Effluent.NH3",0.232207289865383,0.765904019638372,"3,2"
"1436","Pump.Flow.Based.PAA.Dose + N..Eff..TSS.Conc. + CODto..mg.L. + SACto..1.m. + NSEC.Aerobic.SRT + NSEC.Effluent.NO3",0.297905460662714,0.782786299724633,"3,2"
"1437","Pump.Flow.Based.PAA.Dose + N..Eff..TSS.Conc. + CODto..mg.L. + SACto..1.m. + NSEC.Aerobic.SRT + NSEC.Effluent.OP",0.215867365153515,0.793947220215746,"3,2"
"1438","Pump.Flow.Based.PAA.Dose + N..Eff..TSS.Conc. + CODto..mg.L. + SACto..1.m. + NSEC.Aerobic.SRT + NSEC.Effluent.TSS",0.245000667846532,0.690576139449599,"3,2"
"1439","Pump.Flow.Based.PAA.Dose + N..Eff..TSS.Conc. + CODto..mg.L. + SACto..1.m. + NSEC.Aerobic.SRT + NSEC.Effluent.NO5",0.23650259494683,0.76866407012179,"3,2"
"1440","Pump.Flow.Based.PAA.Dose + N..Eff..TSS.Conc. + CODto..mg.L. + SACto..1.m. + NSEC.Aerobic.SRT + NSEC.Effluent.Flow",0.164462765277896,0.823894252082588,"3,2"
"1441","Pump.Flow.Based.PAA.Dose + N..Eff..TSS.Conc. + CODto..mg.L. + SACto..1.m. + NSEC.Effluent.NH3 + NSEC.Effluent.NO3",0.437011077277572,0.814201758803191,"3,2"
"1442","Pump.Flow.Based.PAA.Dose + N..Eff..TSS.Conc. + CODto..mg.L. + SACto..1.m. + NSEC.Effluent.NH3 + NSEC.Effluent.OP",0.303788792290803,0.792369453675178,"3,2"
"1443","Pump.Flow.Based.PAA.Dose + N..Eff..TSS.Conc. + CODto..mg.L. + SACto..1.m. + NSEC.Effluent.NH3 + NSEC.Effluent.TSS",0.411398323527431,0.784690904324919,"3,2"
"1444","Pump.Flow.Based.PAA.Dose + N..Eff..TSS.Conc. + CODto..mg.L. + SACto..1.m. + NSEC.Effluent.NH3 + NSEC.Effluent.NO5",0.4057218002145,0.76018136516624,"3,2"
"1445","Pump.Flow.Based.PAA.Dose + N..Eff..TSS.Conc. + CODto..mg.L. + SACto..1.m. + NSEC.Effluent.NH3 + NSEC.Effluent.Flow",0.248823066977368,0.810497788646065,"3,2"
"1446","Pump.Flow.Based.PAA.Dose + N..Eff..TSS.Conc. + CODto..mg.L. + SACto..1.m. + NSEC.Effluent.NO3 + NSEC.Effluent.OP",0.377625900223068,0.763156989487551,"3,2"
"1447","Pump.Flow.Based.PAA.Dose + N..Eff..TSS.Conc. + CODto..mg.L. + SACto..1.m. + NSEC.Effluent.NO3 + NSEC.Effluent.TSS",0.391427249988804,0.789043395472897,"3,2"
"1448","Pump.Flow.Based.PAA.Dose + N..Eff..TSS.Conc. + CODto..mg.L. + SACto..1.m. + NSEC.Effluent.NO3 + NSEC.Effluent.NO5",0.353935334990676,0.756277792799738,"3,2"
"1449","Pump.Flow.Based.PAA.Dose + N..Eff..TSS.Conc. + CODto..mg.L. + SACto..1.m. + NSEC.Effluent.NO3 + NSEC.Effluent.Flow",0.373331941467271,0.83964804379929,"3,2"
"1450","Pump.Flow.Based.PAA.Dose + N..Eff..TSS.Conc. + CODto..mg.L. + SACto..1.m. + NSEC.Effluent.OP + NSEC.Effluent.TSS",0.328110532917619,0.776775956901308,"3,2"
"1451","Pump.Flow.Based.PAA.Dose + N..Eff..TSS.Conc. + CODto..mg.L. + SACto..1.m. + NSEC.Effluent.OP + NSEC.Effluent.NO5",0.31405631924989,0.764875315525487,"3,2"
"1452","Pump.Flow.Based.PAA.Dose + N..Eff..TSS.Conc. + CODto..mg.L. + SACto..1.m. + NSEC.Effluent.OP + NSEC.Effluent.Flow",0.216955014483729,0.805623959810836,"3,2"
"1453","Pump.Flow.Based.PAA.Dose + N..Eff..TSS.Conc. + CODto..mg.L. + SACto..1.m. + NSEC.Effluent.TSS + NSEC.Effluent.NO5",0.42069927701554,0.767507211368964,"3,2"
"1454","Pump.Flow.Based.PAA.Dose + N..Eff..TSS.Conc. + CODto..mg.L. + SACto..1.m. + NSEC.Effluent.TSS + NSEC.Effluent.Flow",0.252967170702936,0.813924428768062,"3,2"
"1455","Pump.Flow.Based.PAA.Dose + N..Eff..TSS.Conc. + CODto..mg.L. + SACto..1.m. + NSEC.Effluent.NO5 + NSEC.Effluent.Flow",0.264785812740253,0.82770635574082,"3,2"
"1456","Pump.Flow.Based.PAA.Dose + N..Eff..TSS.Conc. + CODto..mg.L. + NSEC.Aerobic.SRT + NSEC.Effluent.NH3 + NSEC.Effluent.NO3",0.239434816193165,0.765749625571459,"3,2"
"1457","Pump.Flow.Based.PAA.Dose + N..Eff..TSS.Conc. + CODto..mg.L. + NSEC.Aerobic.SRT + NSEC.Effluent.NH3 + NSEC.Effluent.OP",0.334635304563681,0.785840458262877,"3,2"
"1458","Pump.Flow.Based.PAA.Dose + N..Eff..TSS.Conc. + CODto..mg.L. + NSEC.Aerobic.SRT + NSEC.Effluent.NH3 + NSEC.Effluent.TSS",0.336834260440425,0.747519388758324,"3,2"
"1459","Pump.Flow.Based.PAA.Dose + N..Eff..TSS.Conc. + CODto..mg.L. + NSEC.Aerobic.SRT + NSEC.Effluent.NH3 + NSEC.Effluent.NO5",0.256873270794681,0.761760184774641,"3,2"
"1460","Pump.Flow.Based.PAA.Dose + N..Eff..TSS.Conc. + CODto..mg.L. + NSEC.Aerobic.SRT + NSEC.Effluent.NH3 + NSEC.Effluent.Flow",0.23137555188831,0.823365217760503,"3,2"
"1461","Pump.Flow.Based.PAA.Dose + N..Eff..TSS.Conc. + CODto..mg.L. + NSEC.Aerobic.SRT + NSEC.Effluent.NO3 + NSEC.Effluent.OP",0.235577667949647,0.792453697180319,"3,2"
"1462","Pump.Flow.Based.PAA.Dose + N..Eff..TSS.Conc. + CODto..mg.L. + NSEC.Aerobic.SRT + NSEC.Effluent.NO3 + NSEC.Effluent.TSS",0.281210112455407,0.797197474672855,"3,2"
"1463","Pump.Flow.Based.PAA.Dose + N..Eff..TSS.Conc. + CODto..mg.L. + NSEC.Aerobic.SRT + NSEC.Effluent.NO3 + NSEC.Effluent.NO5",0.288710545419341,0.781373502354358,"3,2"
"1464","Pump.Flow.Based.PAA.Dose + N..Eff..TSS.Conc. + CODto..mg.L. + NSEC.Aerobic.SRT + NSEC.Effluent.NO3 + NSEC.Effluent.Flow",0.254395699856623,0.844239879329621,"3,2"
"1465","Pump.Flow.Based.PAA.Dose + N..Eff..TSS.Conc. + CODto..mg.L. + NSEC.Aerobic.SRT + NSEC.Effluent.OP + NSEC.Effluent.TSS",0.347452421611124,0.768321157184386,"3,2"
"1466","Pump.Flow.Based.PAA.Dose + N..Eff..TSS.Conc. + CODto..mg.L. + NSEC.Aerobic.SRT + NSEC.Effluent.OP + NSEC.Effluent.NO5",0.291275014727124,0.78159231330544,"3,2"
"1467","Pump.Flow.Based.PAA.Dose + N..Eff..TSS.Conc. + CODto..mg.L. + NSEC.Aerobic.SRT + NSEC.Effluent.OP + NSEC.Effluent.Flow",0.312573147075761,0.843624213862779,"3,2"
"1468","Pump.Flow.Based.PAA.Dose + N..Eff..TSS.Conc. + CODto..mg.L. + NSEC.Aerobic.SRT + NSEC.Effluent.TSS + NSEC.Effluent.NO5",0.241013072351019,0.767109912132139,"3,2"
"1469","Pump.Flow.Based.PAA.Dose + N..Eff..TSS.Conc. + CODto..mg.L. + NSEC.Aerobic.SRT + NSEC.Effluent.TSS + NSEC.Effluent.Flow",0.184813012414632,0.81731190131309,"3,2"
"1470","Pump.Flow.Based.PAA.Dose + N..Eff..TSS.Conc. + CODto..mg.L. + NSEC.Aerobic.SRT + NSEC.Effluent.NO5 + NSEC.Effluent.Flow",0.247301766176337,0.833006530377739,"3,2"
"1471","Pump.Flow.Based.PAA.Dose + N..Eff..TSS.Conc. + CODto..mg.L. + NSEC.Effluent.NH3 + NSEC.Effluent.NO3 + NSEC.Effluent.OP",0.493329628411696,0.805994103802916,"3,2"
"1472","Pump.Flow.Based.PAA.Dose + N..Eff..TSS.Conc. + CODto..mg.L. + NSEC.Effluent.NH3 + NSEC.Effluent.NO3 + NSEC.Effluent.TSS",0.371647497455547,0.72992950124202,"3,2"
"1473","Pump.Flow.Based.PAA.Dose + N..Eff..TSS.Conc. + CODto..mg.L. + NSEC.Effluent.NH3 + NSEC.Effluent.NO3 + NSEC.Effluent.NO5",0.423780145482868,0.803967698066631,"3,2"
"1474","Pump.Flow.Based.PAA.Dose + N..Eff..TSS.Conc. + CODto..mg.L. + NSEC.Effluent.NH3 + NSEC.Effluent.NO3 + NSEC.Effluent.Flow",0.222349098035043,0.82600737498381,"3,2"
"1475","Pump.Flow.Based.PAA.Dose + N..Eff..TSS.Conc. + CODto..mg.L. + NSEC.Effluent.NH3 + NSEC.Effluent.OP + NSEC.Effluent.TSS",0.361627105263782,0.759799702137319,"3,2"
"1476","Pump.Flow.Based.PAA.Dose + N..Eff..TSS.Conc. + CODto..mg.L. + NSEC.Effluent.NH3 + NSEC.Effluent.OP + NSEC.Effluent.NO5",0.325987050214449,0.796992413115766,"3,2"
"1477","Pump.Flow.Based.PAA.Dose + N..Eff..TSS.Conc. + CODto..mg.L. + NSEC.Effluent.NH3 + NSEC.Effluent.OP + NSEC.Effluent.Flow",0.233116491351635,0.813501630228826,"3,2"
"1478","Pump.Flow.Based.PAA.Dose + N..Eff..TSS.Conc. + CODto..mg.L. + NSEC.Effluent.NH3 + NSEC.Effluent.TSS + NSEC.Effluent.NO5",0.390240395663586,0.714155604298442,"3,2"
"1479","Pump.Flow.Based.PAA.Dose + N..Eff..TSS.Conc. + CODto..mg.L. + NSEC.Effluent.NH3 + NSEC.Effluent.TSS + NSEC.Effluent.Flow",0.25264370824164,0.81554234522014,"3,2"
"1480","Pump.Flow.Based.PAA.Dose + N..Eff..TSS.Conc. + CODto..mg.L. + NSEC.Effluent.NH3 + NSEC.Effluent.NO5 + NSEC.Effluent.Flow",0.213179052433463,0.825819690830353,"3,2"
"1481","Pump.Flow.Based.PAA.Dose + N..Eff..TSS.Conc. + CODto..mg.L. + NSEC.Effluent.NO3 + NSEC.Effluent.OP + NSEC.Effluent.TSS",0.369398781731742,0.753788439266018,"3,2"
"1482","Pump.Flow.Based.PAA.Dose + N..Eff..TSS.Conc. + CODto..mg.L. + NSEC.Effluent.NO3 + NSEC.Effluent.OP + NSEC.Effluent.NO5",0.456610100729562,0.80147369229572,"3,2"
"1483","Pump.Flow.Based.PAA.Dose + N..Eff..TSS.Conc. + CODto..mg.L. + NSEC.Effluent.NO3 + NSEC.Effluent.OP + NSEC.Effluent.Flow",0.260774999020953,0.8288493999416,"3,2"
"1484","Pump.Flow.Based.PAA.Dose + N..Eff..TSS.Conc. + CODto..mg.L. + NSEC.Effluent.NO3 + NSEC.Effluent.TSS + NSEC.Effluent.NO5",0.36249414812364,0.809555062980606,"3,2"
"1485","Pump.Flow.Based.PAA.Dose + N..Eff..TSS.Conc. + CODto..mg.L. + NSEC.Effluent.NO3 + NSEC.Effluent.TSS + NSEC.Effluent.Flow",0.325669154535283,0.852171071784747,"3,2"
"1486","Pump.Flow.Based.PAA.Dose + N..Eff..TSS.Conc. + CODto..mg.L. + NSEC.Effluent.NO3 + NSEC.Effluent.NO5 + NSEC.Effluent.Flow",0.254480573988403,0.84917363111982,"3,2"
"1487","Pump.Flow.Based.PAA.Dose + N..Eff..TSS.Conc. + CODto..mg.L. + NSEC.Effluent.OP + NSEC.Effluent.TSS + NSEC.Effluent.NO5",0.370641904957163,0.774919966598392,"3,2"
"1488","Pump.Flow.Based.PAA.Dose + N..Eff..TSS.Conc. + CODto..mg.L. + NSEC.Effluent.OP + NSEC.Effluent.TSS + NSEC.Effluent.Flow",0.186387938579165,0.82403486237121,"3,2"
"1489","Pump.Flow.Based.PAA.Dose + N..Eff..TSS.Conc. + CODto..mg.L. + NSEC.Effluent.OP + NSEC.Effluent.NO5 + NSEC.Effluent.Flow",0.251426219133051,0.832835978100737,"3,2"
"1490","Pump.Flow.Based.PAA.Dose + N..Eff..TSS.Conc. + CODto..mg.L. + NSEC.Effluent.TSS + NSEC.Effluent.NO5 + NSEC.Effluent.Flow",0.211733496359384,0.817115351147312,"3,2"
"1491","Pump.Flow.Based.PAA.Dose + N..Eff..TSS.Conc. + TSS..mg.L. + UVT.... + CODds..mg.L. + SACto..1.m.",0.217549591071124,0.756571032766143,"3,2"
"1492","Pump.Flow.Based.PAA.Dose + N..Eff..TSS.Conc. + TSS..mg.L. + UVT.... + CODds..mg.L. + NSEC.Aerobic.SRT",0.123090007122628,0.739311505987516,"3,2"
"1493","Pump.Flow.Based.PAA.Dose + N..Eff..TSS.Conc. + TSS..mg.L. + UVT.... + CODds..mg.L. + NSEC.Effluent.NH3",0.296592833680732,0.748091353076044,"3,2"
"1494","Pump.Flow.Based.PAA.Dose + N..Eff..TSS.Conc. + TSS..mg.L. + UVT.... + CODds..mg.L. + NSEC.Effluent.NO3",0.371248201454105,0.777213542086922,"3,2"
"1495","Pump.Flow.Based.PAA.Dose + N..Eff..TSS.Conc. + TSS..mg.L. + UVT.... + CODds..mg.L. + NSEC.Effluent.OP",0.283322461214514,0.749739791961881,"3,2"
"1496","Pump.Flow.Based.PAA.Dose + N..Eff..TSS.Conc. + TSS..mg.L. + UVT.... + CODds..mg.L. + NSEC.Effluent.TSS",0.192018112050047,0.750898811383933,"3,2"
"1497","Pump.Flow.Based.PAA.Dose + N..Eff..TSS.Conc. + TSS..mg.L. + UVT.... + CODds..mg.L. + NSEC.Effluent.NO5",0.236016168307684,0.797433451906959,"3,2"
"1498","Pump.Flow.Based.PAA.Dose + N..Eff..TSS.Conc. + TSS..mg.L. + UVT.... + CODds..mg.L. + NSEC.Effluent.Flow",0.0558282949938704,0.827857522891455,"3,2"
"1499","Pump.Flow.Based.PAA.Dose + N..Eff..TSS.Conc. + TSS..mg.L. + UVT.... + SACto..1.m. + NSEC.Aerobic.SRT",0.135764554422026,0.780889586980652,"3,2"
"1500","Pump.Flow.Based.PAA.Dose + N..Eff..TSS.Conc. + TSS..mg.L. + UVT.... + SACto..1.m. + NSEC.Effluent.NH3",0.390788600492399,0.804950152286496,"3,2"
"1501","Pump.Flow.Based.PAA.Dose + N..Eff..TSS.Conc. + TSS..mg.L. + UVT.... + SACto..1.m. + NSEC.Effluent.NO3",0.333232179530345,0.75887651688913,"3,2"
"1502","Pump.Flow.Based.PAA.Dose + N..Eff..TSS.Conc. + TSS..mg.L. + UVT.... + SACto..1.m. + NSEC.Effluent.OP",0.183418481536288,0.812263702316895,"3,2"
"1503","Pump.Flow.Based.PAA.Dose + N..Eff..TSS.Conc. + TSS..mg.L. + UVT.... + SACto..1.m. + NSEC.Effluent.TSS",0.312774373766142,0.755423382027256,"3,2"
"1504","Pump.Flow.Based.PAA.Dose + N..Eff..TSS.Conc. + TSS..mg.L. + UVT.... + SACto..1.m. + NSEC.Effluent.NO5",0.362037406294256,0.775886465856133,"3,2"
"1505","Pump.Flow.Based.PAA.Dose + N..Eff..TSS.Conc. + TSS..mg.L. + UVT.... + SACto..1.m. + NSEC.Effluent.Flow",0.176027845450945,0.844349628330033,"3,2"
"1506","Pump.Flow.Based.PAA.Dose + N..Eff..TSS.Conc. + TSS..mg.L. + UVT.... + NSEC.Aerobic.SRT + NSEC.Effluent.NH3",0.254716899043121,0.794261910890895,"3,2"
"1507","Pump.Flow.Based.PAA.Dose + N..Eff..TSS.Conc. + TSS..mg.L. + UVT.... + NSEC.Aerobic.SRT + NSEC.Effluent.NO3",0.362415005358827,0.785648161164791,"3,2"
"1508","Pump.Flow.Based.PAA.Dose + N..Eff..TSS.Conc. + TSS..mg.L. + UVT.... + NSEC.Aerobic.SRT + NSEC.Effluent.OP",0.245000364852309,0.754628740529228,"3,2"
"1509","Pump.Flow.Based.PAA.Dose + N..Eff..TSS.Conc. + TSS..mg.L. + UVT.... + NSEC.Aerobic.SRT + NSEC.Effluent.TSS",0.215119784024269,0.757252752989771,"3,2"
"1510","Pump.Flow.Based.PAA.Dose + N..Eff..TSS.Conc. + TSS..mg.L. + UVT.... + NSEC.Aerobic.SRT + NSEC.Effluent.NO5",0.269356537160089,0.756578235528257,"3,2"
"1511","Pump.Flow.Based.PAA.Dose + N..Eff..TSS.Conc. + TSS..mg.L. + UVT.... + NSEC.Aerobic.SRT + NSEC.Effluent.Flow",0.177159937466248,0.828497490748584,"3,2"
"1512","Pump.Flow.Based.PAA.Dose + N..Eff..TSS.Conc. + TSS..mg.L. + UVT.... + NSEC.Effluent.NH3 + NSEC.Effluent.NO3",0.402093924557308,0.79787885861536,"3,2"
"1513","Pump.Flow.Based.PAA.Dose + N..Eff..TSS.Conc. + TSS..mg.L. + UVT.... + NSEC.Effluent.NH3 + NSEC.Effluent.OP",0.274973021851791,0.780254392228219,"3,2"
"1514","Pump.Flow.Based.PAA.Dose + N..Eff..TSS.Conc. + TSS..mg.L. + UVT.... + NSEC.Effluent.NH3 + NSEC.Effluent.TSS",0.358094947016639,0.805602076493218,"3,2"
"1515","Pump.Flow.Based.PAA.Dose + N..Eff..TSS.Conc. + TSS..mg.L. + UVT.... + NSEC.Effluent.NH3 + NSEC.Effluent.NO5",0.286241051013003,0.767018386411786,"3,2"
"1516","Pump.Flow.Based.PAA.Dose + N..Eff..TSS.Conc. + TSS..mg.L. + UVT.... + NSEC.Effluent.NH3 + NSEC.Effluent.Flow",0.130922619883187,0.835894097871739,"3,2"
"1517","Pump.Flow.Based.PAA.Dose + N..Eff..TSS.Conc. + TSS..mg.L. + UVT.... + NSEC.Effluent.NO3 + NSEC.Effluent.OP",0.113968679801869,0.798994335969037,"3,2"
"1518","Pump.Flow.Based.PAA.Dose + N..Eff..TSS.Conc. + TSS..mg.L. + UVT.... + NSEC.Effluent.NO3 + NSEC.Effluent.TSS",0.399891553502225,0.724096221131225,"3,2"
"1519","Pump.Flow.Based.PAA.Dose + N..Eff..TSS.Conc. + TSS..mg.L. + UVT.... + NSEC.Effluent.NO3 + NSEC.Effluent.NO5",0.255208079041195,0.785890133899546,"3,2"
"1520","Pump.Flow.Based.PAA.Dose + N..Eff..TSS.Conc. + TSS..mg.L. + UVT.... + NSEC.Effluent.NO3 + NSEC.Effluent.Flow",0.130418694838164,0.838847869517914,"3,2"
"1521","Pump.Flow.Based.PAA.Dose + N..Eff..TSS.Conc. + TSS..mg.L. + UVT.... + NSEC.Effluent.OP + NSEC.Effluent.TSS",0.255716552637591,0.769755888964511,"3,2"
"1522","Pump.Flow.Based.PAA.Dose + N..Eff..TSS.Conc. + TSS..mg.L. + UVT.... + NSEC.Effluent.OP + NSEC.Effluent.NO5",0.201920398957219,0.779420603183037,"3,2"
"1523","Pump.Flow.Based.PAA.Dose + N..Eff..TSS.Conc. + TSS..mg.L. + UVT.... + NSEC.Effluent.OP + NSEC.Effluent.Flow",0.207170554446073,0.839017727709044,"3,2"
"1524","Pump.Flow.Based.PAA.Dose + N..Eff..TSS.Conc. + TSS..mg.L. + UVT.... + NSEC.Effluent.TSS + NSEC.Effluent.NO5",0.333196900055926,0.781605397827228,"3,2"
"1525","Pump.Flow.Based.PAA.Dose + N..Eff..TSS.Conc. + TSS..mg.L. + UVT.... + NSEC.Effluent.TSS + NSEC.Effluent.Flow",0.101010516817601,0.814395271237659,"3,2"
"1526","Pump.Flow.Based.PAA.Dose + N..Eff..TSS.Conc. + TSS..mg.L. + UVT.... + NSEC.Effluent.NO5 + NSEC.Effluent.Flow",0.246166029516481,0.841973107203331,"3,2"
"1527","Pump.Flow.Based.PAA.Dose + N..Eff..TSS.Conc. + TSS..mg.L. + CODds..mg.L. + SACto..1.m. + NSEC.Aerobic.SRT",0.180024180992598,0.745651548953543,"3,2"
"1528","Pump.Flow.Based.PAA.Dose + N..Eff..TSS.Conc. + TSS..mg.L. + CODds..mg.L. + SACto..1.m. + NSEC.Effluent.NH3",0.276213815649565,0.763873266935742,"3,2"
"1529","Pump.Flow.Based.PAA.Dose + N..Eff..TSS.Conc. + TSS..mg.L. + CODds..mg.L. + SACto..1.m. + NSEC.Effluent.NO3",0.285961073489663,0.756756459814111,"3,2"
"1530","Pump.Flow.Based.PAA.Dose + N..Eff..TSS.Conc. + TSS..mg.L. + CODds..mg.L. + SACto..1.m. + NSEC.Effluent.OP",0.237473198063731,0.782691987802526,"3,2"
"1531","Pump.Flow.Based.PAA.Dose + N..Eff..TSS.Conc. + TSS..mg.L. + CODds..mg.L. + SACto..1.m. + NSEC.Effluent.TSS",0.202475445860303,0.799924638405821,"3,2"
"1532","Pump.Flow.Based.PAA.Dose + N..Eff..TSS.Conc. + TSS..mg.L. + CODds..mg.L. + SACto..1.m. + NSEC.Effluent.NO5",0.28228229583726,0.754407880446415,"3,2"
"1533","Pump.Flow.Based.PAA.Dose + N..Eff..TSS.Conc. + TSS..mg.L. + CODds..mg.L. + SACto..1.m. + NSEC.Effluent.Flow",0.144102804509391,0.831176801542456,"3,2"
"1534","Pump.Flow.Based.PAA.Dose + N..Eff..TSS.Conc. + TSS..mg.L. + CODds..mg.L. + NSEC.Aerobic.SRT + NSEC.Effluent.NH3",0.322065592623023,0.717873479331807,"3,2"
"1535","Pump.Flow.Based.PAA.Dose + N..Eff..TSS.Conc. + TSS..mg.L. + CODds..mg.L. + NSEC.Aerobic.SRT + NSEC.Effluent.NO3",0.27322908150597,0.768984203682559,"3,2"
"1536","Pump.Flow.Based.PAA.Dose + N..Eff..TSS.Conc. + TSS..mg.L. + CODds..mg.L. + NSEC.Aerobic.SRT + NSEC.Effluent.OP",0.19396752060556,0.76898568751478,"3,2"
"1537","Pump.Flow.Based.PAA.Dose + N..Eff..TSS.Conc. + TSS..mg.L. + CODds..mg.L. + NSEC.Aerobic.SRT + NSEC.Effluent.TSS",0.23963101632242,0.719043382325146,"3,2"
"1538","Pump.Flow.Based.PAA.Dose + N..Eff..TSS.Conc. + TSS..mg.L. + CODds..mg.L. + NSEC.Aerobic.SRT + NSEC.Effluent.NO5",0.289315734517373,0.739868149483471,"3,2"
"1539","Pump.Flow.Based.PAA.Dose + N..Eff..TSS.Conc. + TSS..mg.L. + CODds..mg.L. + NSEC.Aerobic.SRT + NSEC.Effluent.Flow",0.213258568671705,0.823866317542732,"3,2"
"1540","Pump.Flow.Based.PAA.Dose + N..Eff..TSS.Conc. + TSS..mg.L. + CODds..mg.L. + NSEC.Effluent.NH3 + NSEC.Effluent.NO3",0.401572182825516,0.766593414729915,"3,2"
"1541","Pump.Flow.Based.PAA.Dose + N..Eff..TSS.Conc. + TSS..mg.L. + CODds..mg.L. + NSEC.Effluent.NH3 + NSEC.Effluent.OP",0.348398944138574,0.777927170741744,"3,2"
"1542","Pump.Flow.Based.PAA.Dose + N..Eff..TSS.Conc. + TSS..mg.L. + CODds..mg.L. + NSEC.Effluent.NH3 + NSEC.Effluent.TSS",0.384316969665297,0.691821167691449,"3,2"
"1543","Pump.Flow.Based.PAA.Dose + N..Eff..TSS.Conc. + TSS..mg.L. + CODds..mg.L. + NSEC.Effluent.NH3 + NSEC.Effluent.NO5",0.336165511043717,0.805569656485907,"3,2"
"1544","Pump.Flow.Based.PAA.Dose + N..Eff..TSS.Conc. + TSS..mg.L. + CODds..mg.L. + NSEC.Effluent.NH3 + NSEC.Effluent.Flow",0.225597418606976,0.83885947195653,"3,2"
"1545","Pump.Flow.Based.PAA.Dose + N..Eff..TSS.Conc. + TSS..mg.L. + CODds..mg.L. + NSEC.Effluent.NO3 + NSEC.Effluent.OP",0.313303481265561,0.754481152895815,"3,2"
"1546","Pump.Flow.Based.PAA.Dose + N..Eff..TSS.Conc. + TSS..mg.L. + CODds..mg.L. + NSEC.Effluent.NO3 + NSEC.Effluent.TSS",0.382550751735362,0.761881795602386,"3,2"
"1547","Pump.Flow.Based.PAA.Dose + N..Eff..TSS.Conc. + TSS..mg.L. + CODds..mg.L. + NSEC.Effluent.NO3 + NSEC.Effluent.NO5",0.366993230453256,0.763877456808232,"3,2"
"1548","Pump.Flow.Based.PAA.Dose + N..Eff..TSS.Conc. + TSS..mg.L. + CODds..mg.L. + NSEC.Effluent.NO3 + NSEC.Effluent.Flow",0.160980742270748,0.835381369219691,"3,2"
"1549","Pump.Flow.Based.PAA.Dose + N..Eff..TSS.Conc. + TSS..mg.L. + CODds..mg.L. + NSEC.Effluent.OP + NSEC.Effluent.TSS",0.231709361625394,0.790367999682679,"3,2"
"1550","Pump.Flow.Based.PAA.Dose + N..Eff..TSS.Conc. + TSS..mg.L. + CODds..mg.L. + NSEC.Effluent.OP + NSEC.Effluent.NO5",0.375922153485578,0.774261026738786,"3,2"
"1551","Pump.Flow.Based.PAA.Dose + N..Eff..TSS.Conc. + TSS..mg.L. + CODds..mg.L. + NSEC.Effluent.OP + NSEC.Effluent.Flow",0.220227381580469,0.846162343310829,"3,2"
"1552","Pump.Flow.Based.PAA.Dose + N..Eff..TSS.Conc. + TSS..mg.L. + CODds..mg.L. + NSEC.Effluent.TSS + NSEC.Effluent.NO5",0.304611750382646,0.73758618405083,"3,2"
"1553","Pump.Flow.Based.PAA.Dose + N..Eff..TSS.Conc. + TSS..mg.L. + CODds..mg.L. + NSEC.Effluent.TSS + NSEC.Effluent.Flow",0.18921279632391,0.808561641395168,"3,2"
"1554","Pump.Flow.Based.PAA.Dose + N..Eff..TSS.Conc. + TSS..mg.L. + CODds..mg.L. + NSEC.Effluent.NO5 + NSEC.Effluent.Flow",0.195970225472431,0.824393532367604,"3,2"
"1555","Pump.Flow.Based.PAA.Dose + N..Eff..TSS.Conc. + TSS..mg.L. + SACto..1.m. + NSEC.Aerobic.SRT + NSEC.Effluent.NH3",0.224917483182922,0.762838573792639,"3,2"
"1556","Pump.Flow.Based.PAA.Dose + N..Eff..TSS.Conc. + TSS..mg.L. + SACto..1.m. + NSEC.Aerobic.SRT + NSEC.Effluent.NO3",0.253032538581451,0.774696558354571,"3,2"
"1557","Pump.Flow.Based.PAA.Dose + N..Eff..TSS.Conc. + TSS..mg.L. + SACto..1.m. + NSEC.Aerobic.SRT + NSEC.Effluent.OP",0.24610519674824,0.793475593661542,"3,2"
"1558","Pump.Flow.Based.PAA.Dose + N..Eff..TSS.Conc. + TSS..mg.L. + SACto..1.m. + NSEC.Aerobic.SRT + NSEC.Effluent.TSS",0.137465010306013,0.800643936613288,"3,2"
"1559","Pump.Flow.Based.PAA.Dose + N..Eff..TSS.Conc. + TSS..mg.L. + SACto..1.m. + NSEC.Aerobic.SRT + NSEC.Effluent.NO5",0.21668379885212,0.80303373175006,"3,2"
"1560","Pump.Flow.Based.PAA.Dose + N..Eff..TSS.Conc. + TSS..mg.L. + SACto..1.m. + NSEC.Aerobic.SRT + NSEC.Effluent.Flow",0.168146919217329,0.818858302559262,"3,2"
"1561","Pump.Flow.Based.PAA.Dose + N..Eff..TSS.Conc. + TSS..mg.L. + SACto..1.m. + NSEC.Effluent.NH3 + NSEC.Effluent.NO3",0.348970641183458,0.773568862257492,"3,2"
"1562","Pump.Flow.Based.PAA.Dose + N..Eff..TSS.Conc. + TSS..mg.L. + SACto..1.m. + NSEC.Effluent.NH3 + NSEC.Effluent.OP",0.297901019605626,0.795306377330562,"3,2"
"1563","Pump.Flow.Based.PAA.Dose + N..Eff..TSS.Conc. + TSS..mg.L. + SACto..1.m. + NSEC.Effluent.NH3 + NSEC.Effluent.TSS",0.433045845573144,0.805883082312497,"3,2"
"1564","Pump.Flow.Based.PAA.Dose + N..Eff..TSS.Conc. + TSS..mg.L. + SACto..1.m. + NSEC.Effluent.NH3 + NSEC.Effluent.NO5",0.360130952629164,0.803302907276393,"3,2"
"1565","Pump.Flow.Based.PAA.Dose + N..Eff..TSS.Conc. + TSS..mg.L. + SACto..1.m. + NSEC.Effluent.NH3 + NSEC.Effluent.Flow",0.170931377865295,0.820152066174115,"3,2"
"1566","Pump.Flow.Based.PAA.Dose + N..Eff..TSS.Conc. + TSS..mg.L. + SACto..1.m. + NSEC.Effluent.NO3 + NSEC.Effluent.OP",0.347592149058275,0.755008122677181,"3,2"
"1567","Pump.Flow.Based.PAA.Dose + N..Eff..TSS.Conc. + TSS..mg.L. + SACto..1.m. + NSEC.Effluent.NO3 + NSEC.Effluent.TSS",0.339265963813309,0.741773712188915,"3,2"
"1568","Pump.Flow.Based.PAA.Dose + N..Eff..TSS.Conc. + TSS..mg.L. + SACto..1.m. + NSEC.Effluent.NO3 + NSEC.Effluent.NO5",0.453889598377865,0.807815940750145,"3,2"
"1569","Pump.Flow.Based.PAA.Dose + N..Eff..TSS.Conc. + TSS..mg.L. + SACto..1.m. + NSEC.Effluent.NO3 + NSEC.Effluent.Flow",0.244297109751586,0.833276063088296,"3,2"
"1570","Pump.Flow.Based.PAA.Dose + N..Eff..TSS.Conc. + TSS..mg.L. + SACto..1.m. + NSEC.Effluent.OP + NSEC.Effluent.TSS",0.233558507888638,0.785281506602809,"3,2"
"1571","Pump.Flow.Based.PAA.Dose + N..Eff..TSS.Conc. + TSS..mg.L. + SACto..1.m. + NSEC.Effluent.OP + NSEC.Effluent.NO5",0.286932764430519,0.768175522885607,"3,2"
"1572","Pump.Flow.Based.PAA.Dose + N..Eff..TSS.Conc. + TSS..mg.L. + SACto..1.m. + NSEC.Effluent.OP + NSEC.Effluent.Flow",0.164125111706036,0.838712155004052,"3,2"
"1573","Pump.Flow.Based.PAA.Dose + N..Eff..TSS.Conc. + TSS..mg.L. + SACto..1.m. + NSEC.Effluent.TSS + NSEC.Effluent.NO5",0.415786492263132,0.774487289997323,"3,2"
"1574","Pump.Flow.Based.PAA.Dose + N..Eff..TSS.Conc. + TSS..mg.L. + SACto..1.m. + NSEC.Effluent.TSS + NSEC.Effluent.Flow",0.163031458688168,0.843643146642993,"3,2"
"1575","Pump.Flow.Based.PAA.Dose + N..Eff..TSS.Conc. + TSS..mg.L. + SACto..1.m. + NSEC.Effluent.NO5 + NSEC.Effluent.Flow",0.235185803592306,0.822263018605497,"3,2"
"1576","Pump.Flow.Based.PAA.Dose + N..Eff..TSS.Conc. + TSS..mg.L. + NSEC.Aerobic.SRT + NSEC.Effluent.NH3 + NSEC.Effluent.NO3",0.34212964877851,0.783112124301901,"3,2"
"1577","Pump.Flow.Based.PAA.Dose + N..Eff..TSS.Conc. + TSS..mg.L. + NSEC.Aerobic.SRT + NSEC.Effluent.NH3 + NSEC.Effluent.OP",0.303167583788693,0.792486184881033,"3,2"
"1578","Pump.Flow.Based.PAA.Dose + N..Eff..TSS.Conc. + TSS..mg.L. + NSEC.Aerobic.SRT + NSEC.Effluent.NH3 + NSEC.Effluent.TSS",0.30715617331244,0.725249191873587,"3,2"
"1579","Pump.Flow.Based.PAA.Dose + N..Eff..TSS.Conc. + TSS..mg.L. + NSEC.Aerobic.SRT + NSEC.Effluent.NH3 + NSEC.Effluent.NO5",0.271634536787938,0.753456622326323,"3,2"
"1580","Pump.Flow.Based.PAA.Dose + N..Eff..TSS.Conc. + TSS..mg.L. + NSEC.Aerobic.SRT + NSEC.Effluent.NH3 + NSEC.Effluent.Flow",0.300815532280435,0.851075829430159,"3,2"
"1581","Pump.Flow.Based.PAA.Dose + N..Eff..TSS.Conc. + TSS..mg.L. + NSEC.Aerobic.SRT + NSEC.Effluent.NO3 + NSEC.Effluent.OP",0.193698953104032,0.0355544271032453,"3,2"
"1582","Pump.Flow.Based.PAA.Dose + N..Eff..TSS.Conc. + TSS..mg.L. + NSEC.Aerobic.SRT + NSEC.Effluent.NO3 + NSEC.Effluent.TSS",0.267230325887889,0.745753740679958,"3,2"
"1583","Pump.Flow.Based.PAA.Dose + N..Eff..TSS.Conc. + TSS..mg.L. + NSEC.Aerobic.SRT + NSEC.Effluent.NO3 + NSEC.Effluent.NO5",0.289369054738252,0.800574791901682,"3,2"
"1584","Pump.Flow.Based.PAA.Dose + N..Eff..TSS.Conc. + TSS..mg.L. + NSEC.Aerobic.SRT + NSEC.Effluent.NO3 + NSEC.Effluent.Flow",0.197413306482334,0.809594337117866,"3,2"
"1585","Pump.Flow.Based.PAA.Dose + N..Eff..TSS.Conc. + TSS..mg.L. + NSEC.Aerobic.SRT + NSEC.Effluent.OP + NSEC.Effluent.TSS",0.315242076377697,0.746913520509843,"3,2"
"1586","Pump.Flow.Based.PAA.Dose + N..Eff..TSS.Conc. + TSS..mg.L. + NSEC.Aerobic.SRT + NSEC.Effluent.OP + NSEC.Effluent.NO5",0.285246857430665,0.770736995119166,"3,2"
"1587","Pump.Flow.Based.PAA.Dose + N..Eff..TSS.Conc. + TSS..mg.L. + NSEC.Aerobic.SRT + NSEC.Effluent.OP + NSEC.Effluent.Flow",0.244472253805174,0.799554139183264,"3,2"
"1588","Pump.Flow.Based.PAA.Dose + N..Eff..TSS.Conc. + TSS..mg.L. + NSEC.Aerobic.SRT + NSEC.Effluent.TSS + NSEC.Effluent.NO5",0.270462814635793,0.759317822044501,"3,2"
"1589","Pump.Flow.Based.PAA.Dose + N..Eff..TSS.Conc. + TSS..mg.L. + NSEC.Aerobic.SRT + NSEC.Effluent.TSS + NSEC.Effluent.Flow",0.195157731534232,0.790300258049235,"3,2"
"1590","Pump.Flow.Based.PAA.Dose + N..Eff..TSS.Conc. + TSS..mg.L. + NSEC.Aerobic.SRT + NSEC.Effluent.NO5 + NSEC.Effluent.Flow",0.242325504540383,0.824066223308542,"3,2"
"1591","Pump.Flow.Based.PAA.Dose + N..Eff..TSS.Conc. + TSS..mg.L. + NSEC.Effluent.NH3 + NSEC.Effluent.NO3 + NSEC.Effluent.OP",0.361602627932129,0.744759169933615,"3,2"
"1592","Pump.Flow.Based.PAA.Dose + N..Eff..TSS.Conc. + TSS..mg.L. + NSEC.Effluent.NH3 + NSEC.Effluent.NO3 + NSEC.Effluent.TSS",0.361451473530479,0.770527051863957,"3,2"
"1593","Pump.Flow.Based.PAA.Dose + N..Eff..TSS.Conc. + TSS..mg.L. + NSEC.Effluent.NH3 + NSEC.Effluent.NO3 + NSEC.Effluent.NO5",0.366810560990237,0.791954654095715,"3,2"
"1594","Pump.Flow.Based.PAA.Dose + N..Eff..TSS.Conc. + TSS..mg.L. + NSEC.Effluent.NH3 + NSEC.Effluent.NO3 + NSEC.Effluent.Flow",0.263887297368111,0.844759818188908,"3,2"
"1595","Pump.Flow.Based.PAA.Dose + N..Eff..TSS.Conc. + TSS..mg.L. + NSEC.Effluent.NH3 + NSEC.Effluent.OP + NSEC.Effluent.TSS",0.351519460460142,0.772503439185757,"3,2"
"1596","Pump.Flow.Based.PAA.Dose + N..Eff..TSS.Conc. + TSS..mg.L. + NSEC.Effluent.NH3 + NSEC.Effluent.OP + NSEC.Effluent.NO5",0.373701424917582,0.784946579181162,"3,2"
"1597","Pump.Flow.Based.PAA.Dose + N..Eff..TSS.Conc. + TSS..mg.L. + NSEC.Effluent.NH3 + NSEC.Effluent.OP + NSEC.Effluent.Flow",0.248048808403464,0.823386897614936,"3,2"
"1598","Pump.Flow.Based.PAA.Dose + N..Eff..TSS.Conc. + TSS..mg.L. + NSEC.Effluent.NH3 + NSEC.Effluent.TSS + NSEC.Effluent.NO5",0.481496442192201,0.801674108934794,"3,2"
"1599","Pump.Flow.Based.PAA.Dose + N..Eff..TSS.Conc. + TSS..mg.L. + NSEC.Effluent.NH3 + NSEC.Effluent.TSS + NSEC.Effluent.Flow",0.276076489064312,0.818237193368625,"3,2"
"1600","Pump.Flow.Based.PAA.Dose + N..Eff..TSS.Conc. + TSS..mg.L. + NSEC.Effluent.NH3 + NSEC.Effluent.NO5 + NSEC.Effluent.Flow",0.227185908607641,0.844054448682344,"3,2"
"1601","Pump.Flow.Based.PAA.Dose + N..Eff..TSS.Conc. + TSS..mg.L. + NSEC.Effluent.NO3 + NSEC.Effluent.OP + NSEC.Effluent.TSS",0.404738615298105,0.777087154385106,"3,2"
"1602","Pump.Flow.Based.PAA.Dose + N..Eff..TSS.Conc. + TSS..mg.L. + NSEC.Effluent.NO3 + NSEC.Effluent.OP + NSEC.Effluent.NO5",0.4078258720841,0.748880128621083,"3,2"
"1603","Pump.Flow.Based.PAA.Dose + N..Eff..TSS.Conc. + TSS..mg.L. + NSEC.Effluent.NO3 + NSEC.Effluent.OP + NSEC.Effluent.Flow",0.281754572484794,0.820895171619138,"3,2"
"1604","Pump.Flow.Based.PAA.Dose + N..Eff..TSS.Conc. + TSS..mg.L. + NSEC.Effluent.NO3 + NSEC.Effluent.TSS + NSEC.Effluent.NO5",0.362283703553151,0.796538611077227,"3,2"
"1605","Pump.Flow.Based.PAA.Dose + N..Eff..TSS.Conc. + TSS..mg.L. + NSEC.Effluent.NO3 + NSEC.Effluent.TSS + NSEC.Effluent.Flow",0.250639159347239,0.811380087703788,"3,2"
"1606","Pump.Flow.Based.PAA.Dose + N..Eff..TSS.Conc. + TSS..mg.L. + NSEC.Effluent.NO3 + NSEC.Effluent.NO5 + NSEC.Effluent.Flow",0.291026636392288,0.818845798903504,"3,2"
"1607","Pump.Flow.Based.PAA.Dose + N..Eff..TSS.Conc. + TSS..mg.L. + NSEC.Effluent.OP + NSEC.Effluent.TSS + NSEC.Effluent.NO5",0.42979043892121,0.781084519343285,"3,2"
"1608","Pump.Flow.Based.PAA.Dose + N..Eff..TSS.Conc. + TSS..mg.L. + NSEC.Effluent.OP + NSEC.Effluent.TSS + NSEC.Effluent.Flow",0.318602473110596,0.823698913639805,"3,2"
"1609","Pump.Flow.Based.PAA.Dose + N..Eff..TSS.Conc. + TSS..mg.L. + NSEC.Effluent.OP + NSEC.Effluent.NO5 + NSEC.Effluent.Flow",0.310391529894539,0.825154492145635,"3,2"
"1610","Pump.Flow.Based.PAA.Dose + N..Eff..TSS.Conc. + TSS..mg.L. + NSEC.Effluent.TSS + NSEC.Effluent.NO5 + NSEC.Effluent.Flow",0.280238874951683,0.83653726241253,"3,2"
"1611","Pump.Flow.Based.PAA.Dose + N..Eff..TSS.Conc. + UVT.... + CODds..mg.L. + SACto..1.m. + NSEC.Aerobic.SRT",0.366640231594772,0.747007927363095,"3,2"
"1612","Pump.Flow.Based.PAA.Dose + N..Eff..TSS.Conc. + UVT.... + CODds..mg.L. + SACto..1.m. + NSEC.Effluent.NH3",0.362803829485773,0.79019849265571,"3,2"
"1613","Pump.Flow.Based.PAA.Dose + N..Eff..TSS.Conc. + UVT.... + CODds..mg.L. + SACto..1.m. + NSEC.Effluent.NO3",0.235459083419944,0.753767327018519,"3,2"
"1614","Pump.Flow.Based.PAA.Dose + N..Eff..TSS.Conc. + UVT.... + CODds..mg.L. + SACto..1.m. + NSEC.Effluent.OP",0.267943424862537,0.752825583103197,"3,2"
"1615","Pump.Flow.Based.PAA.Dose + N..Eff..TSS.Conc. + UVT.... + CODds..mg.L. + SACto..1.m. + NSEC.Effluent.TSS",0.22317358416552,0.783595492242118,"3,2"
"1616","Pump.Flow.Based.PAA.Dose + N..Eff..TSS.Conc. + UVT.... + CODds..mg.L. + SACto..1.m. + NSEC.Effluent.NO5",0.268041019737975,0.777149966606872,"3,2"
"1617","Pump.Flow.Based.PAA.Dose + N..Eff..TSS.Conc. + UVT.... + CODds..mg.L. + SACto..1.m. + NSEC.Effluent.Flow",0.169086654459906,0.79909183557303,"3,2"
"1618","Pump.Flow.Based.PAA.Dose + N..Eff..TSS.Conc. + UVT.... + CODds..mg.L. + NSEC.Aerobic.SRT + NSEC.Effluent.NH3",0.239774008005346,0.744257583762622,"3,2"
"1619","Pump.Flow.Based.PAA.Dose + N..Eff..TSS.Conc. + UVT.... + CODds..mg.L. + NSEC.Aerobic.SRT + NSEC.Effluent.NO3",0.289301825104793,0.747964922176079,"3,2"
"1620","Pump.Flow.Based.PAA.Dose + N..Eff..TSS.Conc. + UVT.... + CODds..mg.L. + NSEC.Aerobic.SRT + NSEC.Effluent.OP",0.32780025054528,0.756405923455398,"3,2"
"1621","Pump.Flow.Based.PAA.Dose + N..Eff..TSS.Conc. + UVT.... + CODds..mg.L. + NSEC.Aerobic.SRT + NSEC.Effluent.TSS",0.193893546932421,0.33806722659816,"3,2"
"1622","Pump.Flow.Based.PAA.Dose + N..Eff..TSS.Conc. + UVT.... + CODds..mg.L. + NSEC.Aerobic.SRT + NSEC.Effluent.NO5",0.20538365671056,0.742404694023458,"3,2"
"1623","Pump.Flow.Based.PAA.Dose + N..Eff..TSS.Conc. + UVT.... + CODds..mg.L. + NSEC.Aerobic.SRT + NSEC.Effluent.Flow",0.11870241547445,0.835885535476654,"3,2"
"1624","Pump.Flow.Based.PAA.Dose + N..Eff..TSS.Conc. + UVT.... + CODds..mg.L. + NSEC.Effluent.NH3 + NSEC.Effluent.NO3",0.259899570363907,0.754034818607036,"3,2"
"1625","Pump.Flow.Based.PAA.Dose + N..Eff..TSS.Conc. + UVT.... + CODds..mg.L. + NSEC.Effluent.NH3 + NSEC.Effluent.OP",0.277026759284751,0.771046042609442,"3,2"
"1626","Pump.Flow.Based.PAA.Dose + N..Eff..TSS.Conc. + UVT.... + CODds..mg.L. + NSEC.Effluent.NH3 + NSEC.Effluent.TSS",0.17419660821138,0.78041596876034,"3,2"
"1627","Pump.Flow.Based.PAA.Dose + N..Eff..TSS.Conc. + UVT.... + CODds..mg.L. + NSEC.Effluent.NH3 + NSEC.Effluent.NO5",0.227212078857591,0.756873086311805,"3,2"
"1628","Pump.Flow.Based.PAA.Dose + N..Eff..TSS.Conc. + UVT.... + CODds..mg.L. + NSEC.Effluent.NH3 + NSEC.Effluent.Flow",0.126297020856409,0.815131074317881,"3,2"
"1629","Pump.Flow.Based.PAA.Dose + N..Eff..TSS.Conc. + UVT.... + CODds..mg.L. + NSEC.Effluent.NO3 + NSEC.Effluent.OP",0.245217588901382,0.769093455577296,"3,2"
"1630","Pump.Flow.Based.PAA.Dose + N..Eff..TSS.Conc. + UVT.... + CODds..mg.L. + NSEC.Effluent.NO3 + NSEC.Effluent.TSS",0.319704349467621,0.725873664864388,"3,2"
"1631","Pump.Flow.Based.PAA.Dose + N..Eff..TSS.Conc. + UVT.... + CODds..mg.L. + NSEC.Effluent.NO3 + NSEC.Effluent.NO5",0.298997153915432,0.788587661145045,"3,2"
"1632","Pump.Flow.Based.PAA.Dose + N..Eff..TSS.Conc. + UVT.... + CODds..mg.L. + NSEC.Effluent.NO3 + NSEC.Effluent.Flow",0.113435965307382,0.814488506168391,"3,2"
"1633","Pump.Flow.Based.PAA.Dose + N..Eff..TSS.Conc. + UVT.... + CODds..mg.L. + NSEC.Effluent.OP + NSEC.Effluent.TSS",0.212464322967403,0.747281777409462,"3,2"
"1634","Pump.Flow.Based.PAA.Dose + N..Eff..TSS.Conc. + UVT.... + CODds..mg.L. + NSEC.Effluent.OP + NSEC.Effluent.NO5",0.32384221048715,0.770072420005324,"3,2"
"1635","Pump.Flow.Based.PAA.Dose + N..Eff..TSS.Conc. + UVT.... + CODds..mg.L. + NSEC.Effluent.OP + NSEC.Effluent.Flow",0.276290499504234,0.842712160824027,"3,2"
"1636","Pump.Flow.Based.PAA.Dose + N..Eff..TSS.Conc. + UVT.... + CODds..mg.L. + NSEC.Effluent.TSS + NSEC.Effluent.NO5",0.178543458123686,0.78140365365807,"3,2"
"1637","Pump.Flow.Based.PAA.Dose + N..Eff..TSS.Conc. + UVT.... + CODds..mg.L. + NSEC.Effluent.TSS + NSEC.Effluent.Flow",0.156255179718562,0.813070348786556,"3,2"
"1638","Pump.Flow.Based.PAA.Dose + N..Eff..TSS.Conc. + UVT.... + CODds..mg.L. + NSEC.Effluent.NO5 + NSEC.Effluent.Flow",0.162504748714467,0.837590538213743,"3,2"
"1639","Pump.Flow.Based.PAA.Dose + N..Eff..TSS.Conc. + UVT.... + SACto..1.m. + NSEC.Aerobic.SRT + NSEC.Effluent.NH3",0.244153397258559,0.760739759569145,"3,2"
"1640","Pump.Flow.Based.PAA.Dose + N..Eff..TSS.Conc. + UVT.... + SACto..1.m. + NSEC.Aerobic.SRT + NSEC.Effluent.NO3",0.296787962901095,0.736973730840686,"3,2"
"1641","Pump.Flow.Based.PAA.Dose + N..Eff..TSS.Conc. + UVT.... + SACto..1.m. + NSEC.Aerobic.SRT + NSEC.Effluent.OP",0.237391635768462,0.780613081268353,"3,2"
"1642","Pump.Flow.Based.PAA.Dose + N..Eff..TSS.Conc. + UVT.... + SACto..1.m. + NSEC.Aerobic.SRT + NSEC.Effluent.TSS",0.25468498041104,0.747240440187895,"3,2"
"1643","Pump.Flow.Based.PAA.Dose + N..Eff..TSS.Conc. + UVT.... + SACto..1.m. + NSEC.Aerobic.SRT + NSEC.Effluent.NO5",0.287168329119093,0.767012599942599,"3,2"
"1644","Pump.Flow.Based.PAA.Dose + N..Eff..TSS.Conc. + UVT.... + SACto..1.m. + NSEC.Aerobic.SRT + NSEC.Effluent.Flow",0.227058862552009,0.840177616585558,"3,2"
"1645","Pump.Flow.Based.PAA.Dose + N..Eff..TSS.Conc. + UVT.... + SACto..1.m. + NSEC.Effluent.NH3 + NSEC.Effluent.NO3",0.391875639681103,0.773334799084475,"3,2"
"1646","Pump.Flow.Based.PAA.Dose + N..Eff..TSS.Conc. + UVT.... + SACto..1.m. + NSEC.Effluent.NH3 + NSEC.Effluent.OP",0.33878278258114,0.774318690418004,"3,2"
"1647","Pump.Flow.Based.PAA.Dose + N..Eff..TSS.Conc. + UVT.... + SACto..1.m. + NSEC.Effluent.NH3 + NSEC.Effluent.TSS",0.495502380986218,0.797651620084797,"3,2"
"1648","Pump.Flow.Based.PAA.Dose + N..Eff..TSS.Conc. + UVT.... + SACto..1.m. + NSEC.Effluent.NH3 + NSEC.Effluent.NO5",0.328146214356269,0.754155417017097,"3,2"
"1649","Pump.Flow.Based.PAA.Dose + N..Eff..TSS.Conc. + UVT.... + SACto..1.m. + NSEC.Effluent.NH3 + NSEC.Effluent.Flow",0.207082052858442,0.798335819131709,"3,2"
"1650","Pump.Flow.Based.PAA.Dose + N..Eff..TSS.Conc. + UVT.... + SACto..1.m. + NSEC.Effluent.NO3 + NSEC.Effluent.OP",0.329224224570706,0.780993100643955,"3,2"
"1651","Pump.Flow.Based.PAA.Dose + N..Eff..TSS.Conc. + UVT.... + SACto..1.m. + NSEC.Effluent.NO3 + NSEC.Effluent.TSS",0.388390073354697,0.777760776264426,"3,2"
"1652","Pump.Flow.Based.PAA.Dose + N..Eff..TSS.Conc. + UVT.... + SACto..1.m. + NSEC.Effluent.NO3 + NSEC.Effluent.NO5",0.337899139448047,0.760234043737678,"3,2"
"1653","Pump.Flow.Based.PAA.Dose + N..Eff..TSS.Conc. + UVT.... + SACto..1.m. + NSEC.Effluent.NO3 + NSEC.Effluent.Flow",0.217398206218492,0.808593450308083,"3,2"
"1654","Pump.Flow.Based.PAA.Dose + N..Eff..TSS.Conc. + UVT.... + SACto..1.m. + NSEC.Effluent.OP + NSEC.Effluent.TSS",0.38561111194025,0.764312206268277,"3,2"
"1655","Pump.Flow.Based.PAA.Dose + N..Eff..TSS.Conc. + UVT.... + SACto..1.m. + NSEC.Effluent.OP + NSEC.Effluent.NO5",0.380840476602599,0.793896144526302,"3,2"
"1656","Pump.Flow.Based.PAA.Dose + N..Eff..TSS.Conc. + UVT.... + SACto..1.m. + NSEC.Effluent.OP + NSEC.Effluent.Flow",0.230801490857388,0.785465998609677,"3,2"
"1657","Pump.Flow.Based.PAA.Dose + N..Eff..TSS.Conc. + UVT.... + SACto..1.m. + NSEC.Effluent.TSS + NSEC.Effluent.NO5",0.459910088575378,0.781642608687123,"3,2"
"1658","Pump.Flow.Based.PAA.Dose + N..Eff..TSS.Conc. + UVT.... + SACto..1.m. + NSEC.Effluent.TSS + NSEC.Effluent.Flow",0.285628584199452,0.806973394152839,"3,2"
"1659","Pump.Flow.Based.PAA.Dose + N..Eff..TSS.Conc. + UVT.... + SACto..1.m. + NSEC.Effluent.NO5 + NSEC.Effluent.Flow",0.308602362825384,0.828206141232096,"3,2"
"1660","Pump.Flow.Based.PAA.Dose + N..Eff..TSS.Conc. + UVT.... + NSEC.Aerobic.SRT + NSEC.Effluent.NH3 + NSEC.Effluent.NO3",0.309330387756504,0.78959647446664,"3,2"
"1661","Pump.Flow.Based.PAA.Dose + N..Eff..TSS.Conc. + UVT.... + NSEC.Aerobic.SRT + NSEC.Effluent.NH3 + NSEC.Effluent.OP",0.318018732022276,0.791673818833144,"3,2"
"1662","Pump.Flow.Based.PAA.Dose + N..Eff..TSS.Conc. + UVT.... + NSEC.Aerobic.SRT + NSEC.Effluent.NH3 + NSEC.Effluent.TSS",0.388714538034425,0.784122100236386,"3,2"
"1663","Pump.Flow.Based.PAA.Dose + N..Eff..TSS.Conc. + UVT.... + NSEC.Aerobic.SRT + NSEC.Effluent.NH3 + NSEC.Effluent.NO5",0.349493423733693,0.798183625292163,"3,2"
"1664","Pump.Flow.Based.PAA.Dose + N..Eff..TSS.Conc. + UVT.... + NSEC.Aerobic.SRT + NSEC.Effluent.NH3 + NSEC.Effluent.Flow",0.269213799002278,0.817614252902045,"3,2"
"1665","Pump.Flow.Based.PAA.Dose + N..Eff..TSS.Conc. + UVT.... + NSEC.Aerobic.SRT + NSEC.Effluent.NO3 + NSEC.Effluent.OP",0.143111931483713,0.779822210988039,"3,2"
"1666","Pump.Flow.Based.PAA.Dose + N..Eff..TSS.Conc. + UVT.... + NSEC.Aerobic.SRT + NSEC.Effluent.NO3 + NSEC.Effluent.TSS",0.284832361170539,0.767187171366675,"3,2"
"1667","Pump.Flow.Based.PAA.Dose + N..Eff..TSS.Conc. + UVT.... + NSEC.Aerobic.SRT + NSEC.Effluent.NO3 + NSEC.Effluent.NO5",0.247907936244304,0.75129753228782,"3,2"
"1668","Pump.Flow.Based.PAA.Dose + N..Eff..TSS.Conc. + UVT.... + NSEC.Aerobic.SRT + NSEC.Effluent.NO3 + NSEC.Effluent.Flow",0.32761329095494,0.843606659836882,"3,2"
"1669","Pump.Flow.Based.PAA.Dose + N..Eff..TSS.Conc. + UVT.... + NSEC.Aerobic.SRT + NSEC.Effluent.OP + NSEC.Effluent.TSS",0.257911438667454,0.770710455999876,"3,2"
"1670","Pump.Flow.Based.PAA.Dose + N..Eff..TSS.Conc. + UVT.... + NSEC.Aerobic.SRT + NSEC.Effluent.OP + NSEC.Effluent.NO5",0.327894992146243,0.747922519166222,"3,2"
"1671","Pump.Flow.Based.PAA.Dose + N..Eff..TSS.Conc. + UVT.... + NSEC.Aerobic.SRT + NSEC.Effluent.OP + NSEC.Effluent.Flow",0.255191331888185,0.811874308101,"3,2"
"1672","Pump.Flow.Based.PAA.Dose + N..Eff..TSS.Conc. + UVT.... + NSEC.Aerobic.SRT + NSEC.Effluent.TSS + NSEC.Effluent.NO5",0.318082856581836,0.772008024088513,"3,2"
"1673","Pump.Flow.Based.PAA.Dose + N..Eff..TSS.Conc. + UVT.... + NSEC.Aerobic.SRT + NSEC.Effluent.TSS + NSEC.Effluent.Flow",0.137951020809469,0.792655015569535,"3,2"
"1674","Pump.Flow.Based.PAA.Dose + N..Eff..TSS.Conc. + UVT.... + NSEC.Aerobic.SRT + NSEC.Effluent.NO5 + NSEC.Effluent.Flow",0.154044275739043,0.832172577688227,"3,2"
"1675","Pump.Flow.Based.PAA.Dose + N..Eff..TSS.Conc. + UVT.... + NSEC.Effluent.NH3 + NSEC.Effluent.NO3 + NSEC.Effluent.OP",0.363754474265974,0.803229403382736,"3,2"
"1676","Pump.Flow.Based.PAA.Dose + N..Eff..TSS.Conc. + UVT.... + NSEC.Effluent.NH3 + NSEC.Effluent.NO3 + NSEC.Effluent.TSS",0.299736998500002,0.750935913282667,"3,2"
"1677","Pump.Flow.Based.PAA.Dose + N..Eff..TSS.Conc. + UVT.... + NSEC.Effluent.NH3 + NSEC.Effluent.NO3 + NSEC.Effluent.NO5",0.358875892191635,0.743437251710695,"3,2"
"1678","Pump.Flow.Based.PAA.Dose + N..Eff..TSS.Conc. + UVT.... + NSEC.Effluent.NH3 + NSEC.Effluent.NO3 + NSEC.Effluent.Flow",0.303481282699009,0.840162220642427,"3,2"
"1679","Pump.Flow.Based.PAA.Dose + N..Eff..TSS.Conc. + UVT.... + NSEC.Effluent.NH3 + NSEC.Effluent.OP + NSEC.Effluent.TSS",0.341880649560823,0.761615778170341,"3,2"
"1680","Pump.Flow.Based.PAA.Dose + N..Eff..TSS.Conc. + UVT.... + NSEC.Effluent.NH3 + NSEC.Effluent.OP + NSEC.Effluent.NO5",0.341611281732571,0.750199380652346,"3,2"
"1681","Pump.Flow.Based.PAA.Dose + N..Eff..TSS.Conc. + UVT.... + NSEC.Effluent.NH3 + NSEC.Effluent.OP + NSEC.Effluent.Flow",0.237778905451868,0.834614242926172,"3,2"
"1682","Pump.Flow.Based.PAA.Dose + N..Eff..TSS.Conc. + UVT.... + NSEC.Effluent.NH3 + NSEC.Effluent.TSS + NSEC.Effluent.NO5",0.508170642515957,0.81007990016768,"3,2"
"1683","Pump.Flow.Based.PAA.Dose + N..Eff..TSS.Conc. + UVT.... + NSEC.Effluent.NH3 + NSEC.Effluent.TSS + NSEC.Effluent.Flow",0.242244583613676,0.80971130058359,"3,2"
"1684","Pump.Flow.Based.PAA.Dose + N..Eff..TSS.Conc. + UVT.... + NSEC.Effluent.NH3 + NSEC.Effluent.NO5 + NSEC.Effluent.Flow",0.256134317761709,0.827063979369102,"3,2"
"1685","Pump.Flow.Based.PAA.Dose + N..Eff..TSS.Conc. + UVT.... + NSEC.Effluent.NO3 + NSEC.Effluent.OP + NSEC.Effluent.TSS",0.357325382450425,0.750680318395785,"3,2"
"1686","Pump.Flow.Based.PAA.Dose + N..Eff..TSS.Conc. + UVT.... + NSEC.Effluent.NO3 + NSEC.Effluent.OP + NSEC.Effluent.NO5",0.415578702210724,0.775641981325798,"3,2"
"1687","Pump.Flow.Based.PAA.Dose + N..Eff..TSS.Conc. + UVT.... + NSEC.Effluent.NO3 + NSEC.Effluent.OP + NSEC.Effluent.Flow",0.189865472889874,0.832705200952245,"3,2"
"1688","Pump.Flow.Based.PAA.Dose + N..Eff..TSS.Conc. + UVT.... + NSEC.Effluent.NO3 + NSEC.Effluent.TSS + NSEC.Effluent.NO5",0.321345984343525,0.747426901092412,"3,2"
"1689","Pump.Flow.Based.PAA.Dose + N..Eff..TSS.Conc. + UVT.... + NSEC.Effluent.NO3 + NSEC.Effluent.TSS + NSEC.Effluent.Flow",0.279406970011488,0.830158277717536,"3,2"
"1690","Pump.Flow.Based.PAA.Dose + N..Eff..TSS.Conc. + UVT.... + NSEC.Effluent.NO3 + NSEC.Effluent.NO5 + NSEC.Effluent.Flow",0.283606047155811,0.837259867053205,"3,2"
"1691","Pump.Flow.Based.PAA.Dose + N..Eff..TSS.Conc. + UVT.... + NSEC.Effluent.OP + NSEC.Effluent.TSS + NSEC.Effluent.NO5",0.396698744212681,0.761841089065913,"3,2"
"1692","Pump.Flow.Based.PAA.Dose + N..Eff..TSS.Conc. + UVT.... + NSEC.Effluent.OP + NSEC.Effluent.TSS + NSEC.Effluent.Flow",0.19679241436886,0.815272604062647,"3,2"
"1693","Pump.Flow.Based.PAA.Dose + N..Eff..TSS.Conc. + UVT.... + NSEC.Effluent.OP + NSEC.Effluent.NO5 + NSEC.Effluent.Flow",0.192513891480688,0.856764579395562,"3,2"
"1694","Pump.Flow.Based.PAA.Dose + N..Eff..TSS.Conc. + UVT.... + NSEC.Effluent.TSS + NSEC.Effluent.NO5 + NSEC.Effluent.Flow",0.206957111548348,0.81727434439638,"3,2"
"1695","Pump.Flow.Based.PAA.Dose + N..Eff..TSS.Conc. + CODds..mg.L. + SACto..1.m. + NSEC.Aerobic.SRT + NSEC.Effluent.NH3",0.241118239368606,0.745587749971652,"3,2"
"1696","Pump.Flow.Based.PAA.Dose + N..Eff..TSS.Conc. + CODds..mg.L. + SACto..1.m. + NSEC.Aerobic.SRT + NSEC.Effluent.NO3",0.219480569344745,0.762126962030756,"3,2"
"1697","Pump.Flow.Based.PAA.Dose + N..Eff..TSS.Conc. + CODds..mg.L. + SACto..1.m. + NSEC.Aerobic.SRT + NSEC.Effluent.OP",0.23334298709174,0.754929142453591,"3,2"
"1698","Pump.Flow.Based.PAA.Dose + N..Eff..TSS.Conc. + CODds..mg.L. + SACto..1.m. + NSEC.Aerobic.SRT + NSEC.Effluent.TSS",0.191803237725044,0.724664425422756,"3,2"
"1699","Pump.Flow.Based.PAA.Dose + N..Eff..TSS.Conc. + CODds..mg.L. + SACto..1.m. + NSEC.Aerobic.SRT + NSEC.Effluent.NO5",0.205183314368995,0.740710043445422,"3,2"
"1700","Pump.Flow.Based.PAA.Dose + N..Eff..TSS.Conc. + CODds..mg.L. + SACto..1.m. + NSEC.Aerobic.SRT + NSEC.Effluent.Flow",0.156308000589102,0.844100600178933,"3,2"
"1701","Pump.Flow.Based.PAA.Dose + N..Eff..TSS.Conc. + CODds..mg.L. + SACto..1.m. + NSEC.Effluent.NH3 + NSEC.Effluent.NO3",0.287232876973287,0.755658744615085,"3,2"
"1702","Pump.Flow.Based.PAA.Dose + N..Eff..TSS.Conc. + CODds..mg.L. + SACto..1.m. + NSEC.Effluent.NH3 + NSEC.Effluent.OP",0.186221500045625,0.786917319926408,"3,2"
"1703","Pump.Flow.Based.PAA.Dose + N..Eff..TSS.Conc. + CODds..mg.L. + SACto..1.m. + NSEC.Effluent.NH3 + NSEC.Effluent.TSS",0.236497243566939,0.775876544721322,"3,2"
"1704","Pump.Flow.Based.PAA.Dose + N..Eff..TSS.Conc. + CODds..mg.L. + SACto..1.m. + NSEC.Effluent.NH3 + NSEC.Effluent.NO5",0.245999712805919,0.764226290445719,"3,2"
"1705","Pump.Flow.Based.PAA.Dose + N..Eff..TSS.Conc. + CODds..mg.L. + SACto..1.m. + NSEC.Effluent.NH3 + NSEC.Effluent.Flow",0.174905199511578,0.84052685365311,"3,2"
"1706","Pump.Flow.Based.PAA.Dose + N..Eff..TSS.Conc. + CODds..mg.L. + SACto..1.m. + NSEC.Effluent.NO3 + NSEC.Effluent.OP",0.251329762817689,0.769569551717783,"3,2"
"1707","Pump.Flow.Based.PAA.Dose + N..Eff..TSS.Conc. + CODds..mg.L. + SACto..1.m. + NSEC.Effluent.NO3 + NSEC.Effluent.TSS",0.341473099667168,0.821862928309442,"3,2"
"1708","Pump.Flow.Based.PAA.Dose + N..Eff..TSS.Conc. + CODds..mg.L. + SACto..1.m. + NSEC.Effluent.NO3 + NSEC.Effluent.NO5",0.268193611137516,0.743142208763122,"3,2"
"1709","Pump.Flow.Based.PAA.Dose + N..Eff..TSS.Conc. + CODds..mg.L. + SACto..1.m. + NSEC.Effluent.NO3 + NSEC.Effluent.Flow",0.15998563843337,0.850269039039545,"3,2"
"1710","Pump.Flow.Based.PAA.Dose + N..Eff..TSS.Conc. + CODds..mg.L. + SACto..1.m. + NSEC.Effluent.OP + NSEC.Effluent.TSS",0.215629487646199,0.776851592566083,"3,2"
"1711","Pump.Flow.Based.PAA.Dose + N..Eff..TSS.Conc. + CODds..mg.L. + SACto..1.m. + NSEC.Effluent.OP + NSEC.Effluent.NO5",0.247622309783669,0.777811241420469,"3,2"
"1712","Pump.Flow.Based.PAA.Dose + N..Eff..TSS.Conc. + CODds..mg.L. + SACto..1.m. + NSEC.Effluent.OP + NSEC.Effluent.Flow",0.173841963594985,0.82320452520594,"3,2"
"1713","Pump.Flow.Based.PAA.Dose + N..Eff..TSS.Conc. + CODds..mg.L. + SACto..1.m. + NSEC.Effluent.TSS + NSEC.Effluent.NO5",0.285249815206121,0.800109020732228,"3,2"
"1714","Pump.Flow.Based.PAA.Dose + N..Eff..TSS.Conc. + CODds..mg.L. + SACto..1.m. + NSEC.Effluent.TSS + NSEC.Effluent.Flow",0.186885560121417,0.828193823476171,"3,2"
"1715","Pump.Flow.Based.PAA.Dose + N..Eff..TSS.Conc. + CODds..mg.L. + SACto..1.m. + NSEC.Effluent.NO5 + NSEC.Effluent.Flow",0.219247465032939,0.860247289086261,"3,2"
"1716","Pump.Flow.Based.PAA.Dose + N..Eff..TSS.Conc. + CODds..mg.L. + NSEC.Aerobic.SRT + NSEC.Effluent.NH3 + NSEC.Effluent.NO3",0.307036073073614,0.786379529739972,"3,2"
"1717","Pump.Flow.Based.PAA.Dose + N..Eff..TSS.Conc. + CODds..mg.L. + NSEC.Aerobic.SRT + NSEC.Effluent.NH3 + NSEC.Effluent.OP",0.319651534179405,0.761278300381341,"3,2"
"1718","Pump.Flow.Based.PAA.Dose + N..Eff..TSS.Conc. + CODds..mg.L. + NSEC.Aerobic.SRT + NSEC.Effluent.NH3 + NSEC.Effluent.TSS",0.313174927309272,0.775668122374084,"3,2"
"1719","Pump.Flow.Based.PAA.Dose + N..Eff..TSS.Conc. + CODds..mg.L. + NSEC.Aerobic.SRT + NSEC.Effluent.NH3 + NSEC.Effluent.NO5",0.257378933153043,0.737722482143724,"3,2"
"1720","Pump.Flow.Based.PAA.Dose + N..Eff..TSS.Conc. + CODds..mg.L. + NSEC.Aerobic.SRT + NSEC.Effluent.NH3 + NSEC.Effluent.Flow",0.272623223682398,0.816337994385198,"3,2"
"1721","Pump.Flow.Based.PAA.Dose + N..Eff..TSS.Conc. + CODds..mg.L. + NSEC.Aerobic.SRT + NSEC.Effluent.NO3 + NSEC.Effluent.OP",0.296971875710751,0.763301450759529,"3,2"
"1722","Pump.Flow.Based.PAA.Dose + N..Eff..TSS.Conc. + CODds..mg.L. + NSEC.Aerobic.SRT + NSEC.Effluent.NO3 + NSEC.Effluent.TSS",0.261509788425002,0.744856075254723,"3,2"
"1723","Pump.Flow.Based.PAA.Dose + N..Eff..TSS.Conc. + CODds..mg.L. + NSEC.Aerobic.SRT + NSEC.Effluent.NO3 + NSEC.Effluent.NO5",0.330168155614464,0.777582859895148,"3,2"
"1724","Pump.Flow.Based.PAA.Dose + N..Eff..TSS.Conc. + CODds..mg.L. + NSEC.Aerobic.SRT + NSEC.Effluent.NO3 + NSEC.Effluent.Flow",0.262103668077598,0.825289217076566,"3,2"
"1725","Pump.Flow.Based.PAA.Dose + N..Eff..TSS.Conc. + CODds..mg.L. + NSEC.Aerobic.SRT + NSEC.Effluent.OP + NSEC.Effluent.TSS",0.269952799101558,0.735976711610722,"3,2"
"1726","Pump.Flow.Based.PAA.Dose + N..Eff..TSS.Conc. + CODds..mg.L. + NSEC.Aerobic.SRT + NSEC.Effluent.OP + NSEC.Effluent.NO5",0.30842858667489,0.75849522949541,"3,2"
"1727","Pump.Flow.Based.PAA.Dose + N..Eff..TSS.Conc. + CODds..mg.L. + NSEC.Aerobic.SRT + NSEC.Effluent.OP + NSEC.Effluent.Flow",0.166026482743477,0.80738228408283,"3,2"
"1728","Pump.Flow.Based.PAA.Dose + N..Eff..TSS.Conc. + CODds..mg.L. + NSEC.Aerobic.SRT + NSEC.Effluent.TSS + NSEC.Effluent.NO5",0.270846156981538,0.736507139031303,"3,2"
"1729","Pump.Flow.Based.PAA.Dose + N..Eff..TSS.Conc. + CODds..mg.L. + NSEC.Aerobic.SRT + NSEC.Effluent.TSS + NSEC.Effluent.Flow",0.105266971143293,0.839400893850357,"3,2"
"1730","Pump.Flow.Based.PAA.Dose + N..Eff..TSS.Conc. + CODds..mg.L. + NSEC.Aerobic.SRT + NSEC.Effluent.NO5 + NSEC.Effluent.Flow",0.210911866613817,0.823418104810742,"3,2"
"1731","Pump.Flow.Based.PAA.Dose + N..Eff..TSS.Conc. + CODds..mg.L. + NSEC.Effluent.NH3 + NSEC.Effluent.NO3 + NSEC.Effluent.OP",0.290446500248225,0.747338536304598,"3,2"
"1732","Pump.Flow.Based.PAA.Dose + N..Eff..TSS.Conc. + CODds..mg.L. + NSEC.Effluent.NH3 + NSEC.Effluent.NO3 + NSEC.Effluent.TSS",0.30446827569983,0.763198404618386,"3,2"
"1733","Pump.Flow.Based.PAA.Dose + N..Eff..TSS.Conc. + CODds..mg.L. + NSEC.Effluent.NH3 + NSEC.Effluent.NO3 + NSEC.Effluent.NO5",0.288743892103465,0.761883189285258,"3,2"
"1734","Pump.Flow.Based.PAA.Dose + N..Eff..TSS.Conc. + CODds..mg.L. + NSEC.Effluent.NH3 + NSEC.Effluent.NO3 + NSEC.Effluent.Flow",0.221720856380389,0.832844704940446,"3,2"
"1735","Pump.Flow.Based.PAA.Dose + N..Eff..TSS.Conc. + CODds..mg.L. + NSEC.Effluent.NH3 + NSEC.Effluent.OP + NSEC.Effluent.TSS",0.369902546740865,0.685701971427598,"3,2"
"1736","Pump.Flow.Based.PAA.Dose + N..Eff..TSS.Conc. + CODds..mg.L. + NSEC.Effluent.NH3 + NSEC.Effluent.OP + NSEC.Effluent.NO5",0.29081732834813,0.763304047048015,"3,2"
"1737","Pump.Flow.Based.PAA.Dose + N..Eff..TSS.Conc. + CODds..mg.L. + NSEC.Effluent.NH3 + NSEC.Effluent.OP + NSEC.Effluent.Flow",0.243816726355984,0.852289443466982,"3,2"
"1738","Pump.Flow.Based.PAA.Dose + N..Eff..TSS.Conc. + CODds..mg.L. + NSEC.Effluent.NH3 + NSEC.Effluent.TSS + NSEC.Effluent.NO5",0.323337749407401,0.747027915154128,"3,2"
"1739","Pump.Flow.Based.PAA.Dose + N..Eff..TSS.Conc. + CODds..mg.L. + NSEC.Effluent.NH3 + NSEC.Effluent.TSS + NSEC.Effluent.Flow",0.195399409596597,0.80039071585289,"3,2"
"1740","Pump.Flow.Based.PAA.Dose + N..Eff..TSS.Conc. + CODds..mg.L. + NSEC.Effluent.NH3 + NSEC.Effluent.NO5 + NSEC.Effluent.Flow",0.223447003363138,0.809232793073302,"3,2"
"1741","Pump.Flow.Based.PAA.Dose + N..Eff..TSS.Conc. + CODds..mg.L. + NSEC.Effluent.NO3 + NSEC.Effluent.OP + NSEC.Effluent.TSS",0.312853488986768,0.792567319212029,"3,2"
"1742","Pump.Flow.Based.PAA.Dose + N..Eff..TSS.Conc. + CODds..mg.L. + NSEC.Effluent.NO3 + NSEC.Effluent.OP + NSEC.Effluent.NO5",0.28301548389927,0.800441287983176,"3,2"
"1743","Pump.Flow.Based.PAA.Dose + N..Eff..TSS.Conc. + CODds..mg.L. + NSEC.Effluent.NO3 + NSEC.Effluent.OP + NSEC.Effluent.Flow",0.193360286771155,0.856373000836799,"3,2"
"1744","Pump.Flow.Based.PAA.Dose + N..Eff..TSS.Conc. + CODds..mg.L. + NSEC.Effluent.NO3 + NSEC.Effluent.TSS + NSEC.Effluent.NO5",0.351328467649328,0.754298656304292,"3,2"
"1745","Pump.Flow.Based.PAA.Dose + N..Eff..TSS.Conc. + CODds..mg.L. + NSEC.Effluent.NO3 + NSEC.Effluent.TSS + NSEC.Effluent.Flow",0.263867240015284,0.840888442485662,"3,2"
"1746","Pump.Flow.Based.PAA.Dose + N..Eff..TSS.Conc. + CODds..mg.L. + NSEC.Effluent.NO3 + NSEC.Effluent.NO5 + NSEC.Effluent.Flow",0.225778118873938,0.843842781594901,"3,2"
"1747","Pump.Flow.Based.PAA.Dose + N..Eff..TSS.Conc. + CODds..mg.L. + NSEC.Effluent.OP + NSEC.Effluent.TSS + NSEC.Effluent.NO5",0.202296452269833,0.79149492434779,"3,2"
"1748","Pump.Flow.Based.PAA.Dose + N..Eff..TSS.Conc. + CODds..mg.L. + NSEC.Effluent.OP + NSEC.Effluent.TSS + NSEC.Effluent.Flow",0.226463273238148,0.823454104782882,"3,2"
"1749","Pump.Flow.Based.PAA.Dose + N..Eff..TSS.Conc. + CODds..mg.L. + NSEC.Effluent.OP + NSEC.Effluent.NO5 + NSEC.Effluent.Flow",0.259712267494569,0.852838458289522,"3,2"
"1750","Pump.Flow.Based.PAA.Dose + N..Eff..TSS.Conc. + CODds..mg.L. + NSEC.Effluent.TSS + NSEC.Effluent.NO5 + NSEC.Effluent.Flow",0.257545233220827,0.828040485544197,"3,2"
"1751","Pump.Flow.Based.PAA.Dose + N..Eff..TSS.Conc. + SACto..1.m. + NSEC.Aerobic.SRT + NSEC.Effluent.NH3 + NSEC.Effluent.NO3",0.303543050368099,0.757820707863172,"3,2"
"1752","Pump.Flow.Based.PAA.Dose + N..Eff..TSS.Conc. + SACto..1.m. + NSEC.Aerobic.SRT + NSEC.Effluent.NH3 + NSEC.Effluent.OP",0.257846500913891,0.790583165825609,"3,2"
"1753","Pump.Flow.Based.PAA.Dose + N..Eff..TSS.Conc. + SACto..1.m. + NSEC.Aerobic.SRT + NSEC.Effluent.NH3 + NSEC.Effluent.TSS",0.457550173966875,0.792656326761641,"3,2"
"1754","Pump.Flow.Based.PAA.Dose + N..Eff..TSS.Conc. + SACto..1.m. + NSEC.Aerobic.SRT + NSEC.Effluent.NH3 + NSEC.Effluent.NO5",0.269526237536747,0.745736341863993,"3,2"
"1755","Pump.Flow.Based.PAA.Dose + N..Eff..TSS.Conc. + SACto..1.m. + NSEC.Aerobic.SRT + NSEC.Effluent.NH3 + NSEC.Effluent.Flow",0.0922255283160169,0.833429259128041,"3,2"
"1756","Pump.Flow.Based.PAA.Dose + N..Eff..TSS.Conc. + SACto..1.m. + NSEC.Aerobic.SRT + NSEC.Effluent.NO3 + NSEC.Effluent.OP",0.232113897200934,0.752973245312655,"3,2"
"1757","Pump.Flow.Based.PAA.Dose + N..Eff..TSS.Conc. + SACto..1.m. + NSEC.Aerobic.SRT + NSEC.Effluent.NO3 + NSEC.Effluent.TSS",0.273760119229455,0.752875267892912,"3,2"
"1758","Pump.Flow.Based.PAA.Dose + N..Eff..TSS.Conc. + SACto..1.m. + NSEC.Aerobic.SRT + NSEC.Effluent.NO3 + NSEC.Effluent.NO5",0.290734496814342,0.746069780455182,"3,2"
"1759","Pump.Flow.Based.PAA.Dose + N..Eff..TSS.Conc. + SACto..1.m. + NSEC.Aerobic.SRT + NSEC.Effluent.NO3 + NSEC.Effluent.Flow",0.236161663166567,0.841249139017688,"3,2"
"1760","Pump.Flow.Based.PAA.Dose + N..Eff..TSS.Conc. + SACto..1.m. + NSEC.Aerobic.SRT + NSEC.Effluent.OP + NSEC.Effluent.TSS",0.253168206606074,0.784582683171978,"3,2"
"1761","Pump.Flow.Based.PAA.Dose + N..Eff..TSS.Conc. + SACto..1.m. + NSEC.Aerobic.SRT + NSEC.Effluent.OP + NSEC.Effluent.NO5",0.287194817180587,0.785798967919073,"3,2"
"1762","Pump.Flow.Based.PAA.Dose + N..Eff..TSS.Conc. + SACto..1.m. + NSEC.Aerobic.SRT + NSEC.Effluent.OP + NSEC.Effluent.Flow",0.183988647145383,0.823799016269884,"3,2"
"1763","Pump.Flow.Based.PAA.Dose + N..Eff..TSS.Conc. + SACto..1.m. + NSEC.Aerobic.SRT + NSEC.Effluent.TSS + NSEC.Effluent.NO5",0.257136789434742,0.749288152450011,"3,2"
"1764","Pump.Flow.Based.PAA.Dose + N..Eff..TSS.Conc. + SACto..1.m. + NSEC.Aerobic.SRT + NSEC.Effluent.TSS + NSEC.Effluent.Flow",0.239070066894928,0.802783004507325,"3,2"
"1765","Pump.Flow.Based.PAA.Dose + N..Eff..TSS.Conc. + SACto..1.m. + NSEC.Aerobic.SRT + NSEC.Effluent.NO5 + NSEC.Effluent.Flow",0.257430395399646,0.835414328016542,"3,2"
"1766","Pump.Flow.Based.PAA.Dose + N..Eff..TSS.Conc. + SACto..1.m. + NSEC.Effluent.NH3 + NSEC.Effluent.NO3 + NSEC.Effluent.OP",0.367003442611156,0.746604830726015,"3,2"
"1767","Pump.Flow.Based.PAA.Dose + N..Eff..TSS.Conc. + SACto..1.m. + NSEC.Effluent.NH3 + NSEC.Effluent.NO3 + NSEC.Effluent.TSS",0.45968101310474,0.774584796140292,"3,2"
"1768","Pump.Flow.Based.PAA.Dose + N..Eff..TSS.Conc. + SACto..1.m. + NSEC.Effluent.NH3 + NSEC.Effluent.NO3 + NSEC.Effluent.NO5",0.329924388804972,0.774583532234094,"3,2"
"1769","Pump.Flow.Based.PAA.Dose + N..Eff..TSS.Conc. + SACto..1.m. + NSEC.Effluent.NH3 + NSEC.Effluent.NO3 + NSEC.Effluent.Flow",0.269332916960473,0.823561964305116,"3,2"
"1770","Pump.Flow.Based.PAA.Dose + N..Eff..TSS.Conc. + SACto..1.m. + NSEC.Effluent.NH3 + NSEC.Effluent.OP + NSEC.Effluent.TSS",0.345082131493204,0.764653804872386,"3,2"
"1771","Pump.Flow.Based.PAA.Dose + N..Eff..TSS.Conc. + SACto..1.m. + NSEC.Effluent.NH3 + NSEC.Effluent.OP + NSEC.Effluent.NO5",0.391367401866884,0.813323571421091,"3,2"
"1772","Pump.Flow.Based.PAA.Dose + N..Eff..TSS.Conc. + SACto..1.m. + NSEC.Effluent.NH3 + NSEC.Effluent.OP + NSEC.Effluent.Flow",0.247005239254042,0.833616358875578,"3,2"
"1773","Pump.Flow.Based.PAA.Dose + N..Eff..TSS.Conc. + SACto..1.m. + NSEC.Effluent.NH3 + NSEC.Effluent.TSS + NSEC.Effluent.NO5",0.378877283926613,0.763116076972503,"3,2"
"1774","Pump.Flow.Based.PAA.Dose + N..Eff..TSS.Conc. + SACto..1.m. + NSEC.Effluent.NH3 + NSEC.Effluent.TSS + NSEC.Effluent.Flow",0.230424195924571,0.812609022180179,"3,2"
"1775","Pump.Flow.Based.PAA.Dose + N..Eff..TSS.Conc. + SACto..1.m. + NSEC.Effluent.NH3 + NSEC.Effluent.NO5 + NSEC.Effluent.Flow",0.218614124216903,0.811711307615881,"3,2"
"1776","Pump.Flow.Based.PAA.Dose + N..Eff..TSS.Conc. + SACto..1.m. + NSEC.Effluent.NO3 + NSEC.Effluent.OP + NSEC.Effluent.TSS",0.370801104302449,0.768657961340192,"3,2"
"1777","Pump.Flow.Based.PAA.Dose + N..Eff..TSS.Conc. + SACto..1.m. + NSEC.Effluent.NO3 + NSEC.Effluent.OP + NSEC.Effluent.NO5",0.387029497417884,0.790333047992292,"3,2"
"1778","Pump.Flow.Based.PAA.Dose + N..Eff..TSS.Conc. + SACto..1.m. + NSEC.Effluent.NO3 + NSEC.Effluent.OP + NSEC.Effluent.Flow",0.221713061650843,0.814484486168119,"3,2"
"1779","Pump.Flow.Based.PAA.Dose + N..Eff..TSS.Conc. + SACto..1.m. + NSEC.Effluent.NO3 + NSEC.Effluent.TSS + NSEC.Effluent.NO5",0.392174757228945,0.789732366981321,"3,2"
"1780","Pump.Flow.Based.PAA.Dose + N..Eff..TSS.Conc. + SACto..1.m. + NSEC.Effluent.NO3 + NSEC.Effluent.TSS + NSEC.Effluent.Flow",0.20059722290318,0.833931363875113,"3,2"
"1781","Pump.Flow.Based.PAA.Dose + N..Eff..TSS.Conc. + SACto..1.m. + NSEC.Effluent.NO3 + NSEC.Effluent.NO5 + NSEC.Effluent.Flow",0.241948258149126,0.837235443127393,"3,2"
"1782","Pump.Flow.Based.PAA.Dose + N..Eff..TSS.Conc. + SACto..1.m. + NSEC.Effluent.OP + NSEC.Effluent.TSS + NSEC.Effluent.NO5",0.339246742791138,0.821351640628111,"3,2"
"1783","Pump.Flow.Based.PAA.Dose + N..Eff..TSS.Conc. + SACto..1.m. + NSEC.Effluent.OP + NSEC.Effluent.TSS + NSEC.Effluent.Flow",0.181487190893851,0.816443666664646,"3,2"
"1784","Pump.Flow.Based.PAA.Dose + N..Eff..TSS.Conc. + SACto..1.m. + NSEC.Effluent.OP + NSEC.Effluent.NO5 + NSEC.Effluent.Flow",0.250444141649957,0.809563129989588,"3,2"
"1785","Pump.Flow.Based.PAA.Dose + N..Eff..TSS.Conc. + SACto..1.m. + NSEC.Effluent.TSS + NSEC.Effluent.NO5 + NSEC.Effluent.Flow",0.197640912551714,0.806087264177398,"3,2"
"1786","Pump.Flow.Based.PAA.Dose + N..Eff..TSS.Conc. + NSEC.Aerobic.SRT + NSEC.Effluent.NH3 + NSEC.Effluent.NO3 + NSEC.Effluent.OP",0.314701067988901,0.753927617026108,"3,2"
"1787","Pump.Flow.Based.PAA.Dose + N..Eff..TSS.Conc. + NSEC.Aerobic.SRT + NSEC.Effluent.NH3 + NSEC.Effluent.NO3 + NSEC.Effluent.TSS",0.300076360201652,0.76150002558027,"3,2"
"1788","Pump.Flow.Based.PAA.Dose + N..Eff..TSS.Conc. + NSEC.Aerobic.SRT + NSEC.Effluent.NH3 + NSEC.Effluent.NO3 + NSEC.Effluent.NO5",0.245205729688018,0.765020805782859,"3,2"
"1789","Pump.Flow.Based.PAA.Dose + N..Eff..TSS.Conc. + NSEC.Aerobic.SRT + NSEC.Effluent.NH3 + NSEC.Effluent.NO3 + NSEC.Effluent.Flow",0.211557461640399,0.825977421263345,"3,2"
"1790","Pump.Flow.Based.PAA.Dose + N..Eff..TSS.Conc. + NSEC.Aerobic.SRT + NSEC.Effluent.NH3 + NSEC.Effluent.OP + NSEC.Effluent.TSS",0.36960247302142,0.794743691851496,"3,2"
"1791","Pump.Flow.Based.PAA.Dose + N..Eff..TSS.Conc. + NSEC.Aerobic.SRT + NSEC.Effluent.NH3 + NSEC.Effluent.OP + NSEC.Effluent.NO5",0.319480492577643,0.799520530929514,"3,2"
"1792","Pump.Flow.Based.PAA.Dose + N..Eff..TSS.Conc. + NSEC.Aerobic.SRT + NSEC.Effluent.NH3 + NSEC.Effluent.OP + NSEC.Effluent.Flow",0.249211184310052,0.800199045762868,"3,2"
"1793","Pump.Flow.Based.PAA.Dose + N..Eff..TSS.Conc. + NSEC.Aerobic.SRT + NSEC.Effluent.NH3 + NSEC.Effluent.TSS + NSEC.Effluent.NO5",0.301588935424064,0.775214174640509,"3,2"
"1794","Pump.Flow.Based.PAA.Dose + N..Eff..TSS.Conc. + NSEC.Aerobic.SRT + NSEC.Effluent.NH3 + NSEC.Effluent.TSS + NSEC.Effluent.Flow",0.151490805949189,0.83344654092564,"3,2"
"1795","Pump.Flow.Based.PAA.Dose + N..Eff..TSS.Conc. + NSEC.Aerobic.SRT + NSEC.Effluent.NH3 + NSEC.Effluent.NO5 + NSEC.Effluent.Flow",0.327356939941189,0.832871777422493,"3,2"
"1796","Pump.Flow.Based.PAA.Dose + N..Eff..TSS.Conc. + NSEC.Aerobic.SRT + NSEC.Effluent.NO3 + NSEC.Effluent.OP + NSEC.Effluent.TSS",0.278964100584092,0.736900222018935,"3,2"
"1797","Pump.Flow.Based.PAA.Dose + N..Eff..TSS.Conc. + NSEC.Aerobic.SRT + NSEC.Effluent.NO3 + NSEC.Effluent.OP + NSEC.Effluent.NO5",0.245734000940057,0.787653181171005,"3,2"
"1798","Pump.Flow.Based.PAA.Dose + N..Eff..TSS.Conc. + NSEC.Aerobic.SRT + NSEC.Effluent.NO3 + NSEC.Effluent.OP + NSEC.Effluent.Flow",0.31214209643337,0.821966587067601,"3,2"
"1799","Pump.Flow.Based.PAA.Dose + N..Eff..TSS.Conc. + NSEC.Aerobic.SRT + NSEC.Effluent.NO3 + NSEC.Effluent.TSS + NSEC.Effluent.NO5",0.335052340001692,0.775424826981888,"3,2"
"1800","Pump.Flow.Based.PAA.Dose + N..Eff..TSS.Conc. + NSEC.Aerobic.SRT + NSEC.Effluent.NO3 + NSEC.Effluent.TSS + NSEC.Effluent.Flow",0.236592284155542,0.839427112648439,"3,2"
"1801","Pump.Flow.Based.PAA.Dose + N..Eff..TSS.Conc. + NSEC.Aerobic.SRT + NSEC.Effluent.NO3 + NSEC.Effluent.NO5 + NSEC.Effluent.Flow",0.181312975227063,0.819067419615902,"3,2"
"1802","Pump.Flow.Based.PAA.Dose + N..Eff..TSS.Conc. + NSEC.Aerobic.SRT + NSEC.Effluent.OP + NSEC.Effluent.TSS + NSEC.Effluent.NO5",0.350436565949963,0.722361990885344,"3,2"
"1803","Pump.Flow.Based.PAA.Dose + N..Eff..TSS.Conc. + NSEC.Aerobic.SRT + NSEC.Effluent.OP + NSEC.Effluent.TSS + NSEC.Effluent.Flow",0.252428663525264,0.818323762513669,"3,2"
"1804","Pump.Flow.Based.PAA.Dose + N..Eff..TSS.Conc. + NSEC.Aerobic.SRT + NSEC.Effluent.OP + NSEC.Effluent.NO5 + NSEC.Effluent.Flow",0.244100332644551,0.827890156827591,"3,2"
"1805","Pump.Flow.Based.PAA.Dose + N..Eff..TSS.Conc. + NSEC.Aerobic.SRT + NSEC.Effluent.TSS + NSEC.Effluent.NO5 + NSEC.Effluent.Flow",0.377799851789217,0.827068462277433,"3,2"
"1806","Pump.Flow.Based.PAA.Dose + N..Eff..TSS.Conc. + NSEC.Effluent.NH3 + NSEC.Effluent.NO3 + NSEC.Effluent.OP + NSEC.Effluent.TSS",0.373704177061374,0.741544105053313,"3,2"
"1807","Pump.Flow.Based.PAA.Dose + N..Eff..TSS.Conc. + NSEC.Effluent.NH3 + NSEC.Effluent.NO3 + NSEC.Effluent.OP + NSEC.Effluent.NO5",0.380563820075106,0.74495474102,"3,2"
"1808","Pump.Flow.Based.PAA.Dose + N..Eff..TSS.Conc. + NSEC.Effluent.NH3 + NSEC.Effluent.NO3 + NSEC.Effluent.OP + NSEC.Effluent.Flow",0.195019434891778,0.838124936161724,"3,2"
"1809","Pump.Flow.Based.PAA.Dose + N..Eff..TSS.Conc. + NSEC.Effluent.NH3 + NSEC.Effluent.NO3 + NSEC.Effluent.TSS + NSEC.Effluent.NO5",0.410365316494189,0.781487694622118,"3,2"
"1810","Pump.Flow.Based.PAA.Dose + N..Eff..TSS.Conc. + NSEC.Effluent.NH3 + NSEC.Effluent.NO3 + NSEC.Effluent.TSS + NSEC.Effluent.Flow",0.250918168479227,0.818046444219187,"3,2"
"1811","Pump.Flow.Based.PAA.Dose + N..Eff..TSS.Conc. + NSEC.Effluent.NH3 + NSEC.Effluent.NO3 + NSEC.Effluent.NO5 + NSEC.Effluent.Flow",0.217934793562117,0.839045118251737,"3,2"
"1812","Pump.Flow.Based.PAA.Dose + N..Eff..TSS.Conc. + NSEC.Effluent.NH3 + NSEC.Effluent.OP + NSEC.Effluent.TSS + NSEC.Effluent.NO5",0.352626802593171,0.746103897627595,"3,2"
"1813","Pump.Flow.Based.PAA.Dose + N..Eff..TSS.Conc. + NSEC.Effluent.NH3 + NSEC.Effluent.OP + NSEC.Effluent.TSS + NSEC.Effluent.Flow",0.2753881307962,0.82962613747468,"3,2"
"1814","Pump.Flow.Based.PAA.Dose + N..Eff..TSS.Conc. + NSEC.Effluent.NH3 + NSEC.Effluent.OP + NSEC.Effluent.NO5 + NSEC.Effluent.Flow",0.26221024495824,0.854389583635655,"3,2"
"1815","Pump.Flow.Based.PAA.Dose + N..Eff..TSS.Conc. + NSEC.Effluent.NH3 + NSEC.Effluent.TSS + NSEC.Effluent.NO5 + NSEC.Effluent.Flow",0.228045504943347,0.801095752762094,"3,2"
"1816","Pump.Flow.Based.PAA.Dose + N..Eff..TSS.Conc. + NSEC.Effluent.NO3 + NSEC.Effluent.OP + NSEC.Effluent.TSS + NSEC.Effluent.NO5",0.340693778513039,0.754780305839733,"3,2"
"1817","Pump.Flow.Based.PAA.Dose + N..Eff..TSS.Conc. + NSEC.Effluent.NO3 + NSEC.Effluent.OP + NSEC.Effluent.TSS + NSEC.Effluent.Flow",0.268976157239276,0.817375767453627,"3,2"
"1818","Pump.Flow.Based.PAA.Dose + N..Eff..TSS.Conc. + NSEC.Effluent.NO3 + NSEC.Effluent.OP + NSEC.Effluent.NO5 + NSEC.Effluent.Flow",0.189480659482483,0.830744615702896,"3,2"
"1819","Pump.Flow.Based.PAA.Dose + N..Eff..TSS.Conc. + NSEC.Effluent.NO3 + NSEC.Effluent.TSS + NSEC.Effluent.NO5 + NSEC.Effluent.Flow",0.208526346441416,0.827615566611897,"3,2"
"1820","Pump.Flow.Based.PAA.Dose + N..Eff..TSS.Conc. + NSEC.Effluent.OP + NSEC.Effluent.TSS + NSEC.Effluent.NO5 + NSEC.Effluent.Flow",0.257241096629969,0.802535259774868,"3,2"
"1821","Pump.Flow.Based.PAA.Dose + Temp..of.NSEC.Main.Ch. + Temp..of.the.Atmos. + Secondary.Effluent.Flow + N..Basin.Outfall + CODto..mg.L.",0.194586228818447,0.81565365107615,"3,2"
"1822","Pump.Flow.Based.PAA.Dose + Temp..of.NSEC.Main.Ch. + Temp..of.the.Atmos. + Secondary.Effluent.Flow + N..Basin.Outfall + TSS..mg.L.",0.137015675235263,0.817727567720789,"3,2"
"1823","Pump.Flow.Based.PAA.Dose + Temp..of.NSEC.Main.Ch. + Temp..of.the.Atmos. + Secondary.Effluent.Flow + N..Basin.Outfall + UVT....",0.214213600621511,0.819388350392841,"3,2"
"1824","Pump.Flow.Based.PAA.Dose + Temp..of.NSEC.Main.Ch. + Temp..of.the.Atmos. + Secondary.Effluent.Flow + N..Basin.Outfall + CODds..mg.L.",0.14362844157027,0.803478074728398,"3,2"
"1825","Pump.Flow.Based.PAA.Dose + Temp..of.NSEC.Main.Ch. + Temp..of.the.Atmos. + Secondary.Effluent.Flow + N..Basin.Outfall + SACto..1.m.",0.116665173643186,0.80809582850207,"3,2"
"1826","Pump.Flow.Based.PAA.Dose + Temp..of.NSEC.Main.Ch. + Temp..of.the.Atmos. + Secondary.Effluent.Flow + N..Basin.Outfall + NSEC.Aerobic.SRT",0.0991065573192209,0.822217248377142,"3,2"
"1827","Pump.Flow.Based.PAA.Dose + Temp..of.NSEC.Main.Ch. + Temp..of.the.Atmos. + Secondary.Effluent.Flow + N..Basin.Outfall + NSEC.Effluent.NH3",0.116693635161521,0.805162400906488,"3,2"
"1828","Pump.Flow.Based.PAA.Dose + Temp..of.NSEC.Main.Ch. + Temp..of.the.Atmos. + Secondary.Effluent.Flow + N..Basin.Outfall + NSEC.Effluent.NO3",0.246601826764584,0.81845632834759,"3,2"
"1829","Pump.Flow.Based.PAA.Dose + Temp..of.NSEC.Main.Ch. + Temp..of.the.Atmos. + Secondary.Effluent.Flow + N..Basin.Outfall + NSEC.Effluent.OP",0.211050143898345,0.811909999696203,"3,2"
"1830","Pump.Flow.Based.PAA.Dose + Temp..of.NSEC.Main.Ch. + Temp..of.the.Atmos. + Secondary.Effluent.Flow + N..Basin.Outfall + NSEC.Effluent.TSS",0.207616021310948,0.806172234633555,"3,2"
"1831","Pump.Flow.Based.PAA.Dose + Temp..of.NSEC.Main.Ch. + Temp..of.the.Atmos. + Secondary.Effluent.Flow + N..Basin.Outfall + NSEC.Effluent.NO5",0.235830618769575,0.833441760302763,"3,2"
"1832","Pump.Flow.Based.PAA.Dose + Temp..of.NSEC.Main.Ch. + Temp..of.the.Atmos. + Secondary.Effluent.Flow + N..Basin.Outfall + NSEC.Effluent.Flow",0.121605467460601,0.79944090528404,"3,2"
"1833","Pump.Flow.Based.PAA.Dose + Temp..of.NSEC.Main.Ch. + Temp..of.the.Atmos. + Secondary.Effluent.Flow + CODto..mg.L. + TSS..mg.L.",0.0205219071567062,0.830681883678081,"3,2"
"1834","Pump.Flow.Based.PAA.Dose + Temp..of.NSEC.Main.Ch. + Temp..of.the.Atmos. + Secondary.Effluent.Flow + CODto..mg.L. + UVT....",0.177972151199661,0.807253582134016,"3,2"
"1835","Pump.Flow.Based.PAA.Dose + Temp..of.NSEC.Main.Ch. + Temp..of.the.Atmos. + Secondary.Effluent.Flow + CODto..mg.L. + CODds..mg.L.",0.150295108086135,0.822290853115506,"3,2"
"1836","Pump.Flow.Based.PAA.Dose + Temp..of.NSEC.Main.Ch. + Temp..of.the.Atmos. + Secondary.Effluent.Flow + CODto..mg.L. + SACto..1.m.",0.198168593399632,0.827069258069608,"3,2"
"1837","Pump.Flow.Based.PAA.Dose + Temp..of.NSEC.Main.Ch. + Temp..of.the.Atmos. + Secondary.Effluent.Flow + CODto..mg.L. + NSEC.Aerobic.SRT",0.200987091985026,0.830000148372074,"3,2"
"1838","Pump.Flow.Based.PAA.Dose + Temp..of.NSEC.Main.Ch. + Temp..of.the.Atmos. + Secondary.Effluent.Flow + CODto..mg.L. + NSEC.Effluent.NH3",0.116348049724881,0.807147939822523,"3,2"
"1839","Pump.Flow.Based.PAA.Dose + Temp..of.NSEC.Main.Ch. + Temp..of.the.Atmos. + Secondary.Effluent.Flow + CODto..mg.L. + NSEC.Effluent.NO3",0.246980146802456,0.839524872056505,"3,2"
"1840","Pump.Flow.Based.PAA.Dose + Temp..of.NSEC.Main.Ch. + Temp..of.the.Atmos. + Secondary.Effluent.Flow + CODto..mg.L. + NSEC.Effluent.OP",0.0768665629893084,0.816824639402345,"3,2"
"1841","Pump.Flow.Based.PAA.Dose + Temp..of.NSEC.Main.Ch. + Temp..of.the.Atmos. + Secondary.Effluent.Flow + CODto..mg.L. + NSEC.Effluent.TSS",0.0740005293219912,0.79859436558607,"3,2"
"1842","Pump.Flow.Based.PAA.Dose + Temp..of.NSEC.Main.Ch. + Temp..of.the.Atmos. + Secondary.Effluent.Flow + CODto..mg.L. + NSEC.Effluent.NO5",0.142109289768735,0.824833594471315,"3,2"
"1843","Pump.Flow.Based.PAA.Dose + Temp..of.NSEC.Main.Ch. + Temp..of.the.Atmos. + Secondary.Effluent.Flow + CODto..mg.L. + NSEC.Effluent.Flow",0.18855940606501,0.818499646970341,"3,2"
"1844","Pump.Flow.Based.PAA.Dose + Temp..of.NSEC.Main.Ch. + Temp..of.the.Atmos. + Secondary.Effluent.Flow + TSS..mg.L. + UVT....",0.208427611532666,0.812254500432076,"3,2"
"1845","Pump.Flow.Based.PAA.Dose + Temp..of.NSEC.Main.Ch. + Temp..of.the.Atmos. + Secondary.Effluent.Flow + TSS..mg.L. + CODds..mg.L.",0.238054315595882,0.826699843312343,"3,2"
"1846","Pump.Flow.Based.PAA.Dose + Temp..of.NSEC.Main.Ch. + Temp..of.the.Atmos. + Secondary.Effluent.Flow + TSS..mg.L. + SACto..1.m.",0.0825151790354142,0.822879523836846,"3,2"
"1847","Pump.Flow.Based.PAA.Dose + Temp..of.NSEC.Main.Ch. + Temp..of.the.Atmos. + Secondary.Effluent.Flow + TSS..mg.L. + NSEC.Aerobic.SRT",0.208566053238492,0.860340145189192,"3,2"
"1848","Pump.Flow.Based.PAA.Dose + Temp..of.NSEC.Main.Ch. + Temp..of.the.Atmos. + Secondary.Effluent.Flow + TSS..mg.L. + NSEC.Effluent.NH3",0.120614870506996,0.819335678400043,"3,2"
"1849","Pump.Flow.Based.PAA.Dose + Temp..of.NSEC.Main.Ch. + Temp..of.the.Atmos. + Secondary.Effluent.Flow + TSS..mg.L. + NSEC.Effluent.NO3",0.0936919688903322,0.802924306746455,"3,2"
"1850","Pump.Flow.Based.PAA.Dose + Temp..of.NSEC.Main.Ch. + Temp..of.the.Atmos. + Secondary.Effluent.Flow + TSS..mg.L. + NSEC.Effluent.OP",0.251985644634341,0.84127048066348,"3,2"
"1851","Pump.Flow.Based.PAA.Dose + Temp..of.NSEC.Main.Ch. + Temp..of.the.Atmos. + Secondary.Effluent.Flow + TSS..mg.L. + NSEC.Effluent.TSS",0.173704157076823,0.814457669093286,"3,2"
"1852","Pump.Flow.Based.PAA.Dose + Temp..of.NSEC.Main.Ch. + Temp..of.the.Atmos. + Secondary.Effluent.Flow + TSS..mg.L. + NSEC.Effluent.NO5",0.040497165255742,0.797020250767376,"3,2"
"1853","Pump.Flow.Based.PAA.Dose + Temp..of.NSEC.Main.Ch. + Temp..of.the.Atmos. + Secondary.Effluent.Flow + TSS..mg.L. + NSEC.Effluent.Flow",0.157243175907385,0.813690540786866,"3,2"
"1854","Pump.Flow.Based.PAA.Dose + Temp..of.NSEC.Main.Ch. + Temp..of.the.Atmos. + Secondary.Effluent.Flow + UVT.... + CODds..mg.L.",0.0223511298140178,0.808918403337949,"3,2"
"1855","Pump.Flow.Based.PAA.Dose + Temp..of.NSEC.Main.Ch. + Temp..of.the.Atmos. + Secondary.Effluent.Flow + UVT.... + SACto..1.m.",0.226003286555802,0.831332509334817,"3,2"
"1856","Pump.Flow.Based.PAA.Dose + Temp..of.NSEC.Main.Ch. + Temp..of.the.Atmos. + Secondary.Effluent.Flow + UVT.... + NSEC.Aerobic.SRT",0.0937248748415216,0.799103010432649,"3,2"
"1857","Pump.Flow.Based.PAA.Dose + Temp..of.NSEC.Main.Ch. + Temp..of.the.Atmos. + Secondary.Effluent.Flow + UVT.... + NSEC.Effluent.NH3",0.144516375579531,0.815684015798904,"3,2"
"1858","Pump.Flow.Based.PAA.Dose + Temp..of.NSEC.Main.Ch. + Temp..of.the.Atmos. + Secondary.Effluent.Flow + UVT.... + NSEC.Effluent.NO3",0.322232312805667,0.822699736377211,"3,2"
"1859","Pump.Flow.Based.PAA.Dose + Temp..of.NSEC.Main.Ch. + Temp..of.the.Atmos. + Secondary.Effluent.Flow + UVT.... + NSEC.Effluent.OP",0.222583372381614,0.810620323875383,"3,2"
"1860","Pump.Flow.Based.PAA.Dose + Temp..of.NSEC.Main.Ch. + Temp..of.the.Atmos. + Secondary.Effluent.Flow + UVT.... + NSEC.Effluent.TSS",0.163339797372913,0.819416020786858,"3,2"
"1861","Pump.Flow.Based.PAA.Dose + Temp..of.NSEC.Main.Ch. + Temp..of.the.Atmos. + Secondary.Effluent.Flow + UVT.... + NSEC.Effluent.NO5",0.165337341860671,0.813602592492673,"3,2"
"1862","Pump.Flow.Based.PAA.Dose + Temp..of.NSEC.Main.Ch. + Temp..of.the.Atmos. + Secondary.Effluent.Flow + UVT.... + NSEC.Effluent.Flow",0.186122690499217,0.81294686086142,"3,2"
"1863","Pump.Flow.Based.PAA.Dose + Temp..of.NSEC.Main.Ch. + Temp..of.the.Atmos. + Secondary.Effluent.Flow + CODds..mg.L. + SACto..1.m.",0.110990643245976,0.835008494060603,"3,2"
"1864","Pump.Flow.Based.PAA.Dose + Temp..of.NSEC.Main.Ch. + Temp..of.the.Atmos. + Secondary.Effluent.Flow + CODds..mg.L. + NSEC.Aerobic.SRT",0.157227906646618,0.825095180138894,"3,2"
"1865","Pump.Flow.Based.PAA.Dose + Temp..of.NSEC.Main.Ch. + Temp..of.the.Atmos. + Secondary.Effluent.Flow + CODds..mg.L. + NSEC.Effluent.NH3",0.183295848098886,0.819400104429886,"3,2"
"1866","Pump.Flow.Based.PAA.Dose + Temp..of.NSEC.Main.Ch. + Temp..of.the.Atmos. + Secondary.Effluent.Flow + CODds..mg.L. + NSEC.Effluent.NO3",0.17434994476009,0.826377445646106,"3,2"
"1867","Pump.Flow.Based.PAA.Dose + Temp..of.NSEC.Main.Ch. + Temp..of.the.Atmos. + Secondary.Effluent.Flow + CODds..mg.L. + NSEC.Effluent.OP",0.281945708513813,0.849822745581686,"3,2"
"1868","Pump.Flow.Based.PAA.Dose + Temp..of.NSEC.Main.Ch. + Temp..of.the.Atmos. + Secondary.Effluent.Flow + CODds..mg.L. + NSEC.Effluent.TSS",0.162590919865975,0.82023137518273,"3,2"
"1869","Pump.Flow.Based.PAA.Dose + Temp..of.NSEC.Main.Ch. + Temp..of.the.Atmos. + Secondary.Effluent.Flow + CODds..mg.L. + NSEC.Effluent.NO5",0.0559160886127072,0.80627300924732,"3,2"
"1870","Pump.Flow.Based.PAA.Dose + Temp..of.NSEC.Main.Ch. + Temp..of.the.Atmos. + Secondary.Effluent.Flow + CODds..mg.L. + NSEC.Effluent.Flow",0.211892637915163,0.814751778546067,"3,2"
"1871","Pump.Flow.Based.PAA.Dose + Temp..of.NSEC.Main.Ch. + Temp..of.the.Atmos. + Secondary.Effluent.Flow + SACto..1.m. + NSEC.Aerobic.SRT",0.155350043438275,0.839614064153277,"3,2"
"1872","Pump.Flow.Based.PAA.Dose + Temp..of.NSEC.Main.Ch. + Temp..of.the.Atmos. + Secondary.Effluent.Flow + SACto..1.m. + NSEC.Effluent.NH3",0.14400050203536,0.844241177074617,"3,2"
"1873","Pump.Flow.Based.PAA.Dose + Temp..of.NSEC.Main.Ch. + Temp..of.the.Atmos. + Secondary.Effluent.Flow + SACto..1.m. + NSEC.Effluent.NO3",0.108467912937708,0.814737468735915,"3,2"
"1874","Pump.Flow.Based.PAA.Dose + Temp..of.NSEC.Main.Ch. + Temp..of.the.Atmos. + Secondary.Effluent.Flow + SACto..1.m. + NSEC.Effluent.OP",0.127055337237751,0.808656870732768,"3,2"
"1875","Pump.Flow.Based.PAA.Dose + Temp..of.NSEC.Main.Ch. + Temp..of.the.Atmos. + Secondary.Effluent.Flow + SACto..1.m. + NSEC.Effluent.TSS",0.215537496174721,0.829114053333799,"3,2"
"1876","Pump.Flow.Based.PAA.Dose + Temp..of.NSEC.Main.Ch. + Temp..of.the.Atmos. + Secondary.Effluent.Flow + SACto..1.m. + NSEC.Effluent.NO5",0.108687772569759,0.809758483733213,"3,2"
"1877","Pump.Flow.Based.PAA.Dose + Temp..of.NSEC.Main.Ch. + Temp..of.the.Atmos. + Secondary.Effluent.Flow + SACto..1.m. + NSEC.Effluent.Flow",0.162555917013932,0.817259178776332,"3,2"
"1878","Pump.Flow.Based.PAA.Dose + Temp..of.NSEC.Main.Ch. + Temp..of.the.Atmos. + Secondary.Effluent.Flow + NSEC.Aerobic.SRT + NSEC.Effluent.NH3",0.253692673778823,0.822937457646705,"3,2"
"1879","Pump.Flow.Based.PAA.Dose + Temp..of.NSEC.Main.Ch. + Temp..of.the.Atmos. + Secondary.Effluent.Flow + NSEC.Aerobic.SRT + NSEC.Effluent.NO3",0.11999979337024,0.811568425139012,"3,2"
"1880","Pump.Flow.Based.PAA.Dose + Temp..of.NSEC.Main.Ch. + Temp..of.the.Atmos. + Secondary.Effluent.Flow + NSEC.Aerobic.SRT + NSEC.Effluent.OP",0.0844025672078716,0.828456239055253,"3,2"
"1881","Pump.Flow.Based.PAA.Dose + Temp..of.NSEC.Main.Ch. + Temp..of.the.Atmos. + Secondary.Effluent.Flow + NSEC.Aerobic.SRT + NSEC.Effluent.TSS",0.192792341120505,0.812104674522309,"3,2"
"1882","Pump.Flow.Based.PAA.Dose + Temp..of.NSEC.Main.Ch. + Temp..of.the.Atmos. + Secondary.Effluent.Flow + NSEC.Aerobic.SRT + NSEC.Effluent.NO5",0.26045872796822,0.829863194085627,"3,2"
"1883","Pump.Flow.Based.PAA.Dose + Temp..of.NSEC.Main.Ch. + Temp..of.the.Atmos. + Secondary.Effluent.Flow + NSEC.Aerobic.SRT + NSEC.Effluent.Flow",0.204622363420815,0.81504645866457,"3,2"
"1884","Pump.Flow.Based.PAA.Dose + Temp..of.NSEC.Main.Ch. + Temp..of.the.Atmos. + Secondary.Effluent.Flow + NSEC.Effluent.NH3 + NSEC.Effluent.NO3",0.223722661912116,0.835628146132101,"3,2"
"1885","Pump.Flow.Based.PAA.Dose + Temp..of.NSEC.Main.Ch. + Temp..of.the.Atmos. + Secondary.Effluent.Flow + NSEC.Effluent.NH3 + NSEC.Effluent.OP",0.249879735252425,0.819462250838918,"3,2"
"1886","Pump.Flow.Based.PAA.Dose + Temp..of.NSEC.Main.Ch. + Temp..of.the.Atmos. + Secondary.Effluent.Flow + NSEC.Effluent.NH3 + NSEC.Effluent.TSS",0.139920446127617,0.804342896501392,"3,2"
"1887","Pump.Flow.Based.PAA.Dose + Temp..of.NSEC.Main.Ch. + Temp..of.the.Atmos. + Secondary.Effluent.Flow + NSEC.Effluent.NH3 + NSEC.Effluent.NO5",0.184069241557153,0.817285887956422,"3,2"
"1888","Pump.Flow.Based.PAA.Dose + Temp..of.NSEC.Main.Ch. + Temp..of.the.Atmos. + Secondary.Effluent.Flow + NSEC.Effluent.NH3 + NSEC.Effluent.Flow",0.191472799611432,0.815040757354689,"3,2"
"1889","Pump.Flow.Based.PAA.Dose + Temp..of.NSEC.Main.Ch. + Temp..of.the.Atmos. + Secondary.Effluent.Flow + NSEC.Effluent.NO3 + NSEC.Effluent.OP",0.20973788789972,0.821029898707574,"3,2"
"1890","Pump.Flow.Based.PAA.Dose + Temp..of.NSEC.Main.Ch. + Temp..of.the.Atmos. + Secondary.Effluent.Flow + NSEC.Effluent.NO3 + NSEC.Effluent.TSS",0.205028080425105,0.819390315456713,"3,2"
"1891","Pump.Flow.Based.PAA.Dose + Temp..of.NSEC.Main.Ch. + Temp..of.the.Atmos. + Secondary.Effluent.Flow + NSEC.Effluent.NO3 + NSEC.Effluent.NO5",0.0480881488076874,0.810278998363592,"3,2"
"1892","Pump.Flow.Based.PAA.Dose + Temp..of.NSEC.Main.Ch. + Temp..of.the.Atmos. + Secondary.Effluent.Flow + NSEC.Effluent.NO3 + NSEC.Effluent.Flow",0.15266370225226,0.822727383490586,"3,2"
"1893","Pump.Flow.Based.PAA.Dose + Temp..of.NSEC.Main.Ch. + Temp..of.the.Atmos. + Secondary.Effluent.Flow + NSEC.Effluent.OP + NSEC.Effluent.TSS",0.10907594517752,0.797418207138246,"3,2"
"1894","Pump.Flow.Based.PAA.Dose + Temp..of.NSEC.Main.Ch. + Temp..of.the.Atmos. + Secondary.Effluent.Flow + NSEC.Effluent.OP + NSEC.Effluent.NO5",0.1574204944731,0.824158006490401,"3,2"
"1895","Pump.Flow.Based.PAA.Dose + Temp..of.NSEC.Main.Ch. + Temp..of.the.Atmos. + Secondary.Effluent.Flow + NSEC.Effluent.OP + NSEC.Effluent.Flow",0.0812130957454629,0.825783941979026,"3,2"
"1896","Pump.Flow.Based.PAA.Dose + Temp..of.NSEC.Main.Ch. + Temp..of.the.Atmos. + Secondary.Effluent.Flow + NSEC.Effluent.TSS + NSEC.Effluent.NO5",0.161991313007865,0.835244447771072,"3,2"
"1897","Pump.Flow.Based.PAA.Dose + Temp..of.NSEC.Main.Ch. + Temp..of.the.Atmos. + Secondary.Effluent.Flow + NSEC.Effluent.TSS + NSEC.Effluent.Flow",0.21070722468526,0.824995647501856,"3,2"
"1898","Pump.Flow.Based.PAA.Dose + Temp..of.NSEC.Main.Ch. + Temp..of.the.Atmos. + Secondary.Effluent.Flow + NSEC.Effluent.NO5 + NSEC.Effluent.Flow",0.242775658753803,0.83245009243945,"3,2"
"1899","Pump.Flow.Based.PAA.Dose + Temp..of.NSEC.Main.Ch. + Temp..of.the.Atmos. + N..Basin.Outfall + CODto..mg.L. + TSS..mg.L.",0.0354898656393363,0.818909767260977,"3,2"
"1900","Pump.Flow.Based.PAA.Dose + Temp..of.NSEC.Main.Ch. + Temp..of.the.Atmos. + N..Basin.Outfall + CODto..mg.L. + UVT....",0.235779281341806,0.833378075654872,"3,2"
"1901","Pump.Flow.Based.PAA.Dose + Temp..of.NSEC.Main.Ch. + Temp..of.the.Atmos. + N..Basin.Outfall + CODto..mg.L. + CODds..mg.L.",0.0521728891885409,0.807962099739413,"3,2"
"1902","Pump.Flow.Based.PAA.Dose + Temp..of.NSEC.Main.Ch. + Temp..of.the.Atmos. + N..Basin.Outfall + CODto..mg.L. + SACto..1.m.",0.141379575414657,0.824430197176854,"3,2"
"1903","Pump.Flow.Based.PAA.Dose + Temp..of.NSEC.Main.Ch. + Temp..of.the.Atmos. + N..Basin.Outfall + CODto..mg.L. + NSEC.Aerobic.SRT",0.171689700882609,0.806603948919564,"3,2"
"1904","Pump.Flow.Based.PAA.Dose + Temp..of.NSEC.Main.Ch. + Temp..of.the.Atmos. + N..Basin.Outfall + CODto..mg.L. + NSEC.Effluent.NH3",0.135778555532651,0.815675467827575,"3,2"
"1905","Pump.Flow.Based.PAA.Dose + Temp..of.NSEC.Main.Ch. + Temp..of.the.Atmos. + N..Basin.Outfall + CODto..mg.L. + NSEC.Effluent.NO3",0.179309469169299,0.839772221174966,"3,2"
"1906","Pump.Flow.Based.PAA.Dose + Temp..of.NSEC.Main.Ch. + Temp..of.the.Atmos. + N..Basin.Outfall + CODto..mg.L. + NSEC.Effluent.OP",0.150200019643378,0.834739262048343,"3,2"
"1907","Pump.Flow.Based.PAA.Dose + Temp..of.NSEC.Main.Ch. + Temp..of.the.Atmos. + N..Basin.Outfall + CODto..mg.L. + NSEC.Effluent.TSS",0.223131038466954,0.826789926802263,"3,2"
"1908","Pump.Flow.Based.PAA.Dose + Temp..of.NSEC.Main.Ch. + Temp..of.the.Atmos. + N..Basin.Outfall + CODto..mg.L. + NSEC.Effluent.NO5",0.200438162133417,0.823717283706183,"3,2"
"1909","Pump.Flow.Based.PAA.Dose + Temp..of.NSEC.Main.Ch. + Temp..of.the.Atmos. + N..Basin.Outfall + CODto..mg.L. + NSEC.Effluent.Flow",0.162902145908673,0.803414144863451,"3,2"
"1910","Pump.Flow.Based.PAA.Dose + Temp..of.NSEC.Main.Ch. + Temp..of.the.Atmos. + N..Basin.Outfall + TSS..mg.L. + UVT....",0.176409543345406,0.826371566730088,"3,2"
"1911","Pump.Flow.Based.PAA.Dose + Temp..of.NSEC.Main.Ch. + Temp..of.the.Atmos. + N..Basin.Outfall + TSS..mg.L. + CODds..mg.L.",0.112025139413597,0.82916395569343,"3,2"
"1912","Pump.Flow.Based.PAA.Dose + Temp..of.NSEC.Main.Ch. + Temp..of.the.Atmos. + N..Basin.Outfall + TSS..mg.L. + SACto..1.m.",0.016114451227992,0.807173508626207,"3,2"
"1913","Pump.Flow.Based.PAA.Dose + Temp..of.NSEC.Main.Ch. + Temp..of.the.Atmos. + N..Basin.Outfall + TSS..mg.L. + NSEC.Aerobic.SRT",0.0299372609075301,0.839907811584911,"3,2"
"1914","Pump.Flow.Based.PAA.Dose + Temp..of.NSEC.Main.Ch. + Temp..of.the.Atmos. + N..Basin.Outfall + TSS..mg.L. + NSEC.Effluent.NH3",0.0647227244225601,0.798949893443272,"3,2"
"1915","Pump.Flow.Based.PAA.Dose + Temp..of.NSEC.Main.Ch. + Temp..of.the.Atmos. + N..Basin.Outfall + TSS..mg.L. + NSEC.Effluent.NO3",0.234013450529072,0.819210308205765,"3,2"
"1916","Pump.Flow.Based.PAA.Dose + Temp..of.NSEC.Main.Ch. + Temp..of.the.Atmos. + N..Basin.Outfall + TSS..mg.L. + NSEC.Effluent.OP",0.199022234143616,0.832057118527844,"3,2"
"1917","Pump.Flow.Based.PAA.Dose + Temp..of.NSEC.Main.Ch. + Temp..of.the.Atmos. + N..Basin.Outfall + TSS..mg.L. + NSEC.Effluent.TSS",0.220476011904922,0.839562574939079,"3,2"
"1918","Pump.Flow.Based.PAA.Dose + Temp..of.NSEC.Main.Ch. + Temp..of.the.Atmos. + N..Basin.Outfall + TSS..mg.L. + NSEC.Effluent.NO5",0.121471151482723,0.817471367262116,"3,2"
"1919","Pump.Flow.Based.PAA.Dose + Temp..of.NSEC.Main.Ch. + Temp..of.the.Atmos. + N..Basin.Outfall + TSS..mg.L. + NSEC.Effluent.Flow",0.256766628626073,0.830594022428873,"3,2"
"1920","Pump.Flow.Based.PAA.Dose + Temp..of.NSEC.Main.Ch. + Temp..of.the.Atmos. + N..Basin.Outfall + UVT.... + CODds..mg.L.",0.0431568487211893,0.820177820387259,"3,2"
"1921","Pump.Flow.Based.PAA.Dose + Temp..of.NSEC.Main.Ch. + Temp..of.the.Atmos. + N..Basin.Outfall + UVT.... + SACto..1.m.",0.0682873469542149,0.794035368452175,"3,2"
"1922","Pump.Flow.Based.PAA.Dose + Temp..of.NSEC.Main.Ch. + Temp..of.the.Atmos. + N..Basin.Outfall + UVT.... + NSEC.Aerobic.SRT",0.210172128295171,0.820555448579897,"3,2"
"1923","Pump.Flow.Based.PAA.Dose + Temp..of.NSEC.Main.Ch. + Temp..of.the.Atmos. + N..Basin.Outfall + UVT.... + NSEC.Effluent.NH3",0.0997189451603755,0.821894031786456,"3,2"
"1924","Pump.Flow.Based.PAA.Dose + Temp..of.NSEC.Main.Ch. + Temp..of.the.Atmos. + N..Basin.Outfall + UVT.... + NSEC.Effluent.NO3",0.192787675835081,0.821686559623356,"3,2"
"1925","Pump.Flow.Based.PAA.Dose + Temp..of.NSEC.Main.Ch. + Temp..of.the.Atmos. + N..Basin.Outfall + UVT.... + NSEC.Effluent.OP",0.19840116575371,0.804988414218033,"3,2"
"1926","Pump.Flow.Based.PAA.Dose + Temp..of.NSEC.Main.Ch. + Temp..of.the.Atmos. + N..Basin.Outfall + UVT.... + NSEC.Effluent.TSS",0.124661148100739,0.824886616925004,"3,2"
"1927","Pump.Flow.Based.PAA.Dose + Temp..of.NSEC.Main.Ch. + Temp..of.the.Atmos. + N..Basin.Outfall + UVT.... + NSEC.Effluent.NO5",0.150599737818189,0.799801822496401,"3,2"
"1928","Pump.Flow.Based.PAA.Dose + Temp..of.NSEC.Main.Ch. + Temp..of.the.Atmos. + N..Basin.Outfall + UVT.... + NSEC.Effluent.Flow",0.0748621921067594,0.795600686595826,"3,2"
"1929","Pump.Flow.Based.PAA.Dose + Temp..of.NSEC.Main.Ch. + Temp..of.the.Atmos. + N..Basin.Outfall + CODds..mg.L. + SACto..1.m.",0.119746206041594,0.822592377668176,"3,2"
"1930","Pump.Flow.Based.PAA.Dose + Temp..of.NSEC.Main.Ch. + Temp..of.the.Atmos. + N..Basin.Outfall + CODds..mg.L. + NSEC.Aerobic.SRT",0.0744519779696724,0.802094264088858,"3,2"
"1931","Pump.Flow.Based.PAA.Dose + Temp..of.NSEC.Main.Ch. + Temp..of.the.Atmos. + N..Basin.Outfall + CODds..mg.L. + NSEC.Effluent.NH3",0.0645087066665813,0.803367084484615,"3,2"
"1932","Pump.Flow.Based.PAA.Dose + Temp..of.NSEC.Main.Ch. + Temp..of.the.Atmos. + N..Basin.Outfall + CODds..mg.L. + NSEC.Effluent.NO3",0.0597501227809756,0.79800795911321,"3,2"
"1933","Pump.Flow.Based.PAA.Dose + Temp..of.NSEC.Main.Ch. + Temp..of.the.Atmos. + N..Basin.Outfall + CODds..mg.L. + NSEC.Effluent.OP",0.0771581053664825,0.796754504020559,"3,2"
"1934","Pump.Flow.Based.PAA.Dose + Temp..of.NSEC.Main.Ch. + Temp..of.the.Atmos. + N..Basin.Outfall + CODds..mg.L. + NSEC.Effluent.TSS",0.204093153865576,0.826344157998265,"3,2"
"1935","Pump.Flow.Based.PAA.Dose + Temp..of.NSEC.Main.Ch. + Temp..of.the.Atmos. + N..Basin.Outfall + CODds..mg.L. + NSEC.Effluent.NO5",0.175117776632558,0.841327600240205,"3,2"
"1936","Pump.Flow.Based.PAA.Dose + Temp..of.NSEC.Main.Ch. + Temp..of.the.Atmos. + N..Basin.Outfall + CODds..mg.L. + NSEC.Effluent.Flow",0.222697796425671,0.836698055260167,"3,2"
"1937","Pump.Flow.Based.PAA.Dose + Temp..of.NSEC.Main.Ch. + Temp..of.the.Atmos. + N..Basin.Outfall + SACto..1.m. + NSEC.Aerobic.SRT",0.233802053211666,0.845071937335606,"3,2"
"1938","Pump.Flow.Based.PAA.Dose + Temp..of.NSEC.Main.Ch. + Temp..of.the.Atmos. + N..Basin.Outfall + SACto..1.m. + NSEC.Effluent.NH3",0.1017132942058,0.820274173635337,"3,2"
"1939","Pump.Flow.Based.PAA.Dose + Temp..of.NSEC.Main.Ch. + Temp..of.the.Atmos. + N..Basin.Outfall + SACto..1.m. + NSEC.Effluent.NO3",0.177995395561837,0.819087000984833,"3,2"
"1940","Pump.Flow.Based.PAA.Dose + Temp..of.NSEC.Main.Ch. + Temp..of.the.Atmos. + N..Basin.Outfall + SACto..1.m. + NSEC.Effluent.OP",0.0490397893563239,0.827321423821264,"3,2"
"1941","Pump.Flow.Based.PAA.Dose + Temp..of.NSEC.Main.Ch. + Temp..of.the.Atmos. + N..Basin.Outfall + SACto..1.m. + NSEC.Effluent.TSS",0.193177236061972,0.00703544989591231,"3,2"
"1942","Pump.Flow.Based.PAA.Dose + Temp..of.NSEC.Main.Ch. + Temp..of.the.Atmos. + N..Basin.Outfall + SACto..1.m. + NSEC.Effluent.NO5",0.233005408130695,0.859493321862385,"3,2"
"1943","Pump.Flow.Based.PAA.Dose + Temp..of.NSEC.Main.Ch. + Temp..of.the.Atmos. + N..Basin.Outfall + SACto..1.m. + NSEC.Effluent.Flow",0.273405253315577,0.823608580826947,"3,2"
"1944","Pump.Flow.Based.PAA.Dose + Temp..of.NSEC.Main.Ch. + Temp..of.the.Atmos. + N..Basin.Outfall + NSEC.Aerobic.SRT + NSEC.Effluent.NH3",0.2215945928064,0.815212609446874,"3,2"
"1945","Pump.Flow.Based.PAA.Dose + Temp..of.NSEC.Main.Ch. + Temp..of.the.Atmos. + N..Basin.Outfall + NSEC.Aerobic.SRT + NSEC.Effluent.NO3",0.221752746492489,0.834090943059798,"3,2"
"1946","Pump.Flow.Based.PAA.Dose + Temp..of.NSEC.Main.Ch. + Temp..of.the.Atmos. + N..Basin.Outfall + NSEC.Aerobic.SRT + NSEC.Effluent.OP",0.0987710174398135,0.798386644367663,"3,2"
"1947","Pump.Flow.Based.PAA.Dose + Temp..of.NSEC.Main.Ch. + Temp..of.the.Atmos. + N..Basin.Outfall + NSEC.Aerobic.SRT + NSEC.Effluent.TSS",0.178319516508077,0.818134881888906,"3,2"
"1948","Pump.Flow.Based.PAA.Dose + Temp..of.NSEC.Main.Ch. + Temp..of.the.Atmos. + N..Basin.Outfall + NSEC.Aerobic.SRT + NSEC.Effluent.NO5",0.196467008460466,0.817649184476395,"3,2"
"1949","Pump.Flow.Based.PAA.Dose + Temp..of.NSEC.Main.Ch. + Temp..of.the.Atmos. + N..Basin.Outfall + NSEC.Aerobic.SRT + NSEC.Effluent.Flow",0.194149926524915,0.80964686031937,"3,2"
"1950","Pump.Flow.Based.PAA.Dose + Temp..of.NSEC.Main.Ch. + Temp..of.the.Atmos. + N..Basin.Outfall + NSEC.Effluent.NH3 + NSEC.Effluent.NO3",0.214086489101986,0.842184693020033,"3,2"
"1951","Pump.Flow.Based.PAA.Dose + Temp..of.NSEC.Main.Ch. + Temp..of.the.Atmos. + N..Basin.Outfall + NSEC.Effluent.NH3 + NSEC.Effluent.OP",0.138601473641401,0.846087337570935,"3,2"
"1952","Pump.Flow.Based.PAA.Dose + Temp..of.NSEC.Main.Ch. + Temp..of.the.Atmos. + N..Basin.Outfall + NSEC.Effluent.NH3 + NSEC.Effluent.TSS",0.169343155010617,0.804247794777637,"3,2"
"1953","Pump.Flow.Based.PAA.Dose + Temp..of.NSEC.Main.Ch. + Temp..of.the.Atmos. + N..Basin.Outfall + NSEC.Effluent.NH3 + NSEC.Effluent.NO5",0.136340388889468,0.850944008955014,"3,2"
"1954","Pump.Flow.Based.PAA.Dose + Temp..of.NSEC.Main.Ch. + Temp..of.the.Atmos. + N..Basin.Outfall + NSEC.Effluent.NH3 + NSEC.Effluent.Flow",0.135263430070744,0.794441035842769,"3,2"
"1955","Pump.Flow.Based.PAA.Dose + Temp..of.NSEC.Main.Ch. + Temp..of.the.Atmos. + N..Basin.Outfall + NSEC.Effluent.NO3 + NSEC.Effluent.OP",0.137215301405588,0.810068496336779,"3,2"
"1956","Pump.Flow.Based.PAA.Dose + Temp..of.NSEC.Main.Ch. + Temp..of.the.Atmos. + N..Basin.Outfall + NSEC.Effluent.NO3 + NSEC.Effluent.TSS",0.111894597613925,0.829422846579122,"3,2"
"1957","Pump.Flow.Based.PAA.Dose + Temp..of.NSEC.Main.Ch. + Temp..of.the.Atmos. + N..Basin.Outfall + NSEC.Effluent.NO3 + NSEC.Effluent.NO5",0.118416147336328,0.80879158995814,"3,2"
"1958","Pump.Flow.Based.PAA.Dose + Temp..of.NSEC.Main.Ch. + Temp..of.the.Atmos. + N..Basin.Outfall + NSEC.Effluent.NO3 + NSEC.Effluent.Flow",0.272381784780839,0.833814867625726,"3,2"
"1959","Pump.Flow.Based.PAA.Dose + Temp..of.NSEC.Main.Ch. + Temp..of.the.Atmos. + N..Basin.Outfall + NSEC.Effluent.OP + NSEC.Effluent.TSS",0.146660885309557,0.794678164877882,"3,2"
"1960","Pump.Flow.Based.PAA.Dose + Temp..of.NSEC.Main.Ch. + Temp..of.the.Atmos. + N..Basin.Outfall + NSEC.Effluent.OP + NSEC.Effluent.NO5",0.0736853587093973,0.796027975484282,"3,2"
"1961","Pump.Flow.Based.PAA.Dose + Temp..of.NSEC.Main.Ch. + Temp..of.the.Atmos. + N..Basin.Outfall + NSEC.Effluent.OP + NSEC.Effluent.Flow",0.250843072904597,0.813463484166123,"3,2"
"1962","Pump.Flow.Based.PAA.Dose + Temp..of.NSEC.Main.Ch. + Temp..of.the.Atmos. + N..Basin.Outfall + NSEC.Effluent.TSS + NSEC.Effluent.NO5",0.148757679300624,0.813425252616759,"3,2"
"1963","Pump.Flow.Based.PAA.Dose + Temp..of.NSEC.Main.Ch. + Temp..of.the.Atmos. + N..Basin.Outfall + NSEC.Effluent.TSS + NSEC.Effluent.Flow",0.178566517595,0.798539746618911,"3,2"
"1964","Pump.Flow.Based.PAA.Dose + Temp..of.NSEC.Main.Ch. + Temp..of.the.Atmos. + N..Basin.Outfall + NSEC.Effluent.NO5 + NSEC.Effluent.Flow",0.178119591844062,0.812026378525135,"3,2"
"1965","Pump.Flow.Based.PAA.Dose + Temp..of.NSEC.Main.Ch. + Temp..of.the.Atmos. + CODto..mg.L. + TSS..mg.L. + UVT....",0.446287940635191,0.805325072068706,"3,2"
"1966","Pump.Flow.Based.PAA.Dose + Temp..of.NSEC.Main.Ch. + Temp..of.the.Atmos. + CODto..mg.L. + TSS..mg.L. + CODds..mg.L.",0.328045181028965,0.737077714628327,"3,2"
"1967","Pump.Flow.Based.PAA.Dose + Temp..of.NSEC.Main.Ch. + Temp..of.the.Atmos. + CODto..mg.L. + TSS..mg.L. + SACto..1.m.",0.281856827933298,0.756211296600535,"3,2"
"1968","Pump.Flow.Based.PAA.Dose + Temp..of.NSEC.Main.Ch. + Temp..of.the.Atmos. + CODto..mg.L. + TSS..mg.L. + NSEC.Aerobic.SRT",0.313507047298267,0.734587755144108,"3,2"
"1969","Pump.Flow.Based.PAA.Dose + Temp..of.NSEC.Main.Ch. + Temp..of.the.Atmos. + CODto..mg.L. + TSS..mg.L. + NSEC.Effluent.NH3",0.386293889728477,0.721855564830493,"3,2"
"1970","Pump.Flow.Based.PAA.Dose + Temp..of.NSEC.Main.Ch. + Temp..of.the.Atmos. + CODto..mg.L. + TSS..mg.L. + NSEC.Effluent.NO3",0.305728958749228,0.732520546143139,"3,2"
"1971","Pump.Flow.Based.PAA.Dose + Temp..of.NSEC.Main.Ch. + Temp..of.the.Atmos. + CODto..mg.L. + TSS..mg.L. + NSEC.Effluent.OP",0.195575766171872,0.768828340338956,"3,2"
"1972","Pump.Flow.Based.PAA.Dose + Temp..of.NSEC.Main.Ch. + Temp..of.the.Atmos. + CODto..mg.L. + TSS..mg.L. + NSEC.Effluent.TSS",0.379731565762266,0.790997353580378,"3,2"
"1973","Pump.Flow.Based.PAA.Dose + Temp..of.NSEC.Main.Ch. + Temp..of.the.Atmos. + CODto..mg.L. + TSS..mg.L. + NSEC.Effluent.NO5",0.346264780083897,0.746504651856804,"3,2"
"1974","Pump.Flow.Based.PAA.Dose + Temp..of.NSEC.Main.Ch. + Temp..of.the.Atmos. + CODto..mg.L. + TSS..mg.L. + NSEC.Effluent.Flow",0.0995280130231473,0.813950029511866,"3,2"
"1975","Pump.Flow.Based.PAA.Dose + Temp..of.NSEC.Main.Ch. + Temp..of.the.Atmos. + CODto..mg.L. + UVT.... + CODds..mg.L.",0.324971303960897,0.760184090413996,"3,2"
"1976","Pump.Flow.Based.PAA.Dose + Temp..of.NSEC.Main.Ch. + Temp..of.the.Atmos. + CODto..mg.L. + UVT.... + SACto..1.m.",0.365614177676462,0.757865608584389,"3,2"
"1977","Pump.Flow.Based.PAA.Dose + Temp..of.NSEC.Main.Ch. + Temp..of.the.Atmos. + CODto..mg.L. + UVT.... + NSEC.Aerobic.SRT",0.313223136746331,0.788824605479608,"3,2"
"1978","Pump.Flow.Based.PAA.Dose + Temp..of.NSEC.Main.Ch. + Temp..of.the.Atmos. + CODto..mg.L. + UVT.... + NSEC.Effluent.NH3",0.429609857030071,0.754131494577642,"3,2"
"1979","Pump.Flow.Based.PAA.Dose + Temp..of.NSEC.Main.Ch. + Temp..of.the.Atmos. + CODto..mg.L. + UVT.... + NSEC.Effluent.NO3",0.350656321453424,0.748260260490415,"3,2"
"1980","Pump.Flow.Based.PAA.Dose + Temp..of.NSEC.Main.Ch. + Temp..of.the.Atmos. + CODto..mg.L. + UVT.... + NSEC.Effluent.OP",0.390193988993099,0.799978660341218,"3,2"
"1981","Pump.Flow.Based.PAA.Dose + Temp..of.NSEC.Main.Ch. + Temp..of.the.Atmos. + CODto..mg.L. + UVT.... + NSEC.Effluent.TSS",0.380962156981104,0.726726229293853,"3,2"
"1982","Pump.Flow.Based.PAA.Dose + Temp..of.NSEC.Main.Ch. + Temp..of.the.Atmos. + CODto..mg.L. + UVT.... + NSEC.Effluent.NO5",0.410186111243347,0.740076902705835,"3,2"
"1983","Pump.Flow.Based.PAA.Dose + Temp..of.NSEC.Main.Ch. + Temp..of.the.Atmos. + CODto..mg.L. + UVT.... + NSEC.Effluent.Flow",0.256254912660061,0.84710051365845,"3,2"
"1984","Pump.Flow.Based.PAA.Dose + Temp..of.NSEC.Main.Ch. + Temp..of.the.Atmos. + CODto..mg.L. + CODds..mg.L. + SACto..1.m.",0.289184880022326,0.761840711703276,"3,2"
"1985","Pump.Flow.Based.PAA.Dose + Temp..of.NSEC.Main.Ch. + Temp..of.the.Atmos. + CODto..mg.L. + CODds..mg.L. + NSEC.Aerobic.SRT",0.304843338044987,0.756316124835802,"3,2"
"1986","Pump.Flow.Based.PAA.Dose + Temp..of.NSEC.Main.Ch. + Temp..of.the.Atmos. + CODto..mg.L. + CODds..mg.L. + NSEC.Effluent.NH3",0.376722423470692,0.712392747985512,"3,2"
"1987","Pump.Flow.Based.PAA.Dose + Temp..of.NSEC.Main.Ch. + Temp..of.the.Atmos. + CODto..mg.L. + CODds..mg.L. + NSEC.Effluent.NO3",0.35405622889145,0.738491947360086,"3,2"
"1988","Pump.Flow.Based.PAA.Dose + Temp..of.NSEC.Main.Ch. + Temp..of.the.Atmos. + CODto..mg.L. + CODds..mg.L. + NSEC.Effluent.OP",0.290376986575452,0.771599246163556,"3,2"
"1989","Pump.Flow.Based.PAA.Dose + Temp..of.NSEC.Main.Ch. + Temp..of.the.Atmos. + CODto..mg.L. + CODds..mg.L. + NSEC.Effluent.TSS",0.191495292709655,0.795459991633456,"3,2"
"1990","Pump.Flow.Based.PAA.Dose + Temp..of.NSEC.Main.Ch. + Temp..of.the.Atmos. + CODto..mg.L. + CODds..mg.L. + NSEC.Effluent.NO5",0.423617255844989,0.840947251316346,"3,2"
"1991","Pump.Flow.Based.PAA.Dose + Temp..of.NSEC.Main.Ch. + Temp..of.the.Atmos. + CODto..mg.L. + CODds..mg.L. + NSEC.Effluent.Flow",0.156015358013702,0.830245473989044,"3,2"
"1992","Pump.Flow.Based.PAA.Dose + Temp..of.NSEC.Main.Ch. + Temp..of.the.Atmos. + CODto..mg.L. + SACto..1.m. + NSEC.Aerobic.SRT",0.249844253260095,0.775269758074846,"3,2"
"1993","Pump.Flow.Based.PAA.Dose + Temp..of.NSEC.Main.Ch. + Temp..of.the.Atmos. + CODto..mg.L. + SACto..1.m. + NSEC.Effluent.NH3",0.395618834125686,0.714040909847112,"3,2"
"1994","Pump.Flow.Based.PAA.Dose + Temp..of.NSEC.Main.Ch. + Temp..of.the.Atmos. + CODto..mg.L. + SACto..1.m. + NSEC.Effluent.NO3",0.33833926390797,0.751634200647487,"3,2"
"1995","Pump.Flow.Based.PAA.Dose + Temp..of.NSEC.Main.Ch. + Temp..of.the.Atmos. + CODto..mg.L. + SACto..1.m. + NSEC.Effluent.OP",0.362584092399295,0.806114864850029,"3,2"
"1996","Pump.Flow.Based.PAA.Dose + Temp..of.NSEC.Main.Ch. + Temp..of.the.Atmos. + CODto..mg.L. + SACto..1.m. + NSEC.Effluent.TSS",0.403239234183691,0.758660975670937,"3,2"
"1997","Pump.Flow.Based.PAA.Dose + Temp..of.NSEC.Main.Ch. + Temp..of.the.Atmos. + CODto..mg.L. + SACto..1.m. + NSEC.Effluent.NO5",0.37964322914481,0.735609401668973,"3,2"
"1998","Pump.Flow.Based.PAA.Dose + Temp..of.NSEC.Main.Ch. + Temp..of.the.Atmos. + CODto..mg.L. + SACto..1.m. + NSEC.Effluent.Flow",0.175051947975308,0.797936699339136,"3,2"
"1999","Pump.Flow.Based.PAA.Dose + Temp..of.NSEC.Main.Ch. + Temp..of.the.Atmos. + CODto..mg.L. + NSEC.Aerobic.SRT + NSEC.Effluent.NH3",0.350761726139199,0.708532468200358,"3,2"
"2000","Pump.Flow.Based.PAA.Dose + Temp..of.NSEC.Main.Ch. + Temp..of.the.Atmos. + CODto..mg.L. + NSEC.Aerobic.SRT + NSEC.Effluent.NO3",0.426598981166619,0.783927659459497,"3,2"
"2001","Pump.Flow.Based.PAA.Dose + Temp..of.NSEC.Main.Ch. + Temp..of.the.Atmos. + CODto..mg.L. + NSEC.Aerobic.SRT + NSEC.Effluent.OP",0.310034847595789,0.780355637540287,"3,2"
"2002","Pump.Flow.Based.PAA.Dose + Temp..of.NSEC.Main.Ch. + Temp..of.the.Atmos. + CODto..mg.L. + NSEC.Aerobic.SRT + NSEC.Effluent.TSS",0.318943435121994,0.746199369380538,"3,2"
"2003","Pump.Flow.Based.PAA.Dose + Temp..of.NSEC.Main.Ch. + Temp..of.the.Atmos. + CODto..mg.L. + NSEC.Aerobic.SRT + NSEC.Effluent.NO5",0.303893317013039,0.709260970264884,"3,2"
"2004","Pump.Flow.Based.PAA.Dose + Temp..of.NSEC.Main.Ch. + Temp..of.the.Atmos. + CODto..mg.L. + NSEC.Aerobic.SRT + NSEC.Effluent.Flow",0.215377399522194,0.820524878881079,"3,2"
"2005","Pump.Flow.Based.PAA.Dose + Temp..of.NSEC.Main.Ch. + Temp..of.the.Atmos. + CODto..mg.L. + NSEC.Effluent.NH3 + NSEC.Effluent.NO3",0.272777606960846,0.770438946148149,"3,2"
"2006","Pump.Flow.Based.PAA.Dose + Temp..of.NSEC.Main.Ch. + Temp..of.the.Atmos. + CODto..mg.L. + NSEC.Effluent.NH3 + NSEC.Effluent.OP",0.266548523602799,0.790410460533315,"3,2"
"2007","Pump.Flow.Based.PAA.Dose + Temp..of.NSEC.Main.Ch. + Temp..of.the.Atmos. + CODto..mg.L. + NSEC.Effluent.NH3 + NSEC.Effluent.TSS",0.42049667147847,0.756822932650451,"3,2"
"2008","Pump.Flow.Based.PAA.Dose + Temp..of.NSEC.Main.Ch. + Temp..of.the.Atmos. + CODto..mg.L. + NSEC.Effluent.NH3 + NSEC.Effluent.NO5",0.429733153520818,0.792887998492709,"3,2"
"2009","Pump.Flow.Based.PAA.Dose + Temp..of.NSEC.Main.Ch. + Temp..of.the.Atmos. + CODto..mg.L. + NSEC.Effluent.NH3 + NSEC.Effluent.Flow",0.250226048843062,0.801806923146221,"3,2"
"2010","Pump.Flow.Based.PAA.Dose + Temp..of.NSEC.Main.Ch. + Temp..of.the.Atmos. + CODto..mg.L. + NSEC.Effluent.NO3 + NSEC.Effluent.OP",0.307109142566527,0.820461224128319,"3,2"
"2011","Pump.Flow.Based.PAA.Dose + Temp..of.NSEC.Main.Ch. + Temp..of.the.Atmos. + CODto..mg.L. + NSEC.Effluent.NO3 + NSEC.Effluent.TSS",0.430375566723587,0.782175744374526,"3,2"
"2012","Pump.Flow.Based.PAA.Dose + Temp..of.NSEC.Main.Ch. + Temp..of.the.Atmos. + CODto..mg.L. + NSEC.Effluent.NO3 + NSEC.Effluent.NO5",0.24597149890031,0.798476993065875,"3,2"
"2013","Pump.Flow.Based.PAA.Dose + Temp..of.NSEC.Main.Ch. + Temp..of.the.Atmos. + CODto..mg.L. + NSEC.Effluent.NO3 + NSEC.Effluent.Flow",0.237470725152011,0.843431152540611,"3,2"
"2014","Pump.Flow.Based.PAA.Dose + Temp..of.NSEC.Main.Ch. + Temp..of.the.Atmos. + CODto..mg.L. + NSEC.Effluent.OP + NSEC.Effluent.TSS",0.212625139354483,0.822740437821928,"3,2"
"2015","Pump.Flow.Based.PAA.Dose + Temp..of.NSEC.Main.Ch. + Temp..of.the.Atmos. + CODto..mg.L. + NSEC.Effluent.OP + NSEC.Effluent.NO5",0.346847350556385,0.718764858291869,"3,2"
"2016","Pump.Flow.Based.PAA.Dose + Temp..of.NSEC.Main.Ch. + Temp..of.the.Atmos. + CODto..mg.L. + NSEC.Effluent.OP + NSEC.Effluent.Flow",0.230662736248705,0.809847324046351,"3,2"
"2017","Pump.Flow.Based.PAA.Dose + Temp..of.NSEC.Main.Ch. + Temp..of.the.Atmos. + CODto..mg.L. + NSEC.Effluent.TSS + NSEC.Effluent.NO5",0.408522795963133,0.753895510107521,"3,2"
"2018","Pump.Flow.Based.PAA.Dose + Temp..of.NSEC.Main.Ch. + Temp..of.the.Atmos. + CODto..mg.L. + NSEC.Effluent.TSS + NSEC.Effluent.Flow",0.208848519283834,0.848758124137213,"3,2"
"2019","Pump.Flow.Based.PAA.Dose + Temp..of.NSEC.Main.Ch. + Temp..of.the.Atmos. + CODto..mg.L. + NSEC.Effluent.NO5 + NSEC.Effluent.Flow",0.276305515440222,0.835253075381715,"3,2"
"2020","Pump.Flow.Based.PAA.Dose + Temp..of.NSEC.Main.Ch. + Temp..of.the.Atmos. + TSS..mg.L. + UVT.... + CODds..mg.L.",0.339930295983079,0.739855206024251,"3,2"
"2021","Pump.Flow.Based.PAA.Dose + Temp..of.NSEC.Main.Ch. + Temp..of.the.Atmos. + TSS..mg.L. + UVT.... + SACto..1.m.",0.391268709637457,0.784382942697792,"3,2"
"2022","Pump.Flow.Based.PAA.Dose + Temp..of.NSEC.Main.Ch. + Temp..of.the.Atmos. + TSS..mg.L. + UVT.... + NSEC.Aerobic.SRT",0.270412401868618,0.801899311038388,"3,2"
"2023","Pump.Flow.Based.PAA.Dose + Temp..of.NSEC.Main.Ch. + Temp..of.the.Atmos. + TSS..mg.L. + UVT.... + NSEC.Effluent.NH3",0.326983986878311,0.748551002212305,"3,2"
"2024","Pump.Flow.Based.PAA.Dose + Temp..of.NSEC.Main.Ch. + Temp..of.the.Atmos. + TSS..mg.L. + UVT.... + NSEC.Effluent.NO3",0.261339781346893,0.758707722460844,"3,2"
"2025","Pump.Flow.Based.PAA.Dose + Temp..of.NSEC.Main.Ch. + Temp..of.the.Atmos. + TSS..mg.L. + UVT.... + NSEC.Effluent.OP",0.334930504770069,0.683680544446659,"3,2"
"2026","Pump.Flow.Based.PAA.Dose + Temp..of.NSEC.Main.Ch. + Temp..of.the.Atmos. + TSS..mg.L. + UVT.... + NSEC.Effluent.TSS",0.323775248960589,0.783036369720731,"3,2"
"2027","Pump.Flow.Based.PAA.Dose + Temp..of.NSEC.Main.Ch. + Temp..of.the.Atmos. + TSS..mg.L. + UVT.... + NSEC.Effluent.NO5",0.332550396764499,0.749881518165629,"3,2"
"2028","Pump.Flow.Based.PAA.Dose + Temp..of.NSEC.Main.Ch. + Temp..of.the.Atmos. + TSS..mg.L. + UVT.... + NSEC.Effluent.Flow",0.154381587575591,0.847046024803605,"3,2"
"2029","Pump.Flow.Based.PAA.Dose + Temp..of.NSEC.Main.Ch. + Temp..of.the.Atmos. + TSS..mg.L. + CODds..mg.L. + SACto..1.m.",0.223435113000584,0.749222569006033,"3,2"
"2030","Pump.Flow.Based.PAA.Dose + Temp..of.NSEC.Main.Ch. + Temp..of.the.Atmos. + TSS..mg.L. + CODds..mg.L. + NSEC.Aerobic.SRT",0.259468918521957,0.708657990374479,"3,2"
"2031","Pump.Flow.Based.PAA.Dose + Temp..of.NSEC.Main.Ch. + Temp..of.the.Atmos. + TSS..mg.L. + CODds..mg.L. + NSEC.Effluent.NH3",0.282550670789747,0.728869525090467,"3,2"
"2032","Pump.Flow.Based.PAA.Dose + Temp..of.NSEC.Main.Ch. + Temp..of.the.Atmos. + TSS..mg.L. + CODds..mg.L. + NSEC.Effluent.NO3",0.238820371403048,0.713395210696309,"3,2"
"2033","Pump.Flow.Based.PAA.Dose + Temp..of.NSEC.Main.Ch. + Temp..of.the.Atmos. + TSS..mg.L. + CODds..mg.L. + NSEC.Effluent.OP",0.160546767019486,0.774935623965971,"3,2"
"2034","Pump.Flow.Based.PAA.Dose + Temp..of.NSEC.Main.Ch. + Temp..of.the.Atmos. + TSS..mg.L. + CODds..mg.L. + NSEC.Effluent.TSS",0.393058801952546,0.755637401061503,"3,2"
"2035","Pump.Flow.Based.PAA.Dose + Temp..of.NSEC.Main.Ch. + Temp..of.the.Atmos. + TSS..mg.L. + CODds..mg.L. + NSEC.Effluent.NO5",0.258224908678082,0.774710286645899,"3,2"
"2036","Pump.Flow.Based.PAA.Dose + Temp..of.NSEC.Main.Ch. + Temp..of.the.Atmos. + TSS..mg.L. + CODds..mg.L. + NSEC.Effluent.Flow",0.236136003269035,0.829639607218811,"3,2"
"2037","Pump.Flow.Based.PAA.Dose + Temp..of.NSEC.Main.Ch. + Temp..of.the.Atmos. + TSS..mg.L. + SACto..1.m. + NSEC.Aerobic.SRT",0.277255418443835,0.800414935188498,"3,2"
"2038","Pump.Flow.Based.PAA.Dose + Temp..of.NSEC.Main.Ch. + Temp..of.the.Atmos. + TSS..mg.L. + SACto..1.m. + NSEC.Effluent.NH3",0.339108605291658,0.731232651706802,"3,2"
"2039","Pump.Flow.Based.PAA.Dose + Temp..of.NSEC.Main.Ch. + Temp..of.the.Atmos. + TSS..mg.L. + SACto..1.m. + NSEC.Effluent.NO3",0.387838889561066,0.798395504420134,"3,2"
"2040","Pump.Flow.Based.PAA.Dose + Temp..of.NSEC.Main.Ch. + Temp..of.the.Atmos. + TSS..mg.L. + SACto..1.m. + NSEC.Effluent.OP",0.249999806962915,0.764868386130675,"3,2"
"2041","Pump.Flow.Based.PAA.Dose + Temp..of.NSEC.Main.Ch. + Temp..of.the.Atmos. + TSS..mg.L. + SACto..1.m. + NSEC.Effluent.TSS",0.326195248607561,0.776568400369457,"3,2"
"2042","Pump.Flow.Based.PAA.Dose + Temp..of.NSEC.Main.Ch. + Temp..of.the.Atmos. + TSS..mg.L. + SACto..1.m. + NSEC.Effluent.NO5",0.326377451942352,0.730876468045147,"3,2"
"2043","Pump.Flow.Based.PAA.Dose + Temp..of.NSEC.Main.Ch. + Temp..of.the.Atmos. + TSS..mg.L. + SACto..1.m. + NSEC.Effluent.Flow",0.184553326158171,0.856736796331533,"3,2"
"2044","Pump.Flow.Based.PAA.Dose + Temp..of.NSEC.Main.Ch. + Temp..of.the.Atmos. + TSS..mg.L. + NSEC.Aerobic.SRT + NSEC.Effluent.NH3",0.314939188095505,0.771797958265308,"3,2"
"2045","Pump.Flow.Based.PAA.Dose + Temp..of.NSEC.Main.Ch. + Temp..of.the.Atmos. + TSS..mg.L. + NSEC.Aerobic.SRT + NSEC.Effluent.NO3",0.272489720273431,0.738942170381097,"3,2"
"2046","Pump.Flow.Based.PAA.Dose + Temp..of.NSEC.Main.Ch. + Temp..of.the.Atmos. + TSS..mg.L. + NSEC.Aerobic.SRT + NSEC.Effluent.OP",0.327063026457699,0.747987027043559,"3,2"
"2047","Pump.Flow.Based.PAA.Dose + Temp..of.NSEC.Main.Ch. + Temp..of.the.Atmos. + TSS..mg.L. + NSEC.Aerobic.SRT + NSEC.Effluent.TSS",0.458812991533622,0.808916232819851,"3,2"
"2048","Pump.Flow.Based.PAA.Dose + Temp..of.NSEC.Main.Ch. + Temp..of.the.Atmos. + TSS..mg.L. + NSEC.Aerobic.SRT + NSEC.Effluent.NO5",0.279020749650258,0.710270556312569,"3,2"
"2049","Pump.Flow.Based.PAA.Dose + Temp..of.NSEC.Main.Ch. + Temp..of.the.Atmos. + TSS..mg.L. + NSEC.Aerobic.SRT + NSEC.Effluent.Flow",0.169776353399002,0.79855244551685,"3,2"
"2050","Pump.Flow.Based.PAA.Dose + Temp..of.NSEC.Main.Ch. + Temp..of.the.Atmos. + TSS..mg.L. + NSEC.Effluent.NH3 + NSEC.Effluent.NO3",0.36240642656338,0.722073320522002,"3,2"
"2051","Pump.Flow.Based.PAA.Dose + Temp..of.NSEC.Main.Ch. + Temp..of.the.Atmos. + TSS..mg.L. + NSEC.Effluent.NH3 + NSEC.Effluent.OP",0.27063581952702,0.804214539454152,"3,2"
"2052","Pump.Flow.Based.PAA.Dose + Temp..of.NSEC.Main.Ch. + Temp..of.the.Atmos. + TSS..mg.L. + NSEC.Effluent.NH3 + NSEC.Effluent.TSS",0.440938810712431,0.722758199155774,"3,2"
"2053","Pump.Flow.Based.PAA.Dose + Temp..of.NSEC.Main.Ch. + Temp..of.the.Atmos. + TSS..mg.L. + NSEC.Effluent.NH3 + NSEC.Effluent.NO5",0.435765954333721,0.762980253745672,"3,2"
"2054","Pump.Flow.Based.PAA.Dose + Temp..of.NSEC.Main.Ch. + Temp..of.the.Atmos. + TSS..mg.L. + NSEC.Effluent.NH3 + NSEC.Effluent.Flow",0.251113245490116,0.815035202130444,"3,2"
"2055","Pump.Flow.Based.PAA.Dose + Temp..of.NSEC.Main.Ch. + Temp..of.the.Atmos. + TSS..mg.L. + NSEC.Effluent.NO3 + NSEC.Effluent.OP",0.346423329122227,0.727976294830685,"3,2"
"2056","Pump.Flow.Based.PAA.Dose + Temp..of.NSEC.Main.Ch. + Temp..of.the.Atmos. + TSS..mg.L. + NSEC.Effluent.NO3 + NSEC.Effluent.TSS",0.330246207842587,0.730426961945853,"3,2"
"2057","Pump.Flow.Based.PAA.Dose + Temp..of.NSEC.Main.Ch. + Temp..of.the.Atmos. + TSS..mg.L. + NSEC.Effluent.NO3 + NSEC.Effluent.NO5",0.292056954277476,0.769047809164084,"3,2"
"2058","Pump.Flow.Based.PAA.Dose + Temp..of.NSEC.Main.Ch. + Temp..of.the.Atmos. + TSS..mg.L. + NSEC.Effluent.NO3 + NSEC.Effluent.Flow",0.17056167562808,0.827328299948487,"3,2"
"2059","Pump.Flow.Based.PAA.Dose + Temp..of.NSEC.Main.Ch. + Temp..of.the.Atmos. + TSS..mg.L. + NSEC.Effluent.OP + NSEC.Effluent.TSS",0.208435811741701,0.792727067864792,"3,2"
"2060","Pump.Flow.Based.PAA.Dose + Temp..of.NSEC.Main.Ch. + Temp..of.the.Atmos. + TSS..mg.L. + NSEC.Effluent.OP + NSEC.Effluent.NO5",0.268370371147846,0.780971329975067,"3,2"
"2061","Pump.Flow.Based.PAA.Dose + Temp..of.NSEC.Main.Ch. + Temp..of.the.Atmos. + TSS..mg.L. + NSEC.Effluent.OP + NSEC.Effluent.Flow",0.20905614726493,0.837592828685179,"3,2"
"2062","Pump.Flow.Based.PAA.Dose + Temp..of.NSEC.Main.Ch. + Temp..of.the.Atmos. + TSS..mg.L. + NSEC.Effluent.TSS + NSEC.Effluent.NO5",0.48810503768667,0.801139849220182,"3,2"
"2063","Pump.Flow.Based.PAA.Dose + Temp..of.NSEC.Main.Ch. + Temp..of.the.Atmos. + TSS..mg.L. + NSEC.Effluent.TSS + NSEC.Effluent.Flow",0.21791418397369,0.818730160662314,"3,2"
"2064","Pump.Flow.Based.PAA.Dose + Temp..of.NSEC.Main.Ch. + Temp..of.the.Atmos. + TSS..mg.L. + NSEC.Effluent.NO5 + NSEC.Effluent.Flow",0.137126389864561,0.804187910114093,"3,2"
"2065","Pump.Flow.Based.PAA.Dose + Temp..of.NSEC.Main.Ch. + Temp..of.the.Atmos. + UVT.... + CODds..mg.L. + SACto..1.m.",0.321377182499471,0.736682287619678,"3,2"
"2066","Pump.Flow.Based.PAA.Dose + Temp..of.NSEC.Main.Ch. + Temp..of.the.Atmos. + UVT.... + CODds..mg.L. + NSEC.Aerobic.SRT",0.27952469672185,0.782568648151247,"3,2"
"2067","Pump.Flow.Based.PAA.Dose + Temp..of.NSEC.Main.Ch. + Temp..of.the.Atmos. + UVT.... + CODds..mg.L. + NSEC.Effluent.NH3",0.299772928153278,0.74579901093353,"3,2"
"2068","Pump.Flow.Based.PAA.Dose + Temp..of.NSEC.Main.Ch. + Temp..of.the.Atmos. + UVT.... + CODds..mg.L. + NSEC.Effluent.NO3",0.380512016383138,0.767637319188122,"3,2"
"2069","Pump.Flow.Based.PAA.Dose + Temp..of.NSEC.Main.Ch. + Temp..of.the.Atmos. + UVT.... + CODds..mg.L. + NSEC.Effluent.OP",0.275979577813401,0.773941541412467,"3,2"
"2070","Pump.Flow.Based.PAA.Dose + Temp..of.NSEC.Main.Ch. + Temp..of.the.Atmos. + UVT.... + CODds..mg.L. + NSEC.Effluent.TSS",0.299158512827311,0.814510510814874,"3,2"
"2071","Pump.Flow.Based.PAA.Dose + Temp..of.NSEC.Main.Ch. + Temp..of.the.Atmos. + UVT.... + CODds..mg.L. + NSEC.Effluent.NO5",0.257496192704454,0.734501103244653,"3,2"
"2072","Pump.Flow.Based.PAA.Dose + Temp..of.NSEC.Main.Ch. + Temp..of.the.Atmos. + UVT.... + CODds..mg.L. + NSEC.Effluent.Flow",0.166418928991528,0.802509635334316,"3,2"
"2073","Pump.Flow.Based.PAA.Dose + Temp..of.NSEC.Main.Ch. + Temp..of.the.Atmos. + UVT.... + SACto..1.m. + NSEC.Aerobic.SRT",0.327837907938109,0.707500278150863,"3,2"
"2074","Pump.Flow.Based.PAA.Dose + Temp..of.NSEC.Main.Ch. + Temp..of.the.Atmos. + UVT.... + SACto..1.m. + NSEC.Effluent.NH3",0.411552097910332,0.745134638679607,"3,2"
"2075","Pump.Flow.Based.PAA.Dose + Temp..of.NSEC.Main.Ch. + Temp..of.the.Atmos. + UVT.... + SACto..1.m. + NSEC.Effluent.NO3",0.412911081528264,0.751556371607415,"3,2"
"2076","Pump.Flow.Based.PAA.Dose + Temp..of.NSEC.Main.Ch. + Temp..of.the.Atmos. + UVT.... + SACto..1.m. + NSEC.Effluent.OP",0.344878982078564,0.769706740597525,"3,2"
"2077","Pump.Flow.Based.PAA.Dose + Temp..of.NSEC.Main.Ch. + Temp..of.the.Atmos. + UVT.... + SACto..1.m. + NSEC.Effluent.TSS",0.431932491191745,0.721658998885982,"3,2"
"2078","Pump.Flow.Based.PAA.Dose + Temp..of.NSEC.Main.Ch. + Temp..of.the.Atmos. + UVT.... + SACto..1.m. + NSEC.Effluent.NO5",0.295540415955476,0.794483380630459,"3,2"
"2079","Pump.Flow.Based.PAA.Dose + Temp..of.NSEC.Main.Ch. + Temp..of.the.Atmos. + UVT.... + SACto..1.m. + NSEC.Effluent.Flow",0.247152372187536,0.817772393693295,"3,2"
"2080","Pump.Flow.Based.PAA.Dose + Temp..of.NSEC.Main.Ch. + Temp..of.the.Atmos. + UVT.... + NSEC.Aerobic.SRT + NSEC.Effluent.NH3",0.352306938063646,0.73858990239162,"3,2"
"2081","Pump.Flow.Based.PAA.Dose + Temp..of.NSEC.Main.Ch. + Temp..of.the.Atmos. + UVT.... + NSEC.Aerobic.SRT + NSEC.Effluent.NO3",0.378921177691161,0.749266968726172,"3,2"
"2082","Pump.Flow.Based.PAA.Dose + Temp..of.NSEC.Main.Ch. + Temp..of.the.Atmos. + UVT.... + NSEC.Aerobic.SRT + NSEC.Effluent.OP",0.240542846933767,0.77842679337758,"3,2"
"2083","Pump.Flow.Based.PAA.Dose + Temp..of.NSEC.Main.Ch. + Temp..of.the.Atmos. + UVT.... + NSEC.Aerobic.SRT + NSEC.Effluent.TSS",0.315717382810717,0.729725449703583,"3,2"
"2084","Pump.Flow.Based.PAA.Dose + Temp..of.NSEC.Main.Ch. + Temp..of.the.Atmos. + UVT.... + NSEC.Aerobic.SRT + NSEC.Effluent.NO5",0.300225265523486,0.771404802928045,"3,2"
"2085","Pump.Flow.Based.PAA.Dose + Temp..of.NSEC.Main.Ch. + Temp..of.the.Atmos. + UVT.... + NSEC.Aerobic.SRT + NSEC.Effluent.Flow",0.212954118920945,0.8348780102144,"3,2"
"2086","Pump.Flow.Based.PAA.Dose + Temp..of.NSEC.Main.Ch. + Temp..of.the.Atmos. + UVT.... + NSEC.Effluent.NH3 + NSEC.Effluent.NO3",0.365093798522067,0.780721466657314,"3,2"
"2087","Pump.Flow.Based.PAA.Dose + Temp..of.NSEC.Main.Ch. + Temp..of.the.Atmos. + UVT.... + NSEC.Effluent.NH3 + NSEC.Effluent.OP",0.263611049726872,0.792048261586248,"3,2"
"2088","Pump.Flow.Based.PAA.Dose + Temp..of.NSEC.Main.Ch. + Temp..of.the.Atmos. + UVT.... + NSEC.Effluent.NH3 + NSEC.Effluent.TSS",0.348055200821769,0.763113243347701,"3,2"
"2089","Pump.Flow.Based.PAA.Dose + Temp..of.NSEC.Main.Ch. + Temp..of.the.Atmos. + UVT.... + NSEC.Effluent.NH3 + NSEC.Effluent.NO5",0.404453329819102,0.803324854099569,"3,2"
"2090","Pump.Flow.Based.PAA.Dose + Temp..of.NSEC.Main.Ch. + Temp..of.the.Atmos. + UVT.... + NSEC.Effluent.NH3 + NSEC.Effluent.Flow",0.268276684001963,0.813610111034675,"3,2"
"2091","Pump.Flow.Based.PAA.Dose + Temp..of.NSEC.Main.Ch. + Temp..of.the.Atmos. + UVT.... + NSEC.Effluent.NO3 + NSEC.Effluent.OP",0.24981905228022,0.741627360257953,"3,2"
"2092","Pump.Flow.Based.PAA.Dose + Temp..of.NSEC.Main.Ch. + Temp..of.the.Atmos. + UVT.... + NSEC.Effluent.NO3 + NSEC.Effluent.TSS",0.342383780140925,0.734839441761164,"3,2"
"2093","Pump.Flow.Based.PAA.Dose + Temp..of.NSEC.Main.Ch. + Temp..of.the.Atmos. + UVT.... + NSEC.Effluent.NO3 + NSEC.Effluent.NO5",0.431533151821493,0.772288381140545,"3,2"
"2094","Pump.Flow.Based.PAA.Dose + Temp..of.NSEC.Main.Ch. + Temp..of.the.Atmos. + UVT.... + NSEC.Effluent.NO3 + NSEC.Effluent.Flow",0.1111186845554,0.871381622444545,"3,2"
"2095","Pump.Flow.Based.PAA.Dose + Temp..of.NSEC.Main.Ch. + Temp..of.the.Atmos. + UVT.... + NSEC.Effluent.OP + NSEC.Effluent.TSS",0.261429363974947,0.797168878391097,"3,2"
"2096","Pump.Flow.Based.PAA.Dose + Temp..of.NSEC.Main.Ch. + Temp..of.the.Atmos. + UVT.... + NSEC.Effluent.OP + NSEC.Effluent.NO5",0.314868724892678,0.823306420248076,"3,2"
"2097","Pump.Flow.Based.PAA.Dose + Temp..of.NSEC.Main.Ch. + Temp..of.the.Atmos. + UVT.... + NSEC.Effluent.OP + NSEC.Effluent.Flow",0.234673458213185,0.810968694011564,"3,2"
"2098","Pump.Flow.Based.PAA.Dose + Temp..of.NSEC.Main.Ch. + Temp..of.the.Atmos. + UVT.... + NSEC.Effluent.TSS + NSEC.Effluent.NO5",0.325253213380504,0.762849429233342,"3,2"
"2099","Pump.Flow.Based.PAA.Dose + Temp..of.NSEC.Main.Ch. + Temp..of.the.Atmos. + UVT.... + NSEC.Effluent.TSS + NSEC.Effluent.Flow",0.183611545810799,0.813827647075589,"3,2"
"2100","Pump.Flow.Based.PAA.Dose + Temp..of.NSEC.Main.Ch. + Temp..of.the.Atmos. + UVT.... + NSEC.Effluent.NO5 + NSEC.Effluent.Flow",0.119654326032964,0.810469359469306,"3,2"
"2101","Pump.Flow.Based.PAA.Dose + Temp..of.NSEC.Main.Ch. + Temp..of.the.Atmos. + CODds..mg.L. + SACto..1.m. + NSEC.Aerobic.SRT",0.267206604705194,0.725218240888872,"3,2"
"2102","Pump.Flow.Based.PAA.Dose + Temp..of.NSEC.Main.Ch. + Temp..of.the.Atmos. + CODds..mg.L. + SACto..1.m. + NSEC.Effluent.NH3",0.305570401125456,0.788904598868957,"3,2"
"2103","Pump.Flow.Based.PAA.Dose + Temp..of.NSEC.Main.Ch. + Temp..of.the.Atmos. + CODds..mg.L. + SACto..1.m. + NSEC.Effluent.NO3",0.348055632614725,0.745304746823463,"3,2"
"2104","Pump.Flow.Based.PAA.Dose + Temp..of.NSEC.Main.Ch. + Temp..of.the.Atmos. + CODds..mg.L. + SACto..1.m. + NSEC.Effluent.OP",0.192520117453945,0.798956461450507,"3,2"
"2105","Pump.Flow.Based.PAA.Dose + Temp..of.NSEC.Main.Ch. + Temp..of.the.Atmos. + CODds..mg.L. + SACto..1.m. + NSEC.Effluent.TSS",0.334600647846541,0.768860248944447,"3,2"
"2106","Pump.Flow.Based.PAA.Dose + Temp..of.NSEC.Main.Ch. + Temp..of.the.Atmos. + CODds..mg.L. + SACto..1.m. + NSEC.Effluent.NO5",0.260845910260867,0.705364044818725,"3,2"
"2107","Pump.Flow.Based.PAA.Dose + Temp..of.NSEC.Main.Ch. + Temp..of.the.Atmos. + CODds..mg.L. + SACto..1.m. + NSEC.Effluent.Flow",0.107863260978482,0.817802724845056,"3,2"
"2108","Pump.Flow.Based.PAA.Dose + Temp..of.NSEC.Main.Ch. + Temp..of.the.Atmos. + CODds..mg.L. + NSEC.Aerobic.SRT + NSEC.Effluent.NH3",0.619363823157974,0.810000681628044,"3,2"
"2109","Pump.Flow.Based.PAA.Dose + Temp..of.NSEC.Main.Ch. + Temp..of.the.Atmos. + CODds..mg.L. + NSEC.Aerobic.SRT + NSEC.Effluent.NO3",0.283960492364268,0.754505805734134,"3,2"
"2110","Pump.Flow.Based.PAA.Dose + Temp..of.NSEC.Main.Ch. + Temp..of.the.Atmos. + CODds..mg.L. + NSEC.Aerobic.SRT + NSEC.Effluent.OP",0.182083855885452,0.800417199786638,"3,2"
"2111","Pump.Flow.Based.PAA.Dose + Temp..of.NSEC.Main.Ch. + Temp..of.the.Atmos. + CODds..mg.L. + NSEC.Aerobic.SRT + NSEC.Effluent.TSS",0.363400049198454,0.737206792303937,"3,2"
"2112","Pump.Flow.Based.PAA.Dose + Temp..of.NSEC.Main.Ch. + Temp..of.the.Atmos. + CODds..mg.L. + NSEC.Aerobic.SRT + NSEC.Effluent.NO5",0.318143049746497,0.737424936054669,"3,2"
"2113","Pump.Flow.Based.PAA.Dose + Temp..of.NSEC.Main.Ch. + Temp..of.the.Atmos. + CODds..mg.L. + NSEC.Aerobic.SRT + NSEC.Effluent.Flow",0.245249076772086,0.835021498541341,"3,2"
"2114","Pump.Flow.Based.PAA.Dose + Temp..of.NSEC.Main.Ch. + Temp..of.the.Atmos. + CODds..mg.L. + NSEC.Effluent.NH3 + NSEC.Effluent.NO3",0.365688286426564,0.737038825602327,"3,2"
"2115","Pump.Flow.Based.PAA.Dose + Temp..of.NSEC.Main.Ch. + Temp..of.the.Atmos. + CODds..mg.L. + NSEC.Effluent.NH3 + NSEC.Effluent.OP",0.212043948920352,0.800233659297392,"3,2"
"2116","Pump.Flow.Based.PAA.Dose + Temp..of.NSEC.Main.Ch. + Temp..of.the.Atmos. + CODds..mg.L. + NSEC.Effluent.NH3 + NSEC.Effluent.TSS",0.511891395501466,0.81884770146074,"3,2"
"2117","Pump.Flow.Based.PAA.Dose + Temp..of.NSEC.Main.Ch. + Temp..of.the.Atmos. + CODds..mg.L. + NSEC.Effluent.NH3 + NSEC.Effluent.NO5",0.32782311489529,0.708959387897392,"3,2"
"2118","Pump.Flow.Based.PAA.Dose + Temp..of.NSEC.Main.Ch. + Temp..of.the.Atmos. + CODds..mg.L. + NSEC.Effluent.NH3 + NSEC.Effluent.Flow",0.156046526195151,0.800688644087527,"3,2"
"2119","Pump.Flow.Based.PAA.Dose + Temp..of.NSEC.Main.Ch. + Temp..of.the.Atmos. + CODds..mg.L. + NSEC.Effluent.NO3 + NSEC.Effluent.OP",0.128751129272901,0.788661351711311,"3,2"
"2120","Pump.Flow.Based.PAA.Dose + Temp..of.NSEC.Main.Ch. + Temp..of.the.Atmos. + CODds..mg.L. + NSEC.Effluent.NO3 + NSEC.Effluent.TSS",0.532027961019732,0.808177332914188,"3,2"
"2121","Pump.Flow.Based.PAA.Dose + Temp..of.NSEC.Main.Ch. + Temp..of.the.Atmos. + CODds..mg.L. + NSEC.Effluent.NO3 + NSEC.Effluent.NO5",0.280731945868302,0.748951287399853,"3,2"
"2122","Pump.Flow.Based.PAA.Dose + Temp..of.NSEC.Main.Ch. + Temp..of.the.Atmos. + CODds..mg.L. + NSEC.Effluent.NO3 + NSEC.Effluent.Flow",0.243090203187362,0.82109181097327,"3,2"
"2123","Pump.Flow.Based.PAA.Dose + Temp..of.NSEC.Main.Ch. + Temp..of.the.Atmos. + CODds..mg.L. + NSEC.Effluent.OP + NSEC.Effluent.TSS",0.268171389956314,0.793086661322134,"3,2"
"2124","Pump.Flow.Based.PAA.Dose + Temp..of.NSEC.Main.Ch. + Temp..of.the.Atmos. + CODds..mg.L. + NSEC.Effluent.OP + NSEC.Effluent.NO5",0.269963035990864,0.695185697794949,"3,2"
"2125","Pump.Flow.Based.PAA.Dose + Temp..of.NSEC.Main.Ch. + Temp..of.the.Atmos. + CODds..mg.L. + NSEC.Effluent.OP + NSEC.Effluent.Flow",0.183285049948168,0.799042528540431,"3,2"
"2126","Pump.Flow.Based.PAA.Dose + Temp..of.NSEC.Main.Ch. + Temp..of.the.Atmos. + CODds..mg.L. + NSEC.Effluent.TSS + NSEC.Effluent.NO5",0.315419575688406,0.73884172525603,"3,2"
"2127","Pump.Flow.Based.PAA.Dose + Temp..of.NSEC.Main.Ch. + Temp..of.the.Atmos. + CODds..mg.L. + NSEC.Effluent.TSS + NSEC.Effluent.Flow",0.311812940306508,0.832451156030025,"3,2"
"2128","Pump.Flow.Based.PAA.Dose + Temp..of.NSEC.Main.Ch. + Temp..of.the.Atmos. + CODds..mg.L. + NSEC.Effluent.NO5 + NSEC.Effluent.Flow",0.244403806289171,0.837182596415673,"3,2"
"2129","Pump.Flow.Based.PAA.Dose + Temp..of.NSEC.Main.Ch. + Temp..of.the.Atmos. + SACto..1.m. + NSEC.Aerobic.SRT + NSEC.Effluent.NH3",0.281637970460483,0.783025148467695,"3,2"
"2130","Pump.Flow.Based.PAA.Dose + Temp..of.NSEC.Main.Ch. + Temp..of.the.Atmos. + SACto..1.m. + NSEC.Aerobic.SRT + NSEC.Effluent.NO3",0.207242905481848,0.808484415217324,"3,2"
"2131","Pump.Flow.Based.PAA.Dose + Temp..of.NSEC.Main.Ch. + Temp..of.the.Atmos. + SACto..1.m. + NSEC.Aerobic.SRT + NSEC.Effluent.OP",0.301294181482772,0.758253368605236,"3,2"
"2132","Pump.Flow.Based.PAA.Dose + Temp..of.NSEC.Main.Ch. + Temp..of.the.Atmos. + SACto..1.m. + NSEC.Aerobic.SRT + NSEC.Effluent.TSS",0.298000414572807,0.801658482171533,"3,2"
"2133","Pump.Flow.Based.PAA.Dose + Temp..of.NSEC.Main.Ch. + Temp..of.the.Atmos. + SACto..1.m. + NSEC.Aerobic.SRT + NSEC.Effluent.NO5",0.421135946968109,0.799811794924054,"3,2"
"2134","Pump.Flow.Based.PAA.Dose + Temp..of.NSEC.Main.Ch. + Temp..of.the.Atmos. + SACto..1.m. + NSEC.Aerobic.SRT + NSEC.Effluent.Flow",0.210277177220794,0.845532358582782,"3,2"
"2135","Pump.Flow.Based.PAA.Dose + Temp..of.NSEC.Main.Ch. + Temp..of.the.Atmos. + SACto..1.m. + NSEC.Effluent.NH3 + NSEC.Effluent.NO3",0.339546925508326,0.757714982347801,"3,2"
"2136","Pump.Flow.Based.PAA.Dose + Temp..of.NSEC.Main.Ch. + Temp..of.the.Atmos. + SACto..1.m. + NSEC.Effluent.NH3 + NSEC.Effluent.OP",0.275489035493132,0.781440788686667,"3,2"
"2137","Pump.Flow.Based.PAA.Dose + Temp..of.NSEC.Main.Ch. + Temp..of.the.Atmos. + SACto..1.m. + NSEC.Effluent.NH3 + NSEC.Effluent.TSS",0.36434344825535,0.773046336079879,"3,2"
"2138","Pump.Flow.Based.PAA.Dose + Temp..of.NSEC.Main.Ch. + Temp..of.the.Atmos. + SACto..1.m. + NSEC.Effluent.NH3 + NSEC.Effluent.NO5",0.509540758608051,0.76393383464629,"3,2"
"2139","Pump.Flow.Based.PAA.Dose + Temp..of.NSEC.Main.Ch. + Temp..of.the.Atmos. + SACto..1.m. + NSEC.Effluent.NH3 + NSEC.Effluent.Flow",0.194922775730502,0.817224413077349,"3,2"
"2140","Pump.Flow.Based.PAA.Dose + Temp..of.NSEC.Main.Ch. + Temp..of.the.Atmos. + SACto..1.m. + NSEC.Effluent.NO3 + NSEC.Effluent.OP",0.323194569095672,0.720626243802136,"3,2"
"2141","Pump.Flow.Based.PAA.Dose + Temp..of.NSEC.Main.Ch. + Temp..of.the.Atmos. + SACto..1.m. + NSEC.Effluent.NO3 + NSEC.Effluent.TSS",0.426262309763372,0.782221705508861,"3,2"
"2142","Pump.Flow.Based.PAA.Dose + Temp..of.NSEC.Main.Ch. + Temp..of.the.Atmos. + SACto..1.m. + NSEC.Effluent.NO3 + NSEC.Effluent.NO5",0.31407543377364,0.736825708784804,"3,2"
"2143","Pump.Flow.Based.PAA.Dose + Temp..of.NSEC.Main.Ch. + Temp..of.the.Atmos. + SACto..1.m. + NSEC.Effluent.NO3 + NSEC.Effluent.Flow",0.115489552422626,0.848791702522038,"3,2"
"2144","Pump.Flow.Based.PAA.Dose + Temp..of.NSEC.Main.Ch. + Temp..of.the.Atmos. + SACto..1.m. + NSEC.Effluent.OP + NSEC.Effluent.TSS",0.348628764939386,0.774426749078788,"3,2"
"2145","Pump.Flow.Based.PAA.Dose + Temp..of.NSEC.Main.Ch. + Temp..of.the.Atmos. + SACto..1.m. + NSEC.Effluent.OP + NSEC.Effluent.NO5",0.290455031572272,0.775497748460874,"3,2"
"2146","Pump.Flow.Based.PAA.Dose + Temp..of.NSEC.Main.Ch. + Temp..of.the.Atmos. + SACto..1.m. + NSEC.Effluent.OP + NSEC.Effluent.Flow",0.274681305246983,0.802334298446221,"3,2"
"2147","Pump.Flow.Based.PAA.Dose + Temp..of.NSEC.Main.Ch. + Temp..of.the.Atmos. + SACto..1.m. + NSEC.Effluent.TSS + NSEC.Effluent.NO5",0.351119663099088,0.771449604548904,"3,2"
"2148","Pump.Flow.Based.PAA.Dose + Temp..of.NSEC.Main.Ch. + Temp..of.the.Atmos. + SACto..1.m. + NSEC.Effluent.TSS + NSEC.Effluent.Flow",0.204989001355258,0.83140800027823,"3,2"
"2149","Pump.Flow.Based.PAA.Dose + Temp..of.NSEC.Main.Ch. + Temp..of.the.Atmos. + SACto..1.m. + NSEC.Effluent.NO5 + NSEC.Effluent.Flow",0.117076098872659,0.81282415661554,"3,2"
"2150","Pump.Flow.Based.PAA.Dose + Temp..of.NSEC.Main.Ch. + Temp..of.the.Atmos. + NSEC.Aerobic.SRT + NSEC.Effluent.NH3 + NSEC.Effluent.NO3",0.370906165874807,0.759690043268983,"3,2"
"2151","Pump.Flow.Based.PAA.Dose + Temp..of.NSEC.Main.Ch. + Temp..of.the.Atmos. + NSEC.Aerobic.SRT + NSEC.Effluent.NH3 + NSEC.Effluent.OP",0.352947513645052,0.788527589233524,"3,2"
"2152","Pump.Flow.Based.PAA.Dose + Temp..of.NSEC.Main.Ch. + Temp..of.the.Atmos. + NSEC.Aerobic.SRT + NSEC.Effluent.NH3 + NSEC.Effluent.TSS",0.34897122396326,0.741913052622891,"3,2"
"2153","Pump.Flow.Based.PAA.Dose + Temp..of.NSEC.Main.Ch. + Temp..of.the.Atmos. + NSEC.Aerobic.SRT + NSEC.Effluent.NH3 + NSEC.Effluent.NO5",0.352102734437923,0.741576460794641,"3,2"
"2154","Pump.Flow.Based.PAA.Dose + Temp..of.NSEC.Main.Ch. + Temp..of.the.Atmos. + NSEC.Aerobic.SRT + NSEC.Effluent.NH3 + NSEC.Effluent.Flow",0.264654511214771,0.812449102947998,"3,2"
"2155","Pump.Flow.Based.PAA.Dose + Temp..of.NSEC.Main.Ch. + Temp..of.the.Atmos. + NSEC.Aerobic.SRT + NSEC.Effluent.NO3 + NSEC.Effluent.OP",0.251080232353594,0.786115615367151,"3,2"
"2156","Pump.Flow.Based.PAA.Dose + Temp..of.NSEC.Main.Ch. + Temp..of.the.Atmos. + NSEC.Aerobic.SRT + NSEC.Effluent.NO3 + NSEC.Effluent.TSS",0.282291770476664,0.751258482530706,"3,2"
"2157","Pump.Flow.Based.PAA.Dose + Temp..of.NSEC.Main.Ch. + Temp..of.the.Atmos. + NSEC.Aerobic.SRT + NSEC.Effluent.NO3 + NSEC.Effluent.NO5",0.379102107167005,0.797082725336625,"3,2"
"2158","Pump.Flow.Based.PAA.Dose + Temp..of.NSEC.Main.Ch. + Temp..of.the.Atmos. + NSEC.Aerobic.SRT + NSEC.Effluent.NO3 + NSEC.Effluent.Flow",0.18755927292377,0.828789479054441,"3,2"
"2159","Pump.Flow.Based.PAA.Dose + Temp..of.NSEC.Main.Ch. + Temp..of.the.Atmos. + NSEC.Aerobic.SRT + NSEC.Effluent.OP + NSEC.Effluent.TSS",0.339021851692127,0.759615008859376,"3,2"
"2160","Pump.Flow.Based.PAA.Dose + Temp..of.NSEC.Main.Ch. + Temp..of.the.Atmos. + NSEC.Aerobic.SRT + NSEC.Effluent.OP + NSEC.Effluent.NO5",0.279775686529913,0.751900529749989,"3,2"
"2161","Pump.Flow.Based.PAA.Dose + Temp..of.NSEC.Main.Ch. + Temp..of.the.Atmos. + NSEC.Aerobic.SRT + NSEC.Effluent.OP + NSEC.Effluent.Flow",0.190692646138528,0.8270237343393,"3,2"
"2162","Pump.Flow.Based.PAA.Dose + Temp..of.NSEC.Main.Ch. + Temp..of.the.Atmos. + NSEC.Aerobic.SRT + NSEC.Effluent.TSS + NSEC.Effluent.NO5",0.37025794705103,0.758890863507888,"3,2"
"2163","Pump.Flow.Based.PAA.Dose + Temp..of.NSEC.Main.Ch. + Temp..of.the.Atmos. + NSEC.Aerobic.SRT + NSEC.Effluent.TSS + NSEC.Effluent.Flow",0.182231859779395,0.8207270698002,"3,2"
"2164","Pump.Flow.Based.PAA.Dose + Temp..of.NSEC.Main.Ch. + Temp..of.the.Atmos. + NSEC.Aerobic.SRT + NSEC.Effluent.NO5 + NSEC.Effluent.Flow",0.193348376794746,0.253436311569614,"3,2"
"2165","Pump.Flow.Based.PAA.Dose + Temp..of.NSEC.Main.Ch. + Temp..of.the.Atmos. + NSEC.Effluent.NH3 + NSEC.Effluent.NO3 + NSEC.Effluent.OP",0.302601151315466,0.826442043607321,"3,2"
"2166","Pump.Flow.Based.PAA.Dose + Temp..of.NSEC.Main.Ch. + Temp..of.the.Atmos. + NSEC.Effluent.NH3 + NSEC.Effluent.NO3 + NSEC.Effluent.TSS",0.309985810158496,0.720941961736839,"3,2"
"2167","Pump.Flow.Based.PAA.Dose + Temp..of.NSEC.Main.Ch. + Temp..of.the.Atmos. + NSEC.Effluent.NH3 + NSEC.Effluent.NO3 + NSEC.Effluent.NO5",0.371404290613978,0.82292988702323,"3,2"
"2168","Pump.Flow.Based.PAA.Dose + Temp..of.NSEC.Main.Ch. + Temp..of.the.Atmos. + NSEC.Effluent.NH3 + NSEC.Effluent.NO3 + NSEC.Effluent.Flow",0.174557865480132,0.82462696627512,"3,2"
"2169","Pump.Flow.Based.PAA.Dose + Temp..of.NSEC.Main.Ch. + Temp..of.the.Atmos. + NSEC.Effluent.NH3 + NSEC.Effluent.OP + NSEC.Effluent.TSS",0.363483954151308,0.778017029987146,"3,2"
"2170","Pump.Flow.Based.PAA.Dose + Temp..of.NSEC.Main.Ch. + Temp..of.the.Atmos. + NSEC.Effluent.NH3 + NSEC.Effluent.OP + NSEC.Effluent.NO5",0.281667285399256,0.827437137803909,"3,2"
"2171","Pump.Flow.Based.PAA.Dose + Temp..of.NSEC.Main.Ch. + Temp..of.the.Atmos. + NSEC.Effluent.NH3 + NSEC.Effluent.OP + NSEC.Effluent.Flow",0.198514522924665,0.798378929052629,"3,2"
"2172","Pump.Flow.Based.PAA.Dose + Temp..of.NSEC.Main.Ch. + Temp..of.the.Atmos. + NSEC.Effluent.NH3 + NSEC.Effluent.TSS + NSEC.Effluent.NO5",0.406862365677496,0.727999791400799,"3,2"
"2173","Pump.Flow.Based.PAA.Dose + Temp..of.NSEC.Main.Ch. + Temp..of.the.Atmos. + NSEC.Effluent.NH3 + NSEC.Effluent.TSS + NSEC.Effluent.Flow",0.208646521178951,0.797661892158974,"3,2"
"2174","Pump.Flow.Based.PAA.Dose + Temp..of.NSEC.Main.Ch. + Temp..of.the.Atmos. + NSEC.Effluent.NH3 + NSEC.Effluent.NO5 + NSEC.Effluent.Flow",0.0658941114132747,0.804302993796665,"3,2"
"2175","Pump.Flow.Based.PAA.Dose + Temp..of.NSEC.Main.Ch. + Temp..of.the.Atmos. + NSEC.Effluent.NO3 + NSEC.Effluent.OP + NSEC.Effluent.TSS",0.293995596622207,0.795936041897935,"3,2"
"2176","Pump.Flow.Based.PAA.Dose + Temp..of.NSEC.Main.Ch. + Temp..of.the.Atmos. + NSEC.Effluent.NO3 + NSEC.Effluent.OP + NSEC.Effluent.NO5",0.305059420425078,0.8050531991907,"3,2"
"2177","Pump.Flow.Based.PAA.Dose + Temp..of.NSEC.Main.Ch. + Temp..of.the.Atmos. + NSEC.Effluent.NO3 + NSEC.Effluent.OP + NSEC.Effluent.Flow",0.11804869591227,0.838325430621147,"3,2"
"2178","Pump.Flow.Based.PAA.Dose + Temp..of.NSEC.Main.Ch. + Temp..of.the.Atmos. + NSEC.Effluent.NO3 + NSEC.Effluent.TSS + NSEC.Effluent.NO5",0.392318531002647,0.794561127997079,"3,2"
"2179","Pump.Flow.Based.PAA.Dose + Temp..of.NSEC.Main.Ch. + Temp..of.the.Atmos. + NSEC.Effluent.NO3 + NSEC.Effluent.TSS + NSEC.Effluent.Flow",0.191634704184005,0.819162383317473,"3,2"
"2180","Pump.Flow.Based.PAA.Dose + Temp..of.NSEC.Main.Ch. + Temp..of.the.Atmos. + NSEC.Effluent.NO3 + NSEC.Effluent.NO5 + NSEC.Effluent.Flow",0.195491615775374,0.828825649269165,"3,2"
"2181","Pump.Flow.Based.PAA.Dose + Temp..of.NSEC.Main.Ch. + Temp..of.the.Atmos. + NSEC.Effluent.OP + NSEC.Effluent.TSS + NSEC.Effluent.NO5",0.290072342760542,0.756925458463642,"3,2"
"2182","Pump.Flow.Based.PAA.Dose + Temp..of.NSEC.Main.Ch. + Temp..of.the.Atmos. + NSEC.Effluent.OP + NSEC.Effluent.TSS + NSEC.Effluent.Flow",0.233322602953452,0.82034632281713,"3,2"
"2183","Pump.Flow.Based.PAA.Dose + Temp..of.NSEC.Main.Ch. + Temp..of.the.Atmos. + NSEC.Effluent.OP + NSEC.Effluent.NO5 + NSEC.Effluent.Flow",0.142723977331572,0.842138387837784,"3,2"
"2184","Pump.Flow.Based.PAA.Dose + Temp..of.NSEC.Main.Ch. + Temp..of.the.Atmos. + NSEC.Effluent.TSS + NSEC.Effluent.NO5 + NSEC.Effluent.Flow",0.167796473945134,0.81866250870983,"3,2"
"2185","Pump.Flow.Based.PAA.Dose + Temp..of.NSEC.Main.Ch. + Secondary.Effluent.Flow + N..Basin.Outfall + CODto..mg.L. + TSS..mg.L.",0.0733923623589585,0.813323209662076,"3,2"
"2186","Pump.Flow.Based.PAA.Dose + Temp..of.NSEC.Main.Ch. + Secondary.Effluent.Flow + N..Basin.Outfall + CODto..mg.L. + UVT....",0.207701235611303,0.824157597971071,"3,2"
"2187","Pump.Flow.Based.PAA.Dose + Temp..of.NSEC.Main.Ch. + Secondary.Effluent.Flow + N..Basin.Outfall + CODto..mg.L. + CODds..mg.L.",0.167185347436752,0.821500816357014,"3,2"
"2188","Pump.Flow.Based.PAA.Dose + Temp..of.NSEC.Main.Ch. + Secondary.Effluent.Flow + N..Basin.Outfall + CODto..mg.L. + SACto..1.m.",0.068399179120846,0.807965820134711,"3,2"
"2189","Pump.Flow.Based.PAA.Dose + Temp..of.NSEC.Main.Ch. + Secondary.Effluent.Flow + N..Basin.Outfall + CODto..mg.L. + NSEC.Aerobic.SRT",0.109344254299542,0.808501894575135,"3,2"
"2190","Pump.Flow.Based.PAA.Dose + Temp..of.NSEC.Main.Ch. + Secondary.Effluent.Flow + N..Basin.Outfall + CODto..mg.L. + NSEC.Effluent.NH3",0.0995899791675168,0.802035617327852,"3,2"
"2191","Pump.Flow.Based.PAA.Dose + Temp..of.NSEC.Main.Ch. + Secondary.Effluent.Flow + N..Basin.Outfall + CODto..mg.L. + NSEC.Effluent.NO3",0.162321863932478,0.839490584744139,"3,2"
"2192","Pump.Flow.Based.PAA.Dose + Temp..of.NSEC.Main.Ch. + Secondary.Effluent.Flow + N..Basin.Outfall + CODto..mg.L. + NSEC.Effluent.OP",0.117011748573498,0.805175121839721,"3,2"
"2193","Pump.Flow.Based.PAA.Dose + Temp..of.NSEC.Main.Ch. + Secondary.Effluent.Flow + N..Basin.Outfall + CODto..mg.L. + NSEC.Effluent.TSS",0.147962818192899,0.820256513087639,"3,2"
"2194","Pump.Flow.Based.PAA.Dose + Temp..of.NSEC.Main.Ch. + Secondary.Effluent.Flow + N..Basin.Outfall + CODto..mg.L. + NSEC.Effluent.NO5",0.186966941982425,0.822592809169086,"3,2"
"2195","Pump.Flow.Based.PAA.Dose + Temp..of.NSEC.Main.Ch. + Secondary.Effluent.Flow + N..Basin.Outfall + CODto..mg.L. + NSEC.Effluent.Flow",0.181382935177004,0.809162584403389,"3,2"
"2196","Pump.Flow.Based.PAA.Dose + Temp..of.NSEC.Main.Ch. + Secondary.Effluent.Flow + N..Basin.Outfall + TSS..mg.L. + UVT....",0.125546027847323,0.816200756623469,"3,2"
"2197","Pump.Flow.Based.PAA.Dose + Temp..of.NSEC.Main.Ch. + Secondary.Effluent.Flow + N..Basin.Outfall + TSS..mg.L. + CODds..mg.L.",0.218238121513694,0.82048905534659,"3,2"
"2198","Pump.Flow.Based.PAA.Dose + Temp..of.NSEC.Main.Ch. + Secondary.Effluent.Flow + N..Basin.Outfall + TSS..mg.L. + SACto..1.m.",0.20500910184894,0.823816284991106,"3,2"
"2199","Pump.Flow.Based.PAA.Dose + Temp..of.NSEC.Main.Ch. + Secondary.Effluent.Flow + N..Basin.Outfall + TSS..mg.L. + NSEC.Aerobic.SRT",0.191052552427853,0.82554693225419,"3,2"
"2200","Pump.Flow.Based.PAA.Dose + Temp..of.NSEC.Main.Ch. + Secondary.Effluent.Flow + N..Basin.Outfall + TSS..mg.L. + NSEC.Effluent.NH3",0.177717514207287,0.814349043004622,"3,2"
"2201","Pump.Flow.Based.PAA.Dose + Temp..of.NSEC.Main.Ch. + Secondary.Effluent.Flow + N..Basin.Outfall + TSS..mg.L. + NSEC.Effluent.NO3",0.196024217523509,0.824154396047248,"3,2"
"2202","Pump.Flow.Based.PAA.Dose + Temp..of.NSEC.Main.Ch. + Secondary.Effluent.Flow + N..Basin.Outfall + TSS..mg.L. + NSEC.Effluent.OP",0.234897533090331,0.817654448394154,"3,2"
"2203","Pump.Flow.Based.PAA.Dose + Temp..of.NSEC.Main.Ch. + Secondary.Effluent.Flow + N..Basin.Outfall + TSS..mg.L. + NSEC.Effluent.TSS",0.198832324980118,0.812908625630236,"3,2"
"2204","Pump.Flow.Based.PAA.Dose + Temp..of.NSEC.Main.Ch. + Secondary.Effluent.Flow + N..Basin.Outfall + TSS..mg.L. + NSEC.Effluent.NO5",0.101431435452322,0.809749013130186,"3,2"
"2205","Pump.Flow.Based.PAA.Dose + Temp..of.NSEC.Main.Ch. + Secondary.Effluent.Flow + N..Basin.Outfall + TSS..mg.L. + NSEC.Effluent.Flow",0.166791401220966,0.818756446920005,"3,2"
"2206","Pump.Flow.Based.PAA.Dose + Temp..of.NSEC.Main.Ch. + Secondary.Effluent.Flow + N..Basin.Outfall + UVT.... + CODds..mg.L.",0.229537237817433,0.831391525158468,"3,2"
"2207","Pump.Flow.Based.PAA.Dose + Temp..of.NSEC.Main.Ch. + Secondary.Effluent.Flow + N..Basin.Outfall + UVT.... + SACto..1.m.",0.223048605704787,0.823063834681354,"3,2"
"2208","Pump.Flow.Based.PAA.Dose + Temp..of.NSEC.Main.Ch. + Secondary.Effluent.Flow + N..Basin.Outfall + UVT.... + NSEC.Aerobic.SRT",0.0916736035679286,0.798184001892085,"3,2"
"2209","Pump.Flow.Based.PAA.Dose + Temp..of.NSEC.Main.Ch. + Secondary.Effluent.Flow + N..Basin.Outfall + UVT.... + NSEC.Effluent.NH3",0.197969314078769,0.815307871977887,"3,2"
"2210","Pump.Flow.Based.PAA.Dose + Temp..of.NSEC.Main.Ch. + Secondary.Effluent.Flow + N..Basin.Outfall + UVT.... + NSEC.Effluent.NO3",0.262863879209324,0.832636069072038,"3,2"
"2211","Pump.Flow.Based.PAA.Dose + Temp..of.NSEC.Main.Ch. + Secondary.Effluent.Flow + N..Basin.Outfall + UVT.... + NSEC.Effluent.OP",0.17882674000152,0.806583680832879,"3,2"
"2212","Pump.Flow.Based.PAA.Dose + Temp..of.NSEC.Main.Ch. + Secondary.Effluent.Flow + N..Basin.Outfall + UVT.... + NSEC.Effluent.TSS",0.159992208651694,0.813353329849626,"3,2"
"2213","Pump.Flow.Based.PAA.Dose + Temp..of.NSEC.Main.Ch. + Secondary.Effluent.Flow + N..Basin.Outfall + UVT.... + NSEC.Effluent.NO5",0.0585632273024848,0.799075519790819,"3,2"
"2214","Pump.Flow.Based.PAA.Dose + Temp..of.NSEC.Main.Ch. + Secondary.Effluent.Flow + N..Basin.Outfall + UVT.... + NSEC.Effluent.Flow",0.0979780259813037,0.797997666291253,"3,2"
"2215","Pump.Flow.Based.PAA.Dose + Temp..of.NSEC.Main.Ch. + Secondary.Effluent.Flow + N..Basin.Outfall + CODds..mg.L. + SACto..1.m.",0.152738237242313,0.818708788457799,"3,2"
"2216","Pump.Flow.Based.PAA.Dose + Temp..of.NSEC.Main.Ch. + Secondary.Effluent.Flow + N..Basin.Outfall + CODds..mg.L. + NSEC.Aerobic.SRT",0.0785950872162733,0.803658920465902,"3,2"
"2217","Pump.Flow.Based.PAA.Dose + Temp..of.NSEC.Main.Ch. + Secondary.Effluent.Flow + N..Basin.Outfall + CODds..mg.L. + NSEC.Effluent.NH3",0.102402046752433,0.810880985986494,"3,2"
"2218","Pump.Flow.Based.PAA.Dose + Temp..of.NSEC.Main.Ch. + Secondary.Effluent.Flow + N..Basin.Outfall + CODds..mg.L. + NSEC.Effluent.NO3",0.233405073200622,0.854888329136252,"3,2"
"2219","Pump.Flow.Based.PAA.Dose + Temp..of.NSEC.Main.Ch. + Secondary.Effluent.Flow + N..Basin.Outfall + CODds..mg.L. + NSEC.Effluent.OP",0.115726246600655,0.80327927413754,"3,2"
"2220","Pump.Flow.Based.PAA.Dose + Temp..of.NSEC.Main.Ch. + Secondary.Effluent.Flow + N..Basin.Outfall + CODds..mg.L. + NSEC.Effluent.TSS",0.222173708998274,0.826317461942967,"3,2"
"2221","Pump.Flow.Based.PAA.Dose + Temp..of.NSEC.Main.Ch. + Secondary.Effluent.Flow + N..Basin.Outfall + CODds..mg.L. + NSEC.Effluent.NO5",0.247314965089392,0.84167526220008,"3,2"
"2222","Pump.Flow.Based.PAA.Dose + Temp..of.NSEC.Main.Ch. + Secondary.Effluent.Flow + N..Basin.Outfall + CODds..mg.L. + NSEC.Effluent.Flow",0.151261073104652,0.815769865823054,"3,2"
"2223","Pump.Flow.Based.PAA.Dose + Temp..of.NSEC.Main.Ch. + Secondary.Effluent.Flow + N..Basin.Outfall + SACto..1.m. + NSEC.Aerobic.SRT",0.140921197428916,0.835913932801486,"3,2"
"2224","Pump.Flow.Based.PAA.Dose + Temp..of.NSEC.Main.Ch. + Secondary.Effluent.Flow + N..Basin.Outfall + SACto..1.m. + NSEC.Effluent.NH3",0.152416943019672,0.800603514058166,"3,2"
"2225","Pump.Flow.Based.PAA.Dose + Temp..of.NSEC.Main.Ch. + Secondary.Effluent.Flow + N..Basin.Outfall + SACto..1.m. + NSEC.Effluent.NO3",0.160164729702746,0.834061395003197,"3,2"
"2226","Pump.Flow.Based.PAA.Dose + Temp..of.NSEC.Main.Ch. + Secondary.Effluent.Flow + N..Basin.Outfall + SACto..1.m. + NSEC.Effluent.OP",0.111750923763432,0.803715572859497,"3,2"
"2227","Pump.Flow.Based.PAA.Dose + Temp..of.NSEC.Main.Ch. + Secondary.Effluent.Flow + N..Basin.Outfall + SACto..1.m. + NSEC.Effluent.TSS",0.138920541019307,0.813723249823667,"3,2"
"2228","Pump.Flow.Based.PAA.Dose + Temp..of.NSEC.Main.Ch. + Secondary.Effluent.Flow + N..Basin.Outfall + SACto..1.m. + NSEC.Effluent.NO5",0.0677280669277196,0.801579613656874,"3,2"
"2229","Pump.Flow.Based.PAA.Dose + Temp..of.NSEC.Main.Ch. + Secondary.Effluent.Flow + N..Basin.Outfall + SACto..1.m. + NSEC.Effluent.Flow",0.206397814612838,0.817630633910125,"3,2"
"2230","Pump.Flow.Based.PAA.Dose + Temp..of.NSEC.Main.Ch. + Secondary.Effluent.Flow + N..Basin.Outfall + NSEC.Aerobic.SRT + NSEC.Effluent.NH3",0.105012647979958,0.820227146273148,"3,2"
"2231","Pump.Flow.Based.PAA.Dose + Temp..of.NSEC.Main.Ch. + Secondary.Effluent.Flow + N..Basin.Outfall + NSEC.Aerobic.SRT + NSEC.Effluent.NO3",0.256423026401448,0.82218404957588,"3,2"
"2232","Pump.Flow.Based.PAA.Dose + Temp..of.NSEC.Main.Ch. + Secondary.Effluent.Flow + N..Basin.Outfall + NSEC.Aerobic.SRT + NSEC.Effluent.OP",0.0953407634902987,0.833424122022082,"3,2"
"2233","Pump.Flow.Based.PAA.Dose + Temp..of.NSEC.Main.Ch. + Secondary.Effluent.Flow + N..Basin.Outfall + NSEC.Aerobic.SRT + NSEC.Effluent.TSS",0.199269738368335,0.816342091512725,"3,2"
"2234","Pump.Flow.Based.PAA.Dose + Temp..of.NSEC.Main.Ch. + Secondary.Effluent.Flow + N..Basin.Outfall + NSEC.Aerobic.SRT + NSEC.Effluent.NO5",0.27682472448668,0.823270981454173,"3,2"
"2235","Pump.Flow.Based.PAA.Dose + Temp..of.NSEC.Main.Ch. + Secondary.Effluent.Flow + N..Basin.Outfall + NSEC.Aerobic.SRT + NSEC.Effluent.Flow",0.217741811328755,0.810587663738165,"3,2"
"2236","Pump.Flow.Based.PAA.Dose + Temp..of.NSEC.Main.Ch. + Secondary.Effluent.Flow + N..Basin.Outfall + NSEC.Effluent.NH3 + NSEC.Effluent.NO3",0.169200251290417,0.816569801421387,"3,2"
"2237","Pump.Flow.Based.PAA.Dose + Temp..of.NSEC.Main.Ch. + Secondary.Effluent.Flow + N..Basin.Outfall + NSEC.Effluent.NH3 + NSEC.Effluent.OP",0.158445558436754,0.811949291093472,"3,2"
"2238","Pump.Flow.Based.PAA.Dose + Temp..of.NSEC.Main.Ch. + Secondary.Effluent.Flow + N..Basin.Outfall + NSEC.Effluent.NH3 + NSEC.Effluent.TSS",0.195294323203845,0.814388888448111,"3,2"
"2239","Pump.Flow.Based.PAA.Dose + Temp..of.NSEC.Main.Ch. + Secondary.Effluent.Flow + N..Basin.Outfall + NSEC.Effluent.NH3 + NSEC.Effluent.NO5",0.0689448272570332,0.802311647659317,"3,2"
"2240","Pump.Flow.Based.PAA.Dose + Temp..of.NSEC.Main.Ch. + Secondary.Effluent.Flow + N..Basin.Outfall + NSEC.Effluent.NH3 + NSEC.Effluent.Flow",0.20050123393975,0.807354319754398,"3,2"
"2241","Pump.Flow.Based.PAA.Dose + Temp..of.NSEC.Main.Ch. + Secondary.Effluent.Flow + N..Basin.Outfall + NSEC.Effluent.NO3 + NSEC.Effluent.OP",0.284914763297826,0.862369548263967,"3,2"
"2242","Pump.Flow.Based.PAA.Dose + Temp..of.NSEC.Main.Ch. + Secondary.Effluent.Flow + N..Basin.Outfall + NSEC.Effluent.NO3 + NSEC.Effluent.TSS",0.172813312449492,0.817819743590875,"3,2"
"2243","Pump.Flow.Based.PAA.Dose + Temp..of.NSEC.Main.Ch. + Secondary.Effluent.Flow + N..Basin.Outfall + NSEC.Effluent.NO3 + NSEC.Effluent.NO5",0.139663690801059,0.81587744247473,"3,2"
"2244","Pump.Flow.Based.PAA.Dose + Temp..of.NSEC.Main.Ch. + Secondary.Effluent.Flow + N..Basin.Outfall + NSEC.Effluent.NO3 + NSEC.Effluent.Flow",0.234393980217565,0.831232583809504,"3,2"
"2245","Pump.Flow.Based.PAA.Dose + Temp..of.NSEC.Main.Ch. + Secondary.Effluent.Flow + N..Basin.Outfall + NSEC.Effluent.OP + NSEC.Effluent.TSS",0.200548703839318,0.81917077410106,"3,2"
"2246","Pump.Flow.Based.PAA.Dose + Temp..of.NSEC.Main.Ch. + Secondary.Effluent.Flow + N..Basin.Outfall + NSEC.Effluent.OP + NSEC.Effluent.NO5",0.205542560346717,0.829184965083161,"3,2"
"2247","Pump.Flow.Based.PAA.Dose + Temp..of.NSEC.Main.Ch. + Secondary.Effluent.Flow + N..Basin.Outfall + NSEC.Effluent.OP + NSEC.Effluent.Flow",0.1156607395087,0.800565848727419,"3,2"
"2248","Pump.Flow.Based.PAA.Dose + Temp..of.NSEC.Main.Ch. + Secondary.Effluent.Flow + N..Basin.Outfall + NSEC.Effluent.TSS + NSEC.Effluent.NO5",0.160504851147273,0.82542694684695,"3,2"
"2249","Pump.Flow.Based.PAA.Dose + Temp..of.NSEC.Main.Ch. + Secondary.Effluent.Flow + N..Basin.Outfall + NSEC.Effluent.TSS + NSEC.Effluent.Flow",0.192400737412268,0.815060497317598,"3,2"
"2250","Pump.Flow.Based.PAA.Dose + Temp..of.NSEC.Main.Ch. + Secondary.Effluent.Flow + N..Basin.Outfall + NSEC.Effluent.NO5 + NSEC.Effluent.Flow",0.0985545798266942,0.80323745010693,"3,2"
"2251","Pump.Flow.Based.PAA.Dose + Temp..of.NSEC.Main.Ch. + Secondary.Effluent.Flow + CODto..mg.L. + TSS..mg.L. + UVT....",0.166998305378432,0.836921111605037,"3,2"
"2252","Pump.Flow.Based.PAA.Dose + Temp..of.NSEC.Main.Ch. + Secondary.Effluent.Flow + CODto..mg.L. + TSS..mg.L. + CODds..mg.L.",0.0885068159452942,0.828643608729265,"3,2"
"2253","Pump.Flow.Based.PAA.Dose + Temp..of.NSEC.Main.Ch. + Secondary.Effluent.Flow + CODto..mg.L. + TSS..mg.L. + SACto..1.m.",0.0903126004229597,0.807770372939721,"3,2"
"2254","Pump.Flow.Based.PAA.Dose + Temp..of.NSEC.Main.Ch. + Secondary.Effluent.Flow + CODto..mg.L. + TSS..mg.L. + NSEC.Aerobic.SRT",0.0906545297430457,0.839257002647004,"3,2"
"2255","Pump.Flow.Based.PAA.Dose + Temp..of.NSEC.Main.Ch. + Secondary.Effluent.Flow + CODto..mg.L. + TSS..mg.L. + NSEC.Effluent.NH3",0.182309340219259,0.821141285839728,"3,2"
"2256","Pump.Flow.Based.PAA.Dose + Temp..of.NSEC.Main.Ch. + Secondary.Effluent.Flow + CODto..mg.L. + TSS..mg.L. + NSEC.Effluent.NO3",0.140225606039708,0.840413308428368,"3,2"
"2257","Pump.Flow.Based.PAA.Dose + Temp..of.NSEC.Main.Ch. + Secondary.Effluent.Flow + CODto..mg.L. + TSS..mg.L. + NSEC.Effluent.OP",0.12812237336091,0.837012794546427,"3,2"
"2258","Pump.Flow.Based.PAA.Dose + Temp..of.NSEC.Main.Ch. + Secondary.Effluent.Flow + CODto..mg.L. + TSS..mg.L. + NSEC.Effluent.TSS",0.0122284476554118,0.832518850549167,"3,2"
"2259","Pump.Flow.Based.PAA.Dose + Temp..of.NSEC.Main.Ch. + Secondary.Effluent.Flow + CODto..mg.L. + TSS..mg.L. + NSEC.Effluent.NO5",0.0714680327231711,0.832387925237201,"3,2"
"2260","Pump.Flow.Based.PAA.Dose + Temp..of.NSEC.Main.Ch. + Secondary.Effluent.Flow + CODto..mg.L. + TSS..mg.L. + NSEC.Effluent.Flow",0.177518242669939,0.826077794249288,"3,2"
"2261","Pump.Flow.Based.PAA.Dose + Temp..of.NSEC.Main.Ch. + Secondary.Effluent.Flow + CODto..mg.L. + UVT.... + CODds..mg.L.",0.232928795253274,0.825590035127964,"3,2"
"2262","Pump.Flow.Based.PAA.Dose + Temp..of.NSEC.Main.Ch. + Secondary.Effluent.Flow + CODto..mg.L. + UVT.... + SACto..1.m.",0.110277850044851,0.817930139717284,"3,2"
"2263","Pump.Flow.Based.PAA.Dose + Temp..of.NSEC.Main.Ch. + Secondary.Effluent.Flow + CODto..mg.L. + UVT.... + NSEC.Aerobic.SRT",0.242400044269864,0.81475842504517,"3,2"
"2264","Pump.Flow.Based.PAA.Dose + Temp..of.NSEC.Main.Ch. + Secondary.Effluent.Flow + CODto..mg.L. + UVT.... + NSEC.Effluent.NH3",0.092922161324422,0.808125461501728,"3,2"
"2265","Pump.Flow.Based.PAA.Dose + Temp..of.NSEC.Main.Ch. + Secondary.Effluent.Flow + CODto..mg.L. + UVT.... + NSEC.Effluent.NO3",0.168188960940808,0.835085557226783,"3,2"
"2266","Pump.Flow.Based.PAA.Dose + Temp..of.NSEC.Main.Ch. + Secondary.Effluent.Flow + CODto..mg.L. + UVT.... + NSEC.Effluent.OP",0.101911289083166,0.807966549699123,"3,2"
"2267","Pump.Flow.Based.PAA.Dose + Temp..of.NSEC.Main.Ch. + Secondary.Effluent.Flow + CODto..mg.L. + UVT.... + NSEC.Effluent.TSS",0.203546321287679,0.831942896906688,"3,2"
"2268","Pump.Flow.Based.PAA.Dose + Temp..of.NSEC.Main.Ch. + Secondary.Effluent.Flow + CODto..mg.L. + UVT.... + NSEC.Effluent.NO5",0.145345795975025,0.819709397385145,"3,2"
"2269","Pump.Flow.Based.PAA.Dose + Temp..of.NSEC.Main.Ch. + Secondary.Effluent.Flow + CODto..mg.L. + UVT.... + NSEC.Effluent.Flow",0.0996847562203595,0.803623835115777,"3,2"
"2270","Pump.Flow.Based.PAA.Dose + Temp..of.NSEC.Main.Ch. + Secondary.Effluent.Flow + CODto..mg.L. + CODds..mg.L. + SACto..1.m.",0.237671977179746,0.83134062377842,"3,2"
"2271","Pump.Flow.Based.PAA.Dose + Temp..of.NSEC.Main.Ch. + Secondary.Effluent.Flow + CODto..mg.L. + CODds..mg.L. + NSEC.Aerobic.SRT",0.0684065340133193,0.799164870641261,"3,2"
"2272","Pump.Flow.Based.PAA.Dose + Temp..of.NSEC.Main.Ch. + Secondary.Effluent.Flow + CODto..mg.L. + CODds..mg.L. + NSEC.Effluent.NH3",0.100789161143291,0.828341290168005,"3,2"
"2273","Pump.Flow.Based.PAA.Dose + Temp..of.NSEC.Main.Ch. + Secondary.Effluent.Flow + CODto..mg.L. + CODds..mg.L. + NSEC.Effluent.NO3",0.0677523454060203,0.822134727867728,"3,2"
"2274","Pump.Flow.Based.PAA.Dose + Temp..of.NSEC.Main.Ch. + Secondary.Effluent.Flow + CODto..mg.L. + CODds..mg.L. + NSEC.Effluent.OP",0.196347477923023,0.843243246599809,"3,2"
"2275","Pump.Flow.Based.PAA.Dose + Temp..of.NSEC.Main.Ch. + Secondary.Effluent.Flow + CODto..mg.L. + CODds..mg.L. + NSEC.Effluent.TSS",0.161873716392069,0.825821813159321,"3,2"
"2276","Pump.Flow.Based.PAA.Dose + Temp..of.NSEC.Main.Ch. + Secondary.Effluent.Flow + CODto..mg.L. + CODds..mg.L. + NSEC.Effluent.NO5",0.159277007211224,0.83949311530947,"3,2"
"2277","Pump.Flow.Based.PAA.Dose + Temp..of.NSEC.Main.Ch. + Secondary.Effluent.Flow + CODto..mg.L. + CODds..mg.L. + NSEC.Effluent.Flow",0.270922541025715,0.829589175750386,"3,2"
"2278","Pump.Flow.Based.PAA.Dose + Temp..of.NSEC.Main.Ch. + Secondary.Effluent.Flow + CODto..mg.L. + SACto..1.m. + NSEC.Aerobic.SRT",0.206946245672201,0.840943486186017,"3,2"
"2279","Pump.Flow.Based.PAA.Dose + Temp..of.NSEC.Main.Ch. + Secondary.Effluent.Flow + CODto..mg.L. + SACto..1.m. + NSEC.Effluent.NH3",0.153821500287819,0.824166989092725,"3,2"
"2280","Pump.Flow.Based.PAA.Dose + Temp..of.NSEC.Main.Ch. + Secondary.Effluent.Flow + CODto..mg.L. + SACto..1.m. + NSEC.Effluent.NO3",0.212041096200255,0.840406960312105,"3,2"
"2281","Pump.Flow.Based.PAA.Dose + Temp..of.NSEC.Main.Ch. + Secondary.Effluent.Flow + CODto..mg.L. + SACto..1.m. + NSEC.Effluent.OP",0.0684343329075534,0.823227251126559,"3,2"
"2282","Pump.Flow.Based.PAA.Dose + Temp..of.NSEC.Main.Ch. + Secondary.Effluent.Flow + CODto..mg.L. + SACto..1.m. + NSEC.Effluent.TSS",0.0934706234363967,0.798878501562572,"3,2"
"2283","Pump.Flow.Based.PAA.Dose + Temp..of.NSEC.Main.Ch. + Secondary.Effluent.Flow + CODto..mg.L. + SACto..1.m. + NSEC.Effluent.NO5",0.265601644966527,0.833221341698641,"3,2"
"2284","Pump.Flow.Based.PAA.Dose + Temp..of.NSEC.Main.Ch. + Secondary.Effluent.Flow + CODto..mg.L. + SACto..1.m. + NSEC.Effluent.Flow",0.0793144340503331,0.811633089945087,"3,2"
"2285","Pump.Flow.Based.PAA.Dose + Temp..of.NSEC.Main.Ch. + Secondary.Effluent.Flow + CODto..mg.L. + NSEC.Aerobic.SRT + NSEC.Effluent.NH3",0.217694478030571,0.836854872672057,"3,2"
"2286","Pump.Flow.Based.PAA.Dose + Temp..of.NSEC.Main.Ch. + Secondary.Effluent.Flow + CODto..mg.L. + NSEC.Aerobic.SRT + NSEC.Effluent.NO3",0.245952628929592,0.835419549268399,"3,2"
"2287","Pump.Flow.Based.PAA.Dose + Temp..of.NSEC.Main.Ch. + Secondary.Effluent.Flow + CODto..mg.L. + NSEC.Aerobic.SRT + NSEC.Effluent.OP",0.266072287510657,0.834654080569623,"3,2"
"2288","Pump.Flow.Based.PAA.Dose + Temp..of.NSEC.Main.Ch. + Secondary.Effluent.Flow + CODto..mg.L. + NSEC.Aerobic.SRT + NSEC.Effluent.TSS",0.219970413794593,0.818819157449772,"3,2"
"2289","Pump.Flow.Based.PAA.Dose + Temp..of.NSEC.Main.Ch. + Secondary.Effluent.Flow + CODto..mg.L. + NSEC.Aerobic.SRT + NSEC.Effluent.NO5",0.212883978284305,0.833503321100954,"3,2"
"2290","Pump.Flow.Based.PAA.Dose + Temp..of.NSEC.Main.Ch. + Secondary.Effluent.Flow + CODto..mg.L. + NSEC.Aerobic.SRT + NSEC.Effluent.Flow",0.126195657405128,0.801161852876813,"3,2"
"2291","Pump.Flow.Based.PAA.Dose + Temp..of.NSEC.Main.Ch. + Secondary.Effluent.Flow + CODto..mg.L. + NSEC.Effluent.NH3 + NSEC.Effluent.NO3",0.135396887307614,0.835584199822951,"3,2"
"2292","Pump.Flow.Based.PAA.Dose + Temp..of.NSEC.Main.Ch. + Secondary.Effluent.Flow + CODto..mg.L. + NSEC.Effluent.NH3 + NSEC.Effluent.OP",0.191986435190634,0.817131836313924,"3,2"
"2293","Pump.Flow.Based.PAA.Dose + Temp..of.NSEC.Main.Ch. + Secondary.Effluent.Flow + CODto..mg.L. + NSEC.Effluent.NH3 + NSEC.Effluent.TSS",0.105293998839634,0.815913516758304,"3,2"
"2294","Pump.Flow.Based.PAA.Dose + Temp..of.NSEC.Main.Ch. + Secondary.Effluent.Flow + CODto..mg.L. + NSEC.Effluent.NH3 + NSEC.Effluent.NO5",0.140896522932043,0.836676451365225,"3,2"
"2295","Pump.Flow.Based.PAA.Dose + Temp..of.NSEC.Main.Ch. + Secondary.Effluent.Flow + CODto..mg.L. + NSEC.Effluent.NH3 + NSEC.Effluent.Flow",0.178044903937937,0.828577581857471,"3,2"
"2296","Pump.Flow.Based.PAA.Dose + Temp..of.NSEC.Main.Ch. + Secondary.Effluent.Flow + CODto..mg.L. + NSEC.Effluent.NO3 + NSEC.Effluent.OP",0.228312362858897,0.842954917535761,"3,2"
"2297","Pump.Flow.Based.PAA.Dose + Temp..of.NSEC.Main.Ch. + Secondary.Effluent.Flow + CODto..mg.L. + NSEC.Effluent.NO3 + NSEC.Effluent.TSS",0.249011129839669,0.841365011090333,"3,2"
"2298","Pump.Flow.Based.PAA.Dose + Temp..of.NSEC.Main.Ch. + Secondary.Effluent.Flow + CODto..mg.L. + NSEC.Effluent.NO3 + NSEC.Effluent.NO5",0.224425999035987,0.840725304762294,"3,2"
"2299","Pump.Flow.Based.PAA.Dose + Temp..of.NSEC.Main.Ch. + Secondary.Effluent.Flow + CODto..mg.L. + NSEC.Effluent.NO3 + NSEC.Effluent.Flow",0.130099189953849,0.817102587641679,"3,2"
"2300","Pump.Flow.Based.PAA.Dose + Temp..of.NSEC.Main.Ch. + Secondary.Effluent.Flow + CODto..mg.L. + NSEC.Effluent.OP + NSEC.Effluent.TSS",0.219258009538105,0.834262584299367,"3,2"
"2301","Pump.Flow.Based.PAA.Dose + Temp..of.NSEC.Main.Ch. + Secondary.Effluent.Flow + CODto..mg.L. + NSEC.Effluent.OP + NSEC.Effluent.NO5",0.270604031730287,0.834533380907133,"3,2"
"2302","Pump.Flow.Based.PAA.Dose + Temp..of.NSEC.Main.Ch. + Secondary.Effluent.Flow + CODto..mg.L. + NSEC.Effluent.OP + NSEC.Effluent.Flow",0.137789140870623,0.811892620898115,"3,2"
"2303","Pump.Flow.Based.PAA.Dose + Temp..of.NSEC.Main.Ch. + Secondary.Effluent.Flow + CODto..mg.L. + NSEC.Effluent.TSS + NSEC.Effluent.NO5",0.190050938218197,0.826826087024468,"3,2"
"2304","Pump.Flow.Based.PAA.Dose + Temp..of.NSEC.Main.Ch. + Secondary.Effluent.Flow + CODto..mg.L. + NSEC.Effluent.TSS + NSEC.Effluent.Flow",0.170917553138695,0.813074474429601,"3,2"
"2305","Pump.Flow.Based.PAA.Dose + Temp..of.NSEC.Main.Ch. + Secondary.Effluent.Flow + CODto..mg.L. + NSEC.Effluent.NO5 + NSEC.Effluent.Flow",0.118536888822891,0.814794396823205,"3,2"
"2306","Pump.Flow.Based.PAA.Dose + Temp..of.NSEC.Main.Ch. + Secondary.Effluent.Flow + TSS..mg.L. + UVT.... + CODds..mg.L.",0.100519091100152,0.810365930554552,"3,2"
"2307","Pump.Flow.Based.PAA.Dose + Temp..of.NSEC.Main.Ch. + Secondary.Effluent.Flow + TSS..mg.L. + UVT.... + SACto..1.m.",0.153471512439699,0.82127493962185,"3,2"
"2308","Pump.Flow.Based.PAA.Dose + Temp..of.NSEC.Main.Ch. + Secondary.Effluent.Flow + TSS..mg.L. + UVT.... + NSEC.Aerobic.SRT",0.211392823585991,0.824875271735149,"3,2"
"2309","Pump.Flow.Based.PAA.Dose + Temp..of.NSEC.Main.Ch. + Secondary.Effluent.Flow + TSS..mg.L. + UVT.... + NSEC.Effluent.NH3",0.0204348348657262,0.817480099295227,"3,2"
"2310","Pump.Flow.Based.PAA.Dose + Temp..of.NSEC.Main.Ch. + Secondary.Effluent.Flow + TSS..mg.L. + UVT.... + NSEC.Effluent.NO3",0.162295218115038,0.820250471163028,"3,2"
"2311","Pump.Flow.Based.PAA.Dose + Temp..of.NSEC.Main.Ch. + Secondary.Effluent.Flow + TSS..mg.L. + UVT.... + NSEC.Effluent.OP",0.185916265757709,0.837681114474654,"3,2"
"2312","Pump.Flow.Based.PAA.Dose + Temp..of.NSEC.Main.Ch. + Secondary.Effluent.Flow + TSS..mg.L. + UVT.... + NSEC.Effluent.TSS",0.117101371380167,0.827020657647681,"3,2"
"2313","Pump.Flow.Based.PAA.Dose + Temp..of.NSEC.Main.Ch. + Secondary.Effluent.Flow + TSS..mg.L. + UVT.... + NSEC.Effluent.NO5",0.0047009950172876,0.824861248139,"3,2"
"2314","Pump.Flow.Based.PAA.Dose + Temp..of.NSEC.Main.Ch. + Secondary.Effluent.Flow + TSS..mg.L. + UVT.... + NSEC.Effluent.Flow",0.217552140715423,0.843046003807504,"3,2"
"2315","Pump.Flow.Based.PAA.Dose + Temp..of.NSEC.Main.Ch. + Secondary.Effluent.Flow + TSS..mg.L. + CODds..mg.L. + SACto..1.m.",0.176084755982302,0.843426718549878,"3,2"
"2316","Pump.Flow.Based.PAA.Dose + Temp..of.NSEC.Main.Ch. + Secondary.Effluent.Flow + TSS..mg.L. + CODds..mg.L. + NSEC.Aerobic.SRT",0.13242966764797,0.814910466512018,"3,2"
"2317","Pump.Flow.Based.PAA.Dose + Temp..of.NSEC.Main.Ch. + Secondary.Effluent.Flow + TSS..mg.L. + CODds..mg.L. + NSEC.Effluent.NH3",0.163057196328508,0.841651356630453,"3,2"
"2318","Pump.Flow.Based.PAA.Dose + Temp..of.NSEC.Main.Ch. + Secondary.Effluent.Flow + TSS..mg.L. + CODds..mg.L. + NSEC.Effluent.NO3",0.198064501085771,0.872054232074713,"3,2"
"2319","Pump.Flow.Based.PAA.Dose + Temp..of.NSEC.Main.Ch. + Secondary.Effluent.Flow + TSS..mg.L. + CODds..mg.L. + NSEC.Effluent.OP",0.157643276051453,0.823108455496791,"3,2"
"2320","Pump.Flow.Based.PAA.Dose + Temp..of.NSEC.Main.Ch. + Secondary.Effluent.Flow + TSS..mg.L. + CODds..mg.L. + NSEC.Effluent.TSS",0.0991240740272619,0.825858792151828,"3,2"
"2321","Pump.Flow.Based.PAA.Dose + Temp..of.NSEC.Main.Ch. + Secondary.Effluent.Flow + TSS..mg.L. + CODds..mg.L. + NSEC.Effluent.NO5",0.0925552709995687,0.809255071015129,"3,2"
"2322","Pump.Flow.Based.PAA.Dose + Temp..of.NSEC.Main.Ch. + Secondary.Effluent.Flow + TSS..mg.L. + CODds..mg.L. + NSEC.Effluent.Flow",0.0898410652047028,0.80628625334341,"3,2"
"2323","Pump.Flow.Based.PAA.Dose + Temp..of.NSEC.Main.Ch. + Secondary.Effluent.Flow + TSS..mg.L. + SACto..1.m. + NSEC.Aerobic.SRT",0.155532917458895,0.84178920188721,"3,2"
"2324","Pump.Flow.Based.PAA.Dose + Temp..of.NSEC.Main.Ch. + Secondary.Effluent.Flow + TSS..mg.L. + SACto..1.m. + NSEC.Effluent.NH3",0.0933091995383548,0.837722577986924,"3,2"
"2325","Pump.Flow.Based.PAA.Dose + Temp..of.NSEC.Main.Ch. + Secondary.Effluent.Flow + TSS..mg.L. + SACto..1.m. + NSEC.Effluent.NO3",0.0489030878389154,0.822622091162952,"3,2"
"2326","Pump.Flow.Based.PAA.Dose + Temp..of.NSEC.Main.Ch. + Secondary.Effluent.Flow + TSS..mg.L. + SACto..1.m. + NSEC.Effluent.OP",0.0401615829563917,0.816107804342081,"3,2"
"2327","Pump.Flow.Based.PAA.Dose + Temp..of.NSEC.Main.Ch. + Secondary.Effluent.Flow + TSS..mg.L. + SACto..1.m. + NSEC.Effluent.TSS",0.130399117753881,0.850718720739189,"3,2"
"2328","Pump.Flow.Based.PAA.Dose + Temp..of.NSEC.Main.Ch. + Secondary.Effluent.Flow + TSS..mg.L. + SACto..1.m. + NSEC.Effluent.NO5",0.207472078902412,0.822695411241662,"3,2"
"2329","Pump.Flow.Based.PAA.Dose + Temp..of.NSEC.Main.Ch. + Secondary.Effluent.Flow + TSS..mg.L. + SACto..1.m. + NSEC.Effluent.Flow",0.193438965967304,0.134901104620279,"3,2"
"2330","Pump.Flow.Based.PAA.Dose + Temp..of.NSEC.Main.Ch. + Secondary.Effluent.Flow + TSS..mg.L. + NSEC.Aerobic.SRT + NSEC.Effluent.NH3",0.180565202296956,0.819974197221714,"3,2"
"2331","Pump.Flow.Based.PAA.Dose + Temp..of.NSEC.Main.Ch. + Secondary.Effluent.Flow + TSS..mg.L. + NSEC.Aerobic.SRT + NSEC.Effluent.NO3",0.229361882579201,0.840015201349954,"3,2"
"2332","Pump.Flow.Based.PAA.Dose + Temp..of.NSEC.Main.Ch. + Secondary.Effluent.Flow + TSS..mg.L. + NSEC.Aerobic.SRT + NSEC.Effluent.OP",0.136973855391305,0.812086130186683,"3,2"
"2333","Pump.Flow.Based.PAA.Dose + Temp..of.NSEC.Main.Ch. + Secondary.Effluent.Flow + TSS..mg.L. + NSEC.Aerobic.SRT + NSEC.Effluent.TSS",0.24396067584688,0.836403225369285,"3,2"
"2334","Pump.Flow.Based.PAA.Dose + Temp..of.NSEC.Main.Ch. + Secondary.Effluent.Flow + TSS..mg.L. + NSEC.Aerobic.SRT + NSEC.Effluent.NO5",0.278314766316047,0.869963453456595,"3,2"
"2335","Pump.Flow.Based.PAA.Dose + Temp..of.NSEC.Main.Ch. + Secondary.Effluent.Flow + TSS..mg.L. + NSEC.Aerobic.SRT + NSEC.Effluent.Flow",0.181349898735931,0.840090324337801,"3,2"
"2336","Pump.Flow.Based.PAA.Dose + Temp..of.NSEC.Main.Ch. + Secondary.Effluent.Flow + TSS..mg.L. + NSEC.Effluent.NH3 + NSEC.Effluent.NO3",0.0887306022321499,0.806139855272856,"3,2"
"2337","Pump.Flow.Based.PAA.Dose + Temp..of.NSEC.Main.Ch. + Secondary.Effluent.Flow + TSS..mg.L. + NSEC.Effluent.NH3 + NSEC.Effluent.OP",0.191509566376532,0.853395271970377,"3,2"
"2338","Pump.Flow.Based.PAA.Dose + Temp..of.NSEC.Main.Ch. + Secondary.Effluent.Flow + TSS..mg.L. + NSEC.Effluent.NH3 + NSEC.Effluent.TSS",0.14814996065773,0.838573341644447,"3,2"
"2339","Pump.Flow.Based.PAA.Dose + Temp..of.NSEC.Main.Ch. + Secondary.Effluent.Flow + TSS..mg.L. + NSEC.Effluent.NH3 + NSEC.Effluent.NO5",0.174531605818993,0.82891030367552,"3,2"
"2340","Pump.Flow.Based.PAA.Dose + Temp..of.NSEC.Main.Ch. + Secondary.Effluent.Flow + TSS..mg.L. + NSEC.Effluent.NH3 + NSEC.Effluent.Flow",0.192355590049036,0.0041074121077373,"3,2"
"2341","Pump.Flow.Based.PAA.Dose + Temp..of.NSEC.Main.Ch. + Secondary.Effluent.Flow + TSS..mg.L. + NSEC.Effluent.NO3 + NSEC.Effluent.OP",0.0908956995944759,0.812676856818235,"3,2"
"2342","Pump.Flow.Based.PAA.Dose + Temp..of.NSEC.Main.Ch. + Secondary.Effluent.Flow + TSS..mg.L. + NSEC.Effluent.NO3 + NSEC.Effluent.TSS",0.281371372412611,0.838373017149649,"3,2"
"2343","Pump.Flow.Based.PAA.Dose + Temp..of.NSEC.Main.Ch. + Secondary.Effluent.Flow + TSS..mg.L. + NSEC.Effluent.NO3 + NSEC.Effluent.NO5",0.188046316792366,0.843697148619363,"3,2"
"2344","Pump.Flow.Based.PAA.Dose + Temp..of.NSEC.Main.Ch. + Secondary.Effluent.Flow + TSS..mg.L. + NSEC.Effluent.NO3 + NSEC.Effluent.Flow",0.25564572260866,0.847285158888541,"3,2"
"2345","Pump.Flow.Based.PAA.Dose + Temp..of.NSEC.Main.Ch. + Secondary.Effluent.Flow + TSS..mg.L. + NSEC.Effluent.OP + NSEC.Effluent.TSS",0.201135979989548,0.81761484249965,"3,2"
"2346","Pump.Flow.Based.PAA.Dose + Temp..of.NSEC.Main.Ch. + Secondary.Effluent.Flow + TSS..mg.L. + NSEC.Effluent.OP + NSEC.Effluent.NO5",0.204577310930028,0.822309973908407,"3,2"
"2347","Pump.Flow.Based.PAA.Dose + Temp..of.NSEC.Main.Ch. + Secondary.Effluent.Flow + TSS..mg.L. + NSEC.Effluent.OP + NSEC.Effluent.Flow",0.112994146396641,0.83723807457652,"3,2"
"2348","Pump.Flow.Based.PAA.Dose + Temp..of.NSEC.Main.Ch. + Secondary.Effluent.Flow + TSS..mg.L. + NSEC.Effluent.TSS + NSEC.Effluent.NO5",0.225088091697251,0.830792325366757,"3,2"
"2349","Pump.Flow.Based.PAA.Dose + Temp..of.NSEC.Main.Ch. + Secondary.Effluent.Flow + TSS..mg.L. + NSEC.Effluent.TSS + NSEC.Effluent.Flow",0.237902244632295,0.821074165406926,"3,2"
"2350","Pump.Flow.Based.PAA.Dose + Temp..of.NSEC.Main.Ch. + Secondary.Effluent.Flow + TSS..mg.L. + NSEC.Effluent.NO5 + NSEC.Effluent.Flow",0.20248662127349,0.840229202771391,"3,2"
"2351","Pump.Flow.Based.PAA.Dose + Temp..of.NSEC.Main.Ch. + Secondary.Effluent.Flow + UVT.... + CODds..mg.L. + SACto..1.m.",0.155276608717736,0.828720419480749,"3,2"
"2352","Pump.Flow.Based.PAA.Dose + Temp..of.NSEC.Main.Ch. + Secondary.Effluent.Flow + UVT.... + CODds..mg.L. + NSEC.Aerobic.SRT",0.187446361696161,0.858993147157371,"3,2"
"2353","Pump.Flow.Based.PAA.Dose + Temp..of.NSEC.Main.Ch. + Secondary.Effluent.Flow + UVT.... + CODds..mg.L. + NSEC.Effluent.NH3",0.192829234028967,0.838460189526107,"3,2"
"2354","Pump.Flow.Based.PAA.Dose + Temp..of.NSEC.Main.Ch. + Secondary.Effluent.Flow + UVT.... + CODds..mg.L. + NSEC.Effluent.NO3",0.184495687975469,0.84212648438332,"3,2"
"2355","Pump.Flow.Based.PAA.Dose + Temp..of.NSEC.Main.Ch. + Secondary.Effluent.Flow + UVT.... + CODds..mg.L. + NSEC.Effluent.OP",0.116402461135495,0.835843424251853,"3,2"
"2356","Pump.Flow.Based.PAA.Dose + Temp..of.NSEC.Main.Ch. + Secondary.Effluent.Flow + UVT.... + CODds..mg.L. + NSEC.Effluent.TSS",0.179083390606158,0.824030628597225,"3,2"
"2357","Pump.Flow.Based.PAA.Dose + Temp..of.NSEC.Main.Ch. + Secondary.Effluent.Flow + UVT.... + CODds..mg.L. + NSEC.Effluent.NO5",0.162286647232827,0.83313363183384,"3,2"
"2358","Pump.Flow.Based.PAA.Dose + Temp..of.NSEC.Main.Ch. + Secondary.Effluent.Flow + UVT.... + CODds..mg.L. + NSEC.Effluent.Flow",0.28121117519498,0.834437775356242,"3,2"
"2359","Pump.Flow.Based.PAA.Dose + Temp..of.NSEC.Main.Ch. + Secondary.Effluent.Flow + UVT.... + SACto..1.m. + NSEC.Aerobic.SRT",0.257896612388306,0.82625822700384,"3,2"
"2360","Pump.Flow.Based.PAA.Dose + Temp..of.NSEC.Main.Ch. + Secondary.Effluent.Flow + UVT.... + SACto..1.m. + NSEC.Effluent.NH3",0.162824625052111,0.835543281515071,"3,2"
"2361","Pump.Flow.Based.PAA.Dose + Temp..of.NSEC.Main.Ch. + Secondary.Effluent.Flow + UVT.... + SACto..1.m. + NSEC.Effluent.NO3",0.228709817293049,0.855723748949128,"3,2"
"2362","Pump.Flow.Based.PAA.Dose + Temp..of.NSEC.Main.Ch. + Secondary.Effluent.Flow + UVT.... + SACto..1.m. + NSEC.Effluent.OP",0.109780626602602,0.817228145951699,"3,2"
"2363","Pump.Flow.Based.PAA.Dose + Temp..of.NSEC.Main.Ch. + Secondary.Effluent.Flow + UVT.... + SACto..1.m. + NSEC.Effluent.TSS",0.150372615890682,0.80273302882627,"3,2"
"2364","Pump.Flow.Based.PAA.Dose + Temp..of.NSEC.Main.Ch. + Secondary.Effluent.Flow + UVT.... + SACto..1.m. + NSEC.Effluent.NO5",0.158181089671068,0.815812399568326,"3,2"
"2365","Pump.Flow.Based.PAA.Dose + Temp..of.NSEC.Main.Ch. + Secondary.Effluent.Flow + UVT.... + SACto..1.m. + NSEC.Effluent.Flow",0.2107857141124,0.817396356158727,"3,2"
"2366","Pump.Flow.Based.PAA.Dose + Temp..of.NSEC.Main.Ch. + Secondary.Effluent.Flow + UVT.... + NSEC.Aerobic.SRT + NSEC.Effluent.NH3",0.193191161900484,0.00322355964450592,"3,2"
"2367","Pump.Flow.Based.PAA.Dose + Temp..of.NSEC.Main.Ch. + Secondary.Effluent.Flow + UVT.... + NSEC.Aerobic.SRT + NSEC.Effluent.NO3",0.213487372398648,0.830648719329121,"3,2"
"2368","Pump.Flow.Based.PAA.Dose + Temp..of.NSEC.Main.Ch. + Secondary.Effluent.Flow + UVT.... + NSEC.Aerobic.SRT + NSEC.Effluent.OP",0.124653646795697,0.823068598707313,"3,2"
"2369","Pump.Flow.Based.PAA.Dose + Temp..of.NSEC.Main.Ch. + Secondary.Effluent.Flow + UVT.... + NSEC.Aerobic.SRT + NSEC.Effluent.TSS",0.206392687115513,0.81572834350652,"3,2"
"2370","Pump.Flow.Based.PAA.Dose + Temp..of.NSEC.Main.Ch. + Secondary.Effluent.Flow + UVT.... + NSEC.Aerobic.SRT + NSEC.Effluent.NO5",0.239523259269194,0.828626469669397,"3,2"
"2371","Pump.Flow.Based.PAA.Dose + Temp..of.NSEC.Main.Ch. + Secondary.Effluent.Flow + UVT.... + NSEC.Aerobic.SRT + NSEC.Effluent.Flow",0.0534738922355946,0.801708987874306,"3,2"
"2372","Pump.Flow.Based.PAA.Dose + Temp..of.NSEC.Main.Ch. + Secondary.Effluent.Flow + UVT.... + NSEC.Effluent.NH3 + NSEC.Effluent.NO3",0.157729626613151,0.823097388379429,"3,2"
"2373","Pump.Flow.Based.PAA.Dose + Temp..of.NSEC.Main.Ch. + Secondary.Effluent.Flow + UVT.... + NSEC.Effluent.NH3 + NSEC.Effluent.OP",0.11738933892164,0.806806243694411,"3,2"
"2374","Pump.Flow.Based.PAA.Dose + Temp..of.NSEC.Main.Ch. + Secondary.Effluent.Flow + UVT.... + NSEC.Effluent.NH3 + NSEC.Effluent.TSS",0.207736844113256,0.818756082058354,"3,2"
"2375","Pump.Flow.Based.PAA.Dose + Temp..of.NSEC.Main.Ch. + Secondary.Effluent.Flow + UVT.... + NSEC.Effluent.NH3 + NSEC.Effluent.NO5",0.207091141535379,0.822954674212251,"3,2"
"2376","Pump.Flow.Based.PAA.Dose + Temp..of.NSEC.Main.Ch. + Secondary.Effluent.Flow + UVT.... + NSEC.Effluent.NH3 + NSEC.Effluent.Flow",0.117161083497519,0.83023033054394,"3,2"
"2377","Pump.Flow.Based.PAA.Dose + Temp..of.NSEC.Main.Ch. + Secondary.Effluent.Flow + UVT.... + NSEC.Effluent.NO3 + NSEC.Effluent.OP",0.197577839498788,0.836237577583557,"3,2"
"2378","Pump.Flow.Based.PAA.Dose + Temp..of.NSEC.Main.Ch. + Secondary.Effluent.Flow + UVT.... + NSEC.Effluent.NO3 + NSEC.Effluent.TSS",0.119536049893144,0.808011055654797,"3,2"
"2379","Pump.Flow.Based.PAA.Dose + Temp..of.NSEC.Main.Ch. + Secondary.Effluent.Flow + UVT.... + NSEC.Effluent.NO3 + NSEC.Effluent.NO5",0.079176448930375,0.803003320652817,"3,2"
"2380","Pump.Flow.Based.PAA.Dose + Temp..of.NSEC.Main.Ch. + Secondary.Effluent.Flow + UVT.... + NSEC.Effluent.NO3 + NSEC.Effluent.Flow",0.107747096770333,0.812627726737428,"3,2"
"2381","Pump.Flow.Based.PAA.Dose + Temp..of.NSEC.Main.Ch. + Secondary.Effluent.Flow + UVT.... + NSEC.Effluent.OP + NSEC.Effluent.TSS",0.215279618306338,0.8136868356387,"3,2"
"2382","Pump.Flow.Based.PAA.Dose + Temp..of.NSEC.Main.Ch. + Secondary.Effluent.Flow + UVT.... + NSEC.Effluent.OP + NSEC.Effluent.NO5",0.0890486396263923,0.830063040733116,"3,2"
"2383","Pump.Flow.Based.PAA.Dose + Temp..of.NSEC.Main.Ch. + Secondary.Effluent.Flow + UVT.... + NSEC.Effluent.OP + NSEC.Effluent.Flow",0.14997493897963,0.824263557265441,"3,2"
"2384","Pump.Flow.Based.PAA.Dose + Temp..of.NSEC.Main.Ch. + Secondary.Effluent.Flow + UVT.... + NSEC.Effluent.TSS + NSEC.Effluent.NO5",0.30161915196181,0.826083496354024,"3,2"
"2385","Pump.Flow.Based.PAA.Dose + Temp..of.NSEC.Main.Ch. + Secondary.Effluent.Flow + UVT.... + NSEC.Effluent.TSS + NSEC.Effluent.Flow",0.187528568922054,0.815738340726452,"3,2"
"2386","Pump.Flow.Based.PAA.Dose + Temp..of.NSEC.Main.Ch. + Secondary.Effluent.Flow + UVT.... + NSEC.Effluent.NO5 + NSEC.Effluent.Flow",0.163640512709779,0.815056111971527,"3,2"
"2387","Pump.Flow.Based.PAA.Dose + Temp..of.NSEC.Main.Ch. + Secondary.Effluent.Flow + CODds..mg.L. + SACto..1.m. + NSEC.Aerobic.SRT",0.249645248407966,0.845314375550212,"3,2"
"2388","Pump.Flow.Based.PAA.Dose + Temp..of.NSEC.Main.Ch. + Secondary.Effluent.Flow + CODds..mg.L. + SACto..1.m. + NSEC.Effluent.NH3",0.0820832489777636,0.825005741195386,"3,2"
"2389","Pump.Flow.Based.PAA.Dose + Temp..of.NSEC.Main.Ch. + Secondary.Effluent.Flow + CODds..mg.L. + SACto..1.m. + NSEC.Effluent.NO3",0.214289887936252,0.868107789027893,"3,2"
"2390","Pump.Flow.Based.PAA.Dose + Temp..of.NSEC.Main.Ch. + Secondary.Effluent.Flow + CODds..mg.L. + SACto..1.m. + NSEC.Effluent.OP",0.294037207367714,0.828999474564748,"3,2"
"2391","Pump.Flow.Based.PAA.Dose + Temp..of.NSEC.Main.Ch. + Secondary.Effluent.Flow + CODds..mg.L. + SACto..1.m. + NSEC.Effluent.TSS",0.118161465352036,0.825063803017955,"3,2"
"2392","Pump.Flow.Based.PAA.Dose + Temp..of.NSEC.Main.Ch. + Secondary.Effluent.Flow + CODds..mg.L. + SACto..1.m. + NSEC.Effluent.NO5",0.0943717679802567,0.827763423658839,"3,2"
"2393","Pump.Flow.Based.PAA.Dose + Temp..of.NSEC.Main.Ch. + Secondary.Effluent.Flow + CODds..mg.L. + SACto..1.m. + NSEC.Effluent.Flow",0.0722132730943434,0.816739661283152,"3,2"
"2394","Pump.Flow.Based.PAA.Dose + Temp..of.NSEC.Main.Ch. + Secondary.Effluent.Flow + CODds..mg.L. + NSEC.Aerobic.SRT + NSEC.Effluent.NH3",0.238496897453716,0.838407332533916,"3,2"
"2395","Pump.Flow.Based.PAA.Dose + Temp..of.NSEC.Main.Ch. + Secondary.Effluent.Flow + CODds..mg.L. + NSEC.Aerobic.SRT + NSEC.Effluent.NO3",0.189599352451104,0.820962278483525,"3,2"
"2396","Pump.Flow.Based.PAA.Dose + Temp..of.NSEC.Main.Ch. + Secondary.Effluent.Flow + CODds..mg.L. + NSEC.Aerobic.SRT + NSEC.Effluent.OP",0.20636197924441,0.827572995122745,"3,2"
"2397","Pump.Flow.Based.PAA.Dose + Temp..of.NSEC.Main.Ch. + Secondary.Effluent.Flow + CODds..mg.L. + NSEC.Aerobic.SRT + NSEC.Effluent.TSS",0.147740486170864,0.805081541549507,"3,2"
"2398","Pump.Flow.Based.PAA.Dose + Temp..of.NSEC.Main.Ch. + Secondary.Effluent.Flow + CODds..mg.L. + NSEC.Aerobic.SRT + NSEC.Effluent.NO5",0.227368789135981,0.845232336028503,"3,2"
"2399","Pump.Flow.Based.PAA.Dose + Temp..of.NSEC.Main.Ch. + Secondary.Effluent.Flow + CODds..mg.L. + NSEC.Aerobic.SRT + NSEC.Effluent.Flow",0.237522590177805,0.816353927947121,"3,2"
"2400","Pump.Flow.Based.PAA.Dose + Temp..of.NSEC.Main.Ch. + Secondary.Effluent.Flow + CODds..mg.L. + NSEC.Effluent.NH3 + NSEC.Effluent.NO3",0.107385206722768,0.816370003470024,"3,2"
"2401","Pump.Flow.Based.PAA.Dose + Temp..of.NSEC.Main.Ch. + Secondary.Effluent.Flow + CODds..mg.L. + NSEC.Effluent.NH3 + NSEC.Effluent.OP",0.137645631471532,0.817898360783582,"3,2"
"2402","Pump.Flow.Based.PAA.Dose + Temp..of.NSEC.Main.Ch. + Secondary.Effluent.Flow + CODds..mg.L. + NSEC.Effluent.NH3 + NSEC.Effluent.TSS",0.169330512369273,0.822420605608148,"3,2"
"2403","Pump.Flow.Based.PAA.Dose + Temp..of.NSEC.Main.Ch. + Secondary.Effluent.Flow + CODds..mg.L. + NSEC.Effluent.NH3 + NSEC.Effluent.NO5",0.229859935946914,0.839916745020875,"3,2"
"2404","Pump.Flow.Based.PAA.Dose + Temp..of.NSEC.Main.Ch. + Secondary.Effluent.Flow + CODds..mg.L. + NSEC.Effluent.NH3 + NSEC.Effluent.Flow",0.14964817942483,0.831205021038829,"3,2"
"2405","Pump.Flow.Based.PAA.Dose + Temp..of.NSEC.Main.Ch. + Secondary.Effluent.Flow + CODds..mg.L. + NSEC.Effluent.NO3 + NSEC.Effluent.OP",0.157465870248346,0.847849998316898,"3,2"
"2406","Pump.Flow.Based.PAA.Dose + Temp..of.NSEC.Main.Ch. + Secondary.Effluent.Flow + CODds..mg.L. + NSEC.Effluent.NO3 + NSEC.Effluent.TSS",0.18788438261283,0.845220097771894,"3,2"
"2407","Pump.Flow.Based.PAA.Dose + Temp..of.NSEC.Main.Ch. + Secondary.Effluent.Flow + CODds..mg.L. + NSEC.Effluent.NO3 + NSEC.Effluent.NO5",0.168290796093524,0.824542513223269,"3,2"
"2408","Pump.Flow.Based.PAA.Dose + Temp..of.NSEC.Main.Ch. + Secondary.Effluent.Flow + CODds..mg.L. + NSEC.Effluent.NO3 + NSEC.Effluent.Flow",0.131698083344477,0.838808152509328,"3,2"
"2409","Pump.Flow.Based.PAA.Dose + Temp..of.NSEC.Main.Ch. + Secondary.Effluent.Flow + CODds..mg.L. + NSEC.Effluent.OP + NSEC.Effluent.TSS",0.332330480439364,0.825442707061578,"3,2"
"2410","Pump.Flow.Based.PAA.Dose + Temp..of.NSEC.Main.Ch. + Secondary.Effluent.Flow + CODds..mg.L. + NSEC.Effluent.OP + NSEC.Effluent.NO5",0.165381439165253,0.817376805817287,"3,2"
"2411","Pump.Flow.Based.PAA.Dose + Temp..of.NSEC.Main.Ch. + Secondary.Effluent.Flow + CODds..mg.L. + NSEC.Effluent.OP + NSEC.Effluent.Flow",0.150129800559298,0.814821518978831,"3,2"
"2412","Pump.Flow.Based.PAA.Dose + Temp..of.NSEC.Main.Ch. + Secondary.Effluent.Flow + CODds..mg.L. + NSEC.Effluent.TSS + NSEC.Effluent.NO5",0.244105645231975,0.846628755479669,"3,2"
"2413","Pump.Flow.Based.PAA.Dose + Temp..of.NSEC.Main.Ch. + Secondary.Effluent.Flow + CODds..mg.L. + NSEC.Effluent.TSS + NSEC.Effluent.Flow",0.227421009399769,0.824716097636609,"3,2"
"2414","Pump.Flow.Based.PAA.Dose + Temp..of.NSEC.Main.Ch. + Secondary.Effluent.Flow + CODds..mg.L. + NSEC.Effluent.NO5 + NSEC.Effluent.Flow",0.236592603627769,0.850967746153694,"3,2"
"2415","Pump.Flow.Based.PAA.Dose + Temp..of.NSEC.Main.Ch. + Secondary.Effluent.Flow + SACto..1.m. + NSEC.Aerobic.SRT + NSEC.Effluent.NH3",0.104111373064831,0.802416626044129,"3,2"
"2416","Pump.Flow.Based.PAA.Dose + Temp..of.NSEC.Main.Ch. + Secondary.Effluent.Flow + SACto..1.m. + NSEC.Aerobic.SRT + NSEC.Effluent.NO3",0.109028910986096,0.82509150551979,"3,2"
"2417","Pump.Flow.Based.PAA.Dose + Temp..of.NSEC.Main.Ch. + Secondary.Effluent.Flow + SACto..1.m. + NSEC.Aerobic.SRT + NSEC.Effluent.OP",0.119365576506103,0.81766573944873,"3,2"
"2418","Pump.Flow.Based.PAA.Dose + Temp..of.NSEC.Main.Ch. + Secondary.Effluent.Flow + SACto..1.m. + NSEC.Aerobic.SRT + NSEC.Effluent.TSS",0.202930834555914,0.83529520631267,"3,2"
"2419","Pump.Flow.Based.PAA.Dose + Temp..of.NSEC.Main.Ch. + Secondary.Effluent.Flow + SACto..1.m. + NSEC.Aerobic.SRT + NSEC.Effluent.NO5",0.224594337009377,0.846721469368627,"3,2"
"2420","Pump.Flow.Based.PAA.Dose + Temp..of.NSEC.Main.Ch. + Secondary.Effluent.Flow + SACto..1.m. + NSEC.Aerobic.SRT + NSEC.Effluent.Flow",0.201884818026112,0.836150635922124,"3,2"
"2421","Pump.Flow.Based.PAA.Dose + Temp..of.NSEC.Main.Ch. + Secondary.Effluent.Flow + SACto..1.m. + NSEC.Effluent.NH3 + NSEC.Effluent.NO3",0.24099883417018,0.841113888402649,"3,2"
"2422","Pump.Flow.Based.PAA.Dose + Temp..of.NSEC.Main.Ch. + Secondary.Effluent.Flow + SACto..1.m. + NSEC.Effluent.NH3 + NSEC.Effluent.OP",0.0839230618148381,0.81231849541825,"3,2"
"2423","Pump.Flow.Based.PAA.Dose + Temp..of.NSEC.Main.Ch. + Secondary.Effluent.Flow + SACto..1.m. + NSEC.Effluent.NH3 + NSEC.Effluent.TSS",0.0908382799056153,0.798067198024996,"3,2"
"2424","Pump.Flow.Based.PAA.Dose + Temp..of.NSEC.Main.Ch. + Secondary.Effluent.Flow + SACto..1.m. + NSEC.Effluent.NH3 + NSEC.Effluent.NO5",0.117717825186875,0.808430910702594,"3,2"
"2425","Pump.Flow.Based.PAA.Dose + Temp..of.NSEC.Main.Ch. + Secondary.Effluent.Flow + SACto..1.m. + NSEC.Effluent.NH3 + NSEC.Effluent.Flow",0.14463996949222,0.81921304475931,"3,2"
"2426","Pump.Flow.Based.PAA.Dose + Temp..of.NSEC.Main.Ch. + Secondary.Effluent.Flow + SACto..1.m. + NSEC.Effluent.NO3 + NSEC.Effluent.OP",0.16142336936521,0.819194164370891,"3,2"
"2427","Pump.Flow.Based.PAA.Dose + Temp..of.NSEC.Main.Ch. + Secondary.Effluent.Flow + SACto..1.m. + NSEC.Effluent.NO3 + NSEC.Effluent.TSS",0.118596044892969,0.820142944454206,"3,2"
"2428","Pump.Flow.Based.PAA.Dose + Temp..of.NSEC.Main.Ch. + Secondary.Effluent.Flow + SACto..1.m. + NSEC.Effluent.NO3 + NSEC.Effluent.NO5",0.135280946339094,0.815425048096832,"3,2"
"2429","Pump.Flow.Based.PAA.Dose + Temp..of.NSEC.Main.Ch. + Secondary.Effluent.Flow + SACto..1.m. + NSEC.Effluent.NO3 + NSEC.Effluent.Flow",0.169829877220018,0.831523507510928,"3,2"
"2430","Pump.Flow.Based.PAA.Dose + Temp..of.NSEC.Main.Ch. + Secondary.Effluent.Flow + SACto..1.m. + NSEC.Effluent.OP + NSEC.Effluent.TSS",0.269801629371943,0.82747883453252,"3,2"
"2431","Pump.Flow.Based.PAA.Dose + Temp..of.NSEC.Main.Ch. + Secondary.Effluent.Flow + SACto..1.m. + NSEC.Effluent.OP + NSEC.Effluent.NO5",0.091882032654278,0.814996712052062,"3,2"
"2432","Pump.Flow.Based.PAA.Dose + Temp..of.NSEC.Main.Ch. + Secondary.Effluent.Flow + SACto..1.m. + NSEC.Effluent.OP + NSEC.Effluent.Flow",0.164603498700406,0.826619214514742,"3,2"
"2433","Pump.Flow.Based.PAA.Dose + Temp..of.NSEC.Main.Ch. + Secondary.Effluent.Flow + SACto..1.m. + NSEC.Effluent.TSS + NSEC.Effluent.NO5",0.175429401621104,0.821058242643322,"3,2"
"2434","Pump.Flow.Based.PAA.Dose + Temp..of.NSEC.Main.Ch. + Secondary.Effluent.Flow + SACto..1.m. + NSEC.Effluent.TSS + NSEC.Effluent.Flow",0.241451565934229,0.817371413547836,"3,2"
"2435","Pump.Flow.Based.PAA.Dose + Temp..of.NSEC.Main.Ch. + Secondary.Effluent.Flow + SACto..1.m. + NSEC.Effluent.NO5 + NSEC.Effluent.Flow",0.160268140427597,0.844817785669462,"3,2"
"2436","Pump.Flow.Based.PAA.Dose + Temp..of.NSEC.Main.Ch. + Secondary.Effluent.Flow + NSEC.Aerobic.SRT + NSEC.Effluent.NH3 + NSEC.Effluent.NO3",0.0904540710513944,0.814374975994884,"3,2"
"2437","Pump.Flow.Based.PAA.Dose + Temp..of.NSEC.Main.Ch. + Secondary.Effluent.Flow + NSEC.Aerobic.SRT + NSEC.Effluent.NH3 + NSEC.Effluent.OP",0.222930539527199,0.821813517070227,"3,2"
"2438","Pump.Flow.Based.PAA.Dose + Temp..of.NSEC.Main.Ch. + Secondary.Effluent.Flow + NSEC.Aerobic.SRT + NSEC.Effluent.NH3 + NSEC.Effluent.TSS",0.19727235380505,0.817204315723094,"3,2"
"2439","Pump.Flow.Based.PAA.Dose + Temp..of.NSEC.Main.Ch. + Secondary.Effluent.Flow + NSEC.Aerobic.SRT + NSEC.Effluent.NH3 + NSEC.Effluent.NO5",0.241706750266642,0.827910630721099,"3,2"
"2440","Pump.Flow.Based.PAA.Dose + Temp..of.NSEC.Main.Ch. + Secondary.Effluent.Flow + NSEC.Aerobic.SRT + NSEC.Effluent.NH3 + NSEC.Effluent.Flow",0.25756564718769,0.818873464709092,"3,2"
"2441","Pump.Flow.Based.PAA.Dose + Temp..of.NSEC.Main.Ch. + Secondary.Effluent.Flow + NSEC.Aerobic.SRT + NSEC.Effluent.NO3 + NSEC.Effluent.OP",0.243732962803906,0.845171959113381,"3,2"
"2442","Pump.Flow.Based.PAA.Dose + Temp..of.NSEC.Main.Ch. + Secondary.Effluent.Flow + NSEC.Aerobic.SRT + NSEC.Effluent.NO3 + NSEC.Effluent.TSS",0.278492648808777,0.834576818798086,"3,2"
"2443","Pump.Flow.Based.PAA.Dose + Temp..of.NSEC.Main.Ch. + Secondary.Effluent.Flow + NSEC.Aerobic.SRT + NSEC.Effluent.NO3 + NSEC.Effluent.NO5",0.150870272808121,0.833246609290572,"3,2"
"2444","Pump.Flow.Based.PAA.Dose + Temp..of.NSEC.Main.Ch. + Secondary.Effluent.Flow + NSEC.Aerobic.SRT + NSEC.Effluent.NO3 + NSEC.Effluent.Flow",0.0809111687986086,0.806917092512884,"3,2"
"2445","Pump.Flow.Based.PAA.Dose + Temp..of.NSEC.Main.Ch. + Secondary.Effluent.Flow + NSEC.Aerobic.SRT + NSEC.Effluent.OP + NSEC.Effluent.TSS",0.168190430902523,0.847452892912095,"3,2"
"2446","Pump.Flow.Based.PAA.Dose + Temp..of.NSEC.Main.Ch. + Secondary.Effluent.Flow + NSEC.Aerobic.SRT + NSEC.Effluent.OP + NSEC.Effluent.NO5",0.167349523625008,0.828313562986504,"3,2"
"2447","Pump.Flow.Based.PAA.Dose + Temp..of.NSEC.Main.Ch. + Secondary.Effluent.Flow + NSEC.Aerobic.SRT + NSEC.Effluent.OP + NSEC.Effluent.Flow",0.151042211739893,0.800910583449787,"3,2"
"2448","Pump.Flow.Based.PAA.Dose + Temp..of.NSEC.Main.Ch. + Secondary.Effluent.Flow + NSEC.Aerobic.SRT + NSEC.Effluent.TSS + NSEC.Effluent.NO5",0.25413459129891,0.82345207725523,"3,2"
"2449","Pump.Flow.Based.PAA.Dose + Temp..of.NSEC.Main.Ch. + Secondary.Effluent.Flow + NSEC.Aerobic.SRT + NSEC.Effluent.TSS + NSEC.Effluent.Flow",0.293081131390462,0.828845685418715,"3,2"
"2450","Pump.Flow.Based.PAA.Dose + Temp..of.NSEC.Main.Ch. + Secondary.Effluent.Flow + NSEC.Aerobic.SRT + NSEC.Effluent.NO5 + NSEC.Effluent.Flow",0.165649240810117,0.816773501212916,"3,2"
"2451","Pump.Flow.Based.PAA.Dose + Temp..of.NSEC.Main.Ch. + Secondary.Effluent.Flow + NSEC.Effluent.NH3 + NSEC.Effluent.NO3 + NSEC.Effluent.OP",0.173175397274663,0.838536231198303,"3,2"
"2452","Pump.Flow.Based.PAA.Dose + Temp..of.NSEC.Main.Ch. + Secondary.Effluent.Flow + NSEC.Effluent.NH3 + NSEC.Effluent.NO3 + NSEC.Effluent.TSS",0.266261693310642,0.836080223083953,"3,2"
"2453","Pump.Flow.Based.PAA.Dose + Temp..of.NSEC.Main.Ch. + Secondary.Effluent.Flow + NSEC.Effluent.NH3 + NSEC.Effluent.NO3 + NSEC.Effluent.NO5",0.106998507570039,0.821434766987843,"3,2"
"2454","Pump.Flow.Based.PAA.Dose + Temp..of.NSEC.Main.Ch. + Secondary.Effluent.Flow + NSEC.Effluent.NH3 + NSEC.Effluent.NO3 + NSEC.Effluent.Flow",0.213533722787049,0.836096063719854,"3,2"
"2455","Pump.Flow.Based.PAA.Dose + Temp..of.NSEC.Main.Ch. + Secondary.Effluent.Flow + NSEC.Effluent.NH3 + NSEC.Effluent.OP + NSEC.Effluent.TSS",0.207247046555131,0.818098734823581,"3,2"
"2456","Pump.Flow.Based.PAA.Dose + Temp..of.NSEC.Main.Ch. + Secondary.Effluent.Flow + NSEC.Effluent.NH3 + NSEC.Effluent.OP + NSEC.Effluent.NO5",0.217113045845265,0.851040768076448,"3,2"
"2457","Pump.Flow.Based.PAA.Dose + Temp..of.NSEC.Main.Ch. + Secondary.Effluent.Flow + NSEC.Effluent.NH3 + NSEC.Effluent.OP + NSEC.Effluent.Flow",0.149834365915073,0.813220752851115,"3,2"
"2458","Pump.Flow.Based.PAA.Dose + Temp..of.NSEC.Main.Ch. + Secondary.Effluent.Flow + NSEC.Effluent.NH3 + NSEC.Effluent.TSS + NSEC.Effluent.NO5",0.156666887481096,0.851950289493209,"3,2"
"2459","Pump.Flow.Based.PAA.Dose + Temp..of.NSEC.Main.Ch. + Secondary.Effluent.Flow + NSEC.Effluent.NH3 + NSEC.Effluent.TSS + NSEC.Effluent.Flow",0.149114174384566,0.800436597549233,"3,2"
"2460","Pump.Flow.Based.PAA.Dose + Temp..of.NSEC.Main.Ch. + Secondary.Effluent.Flow + NSEC.Effluent.NH3 + NSEC.Effluent.NO5 + NSEC.Effluent.Flow",0.113502874799486,0.816835028325241,"3,2"
"2461","Pump.Flow.Based.PAA.Dose + Temp..of.NSEC.Main.Ch. + Secondary.Effluent.Flow + NSEC.Effluent.NO3 + NSEC.Effluent.OP + NSEC.Effluent.TSS",0.283245926871834,0.851011177375445,"3,2"
"2462","Pump.Flow.Based.PAA.Dose + Temp..of.NSEC.Main.Ch. + Secondary.Effluent.Flow + NSEC.Effluent.NO3 + NSEC.Effluent.OP + NSEC.Effluent.NO5",0.15160064130665,0.822994450363353,"3,2"
"2463","Pump.Flow.Based.PAA.Dose + Temp..of.NSEC.Main.Ch. + Secondary.Effluent.Flow + NSEC.Effluent.NO3 + NSEC.Effluent.OP + NSEC.Effluent.Flow",0.206184998599047,0.828965658405602,"3,2"
"2464","Pump.Flow.Based.PAA.Dose + Temp..of.NSEC.Main.Ch. + Secondary.Effluent.Flow + NSEC.Effluent.NO3 + NSEC.Effluent.TSS + NSEC.Effluent.NO5",0.191119167810196,0.831705506328702,"3,2"
"2465","Pump.Flow.Based.PAA.Dose + Temp..of.NSEC.Main.Ch. + Secondary.Effluent.Flow + NSEC.Effluent.NO3 + NSEC.Effluent.TSS + NSEC.Effluent.Flow",0.262603666709563,0.854219558864661,"3,2"
"2466","Pump.Flow.Based.PAA.Dose + Temp..of.NSEC.Main.Ch. + Secondary.Effluent.Flow + NSEC.Effluent.NO3 + NSEC.Effluent.NO5 + NSEC.Effluent.Flow",0.146319379044704,0.810022805843365,"3,2"
"2467","Pump.Flow.Based.PAA.Dose + Temp..of.NSEC.Main.Ch. + Secondary.Effluent.Flow + NSEC.Effluent.OP + NSEC.Effluent.TSS + NSEC.Effluent.NO5",0.10218683418767,0.800408231246334,"3,2"
"2468","Pump.Flow.Based.PAA.Dose + Temp..of.NSEC.Main.Ch. + Secondary.Effluent.Flow + NSEC.Effluent.OP + NSEC.Effluent.TSS + NSEC.Effluent.Flow",0.19066241991776,0.829447028674269,"3,2"
"2469","Pump.Flow.Based.PAA.Dose + Temp..of.NSEC.Main.Ch. + Secondary.Effluent.Flow + NSEC.Effluent.OP + NSEC.Effluent.NO5 + NSEC.Effluent.Flow",0.128711708945487,0.825863917087644,"3,2"
"2470","Pump.Flow.Based.PAA.Dose + Temp..of.NSEC.Main.Ch. + Secondary.Effluent.Flow + NSEC.Effluent.TSS + NSEC.Effluent.NO5 + NSEC.Effluent.Flow",0.216925832353274,0.832144115830452,"3,2"
"2471","Pump.Flow.Based.PAA.Dose + Temp..of.NSEC.Main.Ch. + N..Basin.Outfall + CODto..mg.L. + TSS..mg.L. + UVT....",0.221149533930876,0.832568555835592,"3,2"
"2472","Pump.Flow.Based.PAA.Dose + Temp..of.NSEC.Main.Ch. + N..Basin.Outfall + CODto..mg.L. + TSS..mg.L. + CODds..mg.L.",0.0573295060249976,0.812861404927822,"3,2"
"2473","Pump.Flow.Based.PAA.Dose + Temp..of.NSEC.Main.Ch. + N..Basin.Outfall + CODto..mg.L. + TSS..mg.L. + SACto..1.m.",0.154893154709308,0.846908169058871,"3,2"
"2474","Pump.Flow.Based.PAA.Dose + Temp..of.NSEC.Main.Ch. + N..Basin.Outfall + CODto..mg.L. + TSS..mg.L. + NSEC.Aerobic.SRT",0.198403777081361,0.848598895807609,"3,2"
"2475","Pump.Flow.Based.PAA.Dose + Temp..of.NSEC.Main.Ch. + N..Basin.Outfall + CODto..mg.L. + TSS..mg.L. + NSEC.Effluent.NH3",0.13149332193659,0.831425912046495,"3,2"
"2476","Pump.Flow.Based.PAA.Dose + Temp..of.NSEC.Main.Ch. + N..Basin.Outfall + CODto..mg.L. + TSS..mg.L. + NSEC.Effluent.NO3",0.158276199895389,0.828443687982065,"3,2"
"2477","Pump.Flow.Based.PAA.Dose + Temp..of.NSEC.Main.Ch. + N..Basin.Outfall + CODto..mg.L. + TSS..mg.L. + NSEC.Effluent.OP",0.0766472110800847,0.804520507743977,"3,2"
"2478","Pump.Flow.Based.PAA.Dose + Temp..of.NSEC.Main.Ch. + N..Basin.Outfall + CODto..mg.L. + TSS..mg.L. + NSEC.Effluent.TSS",0.142520927415887,0.828226960038485,"3,2"
"2479","Pump.Flow.Based.PAA.Dose + Temp..of.NSEC.Main.Ch. + N..Basin.Outfall + CODto..mg.L. + TSS..mg.L. + NSEC.Effluent.NO5",0.170361862861516,0.83008476264408,"3,2"
"2480","Pump.Flow.Based.PAA.Dose + Temp..of.NSEC.Main.Ch. + N..Basin.Outfall + CODto..mg.L. + TSS..mg.L. + NSEC.Effluent.Flow",0.137488746858099,0.824683907789278,"3,2"
"2481","Pump.Flow.Based.PAA.Dose + Temp..of.NSEC.Main.Ch. + N..Basin.Outfall + CODto..mg.L. + UVT.... + CODds..mg.L.",0.0516348135789717,0.796904375086574,"3,2"
"2482","Pump.Flow.Based.PAA.Dose + Temp..of.NSEC.Main.Ch. + N..Basin.Outfall + CODto..mg.L. + UVT.... + SACto..1.m.",0.108437646540179,0.805938072865515,"3,2"
"2483","Pump.Flow.Based.PAA.Dose + Temp..of.NSEC.Main.Ch. + N..Basin.Outfall + CODto..mg.L. + UVT.... + NSEC.Aerobic.SRT",0.208641068218984,0.827723151654803,"3,2"
"2484","Pump.Flow.Based.PAA.Dose + Temp..of.NSEC.Main.Ch. + N..Basin.Outfall + CODto..mg.L. + UVT.... + NSEC.Effluent.NH3",0.248668521145868,0.820308461825492,"3,2"
"2485","Pump.Flow.Based.PAA.Dose + Temp..of.NSEC.Main.Ch. + N..Basin.Outfall + CODto..mg.L. + UVT.... + NSEC.Effluent.NO3",0.0836832986226375,0.804915359971871,"3,2"
"2486","Pump.Flow.Based.PAA.Dose + Temp..of.NSEC.Main.Ch. + N..Basin.Outfall + CODto..mg.L. + UVT.... + NSEC.Effluent.OP",0.0207855376230228,0.794382535121918,"3,2"
"2487","Pump.Flow.Based.PAA.Dose + Temp..of.NSEC.Main.Ch. + N..Basin.Outfall + CODto..mg.L. + UVT.... + NSEC.Effluent.TSS",0.169624008359507,0.813758972400815,"3,2"
"2488","Pump.Flow.Based.PAA.Dose + Temp..of.NSEC.Main.Ch. + N..Basin.Outfall + CODto..mg.L. + UVT.... + NSEC.Effluent.NO5",0.139952092678958,0.814524599300704,"3,2"
"2489","Pump.Flow.Based.PAA.Dose + Temp..of.NSEC.Main.Ch. + N..Basin.Outfall + CODto..mg.L. + UVT.... + NSEC.Effluent.Flow",0.247091444940148,0.853937118629629,"3,2"
"2490","Pump.Flow.Based.PAA.Dose + Temp..of.NSEC.Main.Ch. + N..Basin.Outfall + CODto..mg.L. + CODds..mg.L. + SACto..1.m.",0.202977890710444,0.826598428737485,"3,2"
"2491","Pump.Flow.Based.PAA.Dose + Temp..of.NSEC.Main.Ch. + N..Basin.Outfall + CODto..mg.L. + CODds..mg.L. + NSEC.Aerobic.SRT",0.0905860961363423,0.811246507455696,"3,2"
"2492","Pump.Flow.Based.PAA.Dose + Temp..of.NSEC.Main.Ch. + N..Basin.Outfall + CODto..mg.L. + CODds..mg.L. + NSEC.Effluent.NH3",0.0563508783611701,0.806090745948238,"3,2"
"2493","Pump.Flow.Based.PAA.Dose + Temp..of.NSEC.Main.Ch. + N..Basin.Outfall + CODto..mg.L. + CODds..mg.L. + NSEC.Effluent.NO3",0.113355361216579,0.834985600806501,"3,2"
"2494","Pump.Flow.Based.PAA.Dose + Temp..of.NSEC.Main.Ch. + N..Basin.Outfall + CODto..mg.L. + CODds..mg.L. + NSEC.Effluent.OP",0.112732605034251,0.824045541899401,"3,2"
"2495","Pump.Flow.Based.PAA.Dose + Temp..of.NSEC.Main.Ch. + N..Basin.Outfall + CODto..mg.L. + CODds..mg.L. + NSEC.Effluent.TSS",0.132338171064744,0.82516680779388,"3,2"
"2496","Pump.Flow.Based.PAA.Dose + Temp..of.NSEC.Main.Ch. + N..Basin.Outfall + CODto..mg.L. + CODds..mg.L. + NSEC.Effluent.NO5",0.0901664528024668,0.841510816164747,"3,2"
"2497","Pump.Flow.Based.PAA.Dose + Temp..of.NSEC.Main.Ch. + N..Basin.Outfall + CODto..mg.L. + CODds..mg.L. + NSEC.Effluent.Flow",0.1448622301879,0.811649528647997,"3,2"
"2498","Pump.Flow.Based.PAA.Dose + Temp..of.NSEC.Main.Ch. + N..Basin.Outfall + CODto..mg.L. + SACto..1.m. + NSEC.Aerobic.SRT",0.0638213381411494,0.798426279384677,"3,2"
"2499","Pump.Flow.Based.PAA.Dose + Temp..of.NSEC.Main.Ch. + N..Basin.Outfall + CODto..mg.L. + SACto..1.m. + NSEC.Effluent.NH3",0.0657297771025123,0.825404187530409,"3,2"
"2500","Pump.Flow.Based.PAA.Dose + Temp..of.NSEC.Main.Ch. + N..Basin.Outfall + CODto..mg.L. + SACto..1.m. + NSEC.Effluent.NO3",0.158931269274405,0.833437097294303,"3,2"
"2501","Pump.Flow.Based.PAA.Dose + Temp..of.NSEC.Main.Ch. + N..Basin.Outfall + CODto..mg.L. + SACto..1.m. + NSEC.Effluent.OP",0.152965600777908,0.834796757866588,"3,2"
"2502","Pump.Flow.Based.PAA.Dose + Temp..of.NSEC.Main.Ch. + N..Basin.Outfall + CODto..mg.L. + SACto..1.m. + NSEC.Effluent.TSS",0.104778070338984,0.807261913061326,"3,2"
"2503","Pump.Flow.Based.PAA.Dose + Temp..of.NSEC.Main.Ch. + N..Basin.Outfall + CODto..mg.L. + SACto..1.m. + NSEC.Effluent.NO5",0.102795733223813,0.811778491401897,"3,2"
"2504","Pump.Flow.Based.PAA.Dose + Temp..of.NSEC.Main.Ch. + N..Basin.Outfall + CODto..mg.L. + SACto..1.m. + NSEC.Effluent.Flow",0.156803104596729,0.805787745858293,"3,2"
"2505","Pump.Flow.Based.PAA.Dose + Temp..of.NSEC.Main.Ch. + N..Basin.Outfall + CODto..mg.L. + NSEC.Aerobic.SRT + NSEC.Effluent.NH3",0.193821761248129,0.835264832791872,"3,2"
"2506","Pump.Flow.Based.PAA.Dose + Temp..of.NSEC.Main.Ch. + N..Basin.Outfall + CODto..mg.L. + NSEC.Aerobic.SRT + NSEC.Effluent.NO3",0.242970417650247,0.827480248047557,"3,2"
"2507","Pump.Flow.Based.PAA.Dose + Temp..of.NSEC.Main.Ch. + N..Basin.Outfall + CODto..mg.L. + NSEC.Aerobic.SRT + NSEC.Effluent.OP",0.280815151589332,0.824804204042042,"3,2"
"2508","Pump.Flow.Based.PAA.Dose + Temp..of.NSEC.Main.Ch. + N..Basin.Outfall + CODto..mg.L. + NSEC.Aerobic.SRT + NSEC.Effluent.TSS",0.19339563855556,0.827039407238865,"3,2"
"2509","Pump.Flow.Based.PAA.Dose + Temp..of.NSEC.Main.Ch. + N..Basin.Outfall + CODto..mg.L. + NSEC.Aerobic.SRT + NSEC.Effluent.NO5",0.183510310027907,0.825991551926184,"3,2"
"2510","Pump.Flow.Based.PAA.Dose + Temp..of.NSEC.Main.Ch. + N..Basin.Outfall + CODto..mg.L. + NSEC.Aerobic.SRT + NSEC.Effluent.Flow",0.155304766777359,0.790690387473392,"3,2"
"2511","Pump.Flow.Based.PAA.Dose + Temp..of.NSEC.Main.Ch. + N..Basin.Outfall + CODto..mg.L. + NSEC.Effluent.NH3 + NSEC.Effluent.NO3",0.184704483860129,0.828229109678054,"3,2"
"2512","Pump.Flow.Based.PAA.Dose + Temp..of.NSEC.Main.Ch. + N..Basin.Outfall + CODto..mg.L. + NSEC.Effluent.NH3 + NSEC.Effluent.OP",0.255143564868952,0.832916357659039,"3,2"
"2513","Pump.Flow.Based.PAA.Dose + Temp..of.NSEC.Main.Ch. + N..Basin.Outfall + CODto..mg.L. + NSEC.Effluent.NH3 + NSEC.Effluent.TSS",0.126131036892805,0.807296610888469,"3,2"
"2514","Pump.Flow.Based.PAA.Dose + Temp..of.NSEC.Main.Ch. + N..Basin.Outfall + CODto..mg.L. + NSEC.Effluent.NH3 + NSEC.Effluent.NO5",0.258706534296767,0.821579897743761,"3,2"
"2515","Pump.Flow.Based.PAA.Dose + Temp..of.NSEC.Main.Ch. + N..Basin.Outfall + CODto..mg.L. + NSEC.Effluent.NH3 + NSEC.Effluent.Flow",0.170233137937315,0.823561690963977,"3,2"
"2516","Pump.Flow.Based.PAA.Dose + Temp..of.NSEC.Main.Ch. + N..Basin.Outfall + CODto..mg.L. + NSEC.Effluent.NO3 + NSEC.Effluent.OP",0.113248803719284,0.800602491982156,"3,2"
"2517","Pump.Flow.Based.PAA.Dose + Temp..of.NSEC.Main.Ch. + N..Basin.Outfall + CODto..mg.L. + NSEC.Effluent.NO3 + NSEC.Effluent.TSS",0.172341113350593,0.822763464444707,"3,2"
"2518","Pump.Flow.Based.PAA.Dose + Temp..of.NSEC.Main.Ch. + N..Basin.Outfall + CODto..mg.L. + NSEC.Effluent.NO3 + NSEC.Effluent.NO5",0.134545641226451,0.842920912437226,"3,2"
"2519","Pump.Flow.Based.PAA.Dose + Temp..of.NSEC.Main.Ch. + N..Basin.Outfall + CODto..mg.L. + NSEC.Effluent.NO3 + NSEC.Effluent.Flow",0.104553549723043,0.810036725856739,"3,2"
"2520","Pump.Flow.Based.PAA.Dose + Temp..of.NSEC.Main.Ch. + N..Basin.Outfall + CODto..mg.L. + NSEC.Effluent.OP + NSEC.Effluent.TSS",0.250973777459728,0.815521147607763,"3,2"
"2521","Pump.Flow.Based.PAA.Dose + Temp..of.NSEC.Main.Ch. + N..Basin.Outfall + CODto..mg.L. + NSEC.Effluent.OP + NSEC.Effluent.NO5",0.101151542427545,0.827266579761731,"3,2"
"2522","Pump.Flow.Based.PAA.Dose + Temp..of.NSEC.Main.Ch. + N..Basin.Outfall + CODto..mg.L. + NSEC.Effluent.OP + NSEC.Effluent.Flow",0.122241833938975,0.832706554251723,"3,2"
"2523","Pump.Flow.Based.PAA.Dose + Temp..of.NSEC.Main.Ch. + N..Basin.Outfall + CODto..mg.L. + NSEC.Effluent.TSS + NSEC.Effluent.NO5",0.101578280165927,0.812199181925671,"3,2"
"2524","Pump.Flow.Based.PAA.Dose + Temp..of.NSEC.Main.Ch. + N..Basin.Outfall + CODto..mg.L. + NSEC.Effluent.TSS + NSEC.Effluent.Flow",0.246205333372415,0.819754574544331,"3,2"
"2525","Pump.Flow.Based.PAA.Dose + Temp..of.NSEC.Main.Ch. + N..Basin.Outfall + CODto..mg.L. + NSEC.Effluent.NO5 + NSEC.Effluent.Flow",0.204072415040784,0.823701930718473,"3,2"
"2526","Pump.Flow.Based.PAA.Dose + Temp..of.NSEC.Main.Ch. + N..Basin.Outfall + TSS..mg.L. + UVT.... + CODds..mg.L.",0.24957266168505,0.83094426204015,"3,2"
"2527","Pump.Flow.Based.PAA.Dose + Temp..of.NSEC.Main.Ch. + N..Basin.Outfall + TSS..mg.L. + UVT.... + SACto..1.m.",0.197907315352946,0.82878731612,"3,2"
"2528","Pump.Flow.Based.PAA.Dose + Temp..of.NSEC.Main.Ch. + N..Basin.Outfall + TSS..mg.L. + UVT.... + NSEC.Aerobic.SRT",0.178665669552027,0.809854640528324,"3,2"
"2529","Pump.Flow.Based.PAA.Dose + Temp..of.NSEC.Main.Ch. + N..Basin.Outfall + TSS..mg.L. + UVT.... + NSEC.Effluent.NH3",0.0587340004758641,0.815531592983899,"3,2"
"2530","Pump.Flow.Based.PAA.Dose + Temp..of.NSEC.Main.Ch. + N..Basin.Outfall + TSS..mg.L. + UVT.... + NSEC.Effluent.NO3",0.235972725521458,0.849916695542856,"3,2"
"2531","Pump.Flow.Based.PAA.Dose + Temp..of.NSEC.Main.Ch. + N..Basin.Outfall + TSS..mg.L. + UVT.... + NSEC.Effluent.OP",0.233891881039069,0.827975683649594,"3,2"
"2532","Pump.Flow.Based.PAA.Dose + Temp..of.NSEC.Main.Ch. + N..Basin.Outfall + TSS..mg.L. + UVT.... + NSEC.Effluent.TSS",0.162668681302284,0.838497099671664,"3,2"
"2533","Pump.Flow.Based.PAA.Dose + Temp..of.NSEC.Main.Ch. + N..Basin.Outfall + TSS..mg.L. + UVT.... + NSEC.Effluent.NO5",0.102804263894064,0.800000283948103,"3,2"
"2534","Pump.Flow.Based.PAA.Dose + Temp..of.NSEC.Main.Ch. + N..Basin.Outfall + TSS..mg.L. + UVT.... + NSEC.Effluent.Flow",0.108182991202381,0.811991389101351,"3,2"
"2535","Pump.Flow.Based.PAA.Dose + Temp..of.NSEC.Main.Ch. + N..Basin.Outfall + TSS..mg.L. + CODds..mg.L. + SACto..1.m.",0.0533340587951587,0.815894310425307,"3,2"
"2536","Pump.Flow.Based.PAA.Dose + Temp..of.NSEC.Main.Ch. + N..Basin.Outfall + TSS..mg.L. + CODds..mg.L. + NSEC.Aerobic.SRT",0.214952852364619,0.824682347180516,"3,2"
"2537","Pump.Flow.Based.PAA.Dose + Temp..of.NSEC.Main.Ch. + N..Basin.Outfall + TSS..mg.L. + CODds..mg.L. + NSEC.Effluent.NH3",0.282933439709351,0.852257553222178,"3,2"
"2538","Pump.Flow.Based.PAA.Dose + Temp..of.NSEC.Main.Ch. + N..Basin.Outfall + TSS..mg.L. + CODds..mg.L. + NSEC.Effluent.NO3",0.192285179734663,0.0777543437719216,"3,2"
"2539","Pump.Flow.Based.PAA.Dose + Temp..of.NSEC.Main.Ch. + N..Basin.Outfall + TSS..mg.L. + CODds..mg.L. + NSEC.Effluent.OP",0.165848897987692,0.813725000558795,"3,2"
"2540","Pump.Flow.Based.PAA.Dose + Temp..of.NSEC.Main.Ch. + N..Basin.Outfall + TSS..mg.L. + CODds..mg.L. + NSEC.Effluent.TSS",0.282388068357179,0.824446086136052,"3,2"
"2541","Pump.Flow.Based.PAA.Dose + Temp..of.NSEC.Main.Ch. + N..Basin.Outfall + TSS..mg.L. + CODds..mg.L. + NSEC.Effluent.NO5",0.1273969747996,0.818110940090392,"3,2"
"2542","Pump.Flow.Based.PAA.Dose + Temp..of.NSEC.Main.Ch. + N..Basin.Outfall + TSS..mg.L. + CODds..mg.L. + NSEC.Effluent.Flow",0.110512408387453,0.835515395464645,"3,2"
"2543","Pump.Flow.Based.PAA.Dose + Temp..of.NSEC.Main.Ch. + N..Basin.Outfall + TSS..mg.L. + SACto..1.m. + NSEC.Aerobic.SRT",0.224034736412237,0.832072005517953,"3,2"
"2544","Pump.Flow.Based.PAA.Dose + Temp..of.NSEC.Main.Ch. + N..Basin.Outfall + TSS..mg.L. + SACto..1.m. + NSEC.Effluent.NH3",0.166366021346571,0.829091910058877,"3,2"
"2545","Pump.Flow.Based.PAA.Dose + Temp..of.NSEC.Main.Ch. + N..Basin.Outfall + TSS..mg.L. + SACto..1.m. + NSEC.Effluent.NO3",0.145671312058592,0.84870874912425,"3,2"
"2546","Pump.Flow.Based.PAA.Dose + Temp..of.NSEC.Main.Ch. + N..Basin.Outfall + TSS..mg.L. + SACto..1.m. + NSEC.Effluent.OP",0.133297660651041,0.815675518672609,"3,2"
"2547","Pump.Flow.Based.PAA.Dose + Temp..of.NSEC.Main.Ch. + N..Basin.Outfall + TSS..mg.L. + SACto..1.m. + NSEC.Effluent.TSS",0.0259497358321563,0.828441180611296,"3,2"
"2548","Pump.Flow.Based.PAA.Dose + Temp..of.NSEC.Main.Ch. + N..Basin.Outfall + TSS..mg.L. + SACto..1.m. + NSEC.Effluent.NO5",0.14255853746378,0.843797520531966,"3,2"
"2549","Pump.Flow.Based.PAA.Dose + Temp..of.NSEC.Main.Ch. + N..Basin.Outfall + TSS..mg.L. + SACto..1.m. + NSEC.Effluent.Flow",0.132165335957228,0.825920190212636,"3,2"
"2550","Pump.Flow.Based.PAA.Dose + Temp..of.NSEC.Main.Ch. + N..Basin.Outfall + TSS..mg.L. + NSEC.Aerobic.SRT + NSEC.Effluent.NH3",0.224064562521982,0.8180201084612,"3,2"
"2551","Pump.Flow.Based.PAA.Dose + Temp..of.NSEC.Main.Ch. + N..Basin.Outfall + TSS..mg.L. + NSEC.Aerobic.SRT + NSEC.Effluent.NO3",0.221601110198252,0.836968341635215,"3,2"
"2552","Pump.Flow.Based.PAA.Dose + Temp..of.NSEC.Main.Ch. + N..Basin.Outfall + TSS..mg.L. + NSEC.Aerobic.SRT + NSEC.Effluent.OP",0.182718187924976,0.838602333232879,"3,2"
"2553","Pump.Flow.Based.PAA.Dose + Temp..of.NSEC.Main.Ch. + N..Basin.Outfall + TSS..mg.L. + NSEC.Aerobic.SRT + NSEC.Effluent.TSS",0.17166931663032,0.832614672228563,"3,2"
"2554","Pump.Flow.Based.PAA.Dose + Temp..of.NSEC.Main.Ch. + N..Basin.Outfall + TSS..mg.L. + NSEC.Aerobic.SRT + NSEC.Effluent.NO5",0.145843348393956,0.824603525143567,"3,2"
"2555","Pump.Flow.Based.PAA.Dose + Temp..of.NSEC.Main.Ch. + N..Basin.Outfall + TSS..mg.L. + NSEC.Aerobic.SRT + NSEC.Effluent.Flow",0.145440655466065,0.810689076477333,"3,2"
"2556","Pump.Flow.Based.PAA.Dose + Temp..of.NSEC.Main.Ch. + N..Basin.Outfall + TSS..mg.L. + NSEC.Effluent.NH3 + NSEC.Effluent.NO3",0.0846184012792,0.822640894052121,"3,2"
"2557","Pump.Flow.Based.PAA.Dose + Temp..of.NSEC.Main.Ch. + N..Basin.Outfall + TSS..mg.L. + NSEC.Effluent.NH3 + NSEC.Effluent.OP",0.14778034732256,0.837687901928122,"3,2"
"2558","Pump.Flow.Based.PAA.Dose + Temp..of.NSEC.Main.Ch. + N..Basin.Outfall + TSS..mg.L. + NSEC.Effluent.NH3 + NSEC.Effluent.TSS",0.176840827596699,0.81011991629087,"3,2"
"2559","Pump.Flow.Based.PAA.Dose + Temp..of.NSEC.Main.Ch. + N..Basin.Outfall + TSS..mg.L. + NSEC.Effluent.NH3 + NSEC.Effluent.NO5",0.200399061399283,0.857660083211017,"3,2"
"2560","Pump.Flow.Based.PAA.Dose + Temp..of.NSEC.Main.Ch. + N..Basin.Outfall + TSS..mg.L. + NSEC.Effluent.NH3 + NSEC.Effluent.Flow",0.136065633215926,0.810806785382899,"3,2"
"2561","Pump.Flow.Based.PAA.Dose + Temp..of.NSEC.Main.Ch. + N..Basin.Outfall + TSS..mg.L. + NSEC.Effluent.NO3 + NSEC.Effluent.OP",0.0702274838173298,0.805621891086017,"3,2"
"2562","Pump.Flow.Based.PAA.Dose + Temp..of.NSEC.Main.Ch. + N..Basin.Outfall + TSS..mg.L. + NSEC.Effluent.NO3 + NSEC.Effluent.TSS",0.160688929880662,0.829346509144341,"3,2"
"2563","Pump.Flow.Based.PAA.Dose + Temp..of.NSEC.Main.Ch. + N..Basin.Outfall + TSS..mg.L. + NSEC.Effluent.NO3 + NSEC.Effluent.NO5",0.177786623191559,0.840072980337456,"3,2"
"2564","Pump.Flow.Based.PAA.Dose + Temp..of.NSEC.Main.Ch. + N..Basin.Outfall + TSS..mg.L. + NSEC.Effluent.NO3 + NSEC.Effluent.Flow",0.127577709671607,0.819343266399204,"3,2"
"2565","Pump.Flow.Based.PAA.Dose + Temp..of.NSEC.Main.Ch. + N..Basin.Outfall + TSS..mg.L. + NSEC.Effluent.OP + NSEC.Effluent.TSS",0.140972526728256,0.818703186362234,"3,2"
"2566","Pump.Flow.Based.PAA.Dose + Temp..of.NSEC.Main.Ch. + N..Basin.Outfall + TSS..mg.L. + NSEC.Effluent.OP + NSEC.Effluent.NO5",0.196332466367408,0.827085641039918,"3,2"
"2567","Pump.Flow.Based.PAA.Dose + Temp..of.NSEC.Main.Ch. + N..Basin.Outfall + TSS..mg.L. + NSEC.Effluent.OP + NSEC.Effluent.Flow",0.119832834354633,0.793787430086492,"3,2"
"2568","Pump.Flow.Based.PAA.Dose + Temp..of.NSEC.Main.Ch. + N..Basin.Outfall + TSS..mg.L. + NSEC.Effluent.TSS + NSEC.Effluent.NO5",0.115101822971138,0.828501700348201,"3,2"
"2569","Pump.Flow.Based.PAA.Dose + Temp..of.NSEC.Main.Ch. + N..Basin.Outfall + TSS..mg.L. + NSEC.Effluent.TSS + NSEC.Effluent.Flow",0.214760615015212,0.811465825523089,"3,2"
"2570","Pump.Flow.Based.PAA.Dose + Temp..of.NSEC.Main.Ch. + N..Basin.Outfall + TSS..mg.L. + NSEC.Effluent.NO5 + NSEC.Effluent.Flow",0.189110614660817,0.819494138089362,"3,2"
"2571","Pump.Flow.Based.PAA.Dose + Temp..of.NSEC.Main.Ch. + N..Basin.Outfall + UVT.... + CODds..mg.L. + SACto..1.m.",0.224295829174101,0.824879649981589,"3,2"
"2572","Pump.Flow.Based.PAA.Dose + Temp..of.NSEC.Main.Ch. + N..Basin.Outfall + UVT.... + CODds..mg.L. + NSEC.Aerobic.SRT",0.148379425512823,0.853132505017977,"3,2"
"2573","Pump.Flow.Based.PAA.Dose + Temp..of.NSEC.Main.Ch. + N..Basin.Outfall + UVT.... + CODds..mg.L. + NSEC.Effluent.NH3",0.19435948669565,0.83046788204239,"3,2"
"2574","Pump.Flow.Based.PAA.Dose + Temp..of.NSEC.Main.Ch. + N..Basin.Outfall + UVT.... + CODds..mg.L. + NSEC.Effluent.NO3",0.127492209673261,0.834060749485764,"3,2"
"2575","Pump.Flow.Based.PAA.Dose + Temp..of.NSEC.Main.Ch. + N..Basin.Outfall + UVT.... + CODds..mg.L. + NSEC.Effluent.OP",0.13135194613407,0.817726409840604,"3,2"
"2576","Pump.Flow.Based.PAA.Dose + Temp..of.NSEC.Main.Ch. + N..Basin.Outfall + UVT.... + CODds..mg.L. + NSEC.Effluent.TSS",0.14483500806238,0.825171237321708,"3,2"
"2577","Pump.Flow.Based.PAA.Dose + Temp..of.NSEC.Main.Ch. + N..Basin.Outfall + UVT.... + CODds..mg.L. + NSEC.Effluent.NO5",0.0966634242583542,0.843418179684755,"3,2"
"2578","Pump.Flow.Based.PAA.Dose + Temp..of.NSEC.Main.Ch. + N..Basin.Outfall + UVT.... + CODds..mg.L. + NSEC.Effluent.Flow",0.102241051670115,0.811145345481501,"3,2"
"2579","Pump.Flow.Based.PAA.Dose + Temp..of.NSEC.Main.Ch. + N..Basin.Outfall + UVT.... + SACto..1.m. + NSEC.Aerobic.SRT",0.256553032000365,0.823263833178276,"3,2"
"2580","Pump.Flow.Based.PAA.Dose + Temp..of.NSEC.Main.Ch. + N..Basin.Outfall + UVT.... + SACto..1.m. + NSEC.Effluent.NH3",0.0833933332064052,0.803904408767546,"3,2"
"2581","Pump.Flow.Based.PAA.Dose + Temp..of.NSEC.Main.Ch. + N..Basin.Outfall + UVT.... + SACto..1.m. + NSEC.Effluent.NO3",0.223171066076154,0.81915212826702,"3,2"
"2582","Pump.Flow.Based.PAA.Dose + Temp..of.NSEC.Main.Ch. + N..Basin.Outfall + UVT.... + SACto..1.m. + NSEC.Effluent.OP",0.224999672609482,0.817182924487363,"3,2"
"2583","Pump.Flow.Based.PAA.Dose + Temp..of.NSEC.Main.Ch. + N..Basin.Outfall + UVT.... + SACto..1.m. + NSEC.Effluent.TSS",0.121581837132558,0.809708162760191,"3,2"
"2584","Pump.Flow.Based.PAA.Dose + Temp..of.NSEC.Main.Ch. + N..Basin.Outfall + UVT.... + SACto..1.m. + NSEC.Effluent.NO5",0.11409114586483,0.796882732589931,"3,2"
"2585","Pump.Flow.Based.PAA.Dose + Temp..of.NSEC.Main.Ch. + N..Basin.Outfall + UVT.... + SACto..1.m. + NSEC.Effluent.Flow",0.126547310387244,0.814186279516405,"3,2"
"2586","Pump.Flow.Based.PAA.Dose + Temp..of.NSEC.Main.Ch. + N..Basin.Outfall + UVT.... + NSEC.Aerobic.SRT + NSEC.Effluent.NH3",0.10873095600151,0.822376331279474,"3,2"
"2587","Pump.Flow.Based.PAA.Dose + Temp..of.NSEC.Main.Ch. + N..Basin.Outfall + UVT.... + NSEC.Aerobic.SRT + NSEC.Effluent.NO3",0.174124421972842,0.804341678028072,"3,2"
"2588","Pump.Flow.Based.PAA.Dose + Temp..of.NSEC.Main.Ch. + N..Basin.Outfall + UVT.... + NSEC.Aerobic.SRT + NSEC.Effluent.OP",0.251186117278218,0.850815918700118,"3,2"
"2589","Pump.Flow.Based.PAA.Dose + Temp..of.NSEC.Main.Ch. + N..Basin.Outfall + UVT.... + NSEC.Aerobic.SRT + NSEC.Effluent.TSS",0.206425840175618,0.832363701152038,"3,2"
"2590","Pump.Flow.Based.PAA.Dose + Temp..of.NSEC.Main.Ch. + N..Basin.Outfall + UVT.... + NSEC.Aerobic.SRT + NSEC.Effluent.NO5",0.208901800760096,0.827271213004285,"3,2"
"2591","Pump.Flow.Based.PAA.Dose + Temp..of.NSEC.Main.Ch. + N..Basin.Outfall + UVT.... + NSEC.Aerobic.SRT + NSEC.Effluent.Flow",0.239791120307208,0.806879853090347,"3,2"
"2592","Pump.Flow.Based.PAA.Dose + Temp..of.NSEC.Main.Ch. + N..Basin.Outfall + UVT.... + NSEC.Effluent.NH3 + NSEC.Effluent.NO3",0.236061663243517,0.831413858695567,"3,2"
"2593","Pump.Flow.Based.PAA.Dose + Temp..of.NSEC.Main.Ch. + N..Basin.Outfall + UVT.... + NSEC.Effluent.NH3 + NSEC.Effluent.OP",0.168575782588932,0.815045261221982,"3,2"
"2594","Pump.Flow.Based.PAA.Dose + Temp..of.NSEC.Main.Ch. + N..Basin.Outfall + UVT.... + NSEC.Effluent.NH3 + NSEC.Effluent.TSS",0.15605123533879,0.806503607043906,"3,2"
"2595","Pump.Flow.Based.PAA.Dose + Temp..of.NSEC.Main.Ch. + N..Basin.Outfall + UVT.... + NSEC.Effluent.NH3 + NSEC.Effluent.NO5",0.145174272661539,0.824692414461957,"3,2"
"2596","Pump.Flow.Based.PAA.Dose + Temp..of.NSEC.Main.Ch. + N..Basin.Outfall + UVT.... + NSEC.Effluent.NH3 + NSEC.Effluent.Flow",0.109970313057451,0.803367139692704,"3,2"
"2597","Pump.Flow.Based.PAA.Dose + Temp..of.NSEC.Main.Ch. + N..Basin.Outfall + UVT.... + NSEC.Effluent.NO3 + NSEC.Effluent.OP",0.236552281003975,0.820932115724061,"3,2"
"2598","Pump.Flow.Based.PAA.Dose + Temp..of.NSEC.Main.Ch. + N..Basin.Outfall + UVT.... + NSEC.Effluent.NO3 + NSEC.Effluent.TSS",0.195572535841338,0.83205737051732,"3,2"
"2599","Pump.Flow.Based.PAA.Dose + Temp..of.NSEC.Main.Ch. + N..Basin.Outfall + UVT.... + NSEC.Effluent.NO3 + NSEC.Effluent.NO5",0.220977180159607,0.836012633301829,"3,2"
"2600","Pump.Flow.Based.PAA.Dose + Temp..of.NSEC.Main.Ch. + N..Basin.Outfall + UVT.... + NSEC.Effluent.NO3 + NSEC.Effluent.Flow",0.127424971682678,0.821693360561321,"3,2"
"2601","Pump.Flow.Based.PAA.Dose + Temp..of.NSEC.Main.Ch. + N..Basin.Outfall + UVT.... + NSEC.Effluent.OP + NSEC.Effluent.TSS",0.231329205985492,0.806413009123309,"3,2"
"2602","Pump.Flow.Based.PAA.Dose + Temp..of.NSEC.Main.Ch. + N..Basin.Outfall + UVT.... + NSEC.Effluent.OP + NSEC.Effluent.NO5",0.205101790576292,0.825902013152797,"3,2"
"2603","Pump.Flow.Based.PAA.Dose + Temp..of.NSEC.Main.Ch. + N..Basin.Outfall + UVT.... + NSEC.Effluent.OP + NSEC.Effluent.Flow",0.221435662613131,0.821437833400117,"3,2"
"2604","Pump.Flow.Based.PAA.Dose + Temp..of.NSEC.Main.Ch. + N..Basin.Outfall + UVT.... + NSEC.Effluent.TSS + NSEC.Effluent.NO5",0.185973982558759,0.828501306071552,"3,2"
"2605","Pump.Flow.Based.PAA.Dose + Temp..of.NSEC.Main.Ch. + N..Basin.Outfall + UVT.... + NSEC.Effluent.TSS + NSEC.Effluent.Flow",0.202612104209104,0.832803118428164,"3,2"
"2606","Pump.Flow.Based.PAA.Dose + Temp..of.NSEC.Main.Ch. + N..Basin.Outfall + UVT.... + NSEC.Effluent.NO5 + NSEC.Effluent.Flow",0.0921102364174968,0.831122506630829,"3,2"
"2607","Pump.Flow.Based.PAA.Dose + Temp..of.NSEC.Main.Ch. + N..Basin.Outfall + CODds..mg.L. + SACto..1.m. + NSEC.Aerobic.SRT",0.135441276340673,0.834866992292207,"3,2"
"2608","Pump.Flow.Based.PAA.Dose + Temp..of.NSEC.Main.Ch. + N..Basin.Outfall + CODds..mg.L. + SACto..1.m. + NSEC.Effluent.NH3",0.21341866353219,0.837208283999051,"3,2"
"2609","Pump.Flow.Based.PAA.Dose + Temp..of.NSEC.Main.Ch. + N..Basin.Outfall + CODds..mg.L. + SACto..1.m. + NSEC.Effluent.NO3",0.291991449405083,0.85922771448225,"3,2"
"2610","Pump.Flow.Based.PAA.Dose + Temp..of.NSEC.Main.Ch. + N..Basin.Outfall + CODds..mg.L. + SACto..1.m. + NSEC.Effluent.OP",0.075163581796275,0.800777054581983,"3,2"
"2611","Pump.Flow.Based.PAA.Dose + Temp..of.NSEC.Main.Ch. + N..Basin.Outfall + CODds..mg.L. + SACto..1.m. + NSEC.Effluent.TSS",0.131629535564889,0.828655645662489,"3,2"
"2612","Pump.Flow.Based.PAA.Dose + Temp..of.NSEC.Main.Ch. + N..Basin.Outfall + CODds..mg.L. + SACto..1.m. + NSEC.Effluent.NO5",0.161911841019039,0.844389208339372,"3,2"
"2613","Pump.Flow.Based.PAA.Dose + Temp..of.NSEC.Main.Ch. + N..Basin.Outfall + CODds..mg.L. + SACto..1.m. + NSEC.Effluent.Flow",0.219585913252965,0.826120123902665,"3,2"
"2614","Pump.Flow.Based.PAA.Dose + Temp..of.NSEC.Main.Ch. + N..Basin.Outfall + CODds..mg.L. + NSEC.Aerobic.SRT + NSEC.Effluent.NH3",0.0844421735199687,0.795612831277724,"3,2"
"2615","Pump.Flow.Based.PAA.Dose + Temp..of.NSEC.Main.Ch. + N..Basin.Outfall + CODds..mg.L. + NSEC.Aerobic.SRT + NSEC.Effluent.NO3",0.20346187945167,0.824837137207021,"3,2"
"2616","Pump.Flow.Based.PAA.Dose + Temp..of.NSEC.Main.Ch. + N..Basin.Outfall + CODds..mg.L. + NSEC.Aerobic.SRT + NSEC.Effluent.OP",0.202034834408033,0.838451326330901,"3,2"
"2617","Pump.Flow.Based.PAA.Dose + Temp..of.NSEC.Main.Ch. + N..Basin.Outfall + CODds..mg.L. + NSEC.Aerobic.SRT + NSEC.Effluent.TSS",0.0989455132706605,0.797309812957617,"3,2"
"2618","Pump.Flow.Based.PAA.Dose + Temp..of.NSEC.Main.Ch. + N..Basin.Outfall + CODds..mg.L. + NSEC.Aerobic.SRT + NSEC.Effluent.NO5",0.186501583668548,0.824502288941137,"3,2"
"2619","Pump.Flow.Based.PAA.Dose + Temp..of.NSEC.Main.Ch. + N..Basin.Outfall + CODds..mg.L. + NSEC.Aerobic.SRT + NSEC.Effluent.Flow",0.0915829310555853,0.794671062369406,"3,2"
"2620","Pump.Flow.Based.PAA.Dose + Temp..of.NSEC.Main.Ch. + N..Basin.Outfall + CODds..mg.L. + NSEC.Effluent.NH3 + NSEC.Effluent.NO3",0.0631081344356634,0.803933958406829,"3,2"
"2621","Pump.Flow.Based.PAA.Dose + Temp..of.NSEC.Main.Ch. + N..Basin.Outfall + CODds..mg.L. + NSEC.Effluent.NH3 + NSEC.Effluent.OP",0.154121913243457,0.84219417088188,"3,2"
"2622","Pump.Flow.Based.PAA.Dose + Temp..of.NSEC.Main.Ch. + N..Basin.Outfall + CODds..mg.L. + NSEC.Effluent.NH3 + NSEC.Effluent.TSS",0.237626144641386,0.839202116075924,"3,2"
"2623","Pump.Flow.Based.PAA.Dose + Temp..of.NSEC.Main.Ch. + N..Basin.Outfall + CODds..mg.L. + NSEC.Effluent.NH3 + NSEC.Effluent.NO5",0.219378842394035,0.855047267332083,"3,2"
"2624","Pump.Flow.Based.PAA.Dose + Temp..of.NSEC.Main.Ch. + N..Basin.Outfall + CODds..mg.L. + NSEC.Effluent.NH3 + NSEC.Effluent.Flow",0.292395448534066,0.838862516026112,"3,2"
"2625","Pump.Flow.Based.PAA.Dose + Temp..of.NSEC.Main.Ch. + N..Basin.Outfall + CODds..mg.L. + NSEC.Effluent.NO3 + NSEC.Effluent.OP",0.174034745729872,0.83985893846114,"3,2"
"2626","Pump.Flow.Based.PAA.Dose + Temp..of.NSEC.Main.Ch. + N..Basin.Outfall + CODds..mg.L. + NSEC.Effluent.NO3 + NSEC.Effluent.TSS",0.193435379368803,0.834040504745332,"3,2"
"2627","Pump.Flow.Based.PAA.Dose + Temp..of.NSEC.Main.Ch. + N..Basin.Outfall + CODds..mg.L. + NSEC.Effluent.NO3 + NSEC.Effluent.NO5",0.115365815631257,0.830329768844769,"3,2"
"2628","Pump.Flow.Based.PAA.Dose + Temp..of.NSEC.Main.Ch. + N..Basin.Outfall + CODds..mg.L. + NSEC.Effluent.NO3 + NSEC.Effluent.Flow",0.16308464772548,0.82420798121908,"3,2"
"2629","Pump.Flow.Based.PAA.Dose + Temp..of.NSEC.Main.Ch. + N..Basin.Outfall + CODds..mg.L. + NSEC.Effluent.OP + NSEC.Effluent.TSS",0.158032339285015,0.813040517811804,"3,2"
"2630","Pump.Flow.Based.PAA.Dose + Temp..of.NSEC.Main.Ch. + N..Basin.Outfall + CODds..mg.L. + NSEC.Effluent.OP + NSEC.Effluent.NO5",0.163845032809438,0.839705438945243,"3,2"
"2631","Pump.Flow.Based.PAA.Dose + Temp..of.NSEC.Main.Ch. + N..Basin.Outfall + CODds..mg.L. + NSEC.Effluent.OP + NSEC.Effluent.Flow",0.172043856246054,0.824172278820757,"3,2"
"2632","Pump.Flow.Based.PAA.Dose + Temp..of.NSEC.Main.Ch. + N..Basin.Outfall + CODds..mg.L. + NSEC.Effluent.TSS + NSEC.Effluent.NO5",0.229737007414896,0.830483645747666,"3,2"
"2633","Pump.Flow.Based.PAA.Dose + Temp..of.NSEC.Main.Ch. + N..Basin.Outfall + CODds..mg.L. + NSEC.Effluent.TSS + NSEC.Effluent.Flow",0.227250806317695,0.831099365842947,"3,2"
"2634","Pump.Flow.Based.PAA.Dose + Temp..of.NSEC.Main.Ch. + N..Basin.Outfall + CODds..mg.L. + NSEC.Effluent.NO5 + NSEC.Effluent.Flow",0.166031407770183,0.860471262417361,"3,2"
"2635","Pump.Flow.Based.PAA.Dose + Temp..of.NSEC.Main.Ch. + N..Basin.Outfall + SACto..1.m. + NSEC.Aerobic.SRT + NSEC.Effluent.NH3",0.0732059361435051,0.802037461745447,"3,2"
"2636","Pump.Flow.Based.PAA.Dose + Temp..of.NSEC.Main.Ch. + N..Basin.Outfall + SACto..1.m. + NSEC.Aerobic.SRT + NSEC.Effluent.NO3",0.162793917811133,0.840856895438908,"3,2"
"2637","Pump.Flow.Based.PAA.Dose + Temp..of.NSEC.Main.Ch. + N..Basin.Outfall + SACto..1.m. + NSEC.Aerobic.SRT + NSEC.Effluent.OP",0.0874886087024183,0.819560582758248,"3,2"
"2638","Pump.Flow.Based.PAA.Dose + Temp..of.NSEC.Main.Ch. + N..Basin.Outfall + SACto..1.m. + NSEC.Aerobic.SRT + NSEC.Effluent.TSS",0.169931079397822,0.831301378864023,"3,2"
"2639","Pump.Flow.Based.PAA.Dose + Temp..of.NSEC.Main.Ch. + N..Basin.Outfall + SACto..1.m. + NSEC.Aerobic.SRT + NSEC.Effluent.NO5",0.201389336805033,0.82124421265757,"3,2"
"2640","Pump.Flow.Based.PAA.Dose + Temp..of.NSEC.Main.Ch. + N..Basin.Outfall + SACto..1.m. + NSEC.Aerobic.SRT + NSEC.Effluent.Flow",0.23067608217071,0.837679200375245,"3,2"
"2641","Pump.Flow.Based.PAA.Dose + Temp..of.NSEC.Main.Ch. + N..Basin.Outfall + SACto..1.m. + NSEC.Effluent.NH3 + NSEC.Effluent.NO3",0.0933026971522288,0.826320493127951,"3,2"
"2642","Pump.Flow.Based.PAA.Dose + Temp..of.NSEC.Main.Ch. + N..Basin.Outfall + SACto..1.m. + NSEC.Effluent.NH3 + NSEC.Effluent.OP",0.201144920828608,0.823434333378568,"3,2"
"2643","Pump.Flow.Based.PAA.Dose + Temp..of.NSEC.Main.Ch. + N..Basin.Outfall + SACto..1.m. + NSEC.Effluent.NH3 + NSEC.Effluent.TSS",0.106924653370911,0.803490745153436,"3,2"
"2644","Pump.Flow.Based.PAA.Dose + Temp..of.NSEC.Main.Ch. + N..Basin.Outfall + SACto..1.m. + NSEC.Effluent.NH3 + NSEC.Effluent.NO5",0.179458551071048,0.85687746505339,"3,2"
"2645","Pump.Flow.Based.PAA.Dose + Temp..of.NSEC.Main.Ch. + N..Basin.Outfall + SACto..1.m. + NSEC.Effluent.NH3 + NSEC.Effluent.Flow",0.123186893712432,0.802650512989416,"3,2"
"2646","Pump.Flow.Based.PAA.Dose + Temp..of.NSEC.Main.Ch. + N..Basin.Outfall + SACto..1.m. + NSEC.Effluent.NO3 + NSEC.Effluent.OP",0.184187966801282,0.816810880146598,"3,2"
"2647","Pump.Flow.Based.PAA.Dose + Temp..of.NSEC.Main.Ch. + N..Basin.Outfall + SACto..1.m. + NSEC.Effluent.NO3 + NSEC.Effluent.TSS",0.207084348885325,0.823631854530141,"3,2"
"2648","Pump.Flow.Based.PAA.Dose + Temp..of.NSEC.Main.Ch. + N..Basin.Outfall + SACto..1.m. + NSEC.Effluent.NO3 + NSEC.Effluent.NO5",0.0965606235222825,0.792111855372921,"3,2"
"2649","Pump.Flow.Based.PAA.Dose + Temp..of.NSEC.Main.Ch. + N..Basin.Outfall + SACto..1.m. + NSEC.Effluent.NO3 + NSEC.Effluent.Flow",0.0812781868738472,0.804271988687138,"3,2"
"2650","Pump.Flow.Based.PAA.Dose + Temp..of.NSEC.Main.Ch. + N..Basin.Outfall + SACto..1.m. + NSEC.Effluent.OP + NSEC.Effluent.TSS",0.19398761975483,0.812793972471182,"3,2"
"2651","Pump.Flow.Based.PAA.Dose + Temp..of.NSEC.Main.Ch. + N..Basin.Outfall + SACto..1.m. + NSEC.Effluent.OP + NSEC.Effluent.NO5",0.230249534699559,0.822821642346137,"3,2"
"2652","Pump.Flow.Based.PAA.Dose + Temp..of.NSEC.Main.Ch. + N..Basin.Outfall + SACto..1.m. + NSEC.Effluent.OP + NSEC.Effluent.Flow",0.23728903438537,0.810466108054941,"3,2"
"2653","Pump.Flow.Based.PAA.Dose + Temp..of.NSEC.Main.Ch. + N..Basin.Outfall + SACto..1.m. + NSEC.Effluent.TSS + NSEC.Effluent.NO5",0.244072349997592,0.821682670650901,"3,2"
"2654","Pump.Flow.Based.PAA.Dose + Temp..of.NSEC.Main.Ch. + N..Basin.Outfall + SACto..1.m. + NSEC.Effluent.TSS + NSEC.Effluent.Flow",0.158676402203573,0.813708042252358,"3,2"
"2655","Pump.Flow.Based.PAA.Dose + Temp..of.NSEC.Main.Ch. + N..Basin.Outfall + SACto..1.m. + NSEC.Effluent.NO5 + NSEC.Effluent.Flow",0.213293374018312,0.819119833823227,"3,2"
"2656","Pump.Flow.Based.PAA.Dose + Temp..of.NSEC.Main.Ch. + N..Basin.Outfall + NSEC.Aerobic.SRT + NSEC.Effluent.NH3 + NSEC.Effluent.NO3",0.163500012888931,0.821786940498913,"3,2"
"2657","Pump.Flow.Based.PAA.Dose + Temp..of.NSEC.Main.Ch. + N..Basin.Outfall + NSEC.Aerobic.SRT + NSEC.Effluent.NH3 + NSEC.Effluent.OP",0.228377888191365,0.83294550126087,"3,2"
"2658","Pump.Flow.Based.PAA.Dose + Temp..of.NSEC.Main.Ch. + N..Basin.Outfall + NSEC.Aerobic.SRT + NSEC.Effluent.NH3 + NSEC.Effluent.TSS",0.162651915523311,0.817017245820643,"3,2"
"2659","Pump.Flow.Based.PAA.Dose + Temp..of.NSEC.Main.Ch. + N..Basin.Outfall + NSEC.Aerobic.SRT + NSEC.Effluent.NH3 + NSEC.Effluent.NO5",0.150269759904632,0.814731347009141,"3,2"
"2660","Pump.Flow.Based.PAA.Dose + Temp..of.NSEC.Main.Ch. + N..Basin.Outfall + NSEC.Aerobic.SRT + NSEC.Effluent.NH3 + NSEC.Effluent.Flow",0.231059223585471,0.815105193677431,"3,2"
"2661","Pump.Flow.Based.PAA.Dose + Temp..of.NSEC.Main.Ch. + N..Basin.Outfall + NSEC.Aerobic.SRT + NSEC.Effluent.NO3 + NSEC.Effluent.OP",0.0955638522671611,0.809015920056125,"3,2"
"2662","Pump.Flow.Based.PAA.Dose + Temp..of.NSEC.Main.Ch. + N..Basin.Outfall + NSEC.Aerobic.SRT + NSEC.Effluent.NO3 + NSEC.Effluent.TSS",0.263710489793234,0.824635538002617,"3,2"
"2663","Pump.Flow.Based.PAA.Dose + Temp..of.NSEC.Main.Ch. + N..Basin.Outfall + NSEC.Aerobic.SRT + NSEC.Effluent.NO3 + NSEC.Effluent.NO5",0.262686957282082,0.825700107679771,"3,2"
"2664","Pump.Flow.Based.PAA.Dose + Temp..of.NSEC.Main.Ch. + N..Basin.Outfall + NSEC.Aerobic.SRT + NSEC.Effluent.NO3 + NSEC.Effluent.Flow",0.235065530805604,0.822908507406841,"3,2"
"2665","Pump.Flow.Based.PAA.Dose + Temp..of.NSEC.Main.Ch. + N..Basin.Outfall + NSEC.Aerobic.SRT + NSEC.Effluent.OP + NSEC.Effluent.TSS",0.215847732920603,0.824326829332263,"3,2"
"2666","Pump.Flow.Based.PAA.Dose + Temp..of.NSEC.Main.Ch. + N..Basin.Outfall + NSEC.Aerobic.SRT + NSEC.Effluent.OP + NSEC.Effluent.NO5",0.106491711283614,0.796885242724701,"3,2"
"2667","Pump.Flow.Based.PAA.Dose + Temp..of.NSEC.Main.Ch. + N..Basin.Outfall + NSEC.Aerobic.SRT + NSEC.Effluent.OP + NSEC.Effluent.Flow",0.228523573416464,0.83185541111013,"3,2"
"2668","Pump.Flow.Based.PAA.Dose + Temp..of.NSEC.Main.Ch. + N..Basin.Outfall + NSEC.Aerobic.SRT + NSEC.Effluent.TSS + NSEC.Effluent.NO5",0.10261521786024,0.802240957409401,"3,2"
"2669","Pump.Flow.Based.PAA.Dose + Temp..of.NSEC.Main.Ch. + N..Basin.Outfall + NSEC.Aerobic.SRT + NSEC.Effluent.TSS + NSEC.Effluent.Flow",0.18775397322264,0.812500470546188,"3,2"
"2670","Pump.Flow.Based.PAA.Dose + Temp..of.NSEC.Main.Ch. + N..Basin.Outfall + NSEC.Aerobic.SRT + NSEC.Effluent.NO5 + NSEC.Effluent.Flow",0.25541106130539,0.834465069876093,"3,2"
"2671","Pump.Flow.Based.PAA.Dose + Temp..of.NSEC.Main.Ch. + N..Basin.Outfall + NSEC.Effluent.NH3 + NSEC.Effluent.NO3 + NSEC.Effluent.OP",0.138700786572278,0.823650469641386,"3,2"
"2672","Pump.Flow.Based.PAA.Dose + Temp..of.NSEC.Main.Ch. + N..Basin.Outfall + NSEC.Effluent.NH3 + NSEC.Effluent.NO3 + NSEC.Effluent.TSS",0.134763578646554,0.822602245589537,"3,2"
"2673","Pump.Flow.Based.PAA.Dose + Temp..of.NSEC.Main.Ch. + N..Basin.Outfall + NSEC.Effluent.NH3 + NSEC.Effluent.NO3 + NSEC.Effluent.NO5",0.134565370374614,0.812947884372212,"3,2"
"2674","Pump.Flow.Based.PAA.Dose + Temp..of.NSEC.Main.Ch. + N..Basin.Outfall + NSEC.Effluent.NH3 + NSEC.Effluent.NO3 + NSEC.Effluent.Flow",0.169164241737851,0.821195505852235,"3,2"
"2675","Pump.Flow.Based.PAA.Dose + Temp..of.NSEC.Main.Ch. + N..Basin.Outfall + NSEC.Effluent.NH3 + NSEC.Effluent.OP + NSEC.Effluent.TSS",0.214922432248719,0.842843985754766,"3,2"
"2676","Pump.Flow.Based.PAA.Dose + Temp..of.NSEC.Main.Ch. + N..Basin.Outfall + NSEC.Effluent.NH3 + NSEC.Effluent.OP + NSEC.Effluent.NO5",0.15532358768835,0.826750165172814,"3,2"
"2677","Pump.Flow.Based.PAA.Dose + Temp..of.NSEC.Main.Ch. + N..Basin.Outfall + NSEC.Effluent.NH3 + NSEC.Effluent.OP + NSEC.Effluent.Flow",0.111835517856122,0.833409252597581,"3,2"
"2678","Pump.Flow.Based.PAA.Dose + Temp..of.NSEC.Main.Ch. + N..Basin.Outfall + NSEC.Effluent.NH3 + NSEC.Effluent.TSS + NSEC.Effluent.NO5",0.200110563252972,0.835619085278172,"3,2"
"2679","Pump.Flow.Based.PAA.Dose + Temp..of.NSEC.Main.Ch. + N..Basin.Outfall + NSEC.Effluent.NH3 + NSEC.Effluent.TSS + NSEC.Effluent.Flow",0.135613036882172,0.810638042839175,"3,2"
"2680","Pump.Flow.Based.PAA.Dose + Temp..of.NSEC.Main.Ch. + N..Basin.Outfall + NSEC.Effluent.NH3 + NSEC.Effluent.NO5 + NSEC.Effluent.Flow",0.181718610148678,0.835011832405161,"3,2"
"2681","Pump.Flow.Based.PAA.Dose + Temp..of.NSEC.Main.Ch. + N..Basin.Outfall + NSEC.Effluent.NO3 + NSEC.Effluent.OP + NSEC.Effluent.TSS",0.160976100451247,0.821322184118241,"3,2"
"2682","Pump.Flow.Based.PAA.Dose + Temp..of.NSEC.Main.Ch. + N..Basin.Outfall + NSEC.Effluent.NO3 + NSEC.Effluent.OP + NSEC.Effluent.NO5",0.0988731497475062,0.812904046308518,"3,2"
"2683","Pump.Flow.Based.PAA.Dose + Temp..of.NSEC.Main.Ch. + N..Basin.Outfall + NSEC.Effluent.NO3 + NSEC.Effluent.OP + NSEC.Effluent.Flow",0.214937112239341,0.828395619563551,"3,2"
"2684","Pump.Flow.Based.PAA.Dose + Temp..of.NSEC.Main.Ch. + N..Basin.Outfall + NSEC.Effluent.NO3 + NSEC.Effluent.TSS + NSEC.Effluent.NO5",0.176889415408856,0.821429694536817,"3,2"
"2685","Pump.Flow.Based.PAA.Dose + Temp..of.NSEC.Main.Ch. + N..Basin.Outfall + NSEC.Effluent.NO3 + NSEC.Effluent.TSS + NSEC.Effluent.Flow",0.108803180430044,0.805661178161336,"3,2"
"2686","Pump.Flow.Based.PAA.Dose + Temp..of.NSEC.Main.Ch. + N..Basin.Outfall + NSEC.Effluent.NO3 + NSEC.Effluent.NO5 + NSEC.Effluent.Flow",0.220421960157861,0.822707949126098,"3,2"
"2687","Pump.Flow.Based.PAA.Dose + Temp..of.NSEC.Main.Ch. + N..Basin.Outfall + NSEC.Effluent.OP + NSEC.Effluent.TSS + NSEC.Effluent.NO5",0.220998207270097,0.823358506561074,"3,2"
"2688","Pump.Flow.Based.PAA.Dose + Temp..of.NSEC.Main.Ch. + N..Basin.Outfall + NSEC.Effluent.OP + NSEC.Effluent.TSS + NSEC.Effluent.Flow",0.192334623421642,0.818225785100815,"3,2"
"2689","Pump.Flow.Based.PAA.Dose + Temp..of.NSEC.Main.Ch. + N..Basin.Outfall + NSEC.Effluent.OP + NSEC.Effluent.NO5 + NSEC.Effluent.Flow",0.159535223301401,0.840092227902476,"3,2"
"2690","Pump.Flow.Based.PAA.Dose + Temp..of.NSEC.Main.Ch. + N..Basin.Outfall + NSEC.Effluent.TSS + NSEC.Effluent.NO5 + NSEC.Effluent.Flow",0.183917725911813,0.817147414289407,"3,2"
"2691","Pump.Flow.Based.PAA.Dose + Temp..of.NSEC.Main.Ch. + CODto..mg.L. + TSS..mg.L. + UVT.... + CODds..mg.L.",0.321138723268655,0.731210377321042,"3,2"
"2692","Pump.Flow.Based.PAA.Dose + Temp..of.NSEC.Main.Ch. + CODto..mg.L. + TSS..mg.L. + UVT.... + SACto..1.m.",0.305627496392062,0.735437379856709,"3,2"
"2693","Pump.Flow.Based.PAA.Dose + Temp..of.NSEC.Main.Ch. + CODto..mg.L. + TSS..mg.L. + UVT.... + NSEC.Aerobic.SRT",0.268784269300175,0.753618873933935,"3,2"
"2694","Pump.Flow.Based.PAA.Dose + Temp..of.NSEC.Main.Ch. + CODto..mg.L. + TSS..mg.L. + UVT.... + NSEC.Effluent.NH3",0.323768572226284,0.740975135620733,"3,2"
"2695","Pump.Flow.Based.PAA.Dose + Temp..of.NSEC.Main.Ch. + CODto..mg.L. + TSS..mg.L. + UVT.... + NSEC.Effluent.NO3",0.310888729169449,0.783092724925719,"3,2"
"2696","Pump.Flow.Based.PAA.Dose + Temp..of.NSEC.Main.Ch. + CODto..mg.L. + TSS..mg.L. + UVT.... + NSEC.Effluent.OP",0.22920913875223,0.768210118571394,"3,2"
"2697","Pump.Flow.Based.PAA.Dose + Temp..of.NSEC.Main.Ch. + CODto..mg.L. + TSS..mg.L. + UVT.... + NSEC.Effluent.TSS",0.371665682678293,0.773858946688456,"3,2"
"2698","Pump.Flow.Based.PAA.Dose + Temp..of.NSEC.Main.Ch. + CODto..mg.L. + TSS..mg.L. + UVT.... + NSEC.Effluent.NO5",0.30782724599167,0.810530929933166,"3,2"
"2699","Pump.Flow.Based.PAA.Dose + Temp..of.NSEC.Main.Ch. + CODto..mg.L. + TSS..mg.L. + UVT.... + NSEC.Effluent.Flow",0.23318778057137,0.809720089857261,"3,2"
"2700","Pump.Flow.Based.PAA.Dose + Temp..of.NSEC.Main.Ch. + CODto..mg.L. + TSS..mg.L. + CODds..mg.L. + SACto..1.m.",0.304997650861699,0.740416911897617,"3,2"
"2701","Pump.Flow.Based.PAA.Dose + Temp..of.NSEC.Main.Ch. + CODto..mg.L. + TSS..mg.L. + CODds..mg.L. + NSEC.Aerobic.SRT",0.239169588549516,0.724315928082796,"3,2"
"2702","Pump.Flow.Based.PAA.Dose + Temp..of.NSEC.Main.Ch. + CODto..mg.L. + TSS..mg.L. + CODds..mg.L. + NSEC.Effluent.NH3",0.298599062488578,0.726784765026677,"3,2"
"2703","Pump.Flow.Based.PAA.Dose + Temp..of.NSEC.Main.Ch. + CODto..mg.L. + TSS..mg.L. + CODds..mg.L. + NSEC.Effluent.NO3",0.212910073356655,0.75926944897532,"3,2"
"2704","Pump.Flow.Based.PAA.Dose + Temp..of.NSEC.Main.Ch. + CODto..mg.L. + TSS..mg.L. + CODds..mg.L. + NSEC.Effluent.OP",0.209470009392694,0.767576564569988,"3,2"
"2705","Pump.Flow.Based.PAA.Dose + Temp..of.NSEC.Main.Ch. + CODto..mg.L. + TSS..mg.L. + CODds..mg.L. + NSEC.Effluent.TSS",0.307959679761201,0.692128093591567,"3,2"
"2706","Pump.Flow.Based.PAA.Dose + Temp..of.NSEC.Main.Ch. + CODto..mg.L. + TSS..mg.L. + CODds..mg.L. + NSEC.Effluent.NO5",0.282485617989582,0.778709146699096,"3,2"
"2707","Pump.Flow.Based.PAA.Dose + Temp..of.NSEC.Main.Ch. + CODto..mg.L. + TSS..mg.L. + CODds..mg.L. + NSEC.Effluent.Flow",0.228449731300226,0.830674105110638,"3,2"
"2708","Pump.Flow.Based.PAA.Dose + Temp..of.NSEC.Main.Ch. + CODto..mg.L. + TSS..mg.L. + SACto..1.m. + NSEC.Aerobic.SRT",0.248421543534086,0.751778681869728,"3,2"
"2709","Pump.Flow.Based.PAA.Dose + Temp..of.NSEC.Main.Ch. + CODto..mg.L. + TSS..mg.L. + SACto..1.m. + NSEC.Effluent.NH3",0.344428693353336,0.700780042783864,"3,2"
"2710","Pump.Flow.Based.PAA.Dose + Temp..of.NSEC.Main.Ch. + CODto..mg.L. + TSS..mg.L. + SACto..1.m. + NSEC.Effluent.NO3",0.270883032054762,0.796188203662694,"3,2"
"2711","Pump.Flow.Based.PAA.Dose + Temp..of.NSEC.Main.Ch. + CODto..mg.L. + TSS..mg.L. + SACto..1.m. + NSEC.Effluent.OP",0.265972121542739,0.779142955024207,"3,2"
"2712","Pump.Flow.Based.PAA.Dose + Temp..of.NSEC.Main.Ch. + CODto..mg.L. + TSS..mg.L. + SACto..1.m. + NSEC.Effluent.TSS",0.328511894032885,0.807423423199336,"3,2"
"2713","Pump.Flow.Based.PAA.Dose + Temp..of.NSEC.Main.Ch. + CODto..mg.L. + TSS..mg.L. + SACto..1.m. + NSEC.Effluent.NO5",0.284527310614087,0.802648769542762,"3,2"
"2714","Pump.Flow.Based.PAA.Dose + Temp..of.NSEC.Main.Ch. + CODto..mg.L. + TSS..mg.L. + SACto..1.m. + NSEC.Effluent.Flow",0.082902800612384,0.827165145265893,"3,2"
"2715","Pump.Flow.Based.PAA.Dose + Temp..of.NSEC.Main.Ch. + CODto..mg.L. + TSS..mg.L. + NSEC.Aerobic.SRT + NSEC.Effluent.NH3",0.335017727986395,0.782604662678015,"3,2"
"2716","Pump.Flow.Based.PAA.Dose + Temp..of.NSEC.Main.Ch. + CODto..mg.L. + TSS..mg.L. + NSEC.Aerobic.SRT + NSEC.Effluent.NO3",0.253025340353189,0.776264144000191,"3,2"
"2717","Pump.Flow.Based.PAA.Dose + Temp..of.NSEC.Main.Ch. + CODto..mg.L. + TSS..mg.L. + NSEC.Aerobic.SRT + NSEC.Effluent.OP",0.255230167029019,0.785748153641541,"3,2"
"2718","Pump.Flow.Based.PAA.Dose + Temp..of.NSEC.Main.Ch. + CODto..mg.L. + TSS..mg.L. + NSEC.Aerobic.SRT + NSEC.Effluent.TSS",0.172786232129291,0.811970943341916,"3,2"
"2719","Pump.Flow.Based.PAA.Dose + Temp..of.NSEC.Main.Ch. + CODto..mg.L. + TSS..mg.L. + NSEC.Aerobic.SRT + NSEC.Effluent.NO5",0.279701167526997,0.762285849569107,"3,2"
"2720","Pump.Flow.Based.PAA.Dose + Temp..of.NSEC.Main.Ch. + CODto..mg.L. + TSS..mg.L. + NSEC.Aerobic.SRT + NSEC.Effluent.Flow",0.226772726941426,0.84112533632862,"3,2"
"2721","Pump.Flow.Based.PAA.Dose + Temp..of.NSEC.Main.Ch. + CODto..mg.L. + TSS..mg.L. + NSEC.Effluent.NH3 + NSEC.Effluent.NO3",0.304633182432581,0.7715935157711,"3,2"
"2722","Pump.Flow.Based.PAA.Dose + Temp..of.NSEC.Main.Ch. + CODto..mg.L. + TSS..mg.L. + NSEC.Effluent.NH3 + NSEC.Effluent.OP",0.363194389279041,0.797096545566694,"3,2"
"2723","Pump.Flow.Based.PAA.Dose + Temp..of.NSEC.Main.Ch. + CODto..mg.L. + TSS..mg.L. + NSEC.Effluent.NH3 + NSEC.Effluent.TSS",0.281458426416863,0.75005166700438,"3,2"
"2724","Pump.Flow.Based.PAA.Dose + Temp..of.NSEC.Main.Ch. + CODto..mg.L. + TSS..mg.L. + NSEC.Effluent.NH3 + NSEC.Effluent.NO5",0.354284721536394,0.769320392660978,"3,2"
"2725","Pump.Flow.Based.PAA.Dose + Temp..of.NSEC.Main.Ch. + CODto..mg.L. + TSS..mg.L. + NSEC.Effluent.NH3 + NSEC.Effluent.Flow",0.0992286188338987,0.817196730271004,"3,2"
"2726","Pump.Flow.Based.PAA.Dose + Temp..of.NSEC.Main.Ch. + CODto..mg.L. + TSS..mg.L. + NSEC.Effluent.NO3 + NSEC.Effluent.OP",0.311273505276184,0.755155263964484,"3,2"
"2727","Pump.Flow.Based.PAA.Dose + Temp..of.NSEC.Main.Ch. + CODto..mg.L. + TSS..mg.L. + NSEC.Effluent.NO3 + NSEC.Effluent.TSS",0.344370693594327,0.809465368354861,"3,2"
"2728","Pump.Flow.Based.PAA.Dose + Temp..of.NSEC.Main.Ch. + CODto..mg.L. + TSS..mg.L. + NSEC.Effluent.NO3 + NSEC.Effluent.NO5",0.363689875240627,0.76658670829219,"3,2"
"2729","Pump.Flow.Based.PAA.Dose + Temp..of.NSEC.Main.Ch. + CODto..mg.L. + TSS..mg.L. + NSEC.Effluent.NO3 + NSEC.Effluent.Flow",0.124669847887481,0.812542956083154,"3,2"
"2730","Pump.Flow.Based.PAA.Dose + Temp..of.NSEC.Main.Ch. + CODto..mg.L. + TSS..mg.L. + NSEC.Effluent.OP + NSEC.Effluent.TSS",0.25348640626792,0.786202187187436,"3,2"
"2731","Pump.Flow.Based.PAA.Dose + Temp..of.NSEC.Main.Ch. + CODto..mg.L. + TSS..mg.L. + NSEC.Effluent.OP + NSEC.Effluent.NO5",0.300277888288389,0.772012500221735,"3,2"
"2732","Pump.Flow.Based.PAA.Dose + Temp..of.NSEC.Main.Ch. + CODto..mg.L. + TSS..mg.L. + NSEC.Effluent.OP + NSEC.Effluent.Flow",0.142100361331693,0.84100797895822,"3,2"
"2733","Pump.Flow.Based.PAA.Dose + Temp..of.NSEC.Main.Ch. + CODto..mg.L. + TSS..mg.L. + NSEC.Effluent.TSS + NSEC.Effluent.NO5",0.509467132763374,0.778234754108573,"3,2"
"2734","Pump.Flow.Based.PAA.Dose + Temp..of.NSEC.Main.Ch. + CODto..mg.L. + TSS..mg.L. + NSEC.Effluent.TSS + NSEC.Effluent.Flow",0.188752763316606,0.815905409155866,"3,2"
"2735","Pump.Flow.Based.PAA.Dose + Temp..of.NSEC.Main.Ch. + CODto..mg.L. + TSS..mg.L. + NSEC.Effluent.NO5 + NSEC.Effluent.Flow",0.155226583715504,0.82830630970884,"3,2"
"2736","Pump.Flow.Based.PAA.Dose + Temp..of.NSEC.Main.Ch. + CODto..mg.L. + UVT.... + CODds..mg.L. + SACto..1.m.",0.200959798966785,0.711268041131919,"3,2"
"2737","Pump.Flow.Based.PAA.Dose + Temp..of.NSEC.Main.Ch. + CODto..mg.L. + UVT.... + CODds..mg.L. + NSEC.Aerobic.SRT",0.252753020061417,0.787197397260888,"3,2"
"2738","Pump.Flow.Based.PAA.Dose + Temp..of.NSEC.Main.Ch. + CODto..mg.L. + UVT.... + CODds..mg.L. + NSEC.Effluent.NH3",0.367551008339118,0.749874050880064,"3,2"
"2739","Pump.Flow.Based.PAA.Dose + Temp..of.NSEC.Main.Ch. + CODto..mg.L. + UVT.... + CODds..mg.L. + NSEC.Effluent.NO3",0.284820709139159,0.749072817190072,"3,2"
"2740","Pump.Flow.Based.PAA.Dose + Temp..of.NSEC.Main.Ch. + CODto..mg.L. + UVT.... + CODds..mg.L. + NSEC.Effluent.OP",0.254385347726056,0.764254999300128,"3,2"
"2741","Pump.Flow.Based.PAA.Dose + Temp..of.NSEC.Main.Ch. + CODto..mg.L. + UVT.... + CODds..mg.L. + NSEC.Effluent.TSS",0.253648649191936,0.753729982021607,"3,2"
"2742","Pump.Flow.Based.PAA.Dose + Temp..of.NSEC.Main.Ch. + CODto..mg.L. + UVT.... + CODds..mg.L. + NSEC.Effluent.NO5",0.259656976095831,0.74772044823462,"3,2"
"2743","Pump.Flow.Based.PAA.Dose + Temp..of.NSEC.Main.Ch. + CODto..mg.L. + UVT.... + CODds..mg.L. + NSEC.Effluent.Flow",0.149383818347772,0.805986639192745,"3,2"
"2744","Pump.Flow.Based.PAA.Dose + Temp..of.NSEC.Main.Ch. + CODto..mg.L. + UVT.... + SACto..1.m. + NSEC.Aerobic.SRT",0.323654236369014,0.734603054463537,"3,2"
"2745","Pump.Flow.Based.PAA.Dose + Temp..of.NSEC.Main.Ch. + CODto..mg.L. + UVT.... + SACto..1.m. + NSEC.Effluent.NH3",0.358488271871643,0.728159749460173,"3,2"
"2746","Pump.Flow.Based.PAA.Dose + Temp..of.NSEC.Main.Ch. + CODto..mg.L. + UVT.... + SACto..1.m. + NSEC.Effluent.NO3",0.330546286947637,0.767695580951356,"3,2"
"2747","Pump.Flow.Based.PAA.Dose + Temp..of.NSEC.Main.Ch. + CODto..mg.L. + UVT.... + SACto..1.m. + NSEC.Effluent.OP",0.345035102008416,0.776299036757921,"3,2"
"2748","Pump.Flow.Based.PAA.Dose + Temp..of.NSEC.Main.Ch. + CODto..mg.L. + UVT.... + SACto..1.m. + NSEC.Effluent.TSS",0.504163104354833,0.777451339438156,"3,2"
"2749","Pump.Flow.Based.PAA.Dose + Temp..of.NSEC.Main.Ch. + CODto..mg.L. + UVT.... + SACto..1.m. + NSEC.Effluent.NO5",0.425244798969958,0.771215537491439,"3,2"
"2750","Pump.Flow.Based.PAA.Dose + Temp..of.NSEC.Main.Ch. + CODto..mg.L. + UVT.... + SACto..1.m. + NSEC.Effluent.Flow",0.165482298225645,0.807973859718093,"3,2"
"2751","Pump.Flow.Based.PAA.Dose + Temp..of.NSEC.Main.Ch. + CODto..mg.L. + UVT.... + NSEC.Aerobic.SRT + NSEC.Effluent.NH3",0.351803647818179,0.725958358911575,"3,2"
"2752","Pump.Flow.Based.PAA.Dose + Temp..of.NSEC.Main.Ch. + CODto..mg.L. + UVT.... + NSEC.Aerobic.SRT + NSEC.Effluent.NO3",0.465988681995071,0.786868692786949,"3,2"
"2753","Pump.Flow.Based.PAA.Dose + Temp..of.NSEC.Main.Ch. + CODto..mg.L. + UVT.... + NSEC.Aerobic.SRT + NSEC.Effluent.OP",0.256158835117204,0.761902054618162,"3,2"
"2754","Pump.Flow.Based.PAA.Dose + Temp..of.NSEC.Main.Ch. + CODto..mg.L. + UVT.... + NSEC.Aerobic.SRT + NSEC.Effluent.TSS",0.299511997123006,0.725212861022869,"3,2"
"2755","Pump.Flow.Based.PAA.Dose + Temp..of.NSEC.Main.Ch. + CODto..mg.L. + UVT.... + NSEC.Aerobic.SRT + NSEC.Effluent.NO5",0.275185550571386,0.824565877582344,"3,2"
"2756","Pump.Flow.Based.PAA.Dose + Temp..of.NSEC.Main.Ch. + CODto..mg.L. + UVT.... + NSEC.Aerobic.SRT + NSEC.Effluent.Flow",0.208982340448257,0.795384887357435,"3,2"
"2757","Pump.Flow.Based.PAA.Dose + Temp..of.NSEC.Main.Ch. + CODto..mg.L. + UVT.... + NSEC.Effluent.NH3 + NSEC.Effluent.NO3",0.346997216055276,0.746446569879202,"3,2"
"2758","Pump.Flow.Based.PAA.Dose + Temp..of.NSEC.Main.Ch. + CODto..mg.L. + UVT.... + NSEC.Effluent.NH3 + NSEC.Effluent.OP",0.28350847000563,0.776687733447474,"3,2"
"2759","Pump.Flow.Based.PAA.Dose + Temp..of.NSEC.Main.Ch. + CODto..mg.L. + UVT.... + NSEC.Effluent.NH3 + NSEC.Effluent.TSS",0.402066488288402,0.748251377368738,"3,2"
"2760","Pump.Flow.Based.PAA.Dose + Temp..of.NSEC.Main.Ch. + CODto..mg.L. + UVT.... + NSEC.Effluent.NH3 + NSEC.Effluent.NO5",0.374618591475551,0.797676783664,"3,2"
"2761","Pump.Flow.Based.PAA.Dose + Temp..of.NSEC.Main.Ch. + CODto..mg.L. + UVT.... + NSEC.Effluent.NH3 + NSEC.Effluent.Flow",0.205347338173911,0.819484988929554,"3,2"
"2762","Pump.Flow.Based.PAA.Dose + Temp..of.NSEC.Main.Ch. + CODto..mg.L. + UVT.... + NSEC.Effluent.NO3 + NSEC.Effluent.OP",0.299206838508003,0.778969380227321,"3,2"
"2763","Pump.Flow.Based.PAA.Dose + Temp..of.NSEC.Main.Ch. + CODto..mg.L. + UVT.... + NSEC.Effluent.NO3 + NSEC.Effluent.TSS",0.387315116787702,0.77966206086646,"3,2"
"2764","Pump.Flow.Based.PAA.Dose + Temp..of.NSEC.Main.Ch. + CODto..mg.L. + UVT.... + NSEC.Effluent.NO3 + NSEC.Effluent.NO5",0.260070039986238,0.762850673630317,"3,2"
"2765","Pump.Flow.Based.PAA.Dose + Temp..of.NSEC.Main.Ch. + CODto..mg.L. + UVT.... + NSEC.Effluent.NO3 + NSEC.Effluent.Flow",0.310806123401405,0.843323557388382,"3,2"
"2766","Pump.Flow.Based.PAA.Dose + Temp..of.NSEC.Main.Ch. + CODto..mg.L. + UVT.... + NSEC.Effluent.OP + NSEC.Effluent.TSS",0.321803691802919,0.768260402137738,"3,2"
"2767","Pump.Flow.Based.PAA.Dose + Temp..of.NSEC.Main.Ch. + CODto..mg.L. + UVT.... + NSEC.Effluent.OP + NSEC.Effluent.NO5",0.340489900202918,0.76744138383055,"3,2"
"2768","Pump.Flow.Based.PAA.Dose + Temp..of.NSEC.Main.Ch. + CODto..mg.L. + UVT.... + NSEC.Effluent.OP + NSEC.Effluent.Flow",0.188148530854382,0.801192929979072,"3,2"
"2769","Pump.Flow.Based.PAA.Dose + Temp..of.NSEC.Main.Ch. + CODto..mg.L. + UVT.... + NSEC.Effluent.TSS + NSEC.Effluent.NO5",0.411319872796311,0.814797040999729,"3,2"
"2770","Pump.Flow.Based.PAA.Dose + Temp..of.NSEC.Main.Ch. + CODto..mg.L. + UVT.... + NSEC.Effluent.TSS + NSEC.Effluent.Flow",0.233927675467934,0.823602942733762,"3,2"
"2771","Pump.Flow.Based.PAA.Dose + Temp..of.NSEC.Main.Ch. + CODto..mg.L. + UVT.... + NSEC.Effluent.NO5 + NSEC.Effluent.Flow",0.213613120194585,0.816793237997055,"3,2"
"2772","Pump.Flow.Based.PAA.Dose + Temp..of.NSEC.Main.Ch. + CODto..mg.L. + CODds..mg.L. + SACto..1.m. + NSEC.Aerobic.SRT",0.186864593444187,0.784678902905493,"3,2"
"2773","Pump.Flow.Based.PAA.Dose + Temp..of.NSEC.Main.Ch. + CODto..mg.L. + CODds..mg.L. + SACto..1.m. + NSEC.Effluent.NH3",0.331994317212578,0.738264235649424,"3,2"
"2774","Pump.Flow.Based.PAA.Dose + Temp..of.NSEC.Main.Ch. + CODto..mg.L. + CODds..mg.L. + SACto..1.m. + NSEC.Effluent.NO3",0.279175580234003,0.765504552366182,"3,2"
"2775","Pump.Flow.Based.PAA.Dose + Temp..of.NSEC.Main.Ch. + CODto..mg.L. + CODds..mg.L. + SACto..1.m. + NSEC.Effluent.OP",0.359979147862977,0.790022306594879,"3,2"
"2776","Pump.Flow.Based.PAA.Dose + Temp..of.NSEC.Main.Ch. + CODto..mg.L. + CODds..mg.L. + SACto..1.m. + NSEC.Effluent.TSS",0.21236999485083,0.681826770192039,"3,2"
"2777","Pump.Flow.Based.PAA.Dose + Temp..of.NSEC.Main.Ch. + CODto..mg.L. + CODds..mg.L. + SACto..1.m. + NSEC.Effluent.NO5",0.325890354258172,0.751930596594948,"3,2"
"2778","Pump.Flow.Based.PAA.Dose + Temp..of.NSEC.Main.Ch. + CODto..mg.L. + CODds..mg.L. + SACto..1.m. + NSEC.Effluent.Flow",0.172242982403302,0.822563394969425,"3,2"
"2779","Pump.Flow.Based.PAA.Dose + Temp..of.NSEC.Main.Ch. + CODto..mg.L. + CODds..mg.L. + NSEC.Aerobic.SRT + NSEC.Effluent.NH3",0.300599873149169,0.720504446446146,"3,2"
"2780","Pump.Flow.Based.PAA.Dose + Temp..of.NSEC.Main.Ch. + CODto..mg.L. + CODds..mg.L. + NSEC.Aerobic.SRT + NSEC.Effluent.NO3",0.348882834424774,0.737350936721332,"3,2"
"2781","Pump.Flow.Based.PAA.Dose + Temp..of.NSEC.Main.Ch. + CODto..mg.L. + CODds..mg.L. + NSEC.Aerobic.SRT + NSEC.Effluent.OP",0.181979093098369,0.7858212612576,"3,2"
"2782","Pump.Flow.Based.PAA.Dose + Temp..of.NSEC.Main.Ch. + CODto..mg.L. + CODds..mg.L. + NSEC.Aerobic.SRT + NSEC.Effluent.TSS",0.21631920901808,0.763968330443819,"3,2"
"2783","Pump.Flow.Based.PAA.Dose + Temp..of.NSEC.Main.Ch. + CODto..mg.L. + CODds..mg.L. + NSEC.Aerobic.SRT + NSEC.Effluent.NO5",0.35031974268008,0.760045235630198,"3,2"
"2784","Pump.Flow.Based.PAA.Dose + Temp..of.NSEC.Main.Ch. + CODto..mg.L. + CODds..mg.L. + NSEC.Aerobic.SRT + NSEC.Effluent.Flow",0.0861847994386253,0.814935811011961,"3,2"
"2785","Pump.Flow.Based.PAA.Dose + Temp..of.NSEC.Main.Ch. + CODto..mg.L. + CODds..mg.L. + NSEC.Effluent.NH3 + NSEC.Effluent.NO3",0.327301026504541,0.74239287979877,"3,2"
"2786","Pump.Flow.Based.PAA.Dose + Temp..of.NSEC.Main.Ch. + CODto..mg.L. + CODds..mg.L. + NSEC.Effluent.NH3 + NSEC.Effluent.OP",0.334974308710553,0.759276938466182,"3,2"
"2787","Pump.Flow.Based.PAA.Dose + Temp..of.NSEC.Main.Ch. + CODto..mg.L. + CODds..mg.L. + NSEC.Effluent.NH3 + NSEC.Effluent.TSS",0.408796637609266,0.752540991493606,"3,2"
"2788","Pump.Flow.Based.PAA.Dose + Temp..of.NSEC.Main.Ch. + CODto..mg.L. + CODds..mg.L. + NSEC.Effluent.NH3 + NSEC.Effluent.NO5",0.304635242615514,0.74671982922093,"3,2"
"2789","Pump.Flow.Based.PAA.Dose + Temp..of.NSEC.Main.Ch. + CODto..mg.L. + CODds..mg.L. + NSEC.Effluent.NH3 + NSEC.Effluent.Flow",0.106918360769283,0.817655959192412,"3,2"
"2790","Pump.Flow.Based.PAA.Dose + Temp..of.NSEC.Main.Ch. + CODto..mg.L. + CODds..mg.L. + NSEC.Effluent.NO3 + NSEC.Effluent.OP",0.276607401988912,0.714621900923176,"3,2"
"2791","Pump.Flow.Based.PAA.Dose + Temp..of.NSEC.Main.Ch. + CODto..mg.L. + CODds..mg.L. + NSEC.Effluent.NO3 + NSEC.Effluent.TSS",0.331731286098228,0.746930019606586,"3,2"
"2792","Pump.Flow.Based.PAA.Dose + Temp..of.NSEC.Main.Ch. + CODto..mg.L. + CODds..mg.L. + NSEC.Effluent.NO3 + NSEC.Effluent.NO5",0.344720805423426,0.765974738331103,"3,2"
"2793","Pump.Flow.Based.PAA.Dose + Temp..of.NSEC.Main.Ch. + CODto..mg.L. + CODds..mg.L. + NSEC.Effluent.NO3 + NSEC.Effluent.Flow",0.203718348142089,0.836255788283264,"3,2"
"2794","Pump.Flow.Based.PAA.Dose + Temp..of.NSEC.Main.Ch. + CODto..mg.L. + CODds..mg.L. + NSEC.Effluent.OP + NSEC.Effluent.TSS",0.402913840169943,0.778516206894136,"3,2"
"2795","Pump.Flow.Based.PAA.Dose + Temp..of.NSEC.Main.Ch. + CODto..mg.L. + CODds..mg.L. + NSEC.Effluent.OP + NSEC.Effluent.NO5",0.347721771821467,0.793804926775915,"3,2"
"2796","Pump.Flow.Based.PAA.Dose + Temp..of.NSEC.Main.Ch. + CODto..mg.L. + CODds..mg.L. + NSEC.Effluent.OP + NSEC.Effluent.Flow",0.174026601882767,0.8160600636378,"3,2"
"2797","Pump.Flow.Based.PAA.Dose + Temp..of.NSEC.Main.Ch. + CODto..mg.L. + CODds..mg.L. + NSEC.Effluent.TSS + NSEC.Effluent.NO5",0.392734286345834,0.786564663569396,"3,2"
"2798","Pump.Flow.Based.PAA.Dose + Temp..of.NSEC.Main.Ch. + CODto..mg.L. + CODds..mg.L. + NSEC.Effluent.TSS + NSEC.Effluent.Flow",0.142521412887002,0.818630673610611,"3,2"
"2799","Pump.Flow.Based.PAA.Dose + Temp..of.NSEC.Main.Ch. + CODto..mg.L. + CODds..mg.L. + NSEC.Effluent.NO5 + NSEC.Effluent.Flow",0.209790627296738,0.831063833464177,"3,2"
"2800","Pump.Flow.Based.PAA.Dose + Temp..of.NSEC.Main.Ch. + CODto..mg.L. + SACto..1.m. + NSEC.Aerobic.SRT + NSEC.Effluent.NH3",0.347056358087565,0.75689930800953,"3,2"
"2801","Pump.Flow.Based.PAA.Dose + Temp..of.NSEC.Main.Ch. + CODto..mg.L. + SACto..1.m. + NSEC.Aerobic.SRT + NSEC.Effluent.NO3",0.358495565998258,0.742854677989653,"3,2"
"2802","Pump.Flow.Based.PAA.Dose + Temp..of.NSEC.Main.Ch. + CODto..mg.L. + SACto..1.m. + NSEC.Aerobic.SRT + NSEC.Effluent.OP",0.263530166475991,0.766351872377858,"3,2"
"2803","Pump.Flow.Based.PAA.Dose + Temp..of.NSEC.Main.Ch. + CODto..mg.L. + SACto..1.m. + NSEC.Aerobic.SRT + NSEC.Effluent.TSS",0.277139631736754,0.704294585087969,"3,2"
"2804","Pump.Flow.Based.PAA.Dose + Temp..of.NSEC.Main.Ch. + CODto..mg.L. + SACto..1.m. + NSEC.Aerobic.SRT + NSEC.Effluent.NO5",0.333979205571562,0.741266405044527,"3,2"
"2805","Pump.Flow.Based.PAA.Dose + Temp..of.NSEC.Main.Ch. + CODto..mg.L. + SACto..1.m. + NSEC.Aerobic.SRT + NSEC.Effluent.Flow",0.254056254041188,0.826963940777736,"3,2"
"2806","Pump.Flow.Based.PAA.Dose + Temp..of.NSEC.Main.Ch. + CODto..mg.L. + SACto..1.m. + NSEC.Effluent.NH3 + NSEC.Effluent.NO3",0.277972803956534,0.758917926305728,"3,2"
"2807","Pump.Flow.Based.PAA.Dose + Temp..of.NSEC.Main.Ch. + CODto..mg.L. + SACto..1.m. + NSEC.Effluent.NH3 + NSEC.Effluent.OP",0.330125127690399,0.795817788720077,"3,2"
"2808","Pump.Flow.Based.PAA.Dose + Temp..of.NSEC.Main.Ch. + CODto..mg.L. + SACto..1.m. + NSEC.Effluent.NH3 + NSEC.Effluent.TSS",0.396816740407823,0.746920745304925,"3,2"
"2809","Pump.Flow.Based.PAA.Dose + Temp..of.NSEC.Main.Ch. + CODto..mg.L. + SACto..1.m. + NSEC.Effluent.NH3 + NSEC.Effluent.NO5",0.367236885478835,0.790771098935828,"3,2"
"2810","Pump.Flow.Based.PAA.Dose + Temp..of.NSEC.Main.Ch. + CODto..mg.L. + SACto..1.m. + NSEC.Effluent.NH3 + NSEC.Effluent.Flow",0.246238862283529,0.807955433616378,"3,2"
"2811","Pump.Flow.Based.PAA.Dose + Temp..of.NSEC.Main.Ch. + CODto..mg.L. + SACto..1.m. + NSEC.Effluent.NO3 + NSEC.Effluent.OP",0.336264169908011,0.782871856739413,"3,2"
"2812","Pump.Flow.Based.PAA.Dose + Temp..of.NSEC.Main.Ch. + CODto..mg.L. + SACto..1.m. + NSEC.Effluent.NO3 + NSEC.Effluent.TSS",0.376630690067465,0.77886464200728,"3,2"
"2813","Pump.Flow.Based.PAA.Dose + Temp..of.NSEC.Main.Ch. + CODto..mg.L. + SACto..1.m. + NSEC.Effluent.NO3 + NSEC.Effluent.NO5",0.379849118836745,0.771621857332263,"3,2"
"2814","Pump.Flow.Based.PAA.Dose + Temp..of.NSEC.Main.Ch. + CODto..mg.L. + SACto..1.m. + NSEC.Effluent.NO3 + NSEC.Effluent.Flow",0.121046376917641,0.818432243998027,"3,2"
"2815","Pump.Flow.Based.PAA.Dose + Temp..of.NSEC.Main.Ch. + CODto..mg.L. + SACto..1.m. + NSEC.Effluent.OP + NSEC.Effluent.TSS",0.276440697755886,0.792118424588279,"3,2"
"2816","Pump.Flow.Based.PAA.Dose + Temp..of.NSEC.Main.Ch. + CODto..mg.L. + SACto..1.m. + NSEC.Effluent.OP + NSEC.Effluent.NO5",0.357191033481628,0.781655036818628,"3,2"
"2817","Pump.Flow.Based.PAA.Dose + Temp..of.NSEC.Main.Ch. + CODto..mg.L. + SACto..1.m. + NSEC.Effluent.OP + NSEC.Effluent.Flow",0.211600099051452,0.832949915447679,"3,2"
"2818","Pump.Flow.Based.PAA.Dose + Temp..of.NSEC.Main.Ch. + CODto..mg.L. + SACto..1.m. + NSEC.Effluent.TSS + NSEC.Effluent.NO5",0.397822156374019,0.756734587207274,"3,2"
"2819","Pump.Flow.Based.PAA.Dose + Temp..of.NSEC.Main.Ch. + CODto..mg.L. + SACto..1.m. + NSEC.Effluent.TSS + NSEC.Effluent.Flow",0.352670476920909,0.838415376324529,"3,2"
"2820","Pump.Flow.Based.PAA.Dose + Temp..of.NSEC.Main.Ch. + CODto..mg.L. + SACto..1.m. + NSEC.Effluent.NO5 + NSEC.Effluent.Flow",0.134950379935795,0.812048813572623,"3,2"
"2821","Pump.Flow.Based.PAA.Dose + Temp..of.NSEC.Main.Ch. + CODto..mg.L. + NSEC.Aerobic.SRT + NSEC.Effluent.NH3 + NSEC.Effluent.NO3",0.340655211424122,0.748255051268712,"3,2"
"2822","Pump.Flow.Based.PAA.Dose + Temp..of.NSEC.Main.Ch. + CODto..mg.L. + NSEC.Aerobic.SRT + NSEC.Effluent.NH3 + NSEC.Effluent.OP",0.289016929351799,0.817812496680193,"3,2"
"2823","Pump.Flow.Based.PAA.Dose + Temp..of.NSEC.Main.Ch. + CODto..mg.L. + NSEC.Aerobic.SRT + NSEC.Effluent.NH3 + NSEC.Effluent.TSS",0.314996786853816,0.73660758810506,"3,2"
"2824","Pump.Flow.Based.PAA.Dose + Temp..of.NSEC.Main.Ch. + CODto..mg.L. + NSEC.Aerobic.SRT + NSEC.Effluent.NH3 + NSEC.Effluent.NO5",0.346212405132218,0.729565794447638,"3,2"
"2825","Pump.Flow.Based.PAA.Dose + Temp..of.NSEC.Main.Ch. + CODto..mg.L. + NSEC.Aerobic.SRT + NSEC.Effluent.NH3 + NSEC.Effluent.Flow",0.295771205624801,0.831659241509362,"3,2"
"2826","Pump.Flow.Based.PAA.Dose + Temp..of.NSEC.Main.Ch. + CODto..mg.L. + NSEC.Aerobic.SRT + NSEC.Effluent.NO3 + NSEC.Effluent.OP",0.347359044492221,0.79463528469802,"3,2"
"2827","Pump.Flow.Based.PAA.Dose + Temp..of.NSEC.Main.Ch. + CODto..mg.L. + NSEC.Aerobic.SRT + NSEC.Effluent.NO3 + NSEC.Effluent.TSS",0.444250190828791,0.797646084626999,"3,2"
"2828","Pump.Flow.Based.PAA.Dose + Temp..of.NSEC.Main.Ch. + CODto..mg.L. + NSEC.Aerobic.SRT + NSEC.Effluent.NO3 + NSEC.Effluent.NO5",0.235640848994111,0.810637551762813,"3,2"
"2829","Pump.Flow.Based.PAA.Dose + Temp..of.NSEC.Main.Ch. + CODto..mg.L. + NSEC.Aerobic.SRT + NSEC.Effluent.NO3 + NSEC.Effluent.Flow",0.234029022951126,0.829019365116451,"3,2"
"2830","Pump.Flow.Based.PAA.Dose + Temp..of.NSEC.Main.Ch. + CODto..mg.L. + NSEC.Aerobic.SRT + NSEC.Effluent.OP + NSEC.Effluent.TSS",0.402452040955116,0.811273840041601,"3,2"
"2831","Pump.Flow.Based.PAA.Dose + Temp..of.NSEC.Main.Ch. + CODto..mg.L. + NSEC.Aerobic.SRT + NSEC.Effluent.OP + NSEC.Effluent.NO5",0.314784696129295,0.763047150535579,"3,2"
"2832","Pump.Flow.Based.PAA.Dose + Temp..of.NSEC.Main.Ch. + CODto..mg.L. + NSEC.Aerobic.SRT + NSEC.Effluent.OP + NSEC.Effluent.Flow",0.200721018901473,0.853602232200306,"3,2"
"2833","Pump.Flow.Based.PAA.Dose + Temp..of.NSEC.Main.Ch. + CODto..mg.L. + NSEC.Aerobic.SRT + NSEC.Effluent.TSS + NSEC.Effluent.NO5",0.393028188403643,0.798751368235672,"3,2"
"2834","Pump.Flow.Based.PAA.Dose + Temp..of.NSEC.Main.Ch. + CODto..mg.L. + NSEC.Aerobic.SRT + NSEC.Effluent.TSS + NSEC.Effluent.Flow",0.154148805381699,0.819131345245225,"3,2"
"2835","Pump.Flow.Based.PAA.Dose + Temp..of.NSEC.Main.Ch. + CODto..mg.L. + NSEC.Aerobic.SRT + NSEC.Effluent.NO5 + NSEC.Effluent.Flow",0.201553613356985,0.833426547221951,"3,2"
"2836","Pump.Flow.Based.PAA.Dose + Temp..of.NSEC.Main.Ch. + CODto..mg.L. + NSEC.Effluent.NH3 + NSEC.Effluent.NO3 + NSEC.Effluent.OP",0.352986002239483,0.756650799355542,"3,2"
"2837","Pump.Flow.Based.PAA.Dose + Temp..of.NSEC.Main.Ch. + CODto..mg.L. + NSEC.Effluent.NH3 + NSEC.Effluent.NO3 + NSEC.Effluent.TSS",0.421925404513029,0.766466130259805,"3,2"
"2838","Pump.Flow.Based.PAA.Dose + Temp..of.NSEC.Main.Ch. + CODto..mg.L. + NSEC.Effluent.NH3 + NSEC.Effluent.NO3 + NSEC.Effluent.NO5",0.408177984610519,0.761715979282486,"3,2"
"2839","Pump.Flow.Based.PAA.Dose + Temp..of.NSEC.Main.Ch. + CODto..mg.L. + NSEC.Effluent.NH3 + NSEC.Effluent.NO3 + NSEC.Effluent.Flow",0.165332700005634,0.838722660991804,"3,2"
"2840","Pump.Flow.Based.PAA.Dose + Temp..of.NSEC.Main.Ch. + CODto..mg.L. + NSEC.Effluent.NH3 + NSEC.Effluent.OP + NSEC.Effluent.TSS",0.33190438390614,0.78497233753248,"3,2"
"2841","Pump.Flow.Based.PAA.Dose + Temp..of.NSEC.Main.Ch. + CODto..mg.L. + NSEC.Effluent.NH3 + NSEC.Effluent.OP + NSEC.Effluent.NO5",0.346009866851086,0.784283174875365,"3,2"
"2842","Pump.Flow.Based.PAA.Dose + Temp..of.NSEC.Main.Ch. + CODto..mg.L. + NSEC.Effluent.NH3 + NSEC.Effluent.OP + NSEC.Effluent.Flow",0.130709322975245,0.831029024370506,"3,2"
"2843","Pump.Flow.Based.PAA.Dose + Temp..of.NSEC.Main.Ch. + CODto..mg.L. + NSEC.Effluent.NH3 + NSEC.Effluent.TSS + NSEC.Effluent.NO5",0.438273928306121,0.832809061126459,"3,2"
"2844","Pump.Flow.Based.PAA.Dose + Temp..of.NSEC.Main.Ch. + CODto..mg.L. + NSEC.Effluent.NH3 + NSEC.Effluent.TSS + NSEC.Effluent.Flow",0.232282948067224,0.817698812576348,"3,2"
"2845","Pump.Flow.Based.PAA.Dose + Temp..of.NSEC.Main.Ch. + CODto..mg.L. + NSEC.Effluent.NH3 + NSEC.Effluent.NO5 + NSEC.Effluent.Flow",0.206852918843659,0.831810177215238,"3,2"
"2846","Pump.Flow.Based.PAA.Dose + Temp..of.NSEC.Main.Ch. + CODto..mg.L. + NSEC.Effluent.NO3 + NSEC.Effluent.OP + NSEC.Effluent.TSS",0.324704558728051,0.801033188416517,"3,2"
"2847","Pump.Flow.Based.PAA.Dose + Temp..of.NSEC.Main.Ch. + CODto..mg.L. + NSEC.Effluent.NO3 + NSEC.Effluent.OP + NSEC.Effluent.NO5",0.407934298925015,0.803703360476974,"3,2"
"2848","Pump.Flow.Based.PAA.Dose + Temp..of.NSEC.Main.Ch. + CODto..mg.L. + NSEC.Effluent.NO3 + NSEC.Effluent.OP + NSEC.Effluent.Flow",0.21261786222144,0.829290172952303,"3,2"
"2849","Pump.Flow.Based.PAA.Dose + Temp..of.NSEC.Main.Ch. + CODto..mg.L. + NSEC.Effluent.NO3 + NSEC.Effluent.TSS + NSEC.Effluent.NO5",0.372960261286234,0.808425508772084,"3,2"
"2850","Pump.Flow.Based.PAA.Dose + Temp..of.NSEC.Main.Ch. + CODto..mg.L. + NSEC.Effluent.NO3 + NSEC.Effluent.TSS + NSEC.Effluent.Flow",0.154260231827644,0.820796372075645,"3,2"
"2851","Pump.Flow.Based.PAA.Dose + Temp..of.NSEC.Main.Ch. + CODto..mg.L. + NSEC.Effluent.NO3 + NSEC.Effluent.NO5 + NSEC.Effluent.Flow",0.139631924435625,0.833807742072944,"3,2"
"2852","Pump.Flow.Based.PAA.Dose + Temp..of.NSEC.Main.Ch. + CODto..mg.L. + NSEC.Effluent.OP + NSEC.Effluent.TSS + NSEC.Effluent.NO5",0.411968644911413,0.773183081733216,"3,2"
"2853","Pump.Flow.Based.PAA.Dose + Temp..of.NSEC.Main.Ch. + CODto..mg.L. + NSEC.Effluent.OP + NSEC.Effluent.TSS + NSEC.Effluent.Flow",0.194962497363185,0.817052473137717,"3,2"
"2854","Pump.Flow.Based.PAA.Dose + Temp..of.NSEC.Main.Ch. + CODto..mg.L. + NSEC.Effluent.OP + NSEC.Effluent.NO5 + NSEC.Effluent.Flow",0.142473966933589,0.813929788011133,"3,2"
"2855","Pump.Flow.Based.PAA.Dose + Temp..of.NSEC.Main.Ch. + CODto..mg.L. + NSEC.Effluent.TSS + NSEC.Effluent.NO5 + NSEC.Effluent.Flow",0.299590509969128,0.831633054290253,"3,2"
"2856","Pump.Flow.Based.PAA.Dose + Temp..of.NSEC.Main.Ch. + TSS..mg.L. + UVT.... + CODds..mg.L. + SACto..1.m.",0.385543517974579,0.785619801058553,"3,2"
"2857","Pump.Flow.Based.PAA.Dose + Temp..of.NSEC.Main.Ch. + TSS..mg.L. + UVT.... + CODds..mg.L. + NSEC.Aerobic.SRT",0.292298654079282,0.810681257451471,"3,2"
"2858","Pump.Flow.Based.PAA.Dose + Temp..of.NSEC.Main.Ch. + TSS..mg.L. + UVT.... + CODds..mg.L. + NSEC.Effluent.NH3",0.271286670082122,0.748297103886137,"3,2"
"2859","Pump.Flow.Based.PAA.Dose + Temp..of.NSEC.Main.Ch. + TSS..mg.L. + UVT.... + CODds..mg.L. + NSEC.Effluent.NO3",0.264903446715188,0.7595097350613,"3,2"
"2860","Pump.Flow.Based.PAA.Dose + Temp..of.NSEC.Main.Ch. + TSS..mg.L. + UVT.... + CODds..mg.L. + NSEC.Effluent.OP",0.182887640405157,0.790675222091232,"3,2"
"2861","Pump.Flow.Based.PAA.Dose + Temp..of.NSEC.Main.Ch. + TSS..mg.L. + UVT.... + CODds..mg.L. + NSEC.Effluent.TSS",0.184723522622884,0.819056507750156,"3,2"
"2862","Pump.Flow.Based.PAA.Dose + Temp..of.NSEC.Main.Ch. + TSS..mg.L. + UVT.... + CODds..mg.L. + NSEC.Effluent.NO5",0.178532637012383,0.751034319758804,"3,2"
"2863","Pump.Flow.Based.PAA.Dose + Temp..of.NSEC.Main.Ch. + TSS..mg.L. + UVT.... + CODds..mg.L. + NSEC.Effluent.Flow",0.127282389337362,0.811654972854723,"3,2"
"2864","Pump.Flow.Based.PAA.Dose + Temp..of.NSEC.Main.Ch. + TSS..mg.L. + UVT.... + SACto..1.m. + NSEC.Aerobic.SRT",0.269237024453785,0.758685716035622,"3,2"
"2865","Pump.Flow.Based.PAA.Dose + Temp..of.NSEC.Main.Ch. + TSS..mg.L. + UVT.... + SACto..1.m. + NSEC.Effluent.NH3",0.307040730980379,0.745117483171441,"3,2"
"2866","Pump.Flow.Based.PAA.Dose + Temp..of.NSEC.Main.Ch. + TSS..mg.L. + UVT.... + SACto..1.m. + NSEC.Effluent.NO3",0.296147302554602,0.755425768430211,"3,2"
"2867","Pump.Flow.Based.PAA.Dose + Temp..of.NSEC.Main.Ch. + TSS..mg.L. + UVT.... + SACto..1.m. + NSEC.Effluent.OP",0.280922970824145,0.749506259689925,"3,2"
"2868","Pump.Flow.Based.PAA.Dose + Temp..of.NSEC.Main.Ch. + TSS..mg.L. + UVT.... + SACto..1.m. + NSEC.Effluent.TSS",0.356310992630875,0.807006043268552,"3,2"
"2869","Pump.Flow.Based.PAA.Dose + Temp..of.NSEC.Main.Ch. + TSS..mg.L. + UVT.... + SACto..1.m. + NSEC.Effluent.NO5",0.28112308657107,0.737884422452178,"3,2"
"2870","Pump.Flow.Based.PAA.Dose + Temp..of.NSEC.Main.Ch. + TSS..mg.L. + UVT.... + SACto..1.m. + NSEC.Effluent.Flow",0.226605465461412,0.832087191472553,"3,2"
"2871","Pump.Flow.Based.PAA.Dose + Temp..of.NSEC.Main.Ch. + TSS..mg.L. + UVT.... + NSEC.Aerobic.SRT + NSEC.Effluent.NH3",0.319378442026738,0.736863129430925,"3,2"
"2872","Pump.Flow.Based.PAA.Dose + Temp..of.NSEC.Main.Ch. + TSS..mg.L. + UVT.... + NSEC.Aerobic.SRT + NSEC.Effluent.NO3",0.175759161366349,0.788030269079008,"3,2"
"2873","Pump.Flow.Based.PAA.Dose + Temp..of.NSEC.Main.Ch. + TSS..mg.L. + UVT.... + NSEC.Aerobic.SRT + NSEC.Effluent.OP",0.272419927218055,0.762960193006236,"3,2"
"2874","Pump.Flow.Based.PAA.Dose + Temp..of.NSEC.Main.Ch. + TSS..mg.L. + UVT.... + NSEC.Aerobic.SRT + NSEC.Effluent.TSS",0.172772986249539,0.806593180343979,"3,2"
"2875","Pump.Flow.Based.PAA.Dose + Temp..of.NSEC.Main.Ch. + TSS..mg.L. + UVT.... + NSEC.Aerobic.SRT + NSEC.Effluent.NO5",0.31208606779902,0.776965190498699,"3,2"
"2876","Pump.Flow.Based.PAA.Dose + Temp..of.NSEC.Main.Ch. + TSS..mg.L. + UVT.... + NSEC.Aerobic.SRT + NSEC.Effluent.Flow",0.187114244445213,0.824410992249054,"3,2"
"2877","Pump.Flow.Based.PAA.Dose + Temp..of.NSEC.Main.Ch. + TSS..mg.L. + UVT.... + NSEC.Effluent.NH3 + NSEC.Effluent.NO3",0.348827551232927,0.806598507289816,"3,2"
"2878","Pump.Flow.Based.PAA.Dose + Temp..of.NSEC.Main.Ch. + TSS..mg.L. + UVT.... + NSEC.Effluent.NH3 + NSEC.Effluent.OP",0.24990919494382,0.781401516497902,"3,2"
"2879","Pump.Flow.Based.PAA.Dose + Temp..of.NSEC.Main.Ch. + TSS..mg.L. + UVT.... + NSEC.Effluent.NH3 + NSEC.Effluent.TSS",0.332620946029342,0.790908723501578,"3,2"
"2880","Pump.Flow.Based.PAA.Dose + Temp..of.NSEC.Main.Ch. + TSS..mg.L. + UVT.... + NSEC.Effluent.NH3 + NSEC.Effluent.NO5",0.214303839170101,0.758825848615106,"3,2"
"2881","Pump.Flow.Based.PAA.Dose + Temp..of.NSEC.Main.Ch. + TSS..mg.L. + UVT.... + NSEC.Effluent.NH3 + NSEC.Effluent.Flow",0.0105540630649339,0.821884290506559,"3,2"
"2882","Pump.Flow.Based.PAA.Dose + Temp..of.NSEC.Main.Ch. + TSS..mg.L. + UVT.... + NSEC.Effluent.NO3 + NSEC.Effluent.OP",0.302833586699446,0.779097232588249,"3,2"
"2883","Pump.Flow.Based.PAA.Dose + Temp..of.NSEC.Main.Ch. + TSS..mg.L. + UVT.... + NSEC.Effluent.NO3 + NSEC.Effluent.TSS",0.355422467246537,0.76922311001847,"3,2"
"2884","Pump.Flow.Based.PAA.Dose + Temp..of.NSEC.Main.Ch. + TSS..mg.L. + UVT.... + NSEC.Effluent.NO3 + NSEC.Effluent.NO5",0.318513578520926,0.790993849958308,"3,2"
"2885","Pump.Flow.Based.PAA.Dose + Temp..of.NSEC.Main.Ch. + TSS..mg.L. + UVT.... + NSEC.Effluent.NO3 + NSEC.Effluent.Flow",0.0850517870867609,0.815647342092998,"3,2"
"2886","Pump.Flow.Based.PAA.Dose + Temp..of.NSEC.Main.Ch. + TSS..mg.L. + UVT.... + NSEC.Effluent.OP + NSEC.Effluent.TSS",0.279552634221098,0.789100022616791,"3,2"
"2887","Pump.Flow.Based.PAA.Dose + Temp..of.NSEC.Main.Ch. + TSS..mg.L. + UVT.... + NSEC.Effluent.OP + NSEC.Effluent.NO5",0.305344517790589,0.764984868239964,"3,2"
"2888","Pump.Flow.Based.PAA.Dose + Temp..of.NSEC.Main.Ch. + TSS..mg.L. + UVT.... + NSEC.Effluent.OP + NSEC.Effluent.Flow",0.257415141647818,0.827558204796444,"3,2"
"2889","Pump.Flow.Based.PAA.Dose + Temp..of.NSEC.Main.Ch. + TSS..mg.L. + UVT.... + NSEC.Effluent.TSS + NSEC.Effluent.NO5",0.242580757585193,0.751288226788385,"3,2"
"2890","Pump.Flow.Based.PAA.Dose + Temp..of.NSEC.Main.Ch. + TSS..mg.L. + UVT.... + NSEC.Effluent.TSS + NSEC.Effluent.Flow",0.209055753246921,0.819629308730598,"3,2"
"2891","Pump.Flow.Based.PAA.Dose + Temp..of.NSEC.Main.Ch. + TSS..mg.L. + UVT.... + NSEC.Effluent.NO5 + NSEC.Effluent.Flow",0.14603792096397,0.817708344985386,"3,2"
"2892","Pump.Flow.Based.PAA.Dose + Temp..of.NSEC.Main.Ch. + TSS..mg.L. + CODds..mg.L. + SACto..1.m. + NSEC.Aerobic.SRT",0.282736869245675,0.778394811312316,"3,2"
"2893","Pump.Flow.Based.PAA.Dose + Temp..of.NSEC.Main.Ch. + TSS..mg.L. + CODds..mg.L. + SACto..1.m. + NSEC.Effluent.NH3",0.326219513679695,0.743381929716822,"3,2"
"2894","Pump.Flow.Based.PAA.Dose + Temp..of.NSEC.Main.Ch. + TSS..mg.L. + CODds..mg.L. + SACto..1.m. + NSEC.Effluent.NO3",0.327949643479648,0.736323360523977,"3,2"
"2895","Pump.Flow.Based.PAA.Dose + Temp..of.NSEC.Main.Ch. + TSS..mg.L. + CODds..mg.L. + SACto..1.m. + NSEC.Effluent.OP",0.295118705378083,0.757425597692123,"3,2"
"2896","Pump.Flow.Based.PAA.Dose + Temp..of.NSEC.Main.Ch. + TSS..mg.L. + CODds..mg.L. + SACto..1.m. + NSEC.Effluent.TSS",0.230130405171088,0.766213705881016,"3,2"
"2897","Pump.Flow.Based.PAA.Dose + Temp..of.NSEC.Main.Ch. + TSS..mg.L. + CODds..mg.L. + SACto..1.m. + NSEC.Effluent.NO5",0.24127033949357,0.741832749054992,"3,2"
"2898","Pump.Flow.Based.PAA.Dose + Temp..of.NSEC.Main.Ch. + TSS..mg.L. + CODds..mg.L. + SACto..1.m. + NSEC.Effluent.Flow",0.0622458124829559,0.843452423841365,"3,2"
"2899","Pump.Flow.Based.PAA.Dose + Temp..of.NSEC.Main.Ch. + TSS..mg.L. + CODds..mg.L. + NSEC.Aerobic.SRT + NSEC.Effluent.NH3",0.190255476381187,0.773911173554537,"3,2"
"2900","Pump.Flow.Based.PAA.Dose + Temp..of.NSEC.Main.Ch. + TSS..mg.L. + CODds..mg.L. + NSEC.Aerobic.SRT + NSEC.Effluent.NO3",0.294361379054339,0.743716876048086,"3,2"
"2901","Pump.Flow.Based.PAA.Dose + Temp..of.NSEC.Main.Ch. + TSS..mg.L. + CODds..mg.L. + NSEC.Aerobic.SRT + NSEC.Effluent.OP",0.342249005424885,0.794322401339812,"3,2"
"2902","Pump.Flow.Based.PAA.Dose + Temp..of.NSEC.Main.Ch. + TSS..mg.L. + CODds..mg.L. + NSEC.Aerobic.SRT + NSEC.Effluent.TSS",0.317269456475384,0.745688642537298,"3,2"
"2903","Pump.Flow.Based.PAA.Dose + Temp..of.NSEC.Main.Ch. + TSS..mg.L. + CODds..mg.L. + NSEC.Aerobic.SRT + NSEC.Effluent.NO5",0.313561427270806,0.776334407916067,"3,2"
"2904","Pump.Flow.Based.PAA.Dose + Temp..of.NSEC.Main.Ch. + TSS..mg.L. + CODds..mg.L. + NSEC.Aerobic.SRT + NSEC.Effluent.Flow",0.108114137419728,0.795654101163651,"3,2"
"2905","Pump.Flow.Based.PAA.Dose + Temp..of.NSEC.Main.Ch. + TSS..mg.L. + CODds..mg.L. + NSEC.Effluent.NH3 + NSEC.Effluent.NO3",0.342112371209019,0.714218872391132,"3,2"
"2906","Pump.Flow.Based.PAA.Dose + Temp..of.NSEC.Main.Ch. + TSS..mg.L. + CODds..mg.L. + NSEC.Effluent.NH3 + NSEC.Effluent.OP",0.3478479538988,0.778302128670749,"3,2"
"2907","Pump.Flow.Based.PAA.Dose + Temp..of.NSEC.Main.Ch. + TSS..mg.L. + CODds..mg.L. + NSEC.Effluent.NH3 + NSEC.Effluent.TSS",0.362643487882081,0.778769612173961,"3,2"
"2908","Pump.Flow.Based.PAA.Dose + Temp..of.NSEC.Main.Ch. + TSS..mg.L. + CODds..mg.L. + NSEC.Effluent.NH3 + NSEC.Effluent.NO5",0.367437981544156,0.782214437903086,"3,2"
"2909","Pump.Flow.Based.PAA.Dose + Temp..of.NSEC.Main.Ch. + TSS..mg.L. + CODds..mg.L. + NSEC.Effluent.NH3 + NSEC.Effluent.Flow",0.217858778948201,0.828084562448089,"3,2"
"2910","Pump.Flow.Based.PAA.Dose + Temp..of.NSEC.Main.Ch. + TSS..mg.L. + CODds..mg.L. + NSEC.Effluent.NO3 + NSEC.Effluent.OP",0.429836602278596,0.798479721492593,"3,2"
"2911","Pump.Flow.Based.PAA.Dose + Temp..of.NSEC.Main.Ch. + TSS..mg.L. + CODds..mg.L. + NSEC.Effluent.NO3 + NSEC.Effluent.TSS",0.43197090778721,0.767695370245446,"3,2"
"2912","Pump.Flow.Based.PAA.Dose + Temp..of.NSEC.Main.Ch. + TSS..mg.L. + CODds..mg.L. + NSEC.Effluent.NO3 + NSEC.Effluent.NO5",0.327881920452546,0.737627939336074,"3,2"
"2913","Pump.Flow.Based.PAA.Dose + Temp..of.NSEC.Main.Ch. + TSS..mg.L. + CODds..mg.L. + NSEC.Effluent.NO3 + NSEC.Effluent.Flow",0.219260808787878,0.843570813775354,"3,2"
"2914","Pump.Flow.Based.PAA.Dose + Temp..of.NSEC.Main.Ch. + TSS..mg.L. + CODds..mg.L. + NSEC.Effluent.OP + NSEC.Effluent.TSS",0.333237937581736,0.757053618826371,"3,2"
"2915","Pump.Flow.Based.PAA.Dose + Temp..of.NSEC.Main.Ch. + TSS..mg.L. + CODds..mg.L. + NSEC.Effluent.OP + NSEC.Effluent.NO5",0.322912084063442,0.76626439559505,"3,2"
"2916","Pump.Flow.Based.PAA.Dose + Temp..of.NSEC.Main.Ch. + TSS..mg.L. + CODds..mg.L. + NSEC.Effluent.OP + NSEC.Effluent.Flow",0.114114724616567,0.850811769394175,"3,2"
"2917","Pump.Flow.Based.PAA.Dose + Temp..of.NSEC.Main.Ch. + TSS..mg.L. + CODds..mg.L. + NSEC.Effluent.TSS + NSEC.Effluent.NO5",0.308603645616925,0.736625675116229,"3,2"
"2918","Pump.Flow.Based.PAA.Dose + Temp..of.NSEC.Main.Ch. + TSS..mg.L. + CODds..mg.L. + NSEC.Effluent.TSS + NSEC.Effluent.Flow",0.141111450078176,0.792374843119273,"3,2"
"2919","Pump.Flow.Based.PAA.Dose + Temp..of.NSEC.Main.Ch. + TSS..mg.L. + CODds..mg.L. + NSEC.Effluent.NO5 + NSEC.Effluent.Flow",0.0460930672047946,0.824293362058798,"3,2"
"2920","Pump.Flow.Based.PAA.Dose + Temp..of.NSEC.Main.Ch. + TSS..mg.L. + SACto..1.m. + NSEC.Aerobic.SRT + NSEC.Effluent.NH3",0.283174136614316,0.754180943805656,"3,2"
"2921","Pump.Flow.Based.PAA.Dose + Temp..of.NSEC.Main.Ch. + TSS..mg.L. + SACto..1.m. + NSEC.Aerobic.SRT + NSEC.Effluent.NO3",0.285931765925046,0.808289026184926,"3,2"
"2922","Pump.Flow.Based.PAA.Dose + Temp..of.NSEC.Main.Ch. + TSS..mg.L. + SACto..1.m. + NSEC.Aerobic.SRT + NSEC.Effluent.OP",0.234716648121688,0.789403646431931,"3,2"
"2923","Pump.Flow.Based.PAA.Dose + Temp..of.NSEC.Main.Ch. + TSS..mg.L. + SACto..1.m. + NSEC.Aerobic.SRT + NSEC.Effluent.TSS",0.191014058057662,0.796645240022806,"3,2"
"2924","Pump.Flow.Based.PAA.Dose + Temp..of.NSEC.Main.Ch. + TSS..mg.L. + SACto..1.m. + NSEC.Aerobic.SRT + NSEC.Effluent.NO5",0.302895889104903,0.764965010561444,"3,2"
"2925","Pump.Flow.Based.PAA.Dose + Temp..of.NSEC.Main.Ch. + TSS..mg.L. + SACto..1.m. + NSEC.Aerobic.SRT + NSEC.Effluent.Flow",0.219383009781636,0.8374605296018,"3,2"
"2926","Pump.Flow.Based.PAA.Dose + Temp..of.NSEC.Main.Ch. + TSS..mg.L. + SACto..1.m. + NSEC.Effluent.NH3 + NSEC.Effluent.NO3",0.302693693432065,0.810470932681934,"3,2"
"2927","Pump.Flow.Based.PAA.Dose + Temp..of.NSEC.Main.Ch. + TSS..mg.L. + SACto..1.m. + NSEC.Effluent.NH3 + NSEC.Effluent.OP",0.266171504587741,0.770603323189323,"3,2"
"2928","Pump.Flow.Based.PAA.Dose + Temp..of.NSEC.Main.Ch. + TSS..mg.L. + SACto..1.m. + NSEC.Effluent.NH3 + NSEC.Effluent.TSS",0.398680910093055,0.737110869436668,"3,2"
"2929","Pump.Flow.Based.PAA.Dose + Temp..of.NSEC.Main.Ch. + TSS..mg.L. + SACto..1.m. + NSEC.Effluent.NH3 + NSEC.Effluent.NO5",0.347670106537236,0.713787671761491,"3,2"
"2930","Pump.Flow.Based.PAA.Dose + Temp..of.NSEC.Main.Ch. + TSS..mg.L. + SACto..1.m. + NSEC.Effluent.NH3 + NSEC.Effluent.Flow",0.0737315994517755,0.825372717106036,"3,2"
"2931","Pump.Flow.Based.PAA.Dose + Temp..of.NSEC.Main.Ch. + TSS..mg.L. + SACto..1.m. + NSEC.Effluent.NO3 + NSEC.Effluent.OP",0.264932123786713,0.776002115493604,"3,2"
"2932","Pump.Flow.Based.PAA.Dose + Temp..of.NSEC.Main.Ch. + TSS..mg.L. + SACto..1.m. + NSEC.Effluent.NO3 + NSEC.Effluent.TSS",0.354783828724105,0.769941069888947,"3,2"
"2933","Pump.Flow.Based.PAA.Dose + Temp..of.NSEC.Main.Ch. + TSS..mg.L. + SACto..1.m. + NSEC.Effluent.NO3 + NSEC.Effluent.NO5",0.364359396596288,0.779793369181227,"3,2"
"2934","Pump.Flow.Based.PAA.Dose + Temp..of.NSEC.Main.Ch. + TSS..mg.L. + SACto..1.m. + NSEC.Effluent.NO3 + NSEC.Effluent.Flow",0.198697338463407,0.849167797508193,"3,2"
"2935","Pump.Flow.Based.PAA.Dose + Temp..of.NSEC.Main.Ch. + TSS..mg.L. + SACto..1.m. + NSEC.Effluent.OP + NSEC.Effluent.TSS",0.331557802017121,0.775291736847958,"3,2"
"2936","Pump.Flow.Based.PAA.Dose + Temp..of.NSEC.Main.Ch. + TSS..mg.L. + SACto..1.m. + NSEC.Effluent.OP + NSEC.Effluent.NO5",0.355944835118541,0.762454650443163,"3,2"
"2937","Pump.Flow.Based.PAA.Dose + Temp..of.NSEC.Main.Ch. + TSS..mg.L. + SACto..1.m. + NSEC.Effluent.OP + NSEC.Effluent.Flow",0.124853239200602,0.802183730620333,"3,2"
"2938","Pump.Flow.Based.PAA.Dose + Temp..of.NSEC.Main.Ch. + TSS..mg.L. + SACto..1.m. + NSEC.Effluent.TSS + NSEC.Effluent.NO5",0.373818480448116,0.759984556998728,"3,2"
"2939","Pump.Flow.Based.PAA.Dose + Temp..of.NSEC.Main.Ch. + TSS..mg.L. + SACto..1.m. + NSEC.Effluent.TSS + NSEC.Effluent.Flow",0.161749996695008,0.813426164341947,"3,2"
"2940","Pump.Flow.Based.PAA.Dose + Temp..of.NSEC.Main.Ch. + TSS..mg.L. + SACto..1.m. + NSEC.Effluent.NO5 + NSEC.Effluent.Flow",0.0891177835193138,0.821084792020475,"3,2"
"2941","Pump.Flow.Based.PAA.Dose + Temp..of.NSEC.Main.Ch. + TSS..mg.L. + NSEC.Aerobic.SRT + NSEC.Effluent.NH3 + NSEC.Effluent.NO3",0.303593573495662,0.740659383799691,"3,2"
"2942","Pump.Flow.Based.PAA.Dose + Temp..of.NSEC.Main.Ch. + TSS..mg.L. + NSEC.Aerobic.SRT + NSEC.Effluent.NH3 + NSEC.Effluent.OP",0.327273311960557,0.772181470575381,"3,2"
"2943","Pump.Flow.Based.PAA.Dose + Temp..of.NSEC.Main.Ch. + TSS..mg.L. + NSEC.Aerobic.SRT + NSEC.Effluent.NH3 + NSEC.Effluent.TSS",0.350156320744639,0.751166833398598,"3,2"
"2944","Pump.Flow.Based.PAA.Dose + Temp..of.NSEC.Main.Ch. + TSS..mg.L. + NSEC.Aerobic.SRT + NSEC.Effluent.NH3 + NSEC.Effluent.NO5",0.319847261672728,0.750034094494747,"3,2"
"2945","Pump.Flow.Based.PAA.Dose + Temp..of.NSEC.Main.Ch. + TSS..mg.L. + NSEC.Aerobic.SRT + NSEC.Effluent.NH3 + NSEC.Effluent.Flow",0.178962492791813,0.803332744143923,"3,2"
"2946","Pump.Flow.Based.PAA.Dose + Temp..of.NSEC.Main.Ch. + TSS..mg.L. + NSEC.Aerobic.SRT + NSEC.Effluent.NO3 + NSEC.Effluent.OP",0.360253958904245,0.777488466441572,"3,2"
"2947","Pump.Flow.Based.PAA.Dose + Temp..of.NSEC.Main.Ch. + TSS..mg.L. + NSEC.Aerobic.SRT + NSEC.Effluent.NO3 + NSEC.Effluent.TSS",0.321434376587814,0.757858581693525,"3,2"
"2948","Pump.Flow.Based.PAA.Dose + Temp..of.NSEC.Main.Ch. + TSS..mg.L. + NSEC.Aerobic.SRT + NSEC.Effluent.NO3 + NSEC.Effluent.NO5",0.34116723702931,0.736076023583509,"3,2"
"2949","Pump.Flow.Based.PAA.Dose + Temp..of.NSEC.Main.Ch. + TSS..mg.L. + NSEC.Aerobic.SRT + NSEC.Effluent.NO3 + NSEC.Effluent.Flow",0.224109093356263,0.824604359543738,"3,2"
"2950","Pump.Flow.Based.PAA.Dose + Temp..of.NSEC.Main.Ch. + TSS..mg.L. + NSEC.Aerobic.SRT + NSEC.Effluent.OP + NSEC.Effluent.TSS",0.338852953672697,0.757964500932648,"3,2"
"2951","Pump.Flow.Based.PAA.Dose + Temp..of.NSEC.Main.Ch. + TSS..mg.L. + NSEC.Aerobic.SRT + NSEC.Effluent.OP + NSEC.Effluent.NO5",0.270627406824404,0.791883588452878,"3,2"
"2952","Pump.Flow.Based.PAA.Dose + Temp..of.NSEC.Main.Ch. + TSS..mg.L. + NSEC.Aerobic.SRT + NSEC.Effluent.OP + NSEC.Effluent.Flow",0.235429458133018,0.797512312767284,"3,2"
"2953","Pump.Flow.Based.PAA.Dose + Temp..of.NSEC.Main.Ch. + TSS..mg.L. + NSEC.Aerobic.SRT + NSEC.Effluent.TSS + NSEC.Effluent.NO5",0.329907585620035,0.763021841960661,"3,2"
"2954","Pump.Flow.Based.PAA.Dose + Temp..of.NSEC.Main.Ch. + TSS..mg.L. + NSEC.Aerobic.SRT + NSEC.Effluent.TSS + NSEC.Effluent.Flow",0.238872714153728,0.794002087241572,"3,2"
"2955","Pump.Flow.Based.PAA.Dose + Temp..of.NSEC.Main.Ch. + TSS..mg.L. + NSEC.Aerobic.SRT + NSEC.Effluent.NO5 + NSEC.Effluent.Flow",0.262471973839266,0.832600462669595,"3,2"
"2956","Pump.Flow.Based.PAA.Dose + Temp..of.NSEC.Main.Ch. + TSS..mg.L. + NSEC.Effluent.NH3 + NSEC.Effluent.NO3 + NSEC.Effluent.OP",0.338730686035313,0.793933718225253,"3,2"
"2957","Pump.Flow.Based.PAA.Dose + Temp..of.NSEC.Main.Ch. + TSS..mg.L. + NSEC.Effluent.NH3 + NSEC.Effluent.NO3 + NSEC.Effluent.TSS",0.351927350785588,0.771343531655725,"3,2"
"2958","Pump.Flow.Based.PAA.Dose + Temp..of.NSEC.Main.Ch. + TSS..mg.L. + NSEC.Effluent.NH3 + NSEC.Effluent.NO3 + NSEC.Effluent.NO5",0.343895708497099,0.768856000553384,"3,2"
"2959","Pump.Flow.Based.PAA.Dose + Temp..of.NSEC.Main.Ch. + TSS..mg.L. + NSEC.Effluent.NH3 + NSEC.Effluent.NO3 + NSEC.Effluent.Flow",0.282580696068305,0.86537215480476,"3,2"
"2960","Pump.Flow.Based.PAA.Dose + Temp..of.NSEC.Main.Ch. + TSS..mg.L. + NSEC.Effluent.NH3 + NSEC.Effluent.OP + NSEC.Effluent.TSS",0.377587899143528,0.775560059487399,"3,2"
"2961","Pump.Flow.Based.PAA.Dose + Temp..of.NSEC.Main.Ch. + TSS..mg.L. + NSEC.Effluent.NH3 + NSEC.Effluent.OP + NSEC.Effluent.NO5",0.363489142300776,0.781511562706632,"3,2"
"2962","Pump.Flow.Based.PAA.Dose + Temp..of.NSEC.Main.Ch. + TSS..mg.L. + NSEC.Effluent.NH3 + NSEC.Effluent.OP + NSEC.Effluent.Flow",0.16604976059853,0.806728459080906,"3,2"
"2963","Pump.Flow.Based.PAA.Dose + Temp..of.NSEC.Main.Ch. + TSS..mg.L. + NSEC.Effluent.NH3 + NSEC.Effluent.TSS + NSEC.Effluent.NO5",0.507527169392752,0.786178332935001,"3,2"
"2964","Pump.Flow.Based.PAA.Dose + Temp..of.NSEC.Main.Ch. + TSS..mg.L. + NSEC.Effluent.NH3 + NSEC.Effluent.TSS + NSEC.Effluent.Flow",0.129919353677581,0.827118247531613,"3,2"
"2965","Pump.Flow.Based.PAA.Dose + Temp..of.NSEC.Main.Ch. + TSS..mg.L. + NSEC.Effluent.NH3 + NSEC.Effluent.NO5 + NSEC.Effluent.Flow",0.242758452996958,0.857286284433289,"3,2"
"2966","Pump.Flow.Based.PAA.Dose + Temp..of.NSEC.Main.Ch. + TSS..mg.L. + NSEC.Effluent.NO3 + NSEC.Effluent.OP + NSEC.Effluent.TSS",0.387503329704716,0.787485106273499,"3,2"
"2967","Pump.Flow.Based.PAA.Dose + Temp..of.NSEC.Main.Ch. + TSS..mg.L. + NSEC.Effluent.NO3 + NSEC.Effluent.OP + NSEC.Effluent.NO5",0.383468868052781,0.779351592839886,"3,2"
"2968","Pump.Flow.Based.PAA.Dose + Temp..of.NSEC.Main.Ch. + TSS..mg.L. + NSEC.Effluent.NO3 + NSEC.Effluent.OP + NSEC.Effluent.Flow",0.193377574261984,0.840731230344117,"3,2"
"2969","Pump.Flow.Based.PAA.Dose + Temp..of.NSEC.Main.Ch. + TSS..mg.L. + NSEC.Effluent.NO3 + NSEC.Effluent.TSS + NSEC.Effluent.NO5",0.445094392295597,0.810760614650369,"3,2"
"2970","Pump.Flow.Based.PAA.Dose + Temp..of.NSEC.Main.Ch. + TSS..mg.L. + NSEC.Effluent.NO3 + NSEC.Effluent.TSS + NSEC.Effluent.Flow",0.104677324747491,0.836941435192294,"3,2"
"2971","Pump.Flow.Based.PAA.Dose + Temp..of.NSEC.Main.Ch. + TSS..mg.L. + NSEC.Effluent.NO3 + NSEC.Effluent.NO5 + NSEC.Effluent.Flow",0.13629433736232,0.82675975768861,"3,2"
"2972","Pump.Flow.Based.PAA.Dose + Temp..of.NSEC.Main.Ch. + TSS..mg.L. + NSEC.Effluent.OP + NSEC.Effluent.TSS + NSEC.Effluent.NO5",0.380972820711557,0.778660107088268,"3,2"
"2973","Pump.Flow.Based.PAA.Dose + Temp..of.NSEC.Main.Ch. + TSS..mg.L. + NSEC.Effluent.OP + NSEC.Effluent.TSS + NSEC.Effluent.Flow",0.228540113770705,0.837495867100212,"3,2"
"2974","Pump.Flow.Based.PAA.Dose + Temp..of.NSEC.Main.Ch. + TSS..mg.L. + NSEC.Effluent.OP + NSEC.Effluent.NO5 + NSEC.Effluent.Flow",0.114821358819031,0.819940494573472,"3,2"
"2975","Pump.Flow.Based.PAA.Dose + Temp..of.NSEC.Main.Ch. + TSS..mg.L. + NSEC.Effluent.TSS + NSEC.Effluent.NO5 + NSEC.Effluent.Flow",0.259194311252986,0.816468745160636,"3,2"
"2976","Pump.Flow.Based.PAA.Dose + Temp..of.NSEC.Main.Ch. + UVT.... + CODds..mg.L. + SACto..1.m. + NSEC.Aerobic.SRT",0.346940540312175,0.738512413332079,"3,2"
"2977","Pump.Flow.Based.PAA.Dose + Temp..of.NSEC.Main.Ch. + UVT.... + CODds..mg.L. + SACto..1.m. + NSEC.Effluent.NH3",0.334155902908867,0.733301581279581,"3,2"
"2978","Pump.Flow.Based.PAA.Dose + Temp..of.NSEC.Main.Ch. + UVT.... + CODds..mg.L. + SACto..1.m. + NSEC.Effluent.NO3",0.381352526618267,0.759017511300508,"3,2"
"2979","Pump.Flow.Based.PAA.Dose + Temp..of.NSEC.Main.Ch. + UVT.... + CODds..mg.L. + SACto..1.m. + NSEC.Effluent.OP",0.247412381968412,0.768697670611041,"3,2"
"2980","Pump.Flow.Based.PAA.Dose + Temp..of.NSEC.Main.Ch. + UVT.... + CODds..mg.L. + SACto..1.m. + NSEC.Effluent.TSS",0.204925236154901,0.739412443049405,"3,2"
"2981","Pump.Flow.Based.PAA.Dose + Temp..of.NSEC.Main.Ch. + UVT.... + CODds..mg.L. + SACto..1.m. + NSEC.Effluent.NO5",0.229177231583921,0.742851702575539,"3,2"
"2982","Pump.Flow.Based.PAA.Dose + Temp..of.NSEC.Main.Ch. + UVT.... + CODds..mg.L. + SACto..1.m. + NSEC.Effluent.Flow",0.176798783646949,0.810616376080408,"3,2"
"2983","Pump.Flow.Based.PAA.Dose + Temp..of.NSEC.Main.Ch. + UVT.... + CODds..mg.L. + NSEC.Aerobic.SRT + NSEC.Effluent.NH3",0.253665476242393,0.760903416929751,"3,2"
"2984","Pump.Flow.Based.PAA.Dose + Temp..of.NSEC.Main.Ch. + UVT.... + CODds..mg.L. + NSEC.Aerobic.SRT + NSEC.Effluent.NO3",0.288965191174681,0.754636993037562,"3,2"
"2985","Pump.Flow.Based.PAA.Dose + Temp..of.NSEC.Main.Ch. + UVT.... + CODds..mg.L. + NSEC.Aerobic.SRT + NSEC.Effluent.OP",0.198921086005985,0.752627417447025,"3,2"
"2986","Pump.Flow.Based.PAA.Dose + Temp..of.NSEC.Main.Ch. + UVT.... + CODds..mg.L. + NSEC.Aerobic.SRT + NSEC.Effluent.TSS",0.228149168575719,0.774029194461032,"3,2"
"2987","Pump.Flow.Based.PAA.Dose + Temp..of.NSEC.Main.Ch. + UVT.... + CODds..mg.L. + NSEC.Aerobic.SRT + NSEC.Effluent.NO5",0.268506917208856,0.750298824409639,"3,2"
"2988","Pump.Flow.Based.PAA.Dose + Temp..of.NSEC.Main.Ch. + UVT.... + CODds..mg.L. + NSEC.Aerobic.SRT + NSEC.Effluent.Flow",0.16509848892367,0.813776468782813,"3,2"
"2989","Pump.Flow.Based.PAA.Dose + Temp..of.NSEC.Main.Ch. + UVT.... + CODds..mg.L. + NSEC.Effluent.NH3 + NSEC.Effluent.NO3",0.2684337950016,0.745938690870029,"3,2"
"2990","Pump.Flow.Based.PAA.Dose + Temp..of.NSEC.Main.Ch. + UVT.... + CODds..mg.L. + NSEC.Effluent.NH3 + NSEC.Effluent.OP",0.259469428708767,0.762226394416266,"3,2"
"2991","Pump.Flow.Based.PAA.Dose + Temp..of.NSEC.Main.Ch. + UVT.... + CODds..mg.L. + NSEC.Effluent.NH3 + NSEC.Effluent.TSS",0.373521478147176,0.79428805263305,"3,2"
"2992","Pump.Flow.Based.PAA.Dose + Temp..of.NSEC.Main.Ch. + UVT.... + CODds..mg.L. + NSEC.Effluent.NH3 + NSEC.Effluent.NO5",0.315643264351065,0.748844357535137,"3,2"
"2993","Pump.Flow.Based.PAA.Dose + Temp..of.NSEC.Main.Ch. + UVT.... + CODds..mg.L. + NSEC.Effluent.NH3 + NSEC.Effluent.Flow",0.0756021148970021,0.80382370642296,"3,2"
"2994","Pump.Flow.Based.PAA.Dose + Temp..of.NSEC.Main.Ch. + UVT.... + CODds..mg.L. + NSEC.Effluent.NO3 + NSEC.Effluent.OP",0.29650746657705,0.778048521478855,"3,2"
"2995","Pump.Flow.Based.PAA.Dose + Temp..of.NSEC.Main.Ch. + UVT.... + CODds..mg.L. + NSEC.Effluent.NO3 + NSEC.Effluent.TSS",0.239794519486417,0.797357365584106,"3,2"
"2996","Pump.Flow.Based.PAA.Dose + Temp..of.NSEC.Main.Ch. + UVT.... + CODds..mg.L. + NSEC.Effluent.NO3 + NSEC.Effluent.NO5",0.412414457418711,0.761201250055621,"3,2"
"2997","Pump.Flow.Based.PAA.Dose + Temp..of.NSEC.Main.Ch. + UVT.... + CODds..mg.L. + NSEC.Effluent.NO3 + NSEC.Effluent.Flow",0.26878705437128,0.828056404508432,"3,2"
"2998","Pump.Flow.Based.PAA.Dose + Temp..of.NSEC.Main.Ch. + UVT.... + CODds..mg.L. + NSEC.Effluent.OP + NSEC.Effluent.TSS",0.214821418348111,0.795867437969515,"3,2"
"2999","Pump.Flow.Based.PAA.Dose + Temp..of.NSEC.Main.Ch. + UVT.... + CODds..mg.L. + NSEC.Effluent.OP + NSEC.Effluent.NO5",0.285331745006558,0.766374689620001,"3,2"
"3000","Pump.Flow.Based.PAA.Dose + Temp..of.NSEC.Main.Ch. + UVT.... + CODds..mg.L. + NSEC.Effluent.OP + NSEC.Effluent.Flow",0.187517380186797,0.82301566816001,"3,2"
"3001","Pump.Flow.Based.PAA.Dose + Temp..of.NSEC.Main.Ch. + UVT.... + CODds..mg.L. + NSEC.Effluent.TSS + NSEC.Effluent.NO5",0.483435736789846,0.774665484031492,"3,2"
"3002","Pump.Flow.Based.PAA.Dose + Temp..of.NSEC.Main.Ch. + UVT.... + CODds..mg.L. + NSEC.Effluent.TSS + NSEC.Effluent.Flow",0.177502215384635,0.803570987403057,"3,2"
"3003","Pump.Flow.Based.PAA.Dose + Temp..of.NSEC.Main.Ch. + UVT.... + CODds..mg.L. + NSEC.Effluent.NO5 + NSEC.Effluent.Flow",0.29839891761763,0.852826778763961,"3,2"
"3004","Pump.Flow.Based.PAA.Dose + Temp..of.NSEC.Main.Ch. + UVT.... + SACto..1.m. + NSEC.Aerobic.SRT + NSEC.Effluent.NH3",0.272647493412322,0.773790803254194,"3,2"
"3005","Pump.Flow.Based.PAA.Dose + Temp..of.NSEC.Main.Ch. + UVT.... + SACto..1.m. + NSEC.Aerobic.SRT + NSEC.Effluent.NO3",0.337368345555283,0.773180427502109,"3,2"
"3006","Pump.Flow.Based.PAA.Dose + Temp..of.NSEC.Main.Ch. + UVT.... + SACto..1.m. + NSEC.Aerobic.SRT + NSEC.Effluent.OP",0.277765991291084,0.785590632239261,"3,2"
"3007","Pump.Flow.Based.PAA.Dose + Temp..of.NSEC.Main.Ch. + UVT.... + SACto..1.m. + NSEC.Aerobic.SRT + NSEC.Effluent.TSS",0.30716231912014,0.785039395538238,"3,2"
"3008","Pump.Flow.Based.PAA.Dose + Temp..of.NSEC.Main.Ch. + UVT.... + SACto..1.m. + NSEC.Aerobic.SRT + NSEC.Effluent.NO5",0.193573178384412,0.000652959417990243,"3,2"
"3009","Pump.Flow.Based.PAA.Dose + Temp..of.NSEC.Main.Ch. + UVT.... + SACto..1.m. + NSEC.Aerobic.SRT + NSEC.Effluent.Flow",0.1877794778273,0.803474246630576,"3,2"
"3010","Pump.Flow.Based.PAA.Dose + Temp..of.NSEC.Main.Ch. + UVT.... + SACto..1.m. + NSEC.Effluent.NH3 + NSEC.Effluent.NO3",0.288242797577722,0.780718989873882,"3,2"
"3011","Pump.Flow.Based.PAA.Dose + Temp..of.NSEC.Main.Ch. + UVT.... + SACto..1.m. + NSEC.Effluent.NH3 + NSEC.Effluent.OP",0.303498255712584,0.7503285023195,"3,2"
"3012","Pump.Flow.Based.PAA.Dose + Temp..of.NSEC.Main.Ch. + UVT.... + SACto..1.m. + NSEC.Effluent.NH3 + NSEC.Effluent.TSS",0.405348600692937,0.724218246341266,"3,2"
"3013","Pump.Flow.Based.PAA.Dose + Temp..of.NSEC.Main.Ch. + UVT.... + SACto..1.m. + NSEC.Effluent.NH3 + NSEC.Effluent.NO5",0.350982612022639,0.733450052055697,"3,2"
"3014","Pump.Flow.Based.PAA.Dose + Temp..of.NSEC.Main.Ch. + UVT.... + SACto..1.m. + NSEC.Effluent.NH3 + NSEC.Effluent.Flow",0.210294768062134,0.832233951662913,"3,2"
"3015","Pump.Flow.Based.PAA.Dose + Temp..of.NSEC.Main.Ch. + UVT.... + SACto..1.m. + NSEC.Effluent.NO3 + NSEC.Effluent.OP",0.308851687346478,0.769308574610452,"3,2"
"3016","Pump.Flow.Based.PAA.Dose + Temp..of.NSEC.Main.Ch. + UVT.... + SACto..1.m. + NSEC.Effluent.NO3 + NSEC.Effluent.TSS",0.386490592387686,0.79097380320761,"3,2"
"3017","Pump.Flow.Based.PAA.Dose + Temp..of.NSEC.Main.Ch. + UVT.... + SACto..1.m. + NSEC.Effluent.NO3 + NSEC.Effluent.NO5",0.333159255093864,0.823880986555308,"3,2"
"3018","Pump.Flow.Based.PAA.Dose + Temp..of.NSEC.Main.Ch. + UVT.... + SACto..1.m. + NSEC.Effluent.NO3 + NSEC.Effluent.Flow",0.107473788565639,0.813217253873882,"3,2"
"3019","Pump.Flow.Based.PAA.Dose + Temp..of.NSEC.Main.Ch. + UVT.... + SACto..1.m. + NSEC.Effluent.OP + NSEC.Effluent.TSS",0.392897752757177,0.775951231736296,"3,2"
"3020","Pump.Flow.Based.PAA.Dose + Temp..of.NSEC.Main.Ch. + UVT.... + SACto..1.m. + NSEC.Effluent.OP + NSEC.Effluent.NO5",0.324329349062284,0.76487498408352,"3,2"
"3021","Pump.Flow.Based.PAA.Dose + Temp..of.NSEC.Main.Ch. + UVT.... + SACto..1.m. + NSEC.Effluent.OP + NSEC.Effluent.Flow",0.199429281773955,0.844265230260823,"3,2"
"3022","Pump.Flow.Based.PAA.Dose + Temp..of.NSEC.Main.Ch. + UVT.... + SACto..1.m. + NSEC.Effluent.TSS + NSEC.Effluent.NO5",0.387989420653635,0.733662058831811,"3,2"
"3023","Pump.Flow.Based.PAA.Dose + Temp..of.NSEC.Main.Ch. + UVT.... + SACto..1.m. + NSEC.Effluent.TSS + NSEC.Effluent.Flow",0.166518584152021,0.798334273667218,"3,2"
"3024","Pump.Flow.Based.PAA.Dose + Temp..of.NSEC.Main.Ch. + UVT.... + SACto..1.m. + NSEC.Effluent.NO5 + NSEC.Effluent.Flow",0.152952832481215,0.818137927782221,"3,2"
"3025","Pump.Flow.Based.PAA.Dose + Temp..of.NSEC.Main.Ch. + UVT.... + NSEC.Aerobic.SRT + NSEC.Effluent.NH3 + NSEC.Effluent.NO3",0.304613677350491,0.743503165625028,"3,2"
"3026","Pump.Flow.Based.PAA.Dose + Temp..of.NSEC.Main.Ch. + UVT.... + NSEC.Aerobic.SRT + NSEC.Effluent.NH3 + NSEC.Effluent.OP",0.326557783479177,0.746009795389454,"3,2"
"3027","Pump.Flow.Based.PAA.Dose + Temp..of.NSEC.Main.Ch. + UVT.... + NSEC.Aerobic.SRT + NSEC.Effluent.NH3 + NSEC.Effluent.TSS",0.281397872339365,0.770060543643406,"3,2"
"3028","Pump.Flow.Based.PAA.Dose + Temp..of.NSEC.Main.Ch. + UVT.... + NSEC.Aerobic.SRT + NSEC.Effluent.NH3 + NSEC.Effluent.NO5",0.332577998173898,0.739572397954942,"3,2"
"3029","Pump.Flow.Based.PAA.Dose + Temp..of.NSEC.Main.Ch. + UVT.... + NSEC.Aerobic.SRT + NSEC.Effluent.NH3 + NSEC.Effluent.Flow",0.223632184261203,0.808937582653691,"3,2"
"3030","Pump.Flow.Based.PAA.Dose + Temp..of.NSEC.Main.Ch. + UVT.... + NSEC.Aerobic.SRT + NSEC.Effluent.NO3 + NSEC.Effluent.OP",0.322603092248204,0.762003069829181,"3,2"
"3031","Pump.Flow.Based.PAA.Dose + Temp..of.NSEC.Main.Ch. + UVT.... + NSEC.Aerobic.SRT + NSEC.Effluent.NO3 + NSEC.Effluent.TSS",0.235674867619355,0.738148125437954,"3,2"
"3032","Pump.Flow.Based.PAA.Dose + Temp..of.NSEC.Main.Ch. + UVT.... + NSEC.Aerobic.SRT + NSEC.Effluent.NO3 + NSEC.Effluent.NO5",0.325033700027268,0.753294347501439,"3,2"
"3033","Pump.Flow.Based.PAA.Dose + Temp..of.NSEC.Main.Ch. + UVT.... + NSEC.Aerobic.SRT + NSEC.Effluent.NO3 + NSEC.Effluent.Flow",0.216317808889847,0.833997303457375,"3,2"
"3034","Pump.Flow.Based.PAA.Dose + Temp..of.NSEC.Main.Ch. + UVT.... + NSEC.Aerobic.SRT + NSEC.Effluent.OP + NSEC.Effluent.TSS",0.248227650894198,0.819803172190233,"3,2"
"3035","Pump.Flow.Based.PAA.Dose + Temp..of.NSEC.Main.Ch. + UVT.... + NSEC.Aerobic.SRT + NSEC.Effluent.OP + NSEC.Effluent.NO5",0.282859033028156,0.77061483789121,"3,2"
"3036","Pump.Flow.Based.PAA.Dose + Temp..of.NSEC.Main.Ch. + UVT.... + NSEC.Aerobic.SRT + NSEC.Effluent.OP + NSEC.Effluent.Flow",0.215856821241367,0.833563042950276,"3,2"
"3037","Pump.Flow.Based.PAA.Dose + Temp..of.NSEC.Main.Ch. + UVT.... + NSEC.Aerobic.SRT + NSEC.Effluent.TSS + NSEC.Effluent.NO5",0.344220397004944,0.777488255286007,"3,2"
"3038","Pump.Flow.Based.PAA.Dose + Temp..of.NSEC.Main.Ch. + UVT.... + NSEC.Aerobic.SRT + NSEC.Effluent.TSS + NSEC.Effluent.Flow",0.24773423102814,0.808701278990055,"3,2"
"3039","Pump.Flow.Based.PAA.Dose + Temp..of.NSEC.Main.Ch. + UVT.... + NSEC.Aerobic.SRT + NSEC.Effluent.NO5 + NSEC.Effluent.Flow",0.14478005462561,0.812005975697357,"3,2"
"3040","Pump.Flow.Based.PAA.Dose + Temp..of.NSEC.Main.Ch. + UVT.... + NSEC.Effluent.NH3 + NSEC.Effluent.NO3 + NSEC.Effluent.OP",0.329461685858239,0.772531944039372,"3,2"
"3041","Pump.Flow.Based.PAA.Dose + Temp..of.NSEC.Main.Ch. + UVT.... + NSEC.Effluent.NH3 + NSEC.Effluent.NO3 + NSEC.Effluent.TSS",0.396825558246645,0.789200618402542,"3,2"
"3042","Pump.Flow.Based.PAA.Dose + Temp..of.NSEC.Main.Ch. + UVT.... + NSEC.Effluent.NH3 + NSEC.Effluent.NO3 + NSEC.Effluent.NO5",0.473802382873145,0.801230114053112,"3,2"
"3043","Pump.Flow.Based.PAA.Dose + Temp..of.NSEC.Main.Ch. + UVT.... + NSEC.Effluent.NH3 + NSEC.Effluent.NO3 + NSEC.Effluent.Flow",0.262147100213585,0.840537516279512,"3,2"
"3044","Pump.Flow.Based.PAA.Dose + Temp..of.NSEC.Main.Ch. + UVT.... + NSEC.Effluent.NH3 + NSEC.Effluent.OP + NSEC.Effluent.TSS",0.407032807794812,0.764246547816476,"3,2"
"3045","Pump.Flow.Based.PAA.Dose + Temp..of.NSEC.Main.Ch. + UVT.... + NSEC.Effluent.NH3 + NSEC.Effluent.OP + NSEC.Effluent.NO5",0.336235787443335,0.750006889163786,"3,2"
"3046","Pump.Flow.Based.PAA.Dose + Temp..of.NSEC.Main.Ch. + UVT.... + NSEC.Effluent.NH3 + NSEC.Effluent.OP + NSEC.Effluent.Flow",0.106542070929001,0.824089278759872,"3,2"
"3047","Pump.Flow.Based.PAA.Dose + Temp..of.NSEC.Main.Ch. + UVT.... + NSEC.Effluent.NH3 + NSEC.Effluent.TSS + NSEC.Effluent.NO5",0.431758989930306,0.790700870473493,"3,2"
"3048","Pump.Flow.Based.PAA.Dose + Temp..of.NSEC.Main.Ch. + UVT.... + NSEC.Effluent.NH3 + NSEC.Effluent.TSS + NSEC.Effluent.Flow",0.204572670967982,0.806293829151049,"3,2"
"3049","Pump.Flow.Based.PAA.Dose + Temp..of.NSEC.Main.Ch. + UVT.... + NSEC.Effluent.NH3 + NSEC.Effluent.NO5 + NSEC.Effluent.Flow",0.234625296193425,0.820493917925298,"3,2"
"3050","Pump.Flow.Based.PAA.Dose + Temp..of.NSEC.Main.Ch. + UVT.... + NSEC.Effluent.NO3 + NSEC.Effluent.OP + NSEC.Effluent.TSS",0.364543083034127,0.78982068349238,"3,2"
"3051","Pump.Flow.Based.PAA.Dose + Temp..of.NSEC.Main.Ch. + UVT.... + NSEC.Effluent.NO3 + NSEC.Effluent.OP + NSEC.Effluent.NO5",0.329328663309078,0.760173677494108,"3,2"
"3052","Pump.Flow.Based.PAA.Dose + Temp..of.NSEC.Main.Ch. + UVT.... + NSEC.Effluent.NO3 + NSEC.Effluent.OP + NSEC.Effluent.Flow",0.0899807704219275,0.809624000391648,"3,2"
"3053","Pump.Flow.Based.PAA.Dose + Temp..of.NSEC.Main.Ch. + UVT.... + NSEC.Effluent.NO3 + NSEC.Effluent.TSS + NSEC.Effluent.NO5",0.284779010100822,0.755512558459778,"3,2"
"3054","Pump.Flow.Based.PAA.Dose + Temp..of.NSEC.Main.Ch. + UVT.... + NSEC.Effluent.NO3 + NSEC.Effluent.TSS + NSEC.Effluent.Flow",0.152253743599072,0.8215562629374,"3,2"
"3055","Pump.Flow.Based.PAA.Dose + Temp..of.NSEC.Main.Ch. + UVT.... + NSEC.Effluent.NO3 + NSEC.Effluent.NO5 + NSEC.Effluent.Flow",0.271933735793457,0.856139036691448,"3,2"
"3056","Pump.Flow.Based.PAA.Dose + Temp..of.NSEC.Main.Ch. + UVT.... + NSEC.Effluent.OP + NSEC.Effluent.TSS + NSEC.Effluent.NO5",0.397733721132701,0.76802471300454,"3,2"
"3057","Pump.Flow.Based.PAA.Dose + Temp..of.NSEC.Main.Ch. + UVT.... + NSEC.Effluent.OP + NSEC.Effluent.TSS + NSEC.Effluent.Flow",0.208321640790432,0.80849416048473,"3,2"
"3058","Pump.Flow.Based.PAA.Dose + Temp..of.NSEC.Main.Ch. + UVT.... + NSEC.Effluent.OP + NSEC.Effluent.NO5 + NSEC.Effluent.Flow",0.0632880669405718,0.826666921076695,"3,2"
"3059","Pump.Flow.Based.PAA.Dose + Temp..of.NSEC.Main.Ch. + UVT.... + NSEC.Effluent.TSS + NSEC.Effluent.NO5 + NSEC.Effluent.Flow",0.130543854549495,0.816994438606445,"3,2"
"3060","Pump.Flow.Based.PAA.Dose + Temp..of.NSEC.Main.Ch. + CODds..mg.L. + SACto..1.m. + NSEC.Aerobic.SRT + NSEC.Effluent.NH3",0.345291883563813,0.773707816886516,"3,2"
"3061","Pump.Flow.Based.PAA.Dose + Temp..of.NSEC.Main.Ch. + CODds..mg.L. + SACto..1.m. + NSEC.Aerobic.SRT + NSEC.Effluent.NO3",0.204876668987172,0.813800852371378,"3,2"
"3062","Pump.Flow.Based.PAA.Dose + Temp..of.NSEC.Main.Ch. + CODds..mg.L. + SACto..1.m. + NSEC.Aerobic.SRT + NSEC.Effluent.OP",0.240990748706126,0.773427845601604,"3,2"
"3063","Pump.Flow.Based.PAA.Dose + Temp..of.NSEC.Main.Ch. + CODds..mg.L. + SACto..1.m. + NSEC.Aerobic.SRT + NSEC.Effluent.TSS",0.188760656847515,0.774465016830588,"3,2"
"3064","Pump.Flow.Based.PAA.Dose + Temp..of.NSEC.Main.Ch. + CODds..mg.L. + SACto..1.m. + NSEC.Aerobic.SRT + NSEC.Effluent.NO5",0.319067105318812,0.750378984565426,"3,2"
"3065","Pump.Flow.Based.PAA.Dose + Temp..of.NSEC.Main.Ch. + CODds..mg.L. + SACto..1.m. + NSEC.Aerobic.SRT + NSEC.Effluent.Flow",0.0864568066044522,0.85569494629665,"3,2"
"3066","Pump.Flow.Based.PAA.Dose + Temp..of.NSEC.Main.Ch. + CODds..mg.L. + SACto..1.m. + NSEC.Effluent.NH3 + NSEC.Effluent.NO3",0.303769435557458,0.716371682070849,"3,2"
"3067","Pump.Flow.Based.PAA.Dose + Temp..of.NSEC.Main.Ch. + CODds..mg.L. + SACto..1.m. + NSEC.Effluent.NH3 + NSEC.Effluent.OP",0.394610076278277,0.818938844868493,"3,2"
"3068","Pump.Flow.Based.PAA.Dose + Temp..of.NSEC.Main.Ch. + CODds..mg.L. + SACto..1.m. + NSEC.Effluent.NH3 + NSEC.Effluent.TSS",0.332814374845658,0.770713531319838,"3,2"
"3069","Pump.Flow.Based.PAA.Dose + Temp..of.NSEC.Main.Ch. + CODds..mg.L. + SACto..1.m. + NSEC.Effluent.NH3 + NSEC.Effluent.NO5",0.290811766576684,0.801958539628238,"3,2"
"3070","Pump.Flow.Based.PAA.Dose + Temp..of.NSEC.Main.Ch. + CODds..mg.L. + SACto..1.m. + NSEC.Effluent.NH3 + NSEC.Effluent.Flow",0.102608697850082,0.828953241848482,"3,2"
"3071","Pump.Flow.Based.PAA.Dose + Temp..of.NSEC.Main.Ch. + CODds..mg.L. + SACto..1.m. + NSEC.Effluent.NO3 + NSEC.Effluent.OP",0.334763836406597,0.768578670081174,"3,2"
"3072","Pump.Flow.Based.PAA.Dose + Temp..of.NSEC.Main.Ch. + CODds..mg.L. + SACto..1.m. + NSEC.Effluent.NO3 + NSEC.Effluent.TSS",0.331986480259304,0.762873790637091,"3,2"
"3073","Pump.Flow.Based.PAA.Dose + Temp..of.NSEC.Main.Ch. + CODds..mg.L. + SACto..1.m. + NSEC.Effluent.NO3 + NSEC.Effluent.NO5",0.138071504122484,0.798344273453016,"3,2"
"3074","Pump.Flow.Based.PAA.Dose + Temp..of.NSEC.Main.Ch. + CODds..mg.L. + SACto..1.m. + NSEC.Effluent.NO3 + NSEC.Effluent.Flow",0.174294254252182,0.833491375786868,"3,2"
"3075","Pump.Flow.Based.PAA.Dose + Temp..of.NSEC.Main.Ch. + CODds..mg.L. + SACto..1.m. + NSEC.Effluent.OP + NSEC.Effluent.TSS",0.334584782041607,0.776951418468474,"3,2"
"3076","Pump.Flow.Based.PAA.Dose + Temp..of.NSEC.Main.Ch. + CODds..mg.L. + SACto..1.m. + NSEC.Effluent.OP + NSEC.Effluent.NO5",0.294970801420178,0.809579359741073,"3,2"
"3077","Pump.Flow.Based.PAA.Dose + Temp..of.NSEC.Main.Ch. + CODds..mg.L. + SACto..1.m. + NSEC.Effluent.OP + NSEC.Effluent.Flow",0.129707125805719,0.815481193363022,"3,2"
"3078","Pump.Flow.Based.PAA.Dose + Temp..of.NSEC.Main.Ch. + CODds..mg.L. + SACto..1.m. + NSEC.Effluent.TSS + NSEC.Effluent.NO5",0.345362623886793,0.79774304619781,"3,2"
"3079","Pump.Flow.Based.PAA.Dose + Temp..of.NSEC.Main.Ch. + CODds..mg.L. + SACto..1.m. + NSEC.Effluent.TSS + NSEC.Effluent.Flow",0.20970194746602,0.854970470287233,"3,2"
"3080","Pump.Flow.Based.PAA.Dose + Temp..of.NSEC.Main.Ch. + CODds..mg.L. + SACto..1.m. + NSEC.Effluent.NO5 + NSEC.Effluent.Flow",0.191347473778323,0.835772911425813,"3,2"
"3081","Pump.Flow.Based.PAA.Dose + Temp..of.NSEC.Main.Ch. + CODds..mg.L. + NSEC.Aerobic.SRT + NSEC.Effluent.NH3 + NSEC.Effluent.NO3",0.314749619608177,0.778984356280833,"3,2"
"3082","Pump.Flow.Based.PAA.Dose + Temp..of.NSEC.Main.Ch. + CODds..mg.L. + NSEC.Aerobic.SRT + NSEC.Effluent.NH3 + NSEC.Effluent.OP",0.287609995383963,0.766314403402276,"3,2"
"3083","Pump.Flow.Based.PAA.Dose + Temp..of.NSEC.Main.Ch. + CODds..mg.L. + NSEC.Aerobic.SRT + NSEC.Effluent.NH3 + NSEC.Effluent.TSS",0.386679382411065,0.758307154238708,"3,2"
"3084","Pump.Flow.Based.PAA.Dose + Temp..of.NSEC.Main.Ch. + CODds..mg.L. + NSEC.Aerobic.SRT + NSEC.Effluent.NH3 + NSEC.Effluent.NO5",0.260274684917232,0.773097066598662,"3,2"
"3085","Pump.Flow.Based.PAA.Dose + Temp..of.NSEC.Main.Ch. + CODds..mg.L. + NSEC.Aerobic.SRT + NSEC.Effluent.NH3 + NSEC.Effluent.Flow",0.147257967905607,0.812600936941015,"3,2"
"3086","Pump.Flow.Based.PAA.Dose + Temp..of.NSEC.Main.Ch. + CODds..mg.L. + NSEC.Aerobic.SRT + NSEC.Effluent.NO3 + NSEC.Effluent.OP",0.313386317249343,0.774257352377858,"3,2"
"3087","Pump.Flow.Based.PAA.Dose + Temp..of.NSEC.Main.Ch. + CODds..mg.L. + NSEC.Aerobic.SRT + NSEC.Effluent.NO3 + NSEC.Effluent.TSS",0.296631307155095,0.760465948202292,"3,2"
"3088","Pump.Flow.Based.PAA.Dose + Temp..of.NSEC.Main.Ch. + CODds..mg.L. + NSEC.Aerobic.SRT + NSEC.Effluent.NO3 + NSEC.Effluent.NO5",0.437750017774448,0.810520303351015,"3,2"
"3089","Pump.Flow.Based.PAA.Dose + Temp..of.NSEC.Main.Ch. + CODds..mg.L. + NSEC.Aerobic.SRT + NSEC.Effluent.NO3 + NSEC.Effluent.Flow",0.239832101497099,0.828698568356609,"3,2"
"3090","Pump.Flow.Based.PAA.Dose + Temp..of.NSEC.Main.Ch. + CODds..mg.L. + NSEC.Aerobic.SRT + NSEC.Effluent.OP + NSEC.Effluent.TSS",0.372545770818778,0.750713627387372,"3,2"
"3091","Pump.Flow.Based.PAA.Dose + Temp..of.NSEC.Main.Ch. + CODds..mg.L. + NSEC.Aerobic.SRT + NSEC.Effluent.OP + NSEC.Effluent.NO5",0.242563291802682,0.780221600434268,"3,2"
"3092","Pump.Flow.Based.PAA.Dose + Temp..of.NSEC.Main.Ch. + CODds..mg.L. + NSEC.Aerobic.SRT + NSEC.Effluent.OP + NSEC.Effluent.Flow",0.239132036274454,0.837881508265443,"3,2"
"3093","Pump.Flow.Based.PAA.Dose + Temp..of.NSEC.Main.Ch. + CODds..mg.L. + NSEC.Aerobic.SRT + NSEC.Effluent.TSS + NSEC.Effluent.NO5",0.317955380583928,0.755679527521597,"3,2"
"3094","Pump.Flow.Based.PAA.Dose + Temp..of.NSEC.Main.Ch. + CODds..mg.L. + NSEC.Aerobic.SRT + NSEC.Effluent.TSS + NSEC.Effluent.Flow",0.163315149620268,0.838891815738972,"3,2"
"3095","Pump.Flow.Based.PAA.Dose + Temp..of.NSEC.Main.Ch. + CODds..mg.L. + NSEC.Aerobic.SRT + NSEC.Effluent.NO5 + NSEC.Effluent.Flow",0.105770768939645,0.800997524519484,"3,2"
"3096","Pump.Flow.Based.PAA.Dose + Temp..of.NSEC.Main.Ch. + CODds..mg.L. + NSEC.Effluent.NH3 + NSEC.Effluent.NO3 + NSEC.Effluent.OP",0.327295858641412,0.753785017344491,"3,2"
"3097","Pump.Flow.Based.PAA.Dose + Temp..of.NSEC.Main.Ch. + CODds..mg.L. + NSEC.Effluent.NH3 + NSEC.Effluent.NO3 + NSEC.Effluent.TSS",0.3238380337484,0.767278687225548,"3,2"
"3098","Pump.Flow.Based.PAA.Dose + Temp..of.NSEC.Main.Ch. + CODds..mg.L. + NSEC.Effluent.NH3 + NSEC.Effluent.NO3 + NSEC.Effluent.NO5",0.33737225669357,0.746692987931563,"3,2"
"3099","Pump.Flow.Based.PAA.Dose + Temp..of.NSEC.Main.Ch. + CODds..mg.L. + NSEC.Effluent.NH3 + NSEC.Effluent.NO3 + NSEC.Effluent.Flow",0.13744111955032,0.812523522756043,"3,2"
"3100","Pump.Flow.Based.PAA.Dose + Temp..of.NSEC.Main.Ch. + CODds..mg.L. + NSEC.Effluent.NH3 + NSEC.Effluent.OP + NSEC.Effluent.TSS",0.347517499868571,0.769368530659524,"3,2"
"3101","Pump.Flow.Based.PAA.Dose + Temp..of.NSEC.Main.Ch. + CODds..mg.L. + NSEC.Effluent.NH3 + NSEC.Effluent.OP + NSEC.Effluent.NO5",0.316860692460161,0.833666807093279,"3,2"
"3102","Pump.Flow.Based.PAA.Dose + Temp..of.NSEC.Main.Ch. + CODds..mg.L. + NSEC.Effluent.NH3 + NSEC.Effluent.OP + NSEC.Effluent.Flow",0.250614744397874,0.829069798624711,"3,2"
"3103","Pump.Flow.Based.PAA.Dose + Temp..of.NSEC.Main.Ch. + CODds..mg.L. + NSEC.Effluent.NH3 + NSEC.Effluent.TSS + NSEC.Effluent.NO5",0.358244136429267,0.747003809613872,"3,2"
"3104","Pump.Flow.Based.PAA.Dose + Temp..of.NSEC.Main.Ch. + CODds..mg.L. + NSEC.Effluent.NH3 + NSEC.Effluent.TSS + NSEC.Effluent.Flow",0.208464031692767,0.807183095177976,"3,2"
"3105","Pump.Flow.Based.PAA.Dose + Temp..of.NSEC.Main.Ch. + CODds..mg.L. + NSEC.Effluent.NH3 + NSEC.Effluent.NO5 + NSEC.Effluent.Flow",0.129573785169157,0.821740451793989,"3,2"
"3106","Pump.Flow.Based.PAA.Dose + Temp..of.NSEC.Main.Ch. + CODds..mg.L. + NSEC.Effluent.NO3 + NSEC.Effluent.OP + NSEC.Effluent.TSS",0.329214333022273,0.77080301101133,"3,2"
"3107","Pump.Flow.Based.PAA.Dose + Temp..of.NSEC.Main.Ch. + CODds..mg.L. + NSEC.Effluent.NO3 + NSEC.Effluent.OP + NSEC.Effluent.NO5",0.336617864322514,0.765336723089594,"3,2"
"3108","Pump.Flow.Based.PAA.Dose + Temp..of.NSEC.Main.Ch. + CODds..mg.L. + NSEC.Effluent.NO3 + NSEC.Effluent.OP + NSEC.Effluent.Flow",0.230885975453142,0.852459474400738,"3,2"
"3109","Pump.Flow.Based.PAA.Dose + Temp..of.NSEC.Main.Ch. + CODds..mg.L. + NSEC.Effluent.NO3 + NSEC.Effluent.TSS + NSEC.Effluent.NO5",0.330630326972545,0.751586062084988,"3,2"
"3110","Pump.Flow.Based.PAA.Dose + Temp..of.NSEC.Main.Ch. + CODds..mg.L. + NSEC.Effluent.NO3 + NSEC.Effluent.TSS + NSEC.Effluent.Flow",0.188392993427893,0.83419570471538,"3,2"
"3111","Pump.Flow.Based.PAA.Dose + Temp..of.NSEC.Main.Ch. + CODds..mg.L. + NSEC.Effluent.NO3 + NSEC.Effluent.NO5 + NSEC.Effluent.Flow",0.0942995406240599,0.83657695198392,"3,2"
"3112","Pump.Flow.Based.PAA.Dose + Temp..of.NSEC.Main.Ch. + CODds..mg.L. + NSEC.Effluent.OP + NSEC.Effluent.TSS + NSEC.Effluent.NO5",0.394739891395464,0.793449520872608,"3,2"
"3113","Pump.Flow.Based.PAA.Dose + Temp..of.NSEC.Main.Ch. + CODds..mg.L. + NSEC.Effluent.OP + NSEC.Effluent.TSS + NSEC.Effluent.Flow",0.174282055371246,0.797952949479507,"3,2"
"3114","Pump.Flow.Based.PAA.Dose + Temp..of.NSEC.Main.Ch. + CODds..mg.L. + NSEC.Effluent.OP + NSEC.Effluent.NO5 + NSEC.Effluent.Flow",0.203098857253085,0.850069977870972,"3,2"
"3115","Pump.Flow.Based.PAA.Dose + Temp..of.NSEC.Main.Ch. + CODds..mg.L. + NSEC.Effluent.TSS + NSEC.Effluent.NO5 + NSEC.Effluent.Flow",0.219025319212038,0.840816195637066,"3,2"
"3116","Pump.Flow.Based.PAA.Dose + Temp..of.NSEC.Main.Ch. + SACto..1.m. + NSEC.Aerobic.SRT + NSEC.Effluent.NH3 + NSEC.Effluent.NO3",0.316764553297189,0.796651093497418,"3,2"
"3117","Pump.Flow.Based.PAA.Dose + Temp..of.NSEC.Main.Ch. + SACto..1.m. + NSEC.Aerobic.SRT + NSEC.Effluent.NH3 + NSEC.Effluent.OP",0.263514599480308,0.780989778276967,"3,2"
"3118","Pump.Flow.Based.PAA.Dose + Temp..of.NSEC.Main.Ch. + SACto..1.m. + NSEC.Aerobic.SRT + NSEC.Effluent.NH3 + NSEC.Effluent.TSS",0.285859742369794,0.720439015174166,"3,2"
"3119","Pump.Flow.Based.PAA.Dose + Temp..of.NSEC.Main.Ch. + SACto..1.m. + NSEC.Aerobic.SRT + NSEC.Effluent.NH3 + NSEC.Effluent.NO5",0.351695877010643,0.723105455481287,"3,2"
"3120","Pump.Flow.Based.PAA.Dose + Temp..of.NSEC.Main.Ch. + SACto..1.m. + NSEC.Aerobic.SRT + NSEC.Effluent.NH3 + NSEC.Effluent.Flow",0.26823889324776,0.847242553576703,"3,2"
"3121","Pump.Flow.Based.PAA.Dose + Temp..of.NSEC.Main.Ch. + SACto..1.m. + NSEC.Aerobic.SRT + NSEC.Effluent.NO3 + NSEC.Effluent.OP",0.390110919950531,0.757294044205294,"3,2"
"3122","Pump.Flow.Based.PAA.Dose + Temp..of.NSEC.Main.Ch. + SACto..1.m. + NSEC.Aerobic.SRT + NSEC.Effluent.NO3 + NSEC.Effluent.TSS",0.309462892672644,0.787185909679736,"3,2"
"3123","Pump.Flow.Based.PAA.Dose + Temp..of.NSEC.Main.Ch. + SACto..1.m. + NSEC.Aerobic.SRT + NSEC.Effluent.NO3 + NSEC.Effluent.NO5",0.32982312183966,0.777939948892824,"3,2"
"3124","Pump.Flow.Based.PAA.Dose + Temp..of.NSEC.Main.Ch. + SACto..1.m. + NSEC.Aerobic.SRT + NSEC.Effluent.NO3 + NSEC.Effluent.Flow",0.120003951178903,0.823130865984694,"3,2"
"3125","Pump.Flow.Based.PAA.Dose + Temp..of.NSEC.Main.Ch. + SACto..1.m. + NSEC.Aerobic.SRT + NSEC.Effluent.OP + NSEC.Effluent.TSS",0.261344925273446,0.76426596024982,"3,2"
"3126","Pump.Flow.Based.PAA.Dose + Temp..of.NSEC.Main.Ch. + SACto..1.m. + NSEC.Aerobic.SRT + NSEC.Effluent.OP + NSEC.Effluent.NO5",0.370860058207179,0.759427189327518,"3,2"
"3127","Pump.Flow.Based.PAA.Dose + Temp..of.NSEC.Main.Ch. + SACto..1.m. + NSEC.Aerobic.SRT + NSEC.Effluent.OP + NSEC.Effluent.Flow",0.154251431865786,0.823214186477219,"3,2"
"3128","Pump.Flow.Based.PAA.Dose + Temp..of.NSEC.Main.Ch. + SACto..1.m. + NSEC.Aerobic.SRT + NSEC.Effluent.TSS + NSEC.Effluent.NO5",0.444635803377941,0.792198727672735,"3,2"
"3129","Pump.Flow.Based.PAA.Dose + Temp..of.NSEC.Main.Ch. + SACto..1.m. + NSEC.Aerobic.SRT + NSEC.Effluent.TSS + NSEC.Effluent.Flow",0.188469263326174,0.824852472411729,"3,2"
"3130","Pump.Flow.Based.PAA.Dose + Temp..of.NSEC.Main.Ch. + SACto..1.m. + NSEC.Aerobic.SRT + NSEC.Effluent.NO5 + NSEC.Effluent.Flow",0.158215522796171,0.814230256756789,"3,2"
"3131","Pump.Flow.Based.PAA.Dose + Temp..of.NSEC.Main.Ch. + SACto..1.m. + NSEC.Effluent.NH3 + NSEC.Effluent.NO3 + NSEC.Effluent.OP",0.326720438824996,0.714742201406542,"3,2"
"3132","Pump.Flow.Based.PAA.Dose + Temp..of.NSEC.Main.Ch. + SACto..1.m. + NSEC.Effluent.NH3 + NSEC.Effluent.NO3 + NSEC.Effluent.TSS",0.410619093659007,0.746719121673849,"3,2"
"3133","Pump.Flow.Based.PAA.Dose + Temp..of.NSEC.Main.Ch. + SACto..1.m. + NSEC.Effluent.NH3 + NSEC.Effluent.NO3 + NSEC.Effluent.NO5",0.333638347113125,0.771756176797334,"3,2"
"3134","Pump.Flow.Based.PAA.Dose + Temp..of.NSEC.Main.Ch. + SACto..1.m. + NSEC.Effluent.NH3 + NSEC.Effluent.NO3 + NSEC.Effluent.Flow",0.181875419167955,0.856376188267103,"3,2"
"3135","Pump.Flow.Based.PAA.Dose + Temp..of.NSEC.Main.Ch. + SACto..1.m. + NSEC.Effluent.NH3 + NSEC.Effluent.OP + NSEC.Effluent.TSS",0.365367547695546,0.766647279510952,"3,2"
"3136","Pump.Flow.Based.PAA.Dose + Temp..of.NSEC.Main.Ch. + SACto..1.m. + NSEC.Effluent.NH3 + NSEC.Effluent.OP + NSEC.Effluent.NO5",0.336839017347241,0.747781946129174,"3,2"
"3137","Pump.Flow.Based.PAA.Dose + Temp..of.NSEC.Main.Ch. + SACto..1.m. + NSEC.Effluent.NH3 + NSEC.Effluent.OP + NSEC.Effluent.Flow",0.180485370130877,0.801114300467023,"3,2"
"3138","Pump.Flow.Based.PAA.Dose + Temp..of.NSEC.Main.Ch. + SACto..1.m. + NSEC.Effluent.NH3 + NSEC.Effluent.TSS + NSEC.Effluent.NO5",0.329103365197258,0.729489777499491,"3,2"
"3139","Pump.Flow.Based.PAA.Dose + Temp..of.NSEC.Main.Ch. + SACto..1.m. + NSEC.Effluent.NH3 + NSEC.Effluent.TSS + NSEC.Effluent.Flow",0.164913576389667,0.802122007860275,"3,2"
"3140","Pump.Flow.Based.PAA.Dose + Temp..of.NSEC.Main.Ch. + SACto..1.m. + NSEC.Effluent.NH3 + NSEC.Effluent.NO5 + NSEC.Effluent.Flow",0.102754889262271,0.802243126557718,"3,2"
"3141","Pump.Flow.Based.PAA.Dose + Temp..of.NSEC.Main.Ch. + SACto..1.m. + NSEC.Effluent.NO3 + NSEC.Effluent.OP + NSEC.Effluent.TSS",0.449581015211222,0.792721348365059,"3,2"
"3142","Pump.Flow.Based.PAA.Dose + Temp..of.NSEC.Main.Ch. + SACto..1.m. + NSEC.Effluent.NO3 + NSEC.Effluent.OP + NSEC.Effluent.NO5",0.37667310807801,0.783075447019934,"3,2"
"3143","Pump.Flow.Based.PAA.Dose + Temp..of.NSEC.Main.Ch. + SACto..1.m. + NSEC.Effluent.NO3 + NSEC.Effluent.OP + NSEC.Effluent.Flow",0.154284420764993,0.823621186150111,"3,2"
"3144","Pump.Flow.Based.PAA.Dose + Temp..of.NSEC.Main.Ch. + SACto..1.m. + NSEC.Effluent.NO3 + NSEC.Effluent.TSS + NSEC.Effluent.NO5",0.387016378067015,0.797959992576388,"3,2"
"3145","Pump.Flow.Based.PAA.Dose + Temp..of.NSEC.Main.Ch. + SACto..1.m. + NSEC.Effluent.NO3 + NSEC.Effluent.TSS + NSEC.Effluent.Flow",0.258307384685027,0.825908299067502,"3,2"
"3146","Pump.Flow.Based.PAA.Dose + Temp..of.NSEC.Main.Ch. + SACto..1.m. + NSEC.Effluent.NO3 + NSEC.Effluent.NO5 + NSEC.Effluent.Flow",0.216277121282966,0.84798593146523,"3,2"
"3147","Pump.Flow.Based.PAA.Dose + Temp..of.NSEC.Main.Ch. + SACto..1.m. + NSEC.Effluent.OP + NSEC.Effluent.TSS + NSEC.Effluent.NO5",0.310510943180617,0.782060159700905,"3,2"
"3148","Pump.Flow.Based.PAA.Dose + Temp..of.NSEC.Main.Ch. + SACto..1.m. + NSEC.Effluent.OP + NSEC.Effluent.TSS + NSEC.Effluent.Flow",0.135360159095717,0.784656014065626,"3,2"
"3149","Pump.Flow.Based.PAA.Dose + Temp..of.NSEC.Main.Ch. + SACto..1.m. + NSEC.Effluent.OP + NSEC.Effluent.NO5 + NSEC.Effluent.Flow",0.222396445186713,0.86793376326,"3,2"
"3150","Pump.Flow.Based.PAA.Dose + Temp..of.NSEC.Main.Ch. + SACto..1.m. + NSEC.Effluent.TSS + NSEC.Effluent.NO5 + NSEC.Effluent.Flow",0.250484588606076,0.812999519035806,"3,2"
"3151","Pump.Flow.Based.PAA.Dose + Temp..of.NSEC.Main.Ch. + NSEC.Aerobic.SRT + NSEC.Effluent.NH3 + NSEC.Effluent.NO3 + NSEC.Effluent.OP",0.115473596959972,0.8461164730975,"3,2"
"3152","Pump.Flow.Based.PAA.Dose + Temp..of.NSEC.Main.Ch. + NSEC.Aerobic.SRT + NSEC.Effluent.NH3 + NSEC.Effluent.NO3 + NSEC.Effluent.TSS",0.260277106660844,0.740529841898354,"3,2"
"3153","Pump.Flow.Based.PAA.Dose + Temp..of.NSEC.Main.Ch. + NSEC.Aerobic.SRT + NSEC.Effluent.NH3 + NSEC.Effluent.NO3 + NSEC.Effluent.NO5",0.421405225780811,0.809376122373318,"3,2"
"3154","Pump.Flow.Based.PAA.Dose + Temp..of.NSEC.Main.Ch. + NSEC.Aerobic.SRT + NSEC.Effluent.NH3 + NSEC.Effluent.NO3 + NSEC.Effluent.Flow",0.155716380727219,0.820753689828385,"3,2"
"3155","Pump.Flow.Based.PAA.Dose + Temp..of.NSEC.Main.Ch. + NSEC.Aerobic.SRT + NSEC.Effluent.NH3 + NSEC.Effluent.OP + NSEC.Effluent.TSS",0.371706078528831,0.786511457493474,"3,2"
"3156","Pump.Flow.Based.PAA.Dose + Temp..of.NSEC.Main.Ch. + NSEC.Aerobic.SRT + NSEC.Effluent.NH3 + NSEC.Effluent.OP + NSEC.Effluent.NO5",0.348007286449068,0.75395568981473,"3,2"
"3157","Pump.Flow.Based.PAA.Dose + Temp..of.NSEC.Main.Ch. + NSEC.Aerobic.SRT + NSEC.Effluent.NH3 + NSEC.Effluent.OP + NSEC.Effluent.Flow",0.247198943179298,0.80412952752529,"3,2"
"3158","Pump.Flow.Based.PAA.Dose + Temp..of.NSEC.Main.Ch. + NSEC.Aerobic.SRT + NSEC.Effluent.NH3 + NSEC.Effluent.TSS + NSEC.Effluent.NO5",0.352413042531945,0.814310294877925,"3,2"
"3159","Pump.Flow.Based.PAA.Dose + Temp..of.NSEC.Main.Ch. + NSEC.Aerobic.SRT + NSEC.Effluent.NH3 + NSEC.Effluent.TSS + NSEC.Effluent.Flow",0.216977455719655,0.811494996994482,"3,2"
"3160","Pump.Flow.Based.PAA.Dose + Temp..of.NSEC.Main.Ch. + NSEC.Aerobic.SRT + NSEC.Effluent.NH3 + NSEC.Effluent.NO5 + NSEC.Effluent.Flow",0.205365614416002,0.828390741464692,"3,2"
"3161","Pump.Flow.Based.PAA.Dose + Temp..of.NSEC.Main.Ch. + NSEC.Aerobic.SRT + NSEC.Effluent.NO3 + NSEC.Effluent.OP + NSEC.Effluent.TSS",0.26638441264608,0.778931362869915,"3,2"
"3162","Pump.Flow.Based.PAA.Dose + Temp..of.NSEC.Main.Ch. + NSEC.Aerobic.SRT + NSEC.Effluent.NO3 + NSEC.Effluent.OP + NSEC.Effluent.NO5",0.249777055215219,0.775340641922944,"3,2"
"3163","Pump.Flow.Based.PAA.Dose + Temp..of.NSEC.Main.Ch. + NSEC.Aerobic.SRT + NSEC.Effluent.NO3 + NSEC.Effluent.OP + NSEC.Effluent.Flow",0.244724971906356,0.836567582469307,"3,2"
"3164","Pump.Flow.Based.PAA.Dose + Temp..of.NSEC.Main.Ch. + NSEC.Aerobic.SRT + NSEC.Effluent.NO3 + NSEC.Effluent.TSS + NSEC.Effluent.NO5",0.245955816194822,0.799099962440505,"3,2"
"3165","Pump.Flow.Based.PAA.Dose + Temp..of.NSEC.Main.Ch. + NSEC.Aerobic.SRT + NSEC.Effluent.NO3 + NSEC.Effluent.TSS + NSEC.Effluent.Flow",0.265349271478019,0.833525039008174,"3,2"
"3166","Pump.Flow.Based.PAA.Dose + Temp..of.NSEC.Main.Ch. + NSEC.Aerobic.SRT + NSEC.Effluent.NO3 + NSEC.Effluent.NO5 + NSEC.Effluent.Flow",0.202127207564843,0.831688713133851,"3,2"
"3167","Pump.Flow.Based.PAA.Dose + Temp..of.NSEC.Main.Ch. + NSEC.Aerobic.SRT + NSEC.Effluent.OP + NSEC.Effluent.TSS + NSEC.Effluent.NO5",0.347229792158302,0.760278006640129,"3,2"
"3168","Pump.Flow.Based.PAA.Dose + Temp..of.NSEC.Main.Ch. + NSEC.Aerobic.SRT + NSEC.Effluent.OP + NSEC.Effluent.TSS + NSEC.Effluent.Flow",0.222803492361102,0.815501847187293,"3,2"
"3169","Pump.Flow.Based.PAA.Dose + Temp..of.NSEC.Main.Ch. + NSEC.Aerobic.SRT + NSEC.Effluent.OP + NSEC.Effluent.NO5 + NSEC.Effluent.Flow",0.283279485831597,0.822365509003881,"3,2"
"3170","Pump.Flow.Based.PAA.Dose + Temp..of.NSEC.Main.Ch. + NSEC.Aerobic.SRT + NSEC.Effluent.TSS + NSEC.Effluent.NO5 + NSEC.Effluent.Flow",0.178120221840264,0.816322352030818,"3,2"
"3171","Pump.Flow.Based.PAA.Dose + Temp..of.NSEC.Main.Ch. + NSEC.Effluent.NH3 + NSEC.Effluent.NO3 + NSEC.Effluent.OP + NSEC.Effluent.TSS",0.396315364544102,0.83098982505934,"3,2"
"3172","Pump.Flow.Based.PAA.Dose + Temp..of.NSEC.Main.Ch. + NSEC.Effluent.NH3 + NSEC.Effluent.NO3 + NSEC.Effluent.OP + NSEC.Effluent.NO5",0.355462923963092,0.767221491545602,"3,2"
"3173","Pump.Flow.Based.PAA.Dose + Temp..of.NSEC.Main.Ch. + NSEC.Effluent.NH3 + NSEC.Effluent.NO3 + NSEC.Effluent.OP + NSEC.Effluent.Flow",0.112571785664771,0.800066191557967,"3,2"
"3174","Pump.Flow.Based.PAA.Dose + Temp..of.NSEC.Main.Ch. + NSEC.Effluent.NH3 + NSEC.Effluent.NO3 + NSEC.Effluent.TSS + NSEC.Effluent.NO5",0.427460339933855,0.792745326779918,"3,2"
"3175","Pump.Flow.Based.PAA.Dose + Temp..of.NSEC.Main.Ch. + NSEC.Effluent.NH3 + NSEC.Effluent.NO3 + NSEC.Effluent.TSS + NSEC.Effluent.Flow",0.227576062375429,0.82091885016589,"3,2"
"3176","Pump.Flow.Based.PAA.Dose + Temp..of.NSEC.Main.Ch. + NSEC.Effluent.NH3 + NSEC.Effluent.NO3 + NSEC.Effluent.NO5 + NSEC.Effluent.Flow",0.172793390672524,0.820537429697069,"3,2"
"3177","Pump.Flow.Based.PAA.Dose + Temp..of.NSEC.Main.Ch. + NSEC.Effluent.NH3 + NSEC.Effluent.OP + NSEC.Effluent.TSS + NSEC.Effluent.NO5",0.381144287808665,0.767965899633848,"3,2"
"3178","Pump.Flow.Based.PAA.Dose + Temp..of.NSEC.Main.Ch. + NSEC.Effluent.NH3 + NSEC.Effluent.OP + NSEC.Effluent.TSS + NSEC.Effluent.Flow",0.186170099530953,0.806375606585691,"3,2"
"3179","Pump.Flow.Based.PAA.Dose + Temp..of.NSEC.Main.Ch. + NSEC.Effluent.NH3 + NSEC.Effluent.OP + NSEC.Effluent.NO5 + NSEC.Effluent.Flow",0.133450662089201,0.842759639606917,"3,2"
"3180","Pump.Flow.Based.PAA.Dose + Temp..of.NSEC.Main.Ch. + NSEC.Effluent.NH3 + NSEC.Effluent.TSS + NSEC.Effluent.NO5 + NSEC.Effluent.Flow",0.14822141057622,0.81088761301939,"3,2"
"3181","Pump.Flow.Based.PAA.Dose + Temp..of.NSEC.Main.Ch. + NSEC.Effluent.NO3 + NSEC.Effluent.OP + NSEC.Effluent.TSS + NSEC.Effluent.NO5",0.412261690492016,0.77807113374388,"3,2"
"3182","Pump.Flow.Based.PAA.Dose + Temp..of.NSEC.Main.Ch. + NSEC.Effluent.NO3 + NSEC.Effluent.OP + NSEC.Effluent.TSS + NSEC.Effluent.Flow",0.19636358690189,0.819905415869648,"3,2"
"3183","Pump.Flow.Based.PAA.Dose + Temp..of.NSEC.Main.Ch. + NSEC.Effluent.NO3 + NSEC.Effluent.OP + NSEC.Effluent.NO5 + NSEC.Effluent.Flow",0.134874488556238,0.839936038095146,"3,2"
"3184","Pump.Flow.Based.PAA.Dose + Temp..of.NSEC.Main.Ch. + NSEC.Effluent.NO3 + NSEC.Effluent.TSS + NSEC.Effluent.NO5 + NSEC.Effluent.Flow",0.372425490564918,0.854496104378807,"3,2"
"3185","Pump.Flow.Based.PAA.Dose + Temp..of.NSEC.Main.Ch. + NSEC.Effluent.OP + NSEC.Effluent.TSS + NSEC.Effluent.NO5 + NSEC.Effluent.Flow",0.164621792750542,0.825009982229212,"3,2"
"3186","Pump.Flow.Based.PAA.Dose + Temp..of.the.Atmos. + Secondary.Effluent.Flow + N..Basin.Outfall + CODto..mg.L. + TSS..mg.L.",0.233373671559024,0.829366242308627,"3,2"
"3187","Pump.Flow.Based.PAA.Dose + Temp..of.the.Atmos. + Secondary.Effluent.Flow + N..Basin.Outfall + CODto..mg.L. + UVT....",0.150770003673341,0.797907165562589,"3,2"
"3188","Pump.Flow.Based.PAA.Dose + Temp..of.the.Atmos. + Secondary.Effluent.Flow + N..Basin.Outfall + CODto..mg.L. + CODds..mg.L.",0.239843222766565,0.82140321737006,"3,2"
"3189","Pump.Flow.Based.PAA.Dose + Temp..of.the.Atmos. + Secondary.Effluent.Flow + N..Basin.Outfall + CODto..mg.L. + SACto..1.m.",0.13995185863321,0.810113401228079,"3,2"
"3190","Pump.Flow.Based.PAA.Dose + Temp..of.the.Atmos. + Secondary.Effluent.Flow + N..Basin.Outfall + CODto..mg.L. + NSEC.Aerobic.SRT",0.0662922938519719,0.832480651722584,"3,2"
"3191","Pump.Flow.Based.PAA.Dose + Temp..of.the.Atmos. + Secondary.Effluent.Flow + N..Basin.Outfall + CODto..mg.L. + NSEC.Effluent.NH3",0.170588261542614,0.787241355387856,"3,2"
"3192","Pump.Flow.Based.PAA.Dose + Temp..of.the.Atmos. + Secondary.Effluent.Flow + N..Basin.Outfall + CODto..mg.L. + NSEC.Effluent.NO3",0.172612836348222,0.824176750500616,"3,2"
"3193","Pump.Flow.Based.PAA.Dose + Temp..of.the.Atmos. + Secondary.Effluent.Flow + N..Basin.Outfall + CODto..mg.L. + NSEC.Effluent.OP",0.284388763100637,0.812253778100974,"3,2"
"3194","Pump.Flow.Based.PAA.Dose + Temp..of.the.Atmos. + Secondary.Effluent.Flow + N..Basin.Outfall + CODto..mg.L. + NSEC.Effluent.TSS",0.241479933853359,0.828618099083077,"3,2"
"3195","Pump.Flow.Based.PAA.Dose + Temp..of.the.Atmos. + Secondary.Effluent.Flow + N..Basin.Outfall + CODto..mg.L. + NSEC.Effluent.NO5",0.194610633181439,0.829911059430796,"3,2"
"3196","Pump.Flow.Based.PAA.Dose + Temp..of.the.Atmos. + Secondary.Effluent.Flow + N..Basin.Outfall + CODto..mg.L. + NSEC.Effluent.Flow",0.177890392469786,0.836840198780813,"3,2"
"3197","Pump.Flow.Based.PAA.Dose + Temp..of.the.Atmos. + Secondary.Effluent.Flow + N..Basin.Outfall + TSS..mg.L. + UVT....",0.230721734513258,0.832718780036905,"3,2"
"3198","Pump.Flow.Based.PAA.Dose + Temp..of.the.Atmos. + Secondary.Effluent.Flow + N..Basin.Outfall + TSS..mg.L. + CODds..mg.L.",0.248542088954917,0.810395884185374,"3,2"
"3199","Pump.Flow.Based.PAA.Dose + Temp..of.the.Atmos. + Secondary.Effluent.Flow + N..Basin.Outfall + TSS..mg.L. + SACto..1.m.",0.211986357623178,0.819395541253102,"3,2"
"3200","Pump.Flow.Based.PAA.Dose + Temp..of.the.Atmos. + Secondary.Effluent.Flow + N..Basin.Outfall + TSS..mg.L. + NSEC.Aerobic.SRT",0.273582473110544,0.835153932232894,"3,2"
"3201","Pump.Flow.Based.PAA.Dose + Temp..of.the.Atmos. + Secondary.Effluent.Flow + N..Basin.Outfall + TSS..mg.L. + NSEC.Effluent.NH3",0.2311263993126,0.801917630651271,"3,2"
"3202","Pump.Flow.Based.PAA.Dose + Temp..of.the.Atmos. + Secondary.Effluent.Flow + N..Basin.Outfall + TSS..mg.L. + NSEC.Effluent.NO3",0.273453614310295,0.801379311747155,"3,2"
"3203","Pump.Flow.Based.PAA.Dose + Temp..of.the.Atmos. + Secondary.Effluent.Flow + N..Basin.Outfall + TSS..mg.L. + NSEC.Effluent.OP",0.268858252771794,0.817218854707407,"3,2"
"3204","Pump.Flow.Based.PAA.Dose + Temp..of.the.Atmos. + Secondary.Effluent.Flow + N..Basin.Outfall + TSS..mg.L. + NSEC.Effluent.TSS",0.201767647058364,0.79187176651795,"3,2"
"3205","Pump.Flow.Based.PAA.Dose + Temp..of.the.Atmos. + Secondary.Effluent.Flow + N..Basin.Outfall + TSS..mg.L. + NSEC.Effluent.NO5",0.216566472547217,0.822666943105293,"3,2"
"3206","Pump.Flow.Based.PAA.Dose + Temp..of.the.Atmos. + Secondary.Effluent.Flow + N..Basin.Outfall + TSS..mg.L. + NSEC.Effluent.Flow",0.246070486345666,0.804603612775743,"3,2"
"3207","Pump.Flow.Based.PAA.Dose + Temp..of.the.Atmos. + Secondary.Effluent.Flow + N..Basin.Outfall + UVT.... + CODds..mg.L.",0.131340216716256,0.816924423633126,"3,2"
"3208","Pump.Flow.Based.PAA.Dose + Temp..of.the.Atmos. + Secondary.Effluent.Flow + N..Basin.Outfall + UVT.... + SACto..1.m.",0.206633303459707,0.810290916248002,"3,2"
"3209","Pump.Flow.Based.PAA.Dose + Temp..of.the.Atmos. + Secondary.Effluent.Flow + N..Basin.Outfall + UVT.... + NSEC.Aerobic.SRT",0.0345772077505719,0.813015618279461,"3,2"
"3210","Pump.Flow.Based.PAA.Dose + Temp..of.the.Atmos. + Secondary.Effluent.Flow + N..Basin.Outfall + UVT.... + NSEC.Effluent.NH3",0.070214320780992,0.835839309942439,"3,2"
"3211","Pump.Flow.Based.PAA.Dose + Temp..of.the.Atmos. + Secondary.Effluent.Flow + N..Basin.Outfall + UVT.... + NSEC.Effluent.NO3",0.134923121750949,0.806346989453632,"3,2"
"3212","Pump.Flow.Based.PAA.Dose + Temp..of.the.Atmos. + Secondary.Effluent.Flow + N..Basin.Outfall + UVT.... + NSEC.Effluent.OP",0.1407592473841,0.802751614601237,"3,2"
"3213","Pump.Flow.Based.PAA.Dose + Temp..of.the.Atmos. + Secondary.Effluent.Flow + N..Basin.Outfall + UVT.... + NSEC.Effluent.TSS",0.219567248707722,0.822796061243562,"3,2"
"3214","Pump.Flow.Based.PAA.Dose + Temp..of.the.Atmos. + Secondary.Effluent.Flow + N..Basin.Outfall + UVT.... + NSEC.Effluent.NO5",0.0848850945964035,0.804972068027347,"3,2"
"3215","Pump.Flow.Based.PAA.Dose + Temp..of.the.Atmos. + Secondary.Effluent.Flow + N..Basin.Outfall + UVT.... + NSEC.Effluent.Flow",0.168255524492021,0.796533224246422,"3,2"
"3216","Pump.Flow.Based.PAA.Dose + Temp..of.the.Atmos. + Secondary.Effluent.Flow + N..Basin.Outfall + CODds..mg.L. + SACto..1.m.",0.177865581190319,0.82393262870651,"3,2"
"3217","Pump.Flow.Based.PAA.Dose + Temp..of.the.Atmos. + Secondary.Effluent.Flow + N..Basin.Outfall + CODds..mg.L. + NSEC.Aerobic.SRT",0.315393293988265,0.824033142424483,"3,2"
"3218","Pump.Flow.Based.PAA.Dose + Temp..of.the.Atmos. + Secondary.Effluent.Flow + N..Basin.Outfall + CODds..mg.L. + NSEC.Effluent.NH3",0.25048020089839,0.811587866628688,"3,2"
"3219","Pump.Flow.Based.PAA.Dose + Temp..of.the.Atmos. + Secondary.Effluent.Flow + N..Basin.Outfall + CODds..mg.L. + NSEC.Effluent.NO3",0.223211413563243,0.80339937787806,"3,2"
"3220","Pump.Flow.Based.PAA.Dose + Temp..of.the.Atmos. + Secondary.Effluent.Flow + N..Basin.Outfall + CODds..mg.L. + NSEC.Effluent.OP",0.197846126082946,0.794422612459088,"3,2"
"3221","Pump.Flow.Based.PAA.Dose + Temp..of.the.Atmos. + Secondary.Effluent.Flow + N..Basin.Outfall + CODds..mg.L. + NSEC.Effluent.TSS",0.209094471146616,0.820585285279305,"3,2"
"3222","Pump.Flow.Based.PAA.Dose + Temp..of.the.Atmos. + Secondary.Effluent.Flow + N..Basin.Outfall + CODds..mg.L. + NSEC.Effluent.NO5",0.173178597659952,0.807671387136723,"3,2"
"3223","Pump.Flow.Based.PAA.Dose + Temp..of.the.Atmos. + Secondary.Effluent.Flow + N..Basin.Outfall + CODds..mg.L. + NSEC.Effluent.Flow",0.220218765001073,0.806383253832987,"3,2"
"3224","Pump.Flow.Based.PAA.Dose + Temp..of.the.Atmos. + Secondary.Effluent.Flow + N..Basin.Outfall + SACto..1.m. + NSEC.Aerobic.SRT",0.223635045865374,0.833204374438521,"3,2"
"3225","Pump.Flow.Based.PAA.Dose + Temp..of.the.Atmos. + Secondary.Effluent.Flow + N..Basin.Outfall + SACto..1.m. + NSEC.Effluent.NH3",0.199627408707393,0.820008835753036,"3,2"
"3226","Pump.Flow.Based.PAA.Dose + Temp..of.the.Atmos. + Secondary.Effluent.Flow + N..Basin.Outfall + SACto..1.m. + NSEC.Effluent.NO3",0.21165858290128,0.834067615450536,"3,2"
"3227","Pump.Flow.Based.PAA.Dose + Temp..of.the.Atmos. + Secondary.Effluent.Flow + N..Basin.Outfall + SACto..1.m. + NSEC.Effluent.OP",0.17346378472526,0.794938095995996,"3,2"
"3228","Pump.Flow.Based.PAA.Dose + Temp..of.the.Atmos. + Secondary.Effluent.Flow + N..Basin.Outfall + SACto..1.m. + NSEC.Effluent.TSS",0.254365920789694,0.824549289350241,"3,2"
"3229","Pump.Flow.Based.PAA.Dose + Temp..of.the.Atmos. + Secondary.Effluent.Flow + N..Basin.Outfall + SACto..1.m. + NSEC.Effluent.NO5",0.175272688628522,0.79788918873317,"3,2"
"3230","Pump.Flow.Based.PAA.Dose + Temp..of.the.Atmos. + Secondary.Effluent.Flow + N..Basin.Outfall + SACto..1.m. + NSEC.Effluent.Flow",0.245268531607676,0.812382783776377,"3,2"
"3231","Pump.Flow.Based.PAA.Dose + Temp..of.the.Atmos. + Secondary.Effluent.Flow + N..Basin.Outfall + NSEC.Aerobic.SRT + NSEC.Effluent.NH3",0.286527322149081,0.817225451921006,"3,2"
"3232","Pump.Flow.Based.PAA.Dose + Temp..of.the.Atmos. + Secondary.Effluent.Flow + N..Basin.Outfall + NSEC.Aerobic.SRT + NSEC.Effluent.NO3",0.271833624890089,0.817152861684896,"3,2"
"3233","Pump.Flow.Based.PAA.Dose + Temp..of.the.Atmos. + Secondary.Effluent.Flow + N..Basin.Outfall + NSEC.Aerobic.SRT + NSEC.Effluent.OP",0.277156208549881,0.811065048150864,"3,2"
"3234","Pump.Flow.Based.PAA.Dose + Temp..of.the.Atmos. + Secondary.Effluent.Flow + N..Basin.Outfall + NSEC.Aerobic.SRT + NSEC.Effluent.TSS",0.292802463735947,0.818882741872792,"3,2"
"3235","Pump.Flow.Based.PAA.Dose + Temp..of.the.Atmos. + Secondary.Effluent.Flow + N..Basin.Outfall + NSEC.Aerobic.SRT + NSEC.Effluent.NO5",0.312195481249938,0.818469092927277,"3,2"
"3236","Pump.Flow.Based.PAA.Dose + Temp..of.the.Atmos. + Secondary.Effluent.Flow + N..Basin.Outfall + NSEC.Aerobic.SRT + NSEC.Effluent.Flow",0.296885624993925,0.811939368967264,"3,2"
"3237","Pump.Flow.Based.PAA.Dose + Temp..of.the.Atmos. + Secondary.Effluent.Flow + N..Basin.Outfall + NSEC.Effluent.NH3 + NSEC.Effluent.NO3",0.199447581244981,0.816478914507808,"3,2"
"3238","Pump.Flow.Based.PAA.Dose + Temp..of.the.Atmos. + Secondary.Effluent.Flow + N..Basin.Outfall + NSEC.Effluent.NH3 + NSEC.Effluent.OP",0.224178278762946,0.829851739391747,"3,2"
"3239","Pump.Flow.Based.PAA.Dose + Temp..of.the.Atmos. + Secondary.Effluent.Flow + N..Basin.Outfall + NSEC.Effluent.NH3 + NSEC.Effluent.TSS",0.242241364655513,0.804609516390835,"3,2"
"3240","Pump.Flow.Based.PAA.Dose + Temp..of.the.Atmos. + Secondary.Effluent.Flow + N..Basin.Outfall + NSEC.Effluent.NH3 + NSEC.Effluent.NO5",0.249530799315368,0.813285934585539,"3,2"
"3241","Pump.Flow.Based.PAA.Dose + Temp..of.the.Atmos. + Secondary.Effluent.Flow + N..Basin.Outfall + NSEC.Effluent.NH3 + NSEC.Effluent.Flow",0.195557138236887,0.790563850911137,"3,2"
"3242","Pump.Flow.Based.PAA.Dose + Temp..of.the.Atmos. + Secondary.Effluent.Flow + N..Basin.Outfall + NSEC.Effluent.NO3 + NSEC.Effluent.OP",0.270952426993696,0.823393258684114,"3,2"
"3243","Pump.Flow.Based.PAA.Dose + Temp..of.the.Atmos. + Secondary.Effluent.Flow + N..Basin.Outfall + NSEC.Effluent.NO3 + NSEC.Effluent.TSS",0.269597325990059,0.825464063183407,"3,2"
"3244","Pump.Flow.Based.PAA.Dose + Temp..of.the.Atmos. + Secondary.Effluent.Flow + N..Basin.Outfall + NSEC.Effluent.NO3 + NSEC.Effluent.NO5",0.179743826984722,0.815574578327847,"3,2"
"3245","Pump.Flow.Based.PAA.Dose + Temp..of.the.Atmos. + Secondary.Effluent.Flow + N..Basin.Outfall + NSEC.Effluent.NO3 + NSEC.Effluent.Flow",0.251465947194142,0.859347394002348,"3,2"
"3246","Pump.Flow.Based.PAA.Dose + Temp..of.the.Atmos. + Secondary.Effluent.Flow + N..Basin.Outfall + NSEC.Effluent.OP + NSEC.Effluent.TSS",0.235483684415099,0.816622507324672,"3,2"
"3247","Pump.Flow.Based.PAA.Dose + Temp..of.the.Atmos. + Secondary.Effluent.Flow + N..Basin.Outfall + NSEC.Effluent.OP + NSEC.Effluent.NO5",0.278719687154881,0.827060628493246,"3,2"
"3248","Pump.Flow.Based.PAA.Dose + Temp..of.the.Atmos. + Secondary.Effluent.Flow + N..Basin.Outfall + NSEC.Effluent.OP + NSEC.Effluent.Flow",0.259572650316528,0.820906778533639,"3,2"
"3249","Pump.Flow.Based.PAA.Dose + Temp..of.the.Atmos. + Secondary.Effluent.Flow + N..Basin.Outfall + NSEC.Effluent.TSS + NSEC.Effluent.NO5",0.232885761665733,0.820100744679139,"3,2"
"3250","Pump.Flow.Based.PAA.Dose + Temp..of.the.Atmos. + Secondary.Effluent.Flow + N..Basin.Outfall + NSEC.Effluent.TSS + NSEC.Effluent.Flow",0.263722138772233,0.819732719680475,"3,2"
"3251","Pump.Flow.Based.PAA.Dose + Temp..of.the.Atmos. + Secondary.Effluent.Flow + N..Basin.Outfall + NSEC.Effluent.NO5 + NSEC.Effluent.Flow",0.255144599784661,0.81144868506388,"3,2"
"3252","Pump.Flow.Based.PAA.Dose + Temp..of.the.Atmos. + Secondary.Effluent.Flow + CODto..mg.L. + TSS..mg.L. + UVT....",0.146810822598567,0.835296978736893,"3,2"
"3253","Pump.Flow.Based.PAA.Dose + Temp..of.the.Atmos. + Secondary.Effluent.Flow + CODto..mg.L. + TSS..mg.L. + CODds..mg.L.",0.075499801961282,0.832306948072528,"3,2"
"3254","Pump.Flow.Based.PAA.Dose + Temp..of.the.Atmos. + Secondary.Effluent.Flow + CODto..mg.L. + TSS..mg.L. + SACto..1.m.",0.0965162344949309,0.807882380686149,"3,2"
"3255","Pump.Flow.Based.PAA.Dose + Temp..of.the.Atmos. + Secondary.Effluent.Flow + CODto..mg.L. + TSS..mg.L. + NSEC.Aerobic.SRT",0.174592313878131,0.834165428369324,"3,2"
"3256","Pump.Flow.Based.PAA.Dose + Temp..of.the.Atmos. + Secondary.Effluent.Flow + CODto..mg.L. + TSS..mg.L. + NSEC.Effluent.NH3",0.164360758864857,0.83077482423235,"3,2"
"3257","Pump.Flow.Based.PAA.Dose + Temp..of.the.Atmos. + Secondary.Effluent.Flow + CODto..mg.L. + TSS..mg.L. + NSEC.Effluent.NO3",0.134719837740906,0.840989850948738,"3,2"
"3258","Pump.Flow.Based.PAA.Dose + Temp..of.the.Atmos. + Secondary.Effluent.Flow + CODto..mg.L. + TSS..mg.L. + NSEC.Effluent.OP",0.129660405690173,0.816046623935233,"3,2"
"3259","Pump.Flow.Based.PAA.Dose + Temp..of.the.Atmos. + Secondary.Effluent.Flow + CODto..mg.L. + TSS..mg.L. + NSEC.Effluent.TSS",0.16967033055737,0.805519331544931,"3,2"
"3260","Pump.Flow.Based.PAA.Dose + Temp..of.the.Atmos. + Secondary.Effluent.Flow + CODto..mg.L. + TSS..mg.L. + NSEC.Effluent.NO5",0.197225883077334,0.84343321093219,"3,2"
"3261","Pump.Flow.Based.PAA.Dose + Temp..of.the.Atmos. + Secondary.Effluent.Flow + CODto..mg.L. + TSS..mg.L. + NSEC.Effluent.Flow",0.117160456859487,0.819169309025776,"3,2"
"3262","Pump.Flow.Based.PAA.Dose + Temp..of.the.Atmos. + Secondary.Effluent.Flow + CODto..mg.L. + UVT.... + CODds..mg.L.",0.182060875822571,0.829205535013538,"3,2"
"3263","Pump.Flow.Based.PAA.Dose + Temp..of.the.Atmos. + Secondary.Effluent.Flow + CODto..mg.L. + UVT.... + SACto..1.m.",0.192070830106517,0.814697190867757,"3,2"
"3264","Pump.Flow.Based.PAA.Dose + Temp..of.the.Atmos. + Secondary.Effluent.Flow + CODto..mg.L. + UVT.... + NSEC.Aerobic.SRT",0.240363383242409,0.848630418940305,"3,2"
"3265","Pump.Flow.Based.PAA.Dose + Temp..of.the.Atmos. + Secondary.Effluent.Flow + CODto..mg.L. + UVT.... + NSEC.Effluent.NH3",0.238087910636617,0.817276025851467,"3,2"
"3266","Pump.Flow.Based.PAA.Dose + Temp..of.the.Atmos. + Secondary.Effluent.Flow + CODto..mg.L. + UVT.... + NSEC.Effluent.NO3",0.242984032740238,0.814765928463672,"3,2"
"3267","Pump.Flow.Based.PAA.Dose + Temp..of.the.Atmos. + Secondary.Effluent.Flow + CODto..mg.L. + UVT.... + NSEC.Effluent.OP",0.305254785332846,0.816738777382809,"3,2"
"3268","Pump.Flow.Based.PAA.Dose + Temp..of.the.Atmos. + Secondary.Effluent.Flow + CODto..mg.L. + UVT.... + NSEC.Effluent.TSS",0.193347628322205,0.271409050543072,"3,2"
"3269","Pump.Flow.Based.PAA.Dose + Temp..of.the.Atmos. + Secondary.Effluent.Flow + CODto..mg.L. + UVT.... + NSEC.Effluent.NO5",0.293207645398575,0.83648492722279,"3,2"
"3270","Pump.Flow.Based.PAA.Dose + Temp..of.the.Atmos. + Secondary.Effluent.Flow + CODto..mg.L. + UVT.... + NSEC.Effluent.Flow",0.241233288851743,0.814719676560653,"3,2"
"3271","Pump.Flow.Based.PAA.Dose + Temp..of.the.Atmos. + Secondary.Effluent.Flow + CODto..mg.L. + CODds..mg.L. + SACto..1.m.",0.186022297785183,0.830764188279043,"3,2"
"3272","Pump.Flow.Based.PAA.Dose + Temp..of.the.Atmos. + Secondary.Effluent.Flow + CODto..mg.L. + CODds..mg.L. + NSEC.Aerobic.SRT",0.140259684436502,0.820552368602185,"3,2"
"3273","Pump.Flow.Based.PAA.Dose + Temp..of.the.Atmos. + Secondary.Effluent.Flow + CODto..mg.L. + CODds..mg.L. + NSEC.Effluent.NH3",0.177341160146335,0.820113636481224,"3,2"
"3274","Pump.Flow.Based.PAA.Dose + Temp..of.the.Atmos. + Secondary.Effluent.Flow + CODto..mg.L. + CODds..mg.L. + NSEC.Effluent.NO3",0.181449134894168,0.834615246516144,"3,2"
"3275","Pump.Flow.Based.PAA.Dose + Temp..of.the.Atmos. + Secondary.Effluent.Flow + CODto..mg.L. + CODds..mg.L. + NSEC.Effluent.OP",0.191270421467753,0.845761072992647,"3,2"
"3276","Pump.Flow.Based.PAA.Dose + Temp..of.the.Atmos. + Secondary.Effluent.Flow + CODto..mg.L. + CODds..mg.L. + NSEC.Effluent.TSS",0.192686392708138,0.827043277969798,"3,2"
"3277","Pump.Flow.Based.PAA.Dose + Temp..of.the.Atmos. + Secondary.Effluent.Flow + CODto..mg.L. + CODds..mg.L. + NSEC.Effluent.NO5",0.231657918816375,0.822399582229278,"3,2"
"3278","Pump.Flow.Based.PAA.Dose + Temp..of.the.Atmos. + Secondary.Effluent.Flow + CODto..mg.L. + CODds..mg.L. + NSEC.Effluent.Flow",0.139642550942393,0.820126203608447,"3,2"
"3279","Pump.Flow.Based.PAA.Dose + Temp..of.the.Atmos. + Secondary.Effluent.Flow + CODto..mg.L. + SACto..1.m. + NSEC.Aerobic.SRT",0.186292948298274,0.834591502892938,"3,2"
"3280","Pump.Flow.Based.PAA.Dose + Temp..of.the.Atmos. + Secondary.Effluent.Flow + CODto..mg.L. + SACto..1.m. + NSEC.Effluent.NH3",0.170293495903666,0.816302447665639,"3,2"
"3281","Pump.Flow.Based.PAA.Dose + Temp..of.the.Atmos. + Secondary.Effluent.Flow + CODto..mg.L. + SACto..1.m. + NSEC.Effluent.NO3",0.1761357260267,0.823758228156322,"3,2"
"3282","Pump.Flow.Based.PAA.Dose + Temp..of.the.Atmos. + Secondary.Effluent.Flow + CODto..mg.L. + SACto..1.m. + NSEC.Effluent.OP",0.191652594755724,0.796635512326314,"3,2"
"3283","Pump.Flow.Based.PAA.Dose + Temp..of.the.Atmos. + Secondary.Effluent.Flow + CODto..mg.L. + SACto..1.m. + NSEC.Effluent.TSS",0.213698378733987,0.826997274398787,"3,2"
"3284","Pump.Flow.Based.PAA.Dose + Temp..of.the.Atmos. + Secondary.Effluent.Flow + CODto..mg.L. + SACto..1.m. + NSEC.Effluent.NO5",0.154591998086653,0.799607819867291,"3,2"
"3285","Pump.Flow.Based.PAA.Dose + Temp..of.the.Atmos. + Secondary.Effluent.Flow + CODto..mg.L. + SACto..1.m. + NSEC.Effluent.Flow",0.206571587090871,0.81835501138081,"3,2"
"3286","Pump.Flow.Based.PAA.Dose + Temp..of.the.Atmos. + Secondary.Effluent.Flow + CODto..mg.L. + NSEC.Aerobic.SRT + NSEC.Effluent.NH3",0.184564658800826,0.804005690069869,"3,2"
"3287","Pump.Flow.Based.PAA.Dose + Temp..of.the.Atmos. + Secondary.Effluent.Flow + CODto..mg.L. + NSEC.Aerobic.SRT + NSEC.Effluent.NO3",0.225371262486889,0.832639217215164,"3,2"
"3288","Pump.Flow.Based.PAA.Dose + Temp..of.the.Atmos. + Secondary.Effluent.Flow + CODto..mg.L. + NSEC.Aerobic.SRT + NSEC.Effluent.OP",0.243409466826743,0.82006354993766,"3,2"
"3289","Pump.Flow.Based.PAA.Dose + Temp..of.the.Atmos. + Secondary.Effluent.Flow + CODto..mg.L. + NSEC.Aerobic.SRT + NSEC.Effluent.TSS",0.202517322835513,0.819093437043333,"3,2"
"3290","Pump.Flow.Based.PAA.Dose + Temp..of.the.Atmos. + Secondary.Effluent.Flow + CODto..mg.L. + NSEC.Aerobic.SRT + NSEC.Effluent.NO5",0.226346980444027,0.827181322604602,"3,2"
"3291","Pump.Flow.Based.PAA.Dose + Temp..of.the.Atmos. + Secondary.Effluent.Flow + CODto..mg.L. + NSEC.Aerobic.SRT + NSEC.Effluent.Flow",0.160700701882833,0.800210565658807,"3,2"
"3292","Pump.Flow.Based.PAA.Dose + Temp..of.the.Atmos. + Secondary.Effluent.Flow + CODto..mg.L. + NSEC.Effluent.NH3 + NSEC.Effluent.NO3",0.175475511174333,0.80872809194751,"3,2"
"3293","Pump.Flow.Based.PAA.Dose + Temp..of.the.Atmos. + Secondary.Effluent.Flow + CODto..mg.L. + NSEC.Effluent.NH3 + NSEC.Effluent.OP",0.187366282957051,0.814211886172658,"3,2"
"3294","Pump.Flow.Based.PAA.Dose + Temp..of.the.Atmos. + Secondary.Effluent.Flow + CODto..mg.L. + NSEC.Effluent.NH3 + NSEC.Effluent.TSS",0.15318421378106,0.805897415162866,"3,2"
"3295","Pump.Flow.Based.PAA.Dose + Temp..of.the.Atmos. + Secondary.Effluent.Flow + CODto..mg.L. + NSEC.Effluent.NH3 + NSEC.Effluent.NO5",0.277027655058144,0.847051404646913,"3,2"
"3296","Pump.Flow.Based.PAA.Dose + Temp..of.the.Atmos. + Secondary.Effluent.Flow + CODto..mg.L. + NSEC.Effluent.NH3 + NSEC.Effluent.Flow",0.264828285145671,0.816902256710115,"3,2"
"3297","Pump.Flow.Based.PAA.Dose + Temp..of.the.Atmos. + Secondary.Effluent.Flow + CODto..mg.L. + NSEC.Effluent.NO3 + NSEC.Effluent.OP",0.247152618832899,0.856714577249225,"3,2"
"3298","Pump.Flow.Based.PAA.Dose + Temp..of.the.Atmos. + Secondary.Effluent.Flow + CODto..mg.L. + NSEC.Effluent.NO3 + NSEC.Effluent.TSS",0.176400596631479,0.812645265545575,"3,2"
"3299","Pump.Flow.Based.PAA.Dose + Temp..of.the.Atmos. + Secondary.Effluent.Flow + CODto..mg.L. + NSEC.Effluent.NO3 + NSEC.Effluent.NO5",0.179622321814619,0.840703264004961,"3,2"
"3300","Pump.Flow.Based.PAA.Dose + Temp..of.the.Atmos. + Secondary.Effluent.Flow + CODto..mg.L. + NSEC.Effluent.NO3 + NSEC.Effluent.Flow",0.243347565831196,0.829501102035531,"3,2"
"3301","Pump.Flow.Based.PAA.Dose + Temp..of.the.Atmos. + Secondary.Effluent.Flow + CODto..mg.L. + NSEC.Effluent.OP + NSEC.Effluent.TSS",0.180358425271952,0.807447922341028,"3,2"
"3302","Pump.Flow.Based.PAA.Dose + Temp..of.the.Atmos. + Secondary.Effluent.Flow + CODto..mg.L. + NSEC.Effluent.OP + NSEC.Effluent.NO5",0.234908545251424,0.849131139244416,"3,2"
"3303","Pump.Flow.Based.PAA.Dose + Temp..of.the.Atmos. + Secondary.Effluent.Flow + CODto..mg.L. + NSEC.Effluent.OP + NSEC.Effluent.Flow",0.206177172751685,0.824273973754001,"3,2"
"3304","Pump.Flow.Based.PAA.Dose + Temp..of.the.Atmos. + Secondary.Effluent.Flow + CODto..mg.L. + NSEC.Effluent.TSS + NSEC.Effluent.NO5",0.122407791740107,0.827281388684622,"3,2"
"3305","Pump.Flow.Based.PAA.Dose + Temp..of.the.Atmos. + Secondary.Effluent.Flow + CODto..mg.L. + NSEC.Effluent.TSS + NSEC.Effluent.Flow",0.203770510706286,0.808356236541446,"3,2"
"3306","Pump.Flow.Based.PAA.Dose + Temp..of.the.Atmos. + Secondary.Effluent.Flow + CODto..mg.L. + NSEC.Effluent.NO5 + NSEC.Effluent.Flow",0.215089886682755,0.822650523827634,"3,2"
"3307","Pump.Flow.Based.PAA.Dose + Temp..of.the.Atmos. + Secondary.Effluent.Flow + TSS..mg.L. + UVT.... + CODds..mg.L.",0.34097309205921,0.832371090888185,"3,2"
"3308","Pump.Flow.Based.PAA.Dose + Temp..of.the.Atmos. + Secondary.Effluent.Flow + TSS..mg.L. + UVT.... + SACto..1.m.",0.107639818563932,0.838927688638986,"3,2"
"3309","Pump.Flow.Based.PAA.Dose + Temp..of.the.Atmos. + Secondary.Effluent.Flow + TSS..mg.L. + UVT.... + NSEC.Aerobic.SRT",0.231912465703997,0.829161608847172,"3,2"
"3310","Pump.Flow.Based.PAA.Dose + Temp..of.the.Atmos. + Secondary.Effluent.Flow + TSS..mg.L. + UVT.... + NSEC.Effluent.NH3",0.155748778666555,0.821041232426867,"3,2"
"3311","Pump.Flow.Based.PAA.Dose + Temp..of.the.Atmos. + Secondary.Effluent.Flow + TSS..mg.L. + UVT.... + NSEC.Effluent.NO3",0.120498403792259,0.828745476932184,"3,2"
"3312","Pump.Flow.Based.PAA.Dose + Temp..of.the.Atmos. + Secondary.Effluent.Flow + TSS..mg.L. + UVT.... + NSEC.Effluent.OP",0.217104510247319,0.838488200647362,"3,2"
"3313","Pump.Flow.Based.PAA.Dose + Temp..of.the.Atmos. + Secondary.Effluent.Flow + TSS..mg.L. + UVT.... + NSEC.Effluent.TSS",0.139673946193639,0.830872287336451,"3,2"
"3314","Pump.Flow.Based.PAA.Dose + Temp..of.the.Atmos. + Secondary.Effluent.Flow + TSS..mg.L. + UVT.... + NSEC.Effluent.NO5",0.153353157245119,0.843187821052262,"3,2"
"3315","Pump.Flow.Based.PAA.Dose + Temp..of.the.Atmos. + Secondary.Effluent.Flow + TSS..mg.L. + UVT.... + NSEC.Effluent.Flow",0.219493411526533,0.814379459042484,"3,2"
"3316","Pump.Flow.Based.PAA.Dose + Temp..of.the.Atmos. + Secondary.Effluent.Flow + TSS..mg.L. + CODds..mg.L. + SACto..1.m.",0.125314406397515,0.801416626384,"3,2"
"3317","Pump.Flow.Based.PAA.Dose + Temp..of.the.Atmos. + Secondary.Effluent.Flow + TSS..mg.L. + CODds..mg.L. + NSEC.Aerobic.SRT",0.256078567572721,0.825845014469868,"3,2"
"3318","Pump.Flow.Based.PAA.Dose + Temp..of.the.Atmos. + Secondary.Effluent.Flow + TSS..mg.L. + CODds..mg.L. + NSEC.Effluent.NH3",0.152172109290686,0.834750758777376,"3,2"
"3319","Pump.Flow.Based.PAA.Dose + Temp..of.the.Atmos. + Secondary.Effluent.Flow + TSS..mg.L. + CODds..mg.L. + NSEC.Effluent.NO3",0.289441173774806,0.832164763043943,"3,2"
"3320","Pump.Flow.Based.PAA.Dose + Temp..of.the.Atmos. + Secondary.Effluent.Flow + TSS..mg.L. + CODds..mg.L. + NSEC.Effluent.OP",0.224343728045021,0.828297865215603,"3,2"
"3321","Pump.Flow.Based.PAA.Dose + Temp..of.the.Atmos. + Secondary.Effluent.Flow + TSS..mg.L. + CODds..mg.L. + NSEC.Effluent.TSS",0.140819979583205,0.804423530238476,"3,2"
"3322","Pump.Flow.Based.PAA.Dose + Temp..of.the.Atmos. + Secondary.Effluent.Flow + TSS..mg.L. + CODds..mg.L. + NSEC.Effluent.NO5",0.125569399761466,0.813220051637794,"3,2"
"3323","Pump.Flow.Based.PAA.Dose + Temp..of.the.Atmos. + Secondary.Effluent.Flow + TSS..mg.L. + CODds..mg.L. + NSEC.Effluent.Flow",0.194353657895285,0.830685450494498,"3,2"
"3324","Pump.Flow.Based.PAA.Dose + Temp..of.the.Atmos. + Secondary.Effluent.Flow + TSS..mg.L. + SACto..1.m. + NSEC.Aerobic.SRT",0.195724235462255,0.828484766840796,"3,2"
"3325","Pump.Flow.Based.PAA.Dose + Temp..of.the.Atmos. + Secondary.Effluent.Flow + TSS..mg.L. + SACto..1.m. + NSEC.Effluent.NH3",0.12102906692245,0.815724942579862,"3,2"
"3326","Pump.Flow.Based.PAA.Dose + Temp..of.the.Atmos. + Secondary.Effluent.Flow + TSS..mg.L. + SACto..1.m. + NSEC.Effluent.NO3",0.19059653381638,0.000165389271644626,"3,2"
"3327","Pump.Flow.Based.PAA.Dose + Temp..of.the.Atmos. + Secondary.Effluent.Flow + TSS..mg.L. + SACto..1.m. + NSEC.Effluent.OP",0.136176049573627,0.810931418983985,"3,2"
"3328","Pump.Flow.Based.PAA.Dose + Temp..of.the.Atmos. + Secondary.Effluent.Flow + TSS..mg.L. + SACto..1.m. + NSEC.Effluent.TSS",0.156473111791305,0.835985710530363,"3,2"
"3329","Pump.Flow.Based.PAA.Dose + Temp..of.the.Atmos. + Secondary.Effluent.Flow + TSS..mg.L. + SACto..1.m. + NSEC.Effluent.NO5",0.0958403998726507,0.834780155292869,"3,2"
"3330","Pump.Flow.Based.PAA.Dose + Temp..of.the.Atmos. + Secondary.Effluent.Flow + TSS..mg.L. + SACto..1.m. + NSEC.Effluent.Flow",0.170331829216477,0.816983873699354,"3,2"
"3331","Pump.Flow.Based.PAA.Dose + Temp..of.the.Atmos. + Secondary.Effluent.Flow + TSS..mg.L. + NSEC.Aerobic.SRT + NSEC.Effluent.NH3",0.174379342276993,0.821270347259741,"3,2"
"3332","Pump.Flow.Based.PAA.Dose + Temp..of.the.Atmos. + Secondary.Effluent.Flow + TSS..mg.L. + NSEC.Aerobic.SRT + NSEC.Effluent.NO3",0.227969939583774,0.827043766852881,"3,2"
"3333","Pump.Flow.Based.PAA.Dose + Temp..of.the.Atmos. + Secondary.Effluent.Flow + TSS..mg.L. + NSEC.Aerobic.SRT + NSEC.Effluent.OP",0.269765528145906,0.814118238536703,"3,2"
"3334","Pump.Flow.Based.PAA.Dose + Temp..of.the.Atmos. + Secondary.Effluent.Flow + TSS..mg.L. + NSEC.Aerobic.SRT + NSEC.Effluent.TSS",0.292568370289159,0.840849552850563,"3,2"
"3335","Pump.Flow.Based.PAA.Dose + Temp..of.the.Atmos. + Secondary.Effluent.Flow + TSS..mg.L. + NSEC.Aerobic.SRT + NSEC.Effluent.NO5",0.28974342805416,0.845922643684684,"3,2"
"3336","Pump.Flow.Based.PAA.Dose + Temp..of.the.Atmos. + Secondary.Effluent.Flow + TSS..mg.L. + NSEC.Aerobic.SRT + NSEC.Effluent.Flow",0.249454316137855,0.824672194061621,"3,2"
"3337","Pump.Flow.Based.PAA.Dose + Temp..of.the.Atmos. + Secondary.Effluent.Flow + TSS..mg.L. + NSEC.Effluent.NH3 + NSEC.Effluent.NO3",0.227452649269374,0.81605698755178,"3,2"
"3338","Pump.Flow.Based.PAA.Dose + Temp..of.the.Atmos. + Secondary.Effluent.Flow + TSS..mg.L. + NSEC.Effluent.NH3 + NSEC.Effluent.OP",0.154254428958754,0.817901683136521,"3,2"
"3339","Pump.Flow.Based.PAA.Dose + Temp..of.the.Atmos. + Secondary.Effluent.Flow + TSS..mg.L. + NSEC.Effluent.NH3 + NSEC.Effluent.TSS",0.251388581389623,0.814815649091321,"3,2"
"3340","Pump.Flow.Based.PAA.Dose + Temp..of.the.Atmos. + Secondary.Effluent.Flow + TSS..mg.L. + NSEC.Effluent.NH3 + NSEC.Effluent.NO5",0.168002853108072,0.821408968784148,"3,2"
"3341","Pump.Flow.Based.PAA.Dose + Temp..of.the.Atmos. + Secondary.Effluent.Flow + TSS..mg.L. + NSEC.Effluent.NH3 + NSEC.Effluent.Flow",0.241127723297675,0.824883520535207,"3,2"
"3342","Pump.Flow.Based.PAA.Dose + Temp..of.the.Atmos. + Secondary.Effluent.Flow + TSS..mg.L. + NSEC.Effluent.NO3 + NSEC.Effluent.OP",0.211288988674851,0.800065577227984,"3,2"
"3343","Pump.Flow.Based.PAA.Dose + Temp..of.the.Atmos. + Secondary.Effluent.Flow + TSS..mg.L. + NSEC.Effluent.NO3 + NSEC.Effluent.TSS",0.261558178690112,0.809896397368927,"3,2"
"3344","Pump.Flow.Based.PAA.Dose + Temp..of.the.Atmos. + Secondary.Effluent.Flow + TSS..mg.L. + NSEC.Effluent.NO3 + NSEC.Effluent.NO5",0.25464102320908,0.850813497305403,"3,2"
"3345","Pump.Flow.Based.PAA.Dose + Temp..of.the.Atmos. + Secondary.Effluent.Flow + TSS..mg.L. + NSEC.Effluent.NO3 + NSEC.Effluent.Flow",0.3096935022843,0.828948095304494,"3,2"
"3346","Pump.Flow.Based.PAA.Dose + Temp..of.the.Atmos. + Secondary.Effluent.Flow + TSS..mg.L. + NSEC.Effluent.OP + NSEC.Effluent.TSS",0.255303384747231,0.819131510007954,"3,2"
"3347","Pump.Flow.Based.PAA.Dose + Temp..of.the.Atmos. + Secondary.Effluent.Flow + TSS..mg.L. + NSEC.Effluent.OP + NSEC.Effluent.NO5",0.244443945758051,0.819718502144588,"3,2"
"3348","Pump.Flow.Based.PAA.Dose + Temp..of.the.Atmos. + Secondary.Effluent.Flow + TSS..mg.L. + NSEC.Effluent.OP + NSEC.Effluent.Flow",0.244965092908313,0.809146633762931,"3,2"
"3349","Pump.Flow.Based.PAA.Dose + Temp..of.the.Atmos. + Secondary.Effluent.Flow + TSS..mg.L. + NSEC.Effluent.TSS + NSEC.Effluent.NO5",0.247196524077349,0.821686669315891,"3,2"
"3350","Pump.Flow.Based.PAA.Dose + Temp..of.the.Atmos. + Secondary.Effluent.Flow + TSS..mg.L. + NSEC.Effluent.TSS + NSEC.Effluent.Flow",0.253189625116111,0.830476925500148,"3,2"
"3351","Pump.Flow.Based.PAA.Dose + Temp..of.the.Atmos. + Secondary.Effluent.Flow + TSS..mg.L. + NSEC.Effluent.NO5 + NSEC.Effluent.Flow",0.202186818288716,0.814269842032406,"3,2"
"3352","Pump.Flow.Based.PAA.Dose + Temp..of.the.Atmos. + Secondary.Effluent.Flow + UVT.... + CODds..mg.L. + SACto..1.m.",0.232927161826813,0.818264368644071,"3,2"
"3353","Pump.Flow.Based.PAA.Dose + Temp..of.the.Atmos. + Secondary.Effluent.Flow + UVT.... + CODds..mg.L. + NSEC.Aerobic.SRT",0.216801424242636,0.822983549069043,"3,2"
"3354","Pump.Flow.Based.PAA.Dose + Temp..of.the.Atmos. + Secondary.Effluent.Flow + UVT.... + CODds..mg.L. + NSEC.Effluent.NH3",0.201161873263257,0.818736447170159,"3,2"
"3355","Pump.Flow.Based.PAA.Dose + Temp..of.the.Atmos. + Secondary.Effluent.Flow + UVT.... + CODds..mg.L. + NSEC.Effluent.NO3",0.100414045230261,0.799687702594342,"3,2"
"3356","Pump.Flow.Based.PAA.Dose + Temp..of.the.Atmos. + Secondary.Effluent.Flow + UVT.... + CODds..mg.L. + NSEC.Effluent.OP",0.190640004256495,0.817003508518886,"3,2"
"3357","Pump.Flow.Based.PAA.Dose + Temp..of.the.Atmos. + Secondary.Effluent.Flow + UVT.... + CODds..mg.L. + NSEC.Effluent.TSS",0.222221440388961,0.830078310440544,"3,2"
"3358","Pump.Flow.Based.PAA.Dose + Temp..of.the.Atmos. + Secondary.Effluent.Flow + UVT.... + CODds..mg.L. + NSEC.Effluent.NO5",0.215838322423516,0.826845840727496,"3,2"
"3359","Pump.Flow.Based.PAA.Dose + Temp..of.the.Atmos. + Secondary.Effluent.Flow + UVT.... + CODds..mg.L. + NSEC.Effluent.Flow",0.130193114184886,0.823077596317136,"3,2"
"3360","Pump.Flow.Based.PAA.Dose + Temp..of.the.Atmos. + Secondary.Effluent.Flow + UVT.... + SACto..1.m. + NSEC.Aerobic.SRT",0.242737518055893,0.829274368471938,"3,2"
"3361","Pump.Flow.Based.PAA.Dose + Temp..of.the.Atmos. + Secondary.Effluent.Flow + UVT.... + SACto..1.m. + NSEC.Effluent.NH3",0.24213084074279,0.81143870086004,"3,2"
"3362","Pump.Flow.Based.PAA.Dose + Temp..of.the.Atmos. + Secondary.Effluent.Flow + UVT.... + SACto..1.m. + NSEC.Effluent.NO3",0.351740973710337,0.821679691249464,"3,2"
"3363","Pump.Flow.Based.PAA.Dose + Temp..of.the.Atmos. + Secondary.Effluent.Flow + UVT.... + SACto..1.m. + NSEC.Effluent.OP",0.167126467614302,0.822706483659983,"3,2"
"3364","Pump.Flow.Based.PAA.Dose + Temp..of.the.Atmos. + Secondary.Effluent.Flow + UVT.... + SACto..1.m. + NSEC.Effluent.TSS",0.18608222622615,0.827047172204943,"3,2"
"3365","Pump.Flow.Based.PAA.Dose + Temp..of.the.Atmos. + Secondary.Effluent.Flow + UVT.... + SACto..1.m. + NSEC.Effluent.NO5",0.168803575083869,0.796850525291456,"3,2"
"3366","Pump.Flow.Based.PAA.Dose + Temp..of.the.Atmos. + Secondary.Effluent.Flow + UVT.... + SACto..1.m. + NSEC.Effluent.Flow",0.126564362847036,0.812469395316329,"3,2"
"3367","Pump.Flow.Based.PAA.Dose + Temp..of.the.Atmos. + Secondary.Effluent.Flow + UVT.... + NSEC.Aerobic.SRT + NSEC.Effluent.NH3",0.26027374958533,0.819749581391907,"3,2"
"3368","Pump.Flow.Based.PAA.Dose + Temp..of.the.Atmos. + Secondary.Effluent.Flow + UVT.... + NSEC.Aerobic.SRT + NSEC.Effluent.NO3",0.266403058406388,0.816319582449107,"3,2"
"3369","Pump.Flow.Based.PAA.Dose + Temp..of.the.Atmos. + Secondary.Effluent.Flow + UVT.... + NSEC.Aerobic.SRT + NSEC.Effluent.OP",0.134903012789501,0.830998120087342,"3,2"
"3370","Pump.Flow.Based.PAA.Dose + Temp..of.the.Atmos. + Secondary.Effluent.Flow + UVT.... + NSEC.Aerobic.SRT + NSEC.Effluent.TSS",0.220084230041631,0.809746306547336,"3,2"
"3371","Pump.Flow.Based.PAA.Dose + Temp..of.the.Atmos. + Secondary.Effluent.Flow + UVT.... + NSEC.Aerobic.SRT + NSEC.Effluent.NO5",0.198662725970637,0.82661669742923,"3,2"
"3372","Pump.Flow.Based.PAA.Dose + Temp..of.the.Atmos. + Secondary.Effluent.Flow + UVT.... + NSEC.Aerobic.SRT + NSEC.Effluent.Flow",0.215577076367992,0.817424049193116,"3,2"
"3373","Pump.Flow.Based.PAA.Dose + Temp..of.the.Atmos. + Secondary.Effluent.Flow + UVT.... + NSEC.Effluent.NH3 + NSEC.Effluent.NO3",0.150002955693944,0.798554649101422,"3,2"
"3374","Pump.Flow.Based.PAA.Dose + Temp..of.the.Atmos. + Secondary.Effluent.Flow + UVT.... + NSEC.Effluent.NH3 + NSEC.Effluent.OP",0.124339241877474,0.812509782362529,"3,2"
"3375","Pump.Flow.Based.PAA.Dose + Temp..of.the.Atmos. + Secondary.Effluent.Flow + UVT.... + NSEC.Effluent.NH3 + NSEC.Effluent.TSS",0.231988570309131,0.818900973561403,"3,2"
"3376","Pump.Flow.Based.PAA.Dose + Temp..of.the.Atmos. + Secondary.Effluent.Flow + UVT.... + NSEC.Effluent.NH3 + NSEC.Effluent.NO5",0.194853343829983,0.801554515778888,"3,2"
"3377","Pump.Flow.Based.PAA.Dose + Temp..of.the.Atmos. + Secondary.Effluent.Flow + UVT.... + NSEC.Effluent.NH3 + NSEC.Effluent.Flow",0.151863848054755,0.801779224685088,"3,2"
"3378","Pump.Flow.Based.PAA.Dose + Temp..of.the.Atmos. + Secondary.Effluent.Flow + UVT.... + NSEC.Effluent.NO3 + NSEC.Effluent.OP",0.166375714875191,0.811132594756252,"3,2"
"3379","Pump.Flow.Based.PAA.Dose + Temp..of.the.Atmos. + Secondary.Effluent.Flow + UVT.... + NSEC.Effluent.NO3 + NSEC.Effluent.TSS",0.284918173844171,0.832908078481144,"3,2"
"3380","Pump.Flow.Based.PAA.Dose + Temp..of.the.Atmos. + Secondary.Effluent.Flow + UVT.... + NSEC.Effluent.NO3 + NSEC.Effluent.NO5",0.143807189674551,0.810259112360469,"3,2"
"3381","Pump.Flow.Based.PAA.Dose + Temp..of.the.Atmos. + Secondary.Effluent.Flow + UVT.... + NSEC.Effluent.NO3 + NSEC.Effluent.Flow",0.266737217768328,0.826704854696837,"3,2"
"3382","Pump.Flow.Based.PAA.Dose + Temp..of.the.Atmos. + Secondary.Effluent.Flow + UVT.... + NSEC.Effluent.OP + NSEC.Effluent.TSS",0.206705309970788,0.82431982198628,"3,2"
"3383","Pump.Flow.Based.PAA.Dose + Temp..of.the.Atmos. + Secondary.Effluent.Flow + UVT.... + NSEC.Effluent.OP + NSEC.Effluent.NO5",0.19921150092572,0.831649120501202,"3,2"
"3384","Pump.Flow.Based.PAA.Dose + Temp..of.the.Atmos. + Secondary.Effluent.Flow + UVT.... + NSEC.Effluent.OP + NSEC.Effluent.Flow",0.251762544826695,0.809626081230842,"3,2"
"3385","Pump.Flow.Based.PAA.Dose + Temp..of.the.Atmos. + Secondary.Effluent.Flow + UVT.... + NSEC.Effluent.TSS + NSEC.Effluent.NO5",0.161547553482552,0.807908834045309,"3,2"
"3386","Pump.Flow.Based.PAA.Dose + Temp..of.the.Atmos. + Secondary.Effluent.Flow + UVT.... + NSEC.Effluent.TSS + NSEC.Effluent.Flow",0.203763062560911,0.815301537166271,"3,2"
"3387","Pump.Flow.Based.PAA.Dose + Temp..of.the.Atmos. + Secondary.Effluent.Flow + UVT.... + NSEC.Effluent.NO5 + NSEC.Effluent.Flow",0.221710035162876,0.822629351433152,"3,2"
"3388","Pump.Flow.Based.PAA.Dose + Temp..of.the.Atmos. + Secondary.Effluent.Flow + CODds..mg.L. + SACto..1.m. + NSEC.Aerobic.SRT",0.184586482769462,0.838608233275947,"3,2"
"3389","Pump.Flow.Based.PAA.Dose + Temp..of.the.Atmos. + Secondary.Effluent.Flow + CODds..mg.L. + SACto..1.m. + NSEC.Effluent.NH3",0.0889717677932849,0.805401139252243,"3,2"
"3390","Pump.Flow.Based.PAA.Dose + Temp..of.the.Atmos. + Secondary.Effluent.Flow + CODds..mg.L. + SACto..1.m. + NSEC.Effluent.NO3",0.156675813013783,0.813199568775705,"3,2"
"3391","Pump.Flow.Based.PAA.Dose + Temp..of.the.Atmos. + Secondary.Effluent.Flow + CODds..mg.L. + SACto..1.m. + NSEC.Effluent.OP",0.153739275817151,0.823997013943889,"3,2"
"3392","Pump.Flow.Based.PAA.Dose + Temp..of.the.Atmos. + Secondary.Effluent.Flow + CODds..mg.L. + SACto..1.m. + NSEC.Effluent.TSS",0.193226312998886,0.856161151347068,"3,2"
"3393","Pump.Flow.Based.PAA.Dose + Temp..of.the.Atmos. + Secondary.Effluent.Flow + CODds..mg.L. + SACto..1.m. + NSEC.Effluent.NO5",0.138304856879383,0.846001597143926,"3,2"
"3394","Pump.Flow.Based.PAA.Dose + Temp..of.the.Atmos. + Secondary.Effluent.Flow + CODds..mg.L. + SACto..1.m. + NSEC.Effluent.Flow",0.186882758264118,0.818141532048367,"3,2"
"3395","Pump.Flow.Based.PAA.Dose + Temp..of.the.Atmos. + Secondary.Effluent.Flow + CODds..mg.L. + NSEC.Aerobic.SRT + NSEC.Effluent.NH3",0.243221576324494,0.817633471113037,"3,2"
"3396","Pump.Flow.Based.PAA.Dose + Temp..of.the.Atmos. + Secondary.Effluent.Flow + CODds..mg.L. + NSEC.Aerobic.SRT + NSEC.Effluent.NO3",0.206513529495506,0.826080765970478,"3,2"
"3397","Pump.Flow.Based.PAA.Dose + Temp..of.the.Atmos. + Secondary.Effluent.Flow + CODds..mg.L. + NSEC.Aerobic.SRT + NSEC.Effluent.OP",0.201549583289299,0.811725540947815,"3,2"
"3398","Pump.Flow.Based.PAA.Dose + Temp..of.the.Atmos. + Secondary.Effluent.Flow + CODds..mg.L. + NSEC.Aerobic.SRT + NSEC.Effluent.TSS",0.249034266301381,0.821977599673115,"3,2"
"3399","Pump.Flow.Based.PAA.Dose + Temp..of.the.Atmos. + Secondary.Effluent.Flow + CODds..mg.L. + NSEC.Aerobic.SRT + NSEC.Effluent.NO5",0.145770845779997,0.798963076687584,"3,2"
"3400","Pump.Flow.Based.PAA.Dose + Temp..of.the.Atmos. + Secondary.Effluent.Flow + CODds..mg.L. + NSEC.Aerobic.SRT + NSEC.Effluent.Flow",0.238452931026545,0.815723884355304,"3,2"
"3401","Pump.Flow.Based.PAA.Dose + Temp..of.the.Atmos. + Secondary.Effluent.Flow + CODds..mg.L. + NSEC.Effluent.NH3 + NSEC.Effluent.NO3",0.168108329137918,0.810859565548631,"3,2"
"3402","Pump.Flow.Based.PAA.Dose + Temp..of.the.Atmos. + Secondary.Effluent.Flow + CODds..mg.L. + NSEC.Effluent.NH3 + NSEC.Effluent.OP",0.241198821843686,0.841645243511059,"3,2"
"3403","Pump.Flow.Based.PAA.Dose + Temp..of.the.Atmos. + Secondary.Effluent.Flow + CODds..mg.L. + NSEC.Effluent.NH3 + NSEC.Effluent.TSS",0.157275276225685,0.806684779850731,"3,2"
"3404","Pump.Flow.Based.PAA.Dose + Temp..of.the.Atmos. + Secondary.Effluent.Flow + CODds..mg.L. + NSEC.Effluent.NH3 + NSEC.Effluent.NO5",0.192120476099695,0.805075076538662,"3,2"
"3405","Pump.Flow.Based.PAA.Dose + Temp..of.the.Atmos. + Secondary.Effluent.Flow + CODds..mg.L. + NSEC.Effluent.NH3 + NSEC.Effluent.Flow",0.176809842394279,0.792009685059337,"3,2"
"3406","Pump.Flow.Based.PAA.Dose + Temp..of.the.Atmos. + Secondary.Effluent.Flow + CODds..mg.L. + NSEC.Effluent.NO3 + NSEC.Effluent.OP",0.277957329570326,0.829610240914892,"3,2"
"3407","Pump.Flow.Based.PAA.Dose + Temp..of.the.Atmos. + Secondary.Effluent.Flow + CODds..mg.L. + NSEC.Effluent.NO3 + NSEC.Effluent.TSS",0.247203469010358,0.834009993230658,"3,2"
"3408","Pump.Flow.Based.PAA.Dose + Temp..of.the.Atmos. + Secondary.Effluent.Flow + CODds..mg.L. + NSEC.Effluent.NO3 + NSEC.Effluent.NO5",0.166712026481881,0.825941589491086,"3,2"
"3409","Pump.Flow.Based.PAA.Dose + Temp..of.the.Atmos. + Secondary.Effluent.Flow + CODds..mg.L. + NSEC.Effluent.NO3 + NSEC.Effluent.Flow",0.247439649482315,0.829591920177418,"3,2"
"3410","Pump.Flow.Based.PAA.Dose + Temp..of.the.Atmos. + Secondary.Effluent.Flow + CODds..mg.L. + NSEC.Effluent.OP + NSEC.Effluent.TSS",0.178285061702764,0.806931318516026,"3,2"
"3411","Pump.Flow.Based.PAA.Dose + Temp..of.the.Atmos. + Secondary.Effluent.Flow + CODds..mg.L. + NSEC.Effluent.OP + NSEC.Effluent.NO5",0.295447238836406,0.835663763297497,"3,2"
"3412","Pump.Flow.Based.PAA.Dose + Temp..of.the.Atmos. + Secondary.Effluent.Flow + CODds..mg.L. + NSEC.Effluent.OP + NSEC.Effluent.Flow",0.241147701828794,0.824949107143298,"3,2"
"3413","Pump.Flow.Based.PAA.Dose + Temp..of.the.Atmos. + Secondary.Effluent.Flow + CODds..mg.L. + NSEC.Effluent.TSS + NSEC.Effluent.NO5",0.310336405787625,0.861235665683457,"3,2"
"3414","Pump.Flow.Based.PAA.Dose + Temp..of.the.Atmos. + Secondary.Effluent.Flow + CODds..mg.L. + NSEC.Effluent.TSS + NSEC.Effluent.Flow",0.250615306225206,0.840336859876976,"3,2"
"3415","Pump.Flow.Based.PAA.Dose + Temp..of.the.Atmos. + Secondary.Effluent.Flow + CODds..mg.L. + NSEC.Effluent.NO5 + NSEC.Effluent.Flow",0.243321917915916,0.811881534758921,"3,2"
"3416","Pump.Flow.Based.PAA.Dose + Temp..of.the.Atmos. + Secondary.Effluent.Flow + SACto..1.m. + NSEC.Aerobic.SRT + NSEC.Effluent.NH3",0.117419220887024,0.809424700075719,"3,2"
"3417","Pump.Flow.Based.PAA.Dose + Temp..of.the.Atmos. + Secondary.Effluent.Flow + SACto..1.m. + NSEC.Aerobic.SRT + NSEC.Effluent.NO3",0.23876942962359,0.840903456874375,"3,2"
"3418","Pump.Flow.Based.PAA.Dose + Temp..of.the.Atmos. + Secondary.Effluent.Flow + SACto..1.m. + NSEC.Aerobic.SRT + NSEC.Effluent.OP",0.169058566739089,0.826964306066423,"3,2"
"3419","Pump.Flow.Based.PAA.Dose + Temp..of.the.Atmos. + Secondary.Effluent.Flow + SACto..1.m. + NSEC.Aerobic.SRT + NSEC.Effluent.TSS",0.196593933872108,0.821474219886868,"3,2"
"3420","Pump.Flow.Based.PAA.Dose + Temp..of.the.Atmos. + Secondary.Effluent.Flow + SACto..1.m. + NSEC.Aerobic.SRT + NSEC.Effluent.NO5",0.257353061431606,0.840387628411439,"3,2"
"3421","Pump.Flow.Based.PAA.Dose + Temp..of.the.Atmos. + Secondary.Effluent.Flow + SACto..1.m. + NSEC.Aerobic.SRT + NSEC.Effluent.Flow",0.244647830299094,0.820865582035144,"3,2"
"3422","Pump.Flow.Based.PAA.Dose + Temp..of.the.Atmos. + Secondary.Effluent.Flow + SACto..1.m. + NSEC.Effluent.NH3 + NSEC.Effluent.NO3",0.150211896140757,0.805751402037148,"3,2"
"3423","Pump.Flow.Based.PAA.Dose + Temp..of.the.Atmos. + Secondary.Effluent.Flow + SACto..1.m. + NSEC.Effluent.NH3 + NSEC.Effluent.OP",0.22059600210908,0.836764301924232,"3,2"
"3424","Pump.Flow.Based.PAA.Dose + Temp..of.the.Atmos. + Secondary.Effluent.Flow + SACto..1.m. + NSEC.Effluent.NH3 + NSEC.Effluent.TSS",0.166357109960015,0.798903293749876,"3,2"
"3425","Pump.Flow.Based.PAA.Dose + Temp..of.the.Atmos. + Secondary.Effluent.Flow + SACto..1.m. + NSEC.Effluent.NH3 + NSEC.Effluent.NO5",0.185700706076362,0.822557729448406,"3,2"
"3426","Pump.Flow.Based.PAA.Dose + Temp..of.the.Atmos. + Secondary.Effluent.Flow + SACto..1.m. + NSEC.Effluent.NH3 + NSEC.Effluent.Flow",0.151605441202294,0.795010648094841,"3,2"
"3427","Pump.Flow.Based.PAA.Dose + Temp..of.the.Atmos. + Secondary.Effluent.Flow + SACto..1.m. + NSEC.Effluent.NO3 + NSEC.Effluent.OP",0.265170550664312,0.822411485145489,"3,2"
"3428","Pump.Flow.Based.PAA.Dose + Temp..of.the.Atmos. + Secondary.Effluent.Flow + SACto..1.m. + NSEC.Effluent.NO3 + NSEC.Effluent.TSS",0.236330906040368,0.826336104552716,"3,2"
"3429","Pump.Flow.Based.PAA.Dose + Temp..of.the.Atmos. + Secondary.Effluent.Flow + SACto..1.m. + NSEC.Effluent.NO3 + NSEC.Effluent.NO5",0.180106723103203,0.827887924748837,"3,2"
"3430","Pump.Flow.Based.PAA.Dose + Temp..of.the.Atmos. + Secondary.Effluent.Flow + SACto..1.m. + NSEC.Effluent.NO3 + NSEC.Effluent.Flow",0.246909572344717,0.822085650094103,"3,2"
"3431","Pump.Flow.Based.PAA.Dose + Temp..of.the.Atmos. + Secondary.Effluent.Flow + SACto..1.m. + NSEC.Effluent.OP + NSEC.Effluent.TSS",0.308462235831244,0.836459907977797,"3,2"
"3432","Pump.Flow.Based.PAA.Dose + Temp..of.the.Atmos. + Secondary.Effluent.Flow + SACto..1.m. + NSEC.Effluent.OP + NSEC.Effluent.NO5",0.174548421319853,0.824359107221708,"3,2"
"3433","Pump.Flow.Based.PAA.Dose + Temp..of.the.Atmos. + Secondary.Effluent.Flow + SACto..1.m. + NSEC.Effluent.OP + NSEC.Effluent.Flow",0.157818965024232,0.801352288114397,"3,2"
"3434","Pump.Flow.Based.PAA.Dose + Temp..of.the.Atmos. + Secondary.Effluent.Flow + SACto..1.m. + NSEC.Effluent.TSS + NSEC.Effluent.NO5",0.243870510018799,0.814908030169542,"3,2"
"3435","Pump.Flow.Based.PAA.Dose + Temp..of.the.Atmos. + Secondary.Effluent.Flow + SACto..1.m. + NSEC.Effluent.TSS + NSEC.Effluent.Flow",0.214472040802888,0.832001478034802,"3,2"
"3436","Pump.Flow.Based.PAA.Dose + Temp..of.the.Atmos. + Secondary.Effluent.Flow + SACto..1.m. + NSEC.Effluent.NO5 + NSEC.Effluent.Flow",0.193945938334354,0.0774877061138544,"3,2"
"3437","Pump.Flow.Based.PAA.Dose + Temp..of.the.Atmos. + Secondary.Effluent.Flow + NSEC.Aerobic.SRT + NSEC.Effluent.NH3 + NSEC.Effluent.NO3",0.263844073847353,0.834284366358564,"3,2"
"3438","Pump.Flow.Based.PAA.Dose + Temp..of.the.Atmos. + Secondary.Effluent.Flow + NSEC.Aerobic.SRT + NSEC.Effluent.NH3 + NSEC.Effluent.OP",0.208472774420911,0.817189059987007,"3,2"
"3439","Pump.Flow.Based.PAA.Dose + Temp..of.the.Atmos. + Secondary.Effluent.Flow + NSEC.Aerobic.SRT + NSEC.Effluent.NH3 + NSEC.Effluent.TSS",0.236221924235547,0.816610101038378,"3,2"
"3440","Pump.Flow.Based.PAA.Dose + Temp..of.the.Atmos. + Secondary.Effluent.Flow + NSEC.Aerobic.SRT + NSEC.Effluent.NH3 + NSEC.Effluent.NO5",0.302144033986135,0.822729751059456,"3,2"
"3441","Pump.Flow.Based.PAA.Dose + Temp..of.the.Atmos. + Secondary.Effluent.Flow + NSEC.Aerobic.SRT + NSEC.Effluent.NH3 + NSEC.Effluent.Flow",0.265928887906987,0.813832029310782,"3,2"
"3442","Pump.Flow.Based.PAA.Dose + Temp..of.the.Atmos. + Secondary.Effluent.Flow + NSEC.Aerobic.SRT + NSEC.Effluent.NO3 + NSEC.Effluent.OP",0.228335116987566,0.832759518607619,"3,2"
"3443","Pump.Flow.Based.PAA.Dose + Temp..of.the.Atmos. + Secondary.Effluent.Flow + NSEC.Aerobic.SRT + NSEC.Effluent.NO3 + NSEC.Effluent.TSS",0.250440559103014,0.810513985202527,"3,2"
"3444","Pump.Flow.Based.PAA.Dose + Temp..of.the.Atmos. + Secondary.Effluent.Flow + NSEC.Aerobic.SRT + NSEC.Effluent.NO3 + NSEC.Effluent.NO5",0.148665741794051,0.817130189002107,"3,2"
"3445","Pump.Flow.Based.PAA.Dose + Temp..of.the.Atmos. + Secondary.Effluent.Flow + NSEC.Aerobic.SRT + NSEC.Effluent.NO3 + NSEC.Effluent.Flow",0.2521001244486,0.820850479367149,"3,2"
"3446","Pump.Flow.Based.PAA.Dose + Temp..of.the.Atmos. + Secondary.Effluent.Flow + NSEC.Aerobic.SRT + NSEC.Effluent.OP + NSEC.Effluent.TSS",0.268806616074885,0.836505520684662,"3,2"
"3447","Pump.Flow.Based.PAA.Dose + Temp..of.the.Atmos. + Secondary.Effluent.Flow + NSEC.Aerobic.SRT + NSEC.Effluent.OP + NSEC.Effluent.NO5",0.0547024780475098,0.825259235961688,"3,2"
"3448","Pump.Flow.Based.PAA.Dose + Temp..of.the.Atmos. + Secondary.Effluent.Flow + NSEC.Aerobic.SRT + NSEC.Effluent.OP + NSEC.Effluent.Flow",0.223619452257231,0.832984488223894,"3,2"
"3449","Pump.Flow.Based.PAA.Dose + Temp..of.the.Atmos. + Secondary.Effluent.Flow + NSEC.Aerobic.SRT + NSEC.Effluent.TSS + NSEC.Effluent.NO5",0.229449965311131,0.808253281167383,"3,2"
"3450","Pump.Flow.Based.PAA.Dose + Temp..of.the.Atmos. + Secondary.Effluent.Flow + NSEC.Aerobic.SRT + NSEC.Effluent.TSS + NSEC.Effluent.Flow",0.20021958063457,0.797951132498186,"3,2"
"3451","Pump.Flow.Based.PAA.Dose + Temp..of.the.Atmos. + Secondary.Effluent.Flow + NSEC.Aerobic.SRT + NSEC.Effluent.NO5 + NSEC.Effluent.Flow",0.235828745360826,0.813830816219529,"3,2"
"3452","Pump.Flow.Based.PAA.Dose + Temp..of.the.Atmos. + Secondary.Effluent.Flow + NSEC.Effluent.NH3 + NSEC.Effluent.NO3 + NSEC.Effluent.OP",0.212311098968686,0.804577648524999,"3,2"
"3453","Pump.Flow.Based.PAA.Dose + Temp..of.the.Atmos. + Secondary.Effluent.Flow + NSEC.Effluent.NH3 + NSEC.Effluent.NO3 + NSEC.Effluent.TSS",0.226985012659539,0.839667531755453,"3,2"
"3454","Pump.Flow.Based.PAA.Dose + Temp..of.the.Atmos. + Secondary.Effluent.Flow + NSEC.Effluent.NH3 + NSEC.Effluent.NO3 + NSEC.Effluent.NO5",0.201045670361674,0.831778295736888,"3,2"
"3455","Pump.Flow.Based.PAA.Dose + Temp..of.the.Atmos. + Secondary.Effluent.Flow + NSEC.Effluent.NH3 + NSEC.Effluent.NO3 + NSEC.Effluent.Flow",0.200239854624102,0.800545870828656,"3,2"
"3456","Pump.Flow.Based.PAA.Dose + Temp..of.the.Atmos. + Secondary.Effluent.Flow + NSEC.Effluent.NH3 + NSEC.Effluent.OP + NSEC.Effluent.TSS",0.215335643383744,0.811000647180829,"3,2"
"3457","Pump.Flow.Based.PAA.Dose + Temp..of.the.Atmos. + Secondary.Effluent.Flow + NSEC.Effluent.NH3 + NSEC.Effluent.OP + NSEC.Effluent.NO5",0.213462032099274,0.837372366210048,"3,2"
"3458","Pump.Flow.Based.PAA.Dose + Temp..of.the.Atmos. + Secondary.Effluent.Flow + NSEC.Effluent.NH3 + NSEC.Effluent.OP + NSEC.Effluent.Flow",0.221728999350585,0.79694518752237,"3,2"
"3459","Pump.Flow.Based.PAA.Dose + Temp..of.the.Atmos. + Secondary.Effluent.Flow + NSEC.Effluent.NH3 + NSEC.Effluent.TSS + NSEC.Effluent.NO5",0.244348200280597,0.821891672322734,"3,2"
"3460","Pump.Flow.Based.PAA.Dose + Temp..of.the.Atmos. + Secondary.Effluent.Flow + NSEC.Effluent.NH3 + NSEC.Effluent.TSS + NSEC.Effluent.Flow",0.253259686450297,0.820740182276218,"3,2"
"3461","Pump.Flow.Based.PAA.Dose + Temp..of.the.Atmos. + Secondary.Effluent.Flow + NSEC.Effluent.NH3 + NSEC.Effluent.NO5 + NSEC.Effluent.Flow",0.251107276143304,0.810050046712514,"3,2"
"3462","Pump.Flow.Based.PAA.Dose + Temp..of.the.Atmos. + Secondary.Effluent.Flow + NSEC.Effluent.NO3 + NSEC.Effluent.OP + NSEC.Effluent.TSS",0.26523773888425,0.826540014231279,"3,2"
"3463","Pump.Flow.Based.PAA.Dose + Temp..of.the.Atmos. + Secondary.Effluent.Flow + NSEC.Effluent.NO3 + NSEC.Effluent.OP + NSEC.Effluent.NO5",0.204348154744677,0.813617530953654,"3,2"
"3464","Pump.Flow.Based.PAA.Dose + Temp..of.the.Atmos. + Secondary.Effluent.Flow + NSEC.Effluent.NO3 + NSEC.Effluent.OP + NSEC.Effluent.Flow",0.230688987527128,0.821221005646202,"3,2"
"3465","Pump.Flow.Based.PAA.Dose + Temp..of.the.Atmos. + Secondary.Effluent.Flow + NSEC.Effluent.NO3 + NSEC.Effluent.TSS + NSEC.Effluent.NO5",0.232774918203292,0.825181645436388,"3,2"
"3466","Pump.Flow.Based.PAA.Dose + Temp..of.the.Atmos. + Secondary.Effluent.Flow + NSEC.Effluent.NO3 + NSEC.Effluent.TSS + NSEC.Effluent.Flow",0.214536329607057,0.81603779714682,"3,2"
"3467","Pump.Flow.Based.PAA.Dose + Temp..of.the.Atmos. + Secondary.Effluent.Flow + NSEC.Effluent.NO3 + NSEC.Effluent.NO5 + NSEC.Effluent.Flow",0.24014438868079,0.843896866291031,"3,2"
"3468","Pump.Flow.Based.PAA.Dose + Temp..of.the.Atmos. + Secondary.Effluent.Flow + NSEC.Effluent.OP + NSEC.Effluent.TSS + NSEC.Effluent.NO5",0.273553282159194,0.842437218183595,"3,2"
"3469","Pump.Flow.Based.PAA.Dose + Temp..of.the.Atmos. + Secondary.Effluent.Flow + NSEC.Effluent.OP + NSEC.Effluent.TSS + NSEC.Effluent.Flow",0.218342028969001,0.801450698780424,"3,2"
"3470","Pump.Flow.Based.PAA.Dose + Temp..of.the.Atmos. + Secondary.Effluent.Flow + NSEC.Effluent.OP + NSEC.Effluent.NO5 + NSEC.Effluent.Flow",0.250419522572674,0.81645110326592,"3,2"
"3471","Pump.Flow.Based.PAA.Dose + Temp..of.the.Atmos. + Secondary.Effluent.Flow + NSEC.Effluent.TSS + NSEC.Effluent.NO5 + NSEC.Effluent.Flow",0.258080745539394,0.81699896497112,"3,2"
"3472","Pump.Flow.Based.PAA.Dose + Temp..of.the.Atmos. + N..Basin.Outfall + CODto..mg.L. + TSS..mg.L. + UVT....",0.183120988552163,0.819745758774266,"3,2"
"3473","Pump.Flow.Based.PAA.Dose + Temp..of.the.Atmos. + N..Basin.Outfall + CODto..mg.L. + TSS..mg.L. + CODds..mg.L.",0.133078905584007,0.809413060864211,"3,2"
"3474","Pump.Flow.Based.PAA.Dose + Temp..of.the.Atmos. + N..Basin.Outfall + CODto..mg.L. + TSS..mg.L. + SACto..1.m.",0.20275965555925,0.810571192022359,"3,2"
"3475","Pump.Flow.Based.PAA.Dose + Temp..of.the.Atmos. + N..Basin.Outfall + CODto..mg.L. + TSS..mg.L. + NSEC.Aerobic.SRT",0.0882454426839414,0.815116238065254,"3,2"
"3476","Pump.Flow.Based.PAA.Dose + Temp..of.the.Atmos. + N..Basin.Outfall + CODto..mg.L. + TSS..mg.L. + NSEC.Effluent.NH3",0.0976038280125411,0.813922987446567,"3,2"
"3477","Pump.Flow.Based.PAA.Dose + Temp..of.the.Atmos. + N..Basin.Outfall + CODto..mg.L. + TSS..mg.L. + NSEC.Effluent.NO3",0.221728008230312,0.814502334016034,"3,2"
"3478","Pump.Flow.Based.PAA.Dose + Temp..of.the.Atmos. + N..Basin.Outfall + CODto..mg.L. + TSS..mg.L. + NSEC.Effluent.OP",0.135001176225716,0.814530439073096,"3,2"
"3479","Pump.Flow.Based.PAA.Dose + Temp..of.the.Atmos. + N..Basin.Outfall + CODto..mg.L. + TSS..mg.L. + NSEC.Effluent.TSS",0.261504074163589,0.817500661987016,"3,2"
"3480","Pump.Flow.Based.PAA.Dose + Temp..of.the.Atmos. + N..Basin.Outfall + CODto..mg.L. + TSS..mg.L. + NSEC.Effluent.NO5",0.216432320414355,0.824347791518841,"3,2"
"3481","Pump.Flow.Based.PAA.Dose + Temp..of.the.Atmos. + N..Basin.Outfall + CODto..mg.L. + TSS..mg.L. + NSEC.Effluent.Flow",0.204007227219354,0.825391118101873,"3,2"
"3482","Pump.Flow.Based.PAA.Dose + Temp..of.the.Atmos. + N..Basin.Outfall + CODto..mg.L. + UVT.... + CODds..mg.L.",0.188102472415693,0.824136250093238,"3,2"
"3483","Pump.Flow.Based.PAA.Dose + Temp..of.the.Atmos. + N..Basin.Outfall + CODto..mg.L. + UVT.... + SACto..1.m.",0.144122558768466,0.820761142488232,"3,2"
"3484","Pump.Flow.Based.PAA.Dose + Temp..of.the.Atmos. + N..Basin.Outfall + CODto..mg.L. + UVT.... + NSEC.Aerobic.SRT",0.204473519514714,0.841689725921885,"3,2"
"3485","Pump.Flow.Based.PAA.Dose + Temp..of.the.Atmos. + N..Basin.Outfall + CODto..mg.L. + UVT.... + NSEC.Effluent.NH3",0.249705796262659,0.815351873968016,"3,2"
"3486","Pump.Flow.Based.PAA.Dose + Temp..of.the.Atmos. + N..Basin.Outfall + CODto..mg.L. + UVT.... + NSEC.Effluent.NO3",0.268458628462512,0.80815231305782,"3,2"
"3487","Pump.Flow.Based.PAA.Dose + Temp..of.the.Atmos. + N..Basin.Outfall + CODto..mg.L. + UVT.... + NSEC.Effluent.OP",0.304316824475743,0.819942361262955,"3,2"
"3488","Pump.Flow.Based.PAA.Dose + Temp..of.the.Atmos. + N..Basin.Outfall + CODto..mg.L. + UVT.... + NSEC.Effluent.TSS",0.18533422166899,0.791142707589448,"3,2"
"3489","Pump.Flow.Based.PAA.Dose + Temp..of.the.Atmos. + N..Basin.Outfall + CODto..mg.L. + UVT.... + NSEC.Effluent.NO5",0.307880046770397,0.819677033681659,"3,2"
"3490","Pump.Flow.Based.PAA.Dose + Temp..of.the.Atmos. + N..Basin.Outfall + CODto..mg.L. + UVT.... + NSEC.Effluent.Flow",0.227292092178516,0.809150512712658,"3,2"
"3491","Pump.Flow.Based.PAA.Dose + Temp..of.the.Atmos. + N..Basin.Outfall + CODto..mg.L. + CODds..mg.L. + SACto..1.m.",0.235931075051691,0.818071613555032,"3,2"
"3492","Pump.Flow.Based.PAA.Dose + Temp..of.the.Atmos. + N..Basin.Outfall + CODto..mg.L. + CODds..mg.L. + NSEC.Aerobic.SRT",0.277045508909685,0.85370944660515,"3,2"
"3493","Pump.Flow.Based.PAA.Dose + Temp..of.the.Atmos. + N..Basin.Outfall + CODto..mg.L. + CODds..mg.L. + NSEC.Effluent.NH3",0.0999486868529931,0.814127823096078,"3,2"
"3494","Pump.Flow.Based.PAA.Dose + Temp..of.the.Atmos. + N..Basin.Outfall + CODto..mg.L. + CODds..mg.L. + NSEC.Effluent.NO3",0.242298023793569,0.828972884874284,"3,2"
"3495","Pump.Flow.Based.PAA.Dose + Temp..of.the.Atmos. + N..Basin.Outfall + CODto..mg.L. + CODds..mg.L. + NSEC.Effluent.OP",0.217046851399868,0.829539273609808,"3,2"
"3496","Pump.Flow.Based.PAA.Dose + Temp..of.the.Atmos. + N..Basin.Outfall + CODto..mg.L. + CODds..mg.L. + NSEC.Effluent.TSS",0.172252428384831,0.833156568557716,"3,2"
"3497","Pump.Flow.Based.PAA.Dose + Temp..of.the.Atmos. + N..Basin.Outfall + CODto..mg.L. + CODds..mg.L. + NSEC.Effluent.NO5",0.121944440177873,0.814171560094511,"3,2"
"3498","Pump.Flow.Based.PAA.Dose + Temp..of.the.Atmos. + N..Basin.Outfall + CODto..mg.L. + CODds..mg.L. + NSEC.Effluent.Flow",0.227123245586046,0.824062665912396,"3,2"
"3499","Pump.Flow.Based.PAA.Dose + Temp..of.the.Atmos. + N..Basin.Outfall + CODto..mg.L. + SACto..1.m. + NSEC.Aerobic.SRT",0.170058669531365,0.807285734703005,"3,2"
"3500","Pump.Flow.Based.PAA.Dose + Temp..of.the.Atmos. + N..Basin.Outfall + CODto..mg.L. + SACto..1.m. + NSEC.Effluent.NH3",0.244092001964112,0.821729351909675,"3,2"
"3501","Pump.Flow.Based.PAA.Dose + Temp..of.the.Atmos. + N..Basin.Outfall + CODto..mg.L. + SACto..1.m. + NSEC.Effluent.NO3",0.171967369206905,0.800271490164857,"3,2"
"3502","Pump.Flow.Based.PAA.Dose + Temp..of.the.Atmos. + N..Basin.Outfall + CODto..mg.L. + SACto..1.m. + NSEC.Effluent.OP",0.165792692521337,0.798269589805225,"3,2"
"3503","Pump.Flow.Based.PAA.Dose + Temp..of.the.Atmos. + N..Basin.Outfall + CODto..mg.L. + SACto..1.m. + NSEC.Effluent.TSS",0.240837752995533,0.83967428070521,"3,2"
"3504","Pump.Flow.Based.PAA.Dose + Temp..of.the.Atmos. + N..Basin.Outfall + CODto..mg.L. + SACto..1.m. + NSEC.Effluent.NO5",0.245849149393617,0.812659684497974,"3,2"
"3505","Pump.Flow.Based.PAA.Dose + Temp..of.the.Atmos. + N..Basin.Outfall + CODto..mg.L. + SACto..1.m. + NSEC.Effluent.Flow",0.210042883104202,0.815891028689227,"3,2"
"3506","Pump.Flow.Based.PAA.Dose + Temp..of.the.Atmos. + N..Basin.Outfall + CODto..mg.L. + NSEC.Aerobic.SRT + NSEC.Effluent.NH3",0.287159419250389,0.825276240221799,"3,2"
"3507","Pump.Flow.Based.PAA.Dose + Temp..of.the.Atmos. + N..Basin.Outfall + CODto..mg.L. + NSEC.Aerobic.SRT + NSEC.Effluent.NO3",0.23313057012025,0.83384280184804,"3,2"
"3508","Pump.Flow.Based.PAA.Dose + Temp..of.the.Atmos. + N..Basin.Outfall + CODto..mg.L. + NSEC.Aerobic.SRT + NSEC.Effluent.OP",0.202777496300344,0.852502320851907,"3,2"
"3509","Pump.Flow.Based.PAA.Dose + Temp..of.the.Atmos. + N..Basin.Outfall + CODto..mg.L. + NSEC.Aerobic.SRT + NSEC.Effluent.TSS",0.254128005774034,0.832290804348202,"3,2"
"3510","Pump.Flow.Based.PAA.Dose + Temp..of.the.Atmos. + N..Basin.Outfall + CODto..mg.L. + NSEC.Aerobic.SRT + NSEC.Effluent.NO5",0.263183946286583,0.826966209418709,"3,2"
"3511","Pump.Flow.Based.PAA.Dose + Temp..of.the.Atmos. + N..Basin.Outfall + CODto..mg.L. + NSEC.Aerobic.SRT + NSEC.Effluent.Flow",0.176666891837579,0.795890958551863,"3,2"
"3512","Pump.Flow.Based.PAA.Dose + Temp..of.the.Atmos. + N..Basin.Outfall + CODto..mg.L. + NSEC.Effluent.NH3 + NSEC.Effluent.NO3",0.240157481262321,0.821785004941182,"3,2"
"3513","Pump.Flow.Based.PAA.Dose + Temp..of.the.Atmos. + N..Basin.Outfall + CODto..mg.L. + NSEC.Effluent.NH3 + NSEC.Effluent.OP",0.160020530547088,0.797060970915305,"3,2"
"3514","Pump.Flow.Based.PAA.Dose + Temp..of.the.Atmos. + N..Basin.Outfall + CODto..mg.L. + NSEC.Effluent.NH3 + NSEC.Effluent.TSS",0.154297384982142,0.854007284807551,"3,2"
"3515","Pump.Flow.Based.PAA.Dose + Temp..of.the.Atmos. + N..Basin.Outfall + CODto..mg.L. + NSEC.Effluent.NH3 + NSEC.Effluent.NO5",0.240739233998422,0.820790448492768,"3,2"
"3516","Pump.Flow.Based.PAA.Dose + Temp..of.the.Atmos. + N..Basin.Outfall + CODto..mg.L. + NSEC.Effluent.NH3 + NSEC.Effluent.Flow",0.286060571592656,0.819156571633587,"3,2"
"3517","Pump.Flow.Based.PAA.Dose + Temp..of.the.Atmos. + N..Basin.Outfall + CODto..mg.L. + NSEC.Effluent.NO3 + NSEC.Effluent.OP",0.221924433678253,0.835538943183766,"3,2"
"3518","Pump.Flow.Based.PAA.Dose + Temp..of.the.Atmos. + N..Basin.Outfall + CODto..mg.L. + NSEC.Effluent.NO3 + NSEC.Effluent.TSS",0.253653076455774,0.82512401773162,"3,2"
"3519","Pump.Flow.Based.PAA.Dose + Temp..of.the.Atmos. + N..Basin.Outfall + CODto..mg.L. + NSEC.Effluent.NO3 + NSEC.Effluent.NO5",0.207865124563984,0.815695088866985,"3,2"
"3520","Pump.Flow.Based.PAA.Dose + Temp..of.the.Atmos. + N..Basin.Outfall + CODto..mg.L. + NSEC.Effluent.NO3 + NSEC.Effluent.Flow",0.179948999141683,0.861164241193444,"3,2"
"3521","Pump.Flow.Based.PAA.Dose + Temp..of.the.Atmos. + N..Basin.Outfall + CODto..mg.L. + NSEC.Effluent.OP + NSEC.Effluent.TSS",0.179543325013807,0.84941942255634,"3,2"
"3522","Pump.Flow.Based.PAA.Dose + Temp..of.the.Atmos. + N..Basin.Outfall + CODto..mg.L. + NSEC.Effluent.OP + NSEC.Effluent.NO5",0.256424112774583,0.806590325557246,"3,2"
"3523","Pump.Flow.Based.PAA.Dose + Temp..of.the.Atmos. + N..Basin.Outfall + CODto..mg.L. + NSEC.Effluent.OP + NSEC.Effluent.Flow",0.253150377199649,0.825784254016715,"3,2"
"3524","Pump.Flow.Based.PAA.Dose + Temp..of.the.Atmos. + N..Basin.Outfall + CODto..mg.L. + NSEC.Effluent.TSS + NSEC.Effluent.NO5",0.228727205220932,0.854646772559812,"3,2"
"3525","Pump.Flow.Based.PAA.Dose + Temp..of.the.Atmos. + N..Basin.Outfall + CODto..mg.L. + NSEC.Effluent.TSS + NSEC.Effluent.Flow",0.231513587813376,0.817475825972333,"3,2"
"3526","Pump.Flow.Based.PAA.Dose + Temp..of.the.Atmos. + N..Basin.Outfall + CODto..mg.L. + NSEC.Effluent.NO5 + NSEC.Effluent.Flow",0.236671952391398,0.834859356988786,"3,2"
"3527","Pump.Flow.Based.PAA.Dose + Temp..of.the.Atmos. + N..Basin.Outfall + TSS..mg.L. + UVT.... + CODds..mg.L.",0.206051906022146,0.875150795076901,"3,2"
"3528","Pump.Flow.Based.PAA.Dose + Temp..of.the.Atmos. + N..Basin.Outfall + TSS..mg.L. + UVT.... + SACto..1.m.",0.266412393117009,0.816079575522927,"3,2"
"3529","Pump.Flow.Based.PAA.Dose + Temp..of.the.Atmos. + N..Basin.Outfall + TSS..mg.L. + UVT.... + NSEC.Aerobic.SRT",0.0817636683123228,0.799613588831551,"3,2"
"3530","Pump.Flow.Based.PAA.Dose + Temp..of.the.Atmos. + N..Basin.Outfall + TSS..mg.L. + UVT.... + NSEC.Effluent.NH3",0.152523112859086,0.800609376834377,"3,2"
"3531","Pump.Flow.Based.PAA.Dose + Temp..of.the.Atmos. + N..Basin.Outfall + TSS..mg.L. + UVT.... + NSEC.Effluent.NO3",0.0355471145965554,0.835950298790947,"3,2"
"3532","Pump.Flow.Based.PAA.Dose + Temp..of.the.Atmos. + N..Basin.Outfall + TSS..mg.L. + UVT.... + NSEC.Effluent.OP",0.203571747988355,0.827918579382338,"3,2"
"3533","Pump.Flow.Based.PAA.Dose + Temp..of.the.Atmos. + N..Basin.Outfall + TSS..mg.L. + UVT.... + NSEC.Effluent.TSS",0.183732626818738,0.820037160638051,"3,2"
"3534","Pump.Flow.Based.PAA.Dose + Temp..of.the.Atmos. + N..Basin.Outfall + TSS..mg.L. + UVT.... + NSEC.Effluent.NO5",0.146586619885569,0.813652423736424,"3,2"
"3535","Pump.Flow.Based.PAA.Dose + Temp..of.the.Atmos. + N..Basin.Outfall + TSS..mg.L. + UVT.... + NSEC.Effluent.Flow",0.185847408988604,0.809305867494414,"3,2"
"3536","Pump.Flow.Based.PAA.Dose + Temp..of.the.Atmos. + N..Basin.Outfall + TSS..mg.L. + CODds..mg.L. + SACto..1.m.",0.120232845466932,0.807216764676018,"3,2"
"3537","Pump.Flow.Based.PAA.Dose + Temp..of.the.Atmos. + N..Basin.Outfall + TSS..mg.L. + CODds..mg.L. + NSEC.Aerobic.SRT",0.312788123664892,0.857652323353624,"3,2"
"3538","Pump.Flow.Based.PAA.Dose + Temp..of.the.Atmos. + N..Basin.Outfall + TSS..mg.L. + CODds..mg.L. + NSEC.Effluent.NH3",0.201691168909198,0.804524580264099,"3,2"
"3539","Pump.Flow.Based.PAA.Dose + Temp..of.the.Atmos. + N..Basin.Outfall + TSS..mg.L. + CODds..mg.L. + NSEC.Effluent.NO3",0.260025458211774,0.861020891223437,"3,2"
"3540","Pump.Flow.Based.PAA.Dose + Temp..of.the.Atmos. + N..Basin.Outfall + TSS..mg.L. + CODds..mg.L. + NSEC.Effluent.OP",0.238238620320638,0.829193588878942,"3,2"
"3541","Pump.Flow.Based.PAA.Dose + Temp..of.the.Atmos. + N..Basin.Outfall + TSS..mg.L. + CODds..mg.L. + NSEC.Effluent.TSS",0.246241416067185,0.838442011510481,"3,2"
"3542","Pump.Flow.Based.PAA.Dose + Temp..of.the.Atmos. + N..Basin.Outfall + TSS..mg.L. + CODds..mg.L. + NSEC.Effluent.NO5",0.265042745437075,0.820459020164642,"3,2"
"3543","Pump.Flow.Based.PAA.Dose + Temp..of.the.Atmos. + N..Basin.Outfall + TSS..mg.L. + CODds..mg.L. + NSEC.Effluent.Flow",0.256323861810035,0.82428373503284,"3,2"
"3544","Pump.Flow.Based.PAA.Dose + Temp..of.the.Atmos. + N..Basin.Outfall + TSS..mg.L. + SACto..1.m. + NSEC.Aerobic.SRT",0.149973002203778,0.82036221426265,"3,2"
"3545","Pump.Flow.Based.PAA.Dose + Temp..of.the.Atmos. + N..Basin.Outfall + TSS..mg.L. + SACto..1.m. + NSEC.Effluent.NH3",0.223411234148685,0.817155008309679,"3,2"
"3546","Pump.Flow.Based.PAA.Dose + Temp..of.the.Atmos. + N..Basin.Outfall + TSS..mg.L. + SACto..1.m. + NSEC.Effluent.NO3",0.227939388020409,0.826309220144377,"3,2"
"3547","Pump.Flow.Based.PAA.Dose + Temp..of.the.Atmos. + N..Basin.Outfall + TSS..mg.L. + SACto..1.m. + NSEC.Effluent.OP",0.121137212954748,0.807657965008589,"3,2"
"3548","Pump.Flow.Based.PAA.Dose + Temp..of.the.Atmos. + N..Basin.Outfall + TSS..mg.L. + SACto..1.m. + NSEC.Effluent.TSS",0.207896503019251,0.829377596012862,"3,2"
"3549","Pump.Flow.Based.PAA.Dose + Temp..of.the.Atmos. + N..Basin.Outfall + TSS..mg.L. + SACto..1.m. + NSEC.Effluent.NO5",0.187543432038137,0.863246020283771,"3,2"
"3550","Pump.Flow.Based.PAA.Dose + Temp..of.the.Atmos. + N..Basin.Outfall + TSS..mg.L. + SACto..1.m. + NSEC.Effluent.Flow",0.226295756377252,0.848744130322929,"3,2"
"3551","Pump.Flow.Based.PAA.Dose + Temp..of.the.Atmos. + N..Basin.Outfall + TSS..mg.L. + NSEC.Aerobic.SRT + NSEC.Effluent.NH3",0.233906894851703,0.826010096971467,"3,2"
"3552","Pump.Flow.Based.PAA.Dose + Temp..of.the.Atmos. + N..Basin.Outfall + TSS..mg.L. + NSEC.Aerobic.SRT + NSEC.Effluent.NO3",0.270706550446486,0.831735060863489,"3,2"
"3553","Pump.Flow.Based.PAA.Dose + Temp..of.the.Atmos. + N..Basin.Outfall + TSS..mg.L. + NSEC.Aerobic.SRT + NSEC.Effluent.OP",0.218843128879645,0.82609570369767,"3,2"
"3554","Pump.Flow.Based.PAA.Dose + Temp..of.the.Atmos. + N..Basin.Outfall + TSS..mg.L. + NSEC.Aerobic.SRT + NSEC.Effluent.TSS",0.18289706388802,0.796290284852318,"3,2"
"3555","Pump.Flow.Based.PAA.Dose + Temp..of.the.Atmos. + N..Basin.Outfall + TSS..mg.L. + NSEC.Aerobic.SRT + NSEC.Effluent.NO5",0.263209959795893,0.835460291079427,"3,2"
"3556","Pump.Flow.Based.PAA.Dose + Temp..of.the.Atmos. + N..Basin.Outfall + TSS..mg.L. + NSEC.Aerobic.SRT + NSEC.Effluent.Flow",0.228203704944924,0.832922871816711,"3,2"
"3557","Pump.Flow.Based.PAA.Dose + Temp..of.the.Atmos. + N..Basin.Outfall + TSS..mg.L. + NSEC.Effluent.NH3 + NSEC.Effluent.NO3",0.237640438069093,0.80548488499944,"3,2"
"3558","Pump.Flow.Based.PAA.Dose + Temp..of.the.Atmos. + N..Basin.Outfall + TSS..mg.L. + NSEC.Effluent.NH3 + NSEC.Effluent.OP",0.20993247429938,0.792297944243339,"3,2"
"3559","Pump.Flow.Based.PAA.Dose + Temp..of.the.Atmos. + N..Basin.Outfall + TSS..mg.L. + NSEC.Effluent.NH3 + NSEC.Effluent.TSS",0.200887383409987,0.802274731496238,"3,2"
"3560","Pump.Flow.Based.PAA.Dose + Temp..of.the.Atmos. + N..Basin.Outfall + TSS..mg.L. + NSEC.Effluent.NH3 + NSEC.Effluent.NO5",0.244924615078173,0.820225102384872,"3,2"
"3561","Pump.Flow.Based.PAA.Dose + Temp..of.the.Atmos. + N..Basin.Outfall + TSS..mg.L. + NSEC.Effluent.NH3 + NSEC.Effluent.Flow",0.27566722466731,0.80862341051214,"3,2"
"3562","Pump.Flow.Based.PAA.Dose + Temp..of.the.Atmos. + N..Basin.Outfall + TSS..mg.L. + NSEC.Effluent.NO3 + NSEC.Effluent.OP",0.239255800495771,0.801537827911606,"3,2"
"3563","Pump.Flow.Based.PAA.Dose + Temp..of.the.Atmos. + N..Basin.Outfall + TSS..mg.L. + NSEC.Effluent.NO3 + NSEC.Effluent.TSS",0.230123680235685,0.800183111273286,"3,2"
"3564","Pump.Flow.Based.PAA.Dose + Temp..of.the.Atmos. + N..Basin.Outfall + TSS..mg.L. + NSEC.Effluent.NO3 + NSEC.Effluent.NO5",0.220655081397056,0.839792859161702,"3,2"
"3565","Pump.Flow.Based.PAA.Dose + Temp..of.the.Atmos. + N..Basin.Outfall + TSS..mg.L. + NSEC.Effluent.NO3 + NSEC.Effluent.Flow",0.286819527300922,0.8298514459431,"3,2"
"3566","Pump.Flow.Based.PAA.Dose + Temp..of.the.Atmos. + N..Basin.Outfall + TSS..mg.L. + NSEC.Effluent.OP + NSEC.Effluent.TSS",0.193712950089034,0.0741228036029117,"3,2"
"3567","Pump.Flow.Based.PAA.Dose + Temp..of.the.Atmos. + N..Basin.Outfall + TSS..mg.L. + NSEC.Effluent.OP + NSEC.Effluent.NO5",0.288384905035106,0.829167449215601,"3,2"
"3568","Pump.Flow.Based.PAA.Dose + Temp..of.the.Atmos. + N..Basin.Outfall + TSS..mg.L. + NSEC.Effluent.OP + NSEC.Effluent.Flow",0.199055421640807,0.788183416081503,"3,2"
"3569","Pump.Flow.Based.PAA.Dose + Temp..of.the.Atmos. + N..Basin.Outfall + TSS..mg.L. + NSEC.Effluent.TSS + NSEC.Effluent.NO5",0.269165480722053,0.825807049097448,"3,2"
"3570","Pump.Flow.Based.PAA.Dose + Temp..of.the.Atmos. + N..Basin.Outfall + TSS..mg.L. + NSEC.Effluent.TSS + NSEC.Effluent.Flow",0.216320717999703,0.81313084346794,"3,2"
"3571","Pump.Flow.Based.PAA.Dose + Temp..of.the.Atmos. + N..Basin.Outfall + TSS..mg.L. + NSEC.Effluent.NO5 + NSEC.Effluent.Flow",0.205771256004312,0.799921267105077,"3,2"
"3572","Pump.Flow.Based.PAA.Dose + Temp..of.the.Atmos. + N..Basin.Outfall + UVT.... + CODds..mg.L. + SACto..1.m.",0.186445816232641,0.819411175827438,"3,2"
"3573","Pump.Flow.Based.PAA.Dose + Temp..of.the.Atmos. + N..Basin.Outfall + UVT.... + CODds..mg.L. + NSEC.Aerobic.SRT",0.219301712147248,0.824424772406936,"3,2"
"3574","Pump.Flow.Based.PAA.Dose + Temp..of.the.Atmos. + N..Basin.Outfall + UVT.... + CODds..mg.L. + NSEC.Effluent.NH3",0.221744476671838,0.821843107438392,"3,2"
"3575","Pump.Flow.Based.PAA.Dose + Temp..of.the.Atmos. + N..Basin.Outfall + UVT.... + CODds..mg.L. + NSEC.Effluent.NO3",0.225439358960275,0.827423138069674,"3,2"
"3576","Pump.Flow.Based.PAA.Dose + Temp..of.the.Atmos. + N..Basin.Outfall + UVT.... + CODds..mg.L. + NSEC.Effluent.OP",0.0504051893219279,0.818436274033188,"3,2"
"3577","Pump.Flow.Based.PAA.Dose + Temp..of.the.Atmos. + N..Basin.Outfall + UVT.... + CODds..mg.L. + NSEC.Effluent.TSS",0.175168516907953,0.82409767708089,"3,2"
"3578","Pump.Flow.Based.PAA.Dose + Temp..of.the.Atmos. + N..Basin.Outfall + UVT.... + CODds..mg.L. + NSEC.Effluent.NO5",0.171098573470803,0.847204964752097,"3,2"
"3579","Pump.Flow.Based.PAA.Dose + Temp..of.the.Atmos. + N..Basin.Outfall + UVT.... + CODds..mg.L. + NSEC.Effluent.Flow",0.120469035029236,0.845596121255052,"3,2"
"3580","Pump.Flow.Based.PAA.Dose + Temp..of.the.Atmos. + N..Basin.Outfall + UVT.... + SACto..1.m. + NSEC.Aerobic.SRT",0.154164527976327,0.810363973607932,"3,2"
"3581","Pump.Flow.Based.PAA.Dose + Temp..of.the.Atmos. + N..Basin.Outfall + UVT.... + SACto..1.m. + NSEC.Effluent.NH3",0.219142934947849,0.804582137341043,"3,2"
"3582","Pump.Flow.Based.PAA.Dose + Temp..of.the.Atmos. + N..Basin.Outfall + UVT.... + SACto..1.m. + NSEC.Effluent.NO3",0.2690870044358,0.802997737595603,"3,2"
"3583","Pump.Flow.Based.PAA.Dose + Temp..of.the.Atmos. + N..Basin.Outfall + UVT.... + SACto..1.m. + NSEC.Effluent.OP",0.256693320812615,0.802321999959789,"3,2"
"3584","Pump.Flow.Based.PAA.Dose + Temp..of.the.Atmos. + N..Basin.Outfall + UVT.... + SACto..1.m. + NSEC.Effluent.TSS",0.26189176577244,0.822580002179552,"3,2"
"3585","Pump.Flow.Based.PAA.Dose + Temp..of.the.Atmos. + N..Basin.Outfall + UVT.... + SACto..1.m. + NSEC.Effluent.NO5",0.151233755489061,0.805228396762293,"3,2"
"3586","Pump.Flow.Based.PAA.Dose + Temp..of.the.Atmos. + N..Basin.Outfall + UVT.... + SACto..1.m. + NSEC.Effluent.Flow",0.209595123810487,0.804001955529441,"3,2"
"3587","Pump.Flow.Based.PAA.Dose + Temp..of.the.Atmos. + N..Basin.Outfall + UVT.... + NSEC.Aerobic.SRT + NSEC.Effluent.NH3",0.0053622028100071,0.803845403012502,"3,2"
"3588","Pump.Flow.Based.PAA.Dose + Temp..of.the.Atmos. + N..Basin.Outfall + UVT.... + NSEC.Aerobic.SRT + NSEC.Effluent.NO3",0.238617222881588,0.822153261055147,"3,2"
"3589","Pump.Flow.Based.PAA.Dose + Temp..of.the.Atmos. + N..Basin.Outfall + UVT.... + NSEC.Aerobic.SRT + NSEC.Effluent.OP",0.160452781558209,0.815021907393144,"3,2"
"3590","Pump.Flow.Based.PAA.Dose + Temp..of.the.Atmos. + N..Basin.Outfall + UVT.... + NSEC.Aerobic.SRT + NSEC.Effluent.TSS",0.214947065461518,0.809548927899814,"3,2"
"3591","Pump.Flow.Based.PAA.Dose + Temp..of.the.Atmos. + N..Basin.Outfall + UVT.... + NSEC.Aerobic.SRT + NSEC.Effluent.NO5",0.160072475978815,0.799306498149095,"3,2"
"3592","Pump.Flow.Based.PAA.Dose + Temp..of.the.Atmos. + N..Basin.Outfall + UVT.... + NSEC.Aerobic.SRT + NSEC.Effluent.Flow",0.235686518954592,0.819414414258215,"3,2"
"3593","Pump.Flow.Based.PAA.Dose + Temp..of.the.Atmos. + N..Basin.Outfall + UVT.... + NSEC.Effluent.NH3 + NSEC.Effluent.NO3",0.216004590481232,0.818717466566793,"3,2"
"3594","Pump.Flow.Based.PAA.Dose + Temp..of.the.Atmos. + N..Basin.Outfall + UVT.... + NSEC.Effluent.NH3 + NSEC.Effluent.OP",0.154959793613637,0.796295875938106,"3,2"
"3595","Pump.Flow.Based.PAA.Dose + Temp..of.the.Atmos. + N..Basin.Outfall + UVT.... + NSEC.Effluent.NH3 + NSEC.Effluent.TSS",0.114184758768471,0.808441414268203,"3,2"
"3596","Pump.Flow.Based.PAA.Dose + Temp..of.the.Atmos. + N..Basin.Outfall + UVT.... + NSEC.Effluent.NH3 + NSEC.Effluent.NO5",0.231674517698092,0.849145960596324,"3,2"
"3597","Pump.Flow.Based.PAA.Dose + Temp..of.the.Atmos. + N..Basin.Outfall + UVT.... + NSEC.Effluent.NH3 + NSEC.Effluent.Flow",0.201981409820703,0.810082697435243,"3,2"
"3598","Pump.Flow.Based.PAA.Dose + Temp..of.the.Atmos. + N..Basin.Outfall + UVT.... + NSEC.Effluent.NO3 + NSEC.Effluent.OP",0.207665112834925,0.82614597556758,"3,2"
"3599","Pump.Flow.Based.PAA.Dose + Temp..of.the.Atmos. + N..Basin.Outfall + UVT.... + NSEC.Effluent.NO3 + NSEC.Effluent.TSS",0.180663148364312,0.826765322195023,"3,2"
"3600","Pump.Flow.Based.PAA.Dose + Temp..of.the.Atmos. + N..Basin.Outfall + UVT.... + NSEC.Effluent.NO3 + NSEC.Effluent.NO5",0.0457302951348297,0.832361047760492,"3,2"
"3601","Pump.Flow.Based.PAA.Dose + Temp..of.the.Atmos. + N..Basin.Outfall + UVT.... + NSEC.Effluent.NO3 + NSEC.Effluent.Flow",0.274324802854729,0.825733295104187,"3,2"
"3602","Pump.Flow.Based.PAA.Dose + Temp..of.the.Atmos. + N..Basin.Outfall + UVT.... + NSEC.Effluent.OP + NSEC.Effluent.TSS",0.164458981144365,0.802605656175768,"3,2"
"3603","Pump.Flow.Based.PAA.Dose + Temp..of.the.Atmos. + N..Basin.Outfall + UVT.... + NSEC.Effluent.OP + NSEC.Effluent.NO5",0.232818512587941,0.818613073324654,"3,2"
"3604","Pump.Flow.Based.PAA.Dose + Temp..of.the.Atmos. + N..Basin.Outfall + UVT.... + NSEC.Effluent.OP + NSEC.Effluent.Flow",0.242498690276725,0.811638406836185,"3,2"
"3605","Pump.Flow.Based.PAA.Dose + Temp..of.the.Atmos. + N..Basin.Outfall + UVT.... + NSEC.Effluent.TSS + NSEC.Effluent.NO5",0.15113088103388,0.823317678922992,"3,2"
"3606","Pump.Flow.Based.PAA.Dose + Temp..of.the.Atmos. + N..Basin.Outfall + UVT.... + NSEC.Effluent.TSS + NSEC.Effluent.Flow",0.193707771206165,0.804890152082753,"3,2"
"3607","Pump.Flow.Based.PAA.Dose + Temp..of.the.Atmos. + N..Basin.Outfall + UVT.... + NSEC.Effluent.NO5 + NSEC.Effluent.Flow",0.174041873102818,0.802397899091645,"3,2"
"3608","Pump.Flow.Based.PAA.Dose + Temp..of.the.Atmos. + N..Basin.Outfall + CODds..mg.L. + SACto..1.m. + NSEC.Aerobic.SRT",0.114829162651902,0.816092756361285,"3,2"
"3609","Pump.Flow.Based.PAA.Dose + Temp..of.the.Atmos. + N..Basin.Outfall + CODds..mg.L. + SACto..1.m. + NSEC.Effluent.NH3",0.125531768962709,0.815381522591268,"3,2"
"3610","Pump.Flow.Based.PAA.Dose + Temp..of.the.Atmos. + N..Basin.Outfall + CODds..mg.L. + SACto..1.m. + NSEC.Effluent.NO3",0.1830553033505,0.824151633683597,"3,2"
"3611","Pump.Flow.Based.PAA.Dose + Temp..of.the.Atmos. + N..Basin.Outfall + CODds..mg.L. + SACto..1.m. + NSEC.Effluent.OP",0.130190046935541,0.806433314582202,"3,2"
"3612","Pump.Flow.Based.PAA.Dose + Temp..of.the.Atmos. + N..Basin.Outfall + CODds..mg.L. + SACto..1.m. + NSEC.Effluent.TSS",0.0344682228623749,0.810482313455743,"3,2"
"3613","Pump.Flow.Based.PAA.Dose + Temp..of.the.Atmos. + N..Basin.Outfall + CODds..mg.L. + SACto..1.m. + NSEC.Effluent.NO5",0.206861915431333,0.821680751098517,"3,2"
"3614","Pump.Flow.Based.PAA.Dose + Temp..of.the.Atmos. + N..Basin.Outfall + CODds..mg.L. + SACto..1.m. + NSEC.Effluent.Flow",0.102797785850582,0.802382188287853,"3,2"
"3615","Pump.Flow.Based.PAA.Dose + Temp..of.the.Atmos. + N..Basin.Outfall + CODds..mg.L. + NSEC.Aerobic.SRT + NSEC.Effluent.NH3",0.131354450516093,0.792695114616027,"3,2"
"3616","Pump.Flow.Based.PAA.Dose + Temp..of.the.Atmos. + N..Basin.Outfall + CODds..mg.L. + NSEC.Aerobic.SRT + NSEC.Effluent.NO3",0.29013255692537,0.817678841174579,"3,2"
"3617","Pump.Flow.Based.PAA.Dose + Temp..of.the.Atmos. + N..Basin.Outfall + CODds..mg.L. + NSEC.Aerobic.SRT + NSEC.Effluent.OP",0.204867223242807,0.835979862689042,"3,2"
"3618","Pump.Flow.Based.PAA.Dose + Temp..of.the.Atmos. + N..Basin.Outfall + CODds..mg.L. + NSEC.Aerobic.SRT + NSEC.Effluent.TSS",0.147705462153858,0.85331004053147,"3,2"
"3619","Pump.Flow.Based.PAA.Dose + Temp..of.the.Atmos. + N..Basin.Outfall + CODds..mg.L. + NSEC.Aerobic.SRT + NSEC.Effluent.NO5",0.29602194350471,0.834047329005635,"3,2"
"3620","Pump.Flow.Based.PAA.Dose + Temp..of.the.Atmos. + N..Basin.Outfall + CODds..mg.L. + NSEC.Aerobic.SRT + NSEC.Effluent.Flow",0.147060230774572,0.809864338847111,"3,2"
"3621","Pump.Flow.Based.PAA.Dose + Temp..of.the.Atmos. + N..Basin.Outfall + CODds..mg.L. + NSEC.Effluent.NH3 + NSEC.Effluent.NO3",0.167376754834789,0.801335638535841,"3,2"
"3622","Pump.Flow.Based.PAA.Dose + Temp..of.the.Atmos. + N..Basin.Outfall + CODds..mg.L. + NSEC.Effluent.NH3 + NSEC.Effluent.OP",0.28721675980254,0.801784518530404,"3,2"
"3623","Pump.Flow.Based.PAA.Dose + Temp..of.the.Atmos. + N..Basin.Outfall + CODds..mg.L. + NSEC.Effluent.NH3 + NSEC.Effluent.TSS",0.204197326774809,0.818263057248389,"3,2"
"3624","Pump.Flow.Based.PAA.Dose + Temp..of.the.Atmos. + N..Basin.Outfall + CODds..mg.L. + NSEC.Effluent.NH3 + NSEC.Effluent.NO5",0.263732289886408,0.817007646513547,"3,2"
"3625","Pump.Flow.Based.PAA.Dose + Temp..of.the.Atmos. + N..Basin.Outfall + CODds..mg.L. + NSEC.Effluent.NH3 + NSEC.Effluent.Flow",0.257248538425225,0.837515954512009,"3,2"
"3626","Pump.Flow.Based.PAA.Dose + Temp..of.the.Atmos. + N..Basin.Outfall + CODds..mg.L. + NSEC.Effluent.NO3 + NSEC.Effluent.OP",0.291192352754897,0.838764834842021,"3,2"
"3627","Pump.Flow.Based.PAA.Dose + Temp..of.the.Atmos. + N..Basin.Outfall + CODds..mg.L. + NSEC.Effluent.NO3 + NSEC.Effluent.TSS",0.2191256064343,0.821887332236209,"3,2"
"3628","Pump.Flow.Based.PAA.Dose + Temp..of.the.Atmos. + N..Basin.Outfall + CODds..mg.L. + NSEC.Effluent.NO3 + NSEC.Effluent.NO5",0.254335043908188,0.823902026334225,"3,2"
"3629","Pump.Flow.Based.PAA.Dose + Temp..of.the.Atmos. + N..Basin.Outfall + CODds..mg.L. + NSEC.Effluent.NO3 + NSEC.Effluent.Flow",0.257273125557473,0.825738853874743,"3,2"
"3630","Pump.Flow.Based.PAA.Dose + Temp..of.the.Atmos. + N..Basin.Outfall + CODds..mg.L. + NSEC.Effluent.OP + NSEC.Effluent.TSS",0.216063172453144,0.813029022412916,"3,2"
"3631","Pump.Flow.Based.PAA.Dose + Temp..of.the.Atmos. + N..Basin.Outfall + CODds..mg.L. + NSEC.Effluent.OP + NSEC.Effluent.NO5",0.235214878561773,0.792056859084635,"3,2"
"3632","Pump.Flow.Based.PAA.Dose + Temp..of.the.Atmos. + N..Basin.Outfall + CODds..mg.L. + NSEC.Effluent.OP + NSEC.Effluent.Flow",0.226031718327956,0.811305869662799,"3,2"
"3633","Pump.Flow.Based.PAA.Dose + Temp..of.the.Atmos. + N..Basin.Outfall + CODds..mg.L. + NSEC.Effluent.TSS + NSEC.Effluent.NO5",0.205522947503701,0.812319994862087,"3,2"
"3634","Pump.Flow.Based.PAA.Dose + Temp..of.the.Atmos. + N..Basin.Outfall + CODds..mg.L. + NSEC.Effluent.TSS + NSEC.Effluent.Flow",0.18801365961701,0.796271450548968,"3,2"
"3635","Pump.Flow.Based.PAA.Dose + Temp..of.the.Atmos. + N..Basin.Outfall + CODds..mg.L. + NSEC.Effluent.NO5 + NSEC.Effluent.Flow",0.266573158750442,0.817575094446775,"3,2"
"3636","Pump.Flow.Based.PAA.Dose + Temp..of.the.Atmos. + N..Basin.Outfall + SACto..1.m. + NSEC.Aerobic.SRT + NSEC.Effluent.NH3",0.251213420684617,0.821158043243621,"3,2"
"3637","Pump.Flow.Based.PAA.Dose + Temp..of.the.Atmos. + N..Basin.Outfall + SACto..1.m. + NSEC.Aerobic.SRT + NSEC.Effluent.NO3",0.219642872534669,0.847259719227036,"3,2"
"3638","Pump.Flow.Based.PAA.Dose + Temp..of.the.Atmos. + N..Basin.Outfall + SACto..1.m. + NSEC.Aerobic.SRT + NSEC.Effluent.OP",0.222507154202958,0.834108417998404,"3,2"
"3639","Pump.Flow.Based.PAA.Dose + Temp..of.the.Atmos. + N..Basin.Outfall + SACto..1.m. + NSEC.Aerobic.SRT + NSEC.Effluent.TSS",0.0591193442247038,0.845699772317843,"3,2"
"3640","Pump.Flow.Based.PAA.Dose + Temp..of.the.Atmos. + N..Basin.Outfall + SACto..1.m. + NSEC.Aerobic.SRT + NSEC.Effluent.NO5",0.270535907377677,0.861304875842652,"3,2"
"3641","Pump.Flow.Based.PAA.Dose + Temp..of.the.Atmos. + N..Basin.Outfall + SACto..1.m. + NSEC.Aerobic.SRT + NSEC.Effluent.Flow",0.245137927039727,0.813875945129638,"3,2"
"3642","Pump.Flow.Based.PAA.Dose + Temp..of.the.Atmos. + N..Basin.Outfall + SACto..1.m. + NSEC.Effluent.NH3 + NSEC.Effluent.NO3",0.164919358893995,0.827445928513013,"3,2"
"3643","Pump.Flow.Based.PAA.Dose + Temp..of.the.Atmos. + N..Basin.Outfall + SACto..1.m. + NSEC.Effluent.NH3 + NSEC.Effluent.OP",0.276843733945147,0.811010709720706,"3,2"
"3644","Pump.Flow.Based.PAA.Dose + Temp..of.the.Atmos. + N..Basin.Outfall + SACto..1.m. + NSEC.Effluent.NH3 + NSEC.Effluent.TSS",0.270402679047816,0.823170235531468,"3,2"
"3645","Pump.Flow.Based.PAA.Dose + Temp..of.the.Atmos. + N..Basin.Outfall + SACto..1.m. + NSEC.Effluent.NH3 + NSEC.Effluent.NO5",0.255502973349898,0.809421842856834,"3,2"
"3646","Pump.Flow.Based.PAA.Dose + Temp..of.the.Atmos. + N..Basin.Outfall + SACto..1.m. + NSEC.Effluent.NH3 + NSEC.Effluent.Flow",0.161617214353198,0.798207075949252,"3,2"
"3647","Pump.Flow.Based.PAA.Dose + Temp..of.the.Atmos. + N..Basin.Outfall + SACto..1.m. + NSEC.Effluent.NO3 + NSEC.Effluent.OP",0.17811668470432,0.803044555500237,"3,2"
"3648","Pump.Flow.Based.PAA.Dose + Temp..of.the.Atmos. + N..Basin.Outfall + SACto..1.m. + NSEC.Effluent.NO3 + NSEC.Effluent.TSS",0.261055868579975,0.821822583638496,"3,2"
"3649","Pump.Flow.Based.PAA.Dose + Temp..of.the.Atmos. + N..Basin.Outfall + SACto..1.m. + NSEC.Effluent.NO3 + NSEC.Effluent.NO5",0.190127610508134,0.823772983534478,"3,2"
"3650","Pump.Flow.Based.PAA.Dose + Temp..of.the.Atmos. + N..Basin.Outfall + SACto..1.m. + NSEC.Effluent.NO3 + NSEC.Effluent.Flow",0.167611595584763,0.813457418646402,"3,2"
"3651","Pump.Flow.Based.PAA.Dose + Temp..of.the.Atmos. + N..Basin.Outfall + SACto..1.m. + NSEC.Effluent.OP + NSEC.Effluent.TSS",0.234746640763141,0.81707196649349,"3,2"
"3652","Pump.Flow.Based.PAA.Dose + Temp..of.the.Atmos. + N..Basin.Outfall + SACto..1.m. + NSEC.Effluent.OP + NSEC.Effluent.NO5",0.158051045771432,0.806837396171456,"3,2"
"3653","Pump.Flow.Based.PAA.Dose + Temp..of.the.Atmos. + N..Basin.Outfall + SACto..1.m. + NSEC.Effluent.OP + NSEC.Effluent.Flow",0.161455085281483,0.828264316486301,"3,2"
"3654","Pump.Flow.Based.PAA.Dose + Temp..of.the.Atmos. + N..Basin.Outfall + SACto..1.m. + NSEC.Effluent.TSS + NSEC.Effluent.NO5",0.251903584603248,0.819416563448325,"3,2"
"3655","Pump.Flow.Based.PAA.Dose + Temp..of.the.Atmos. + N..Basin.Outfall + SACto..1.m. + NSEC.Effluent.TSS + NSEC.Effluent.Flow",0.138093475830967,0.826122209326519,"3,2"
"3656","Pump.Flow.Based.PAA.Dose + Temp..of.the.Atmos. + N..Basin.Outfall + SACto..1.m. + NSEC.Effluent.NO5 + NSEC.Effluent.Flow",0.181401573893722,0.806553695647655,"3,2"
"3657","Pump.Flow.Based.PAA.Dose + Temp..of.the.Atmos. + N..Basin.Outfall + NSEC.Aerobic.SRT + NSEC.Effluent.NH3 + NSEC.Effluent.NO3",0.249112438262458,0.812744047429628,"3,2"
"3658","Pump.Flow.Based.PAA.Dose + Temp..of.the.Atmos. + N..Basin.Outfall + NSEC.Aerobic.SRT + NSEC.Effluent.NH3 + NSEC.Effluent.OP",0.291730402010224,0.82861382421036,"3,2"
"3659","Pump.Flow.Based.PAA.Dose + Temp..of.the.Atmos. + N..Basin.Outfall + NSEC.Aerobic.SRT + NSEC.Effluent.NH3 + NSEC.Effluent.TSS",0.214588334777004,0.827949432271722,"3,2"
"3660","Pump.Flow.Based.PAA.Dose + Temp..of.the.Atmos. + N..Basin.Outfall + NSEC.Aerobic.SRT + NSEC.Effluent.NH3 + NSEC.Effluent.NO5",0.272904435947342,0.81996243154753,"3,2"
"3661","Pump.Flow.Based.PAA.Dose + Temp..of.the.Atmos. + N..Basin.Outfall + NSEC.Aerobic.SRT + NSEC.Effluent.NH3 + NSEC.Effluent.Flow",0.18148447628318,0.797945661069994,"3,2"
"3662","Pump.Flow.Based.PAA.Dose + Temp..of.the.Atmos. + N..Basin.Outfall + NSEC.Aerobic.SRT + NSEC.Effluent.NO3 + NSEC.Effluent.OP",0.293658950282025,0.818377386610218,"3,2"
"3663","Pump.Flow.Based.PAA.Dose + Temp..of.the.Atmos. + N..Basin.Outfall + NSEC.Aerobic.SRT + NSEC.Effluent.NO3 + NSEC.Effluent.TSS",0.227576232761922,0.808256863693467,"3,2"
"3664","Pump.Flow.Based.PAA.Dose + Temp..of.the.Atmos. + N..Basin.Outfall + NSEC.Aerobic.SRT + NSEC.Effluent.NO3 + NSEC.Effluent.NO5",0.259153069602685,0.836531069983091,"3,2"
"3665","Pump.Flow.Based.PAA.Dose + Temp..of.the.Atmos. + N..Basin.Outfall + NSEC.Aerobic.SRT + NSEC.Effluent.NO3 + NSEC.Effluent.Flow",0.268124639945496,0.840650192280933,"3,2"
"3666","Pump.Flow.Based.PAA.Dose + Temp..of.the.Atmos. + N..Basin.Outfall + NSEC.Aerobic.SRT + NSEC.Effluent.OP + NSEC.Effluent.TSS",0.228671158840409,0.809922747670295,"3,2"
"3667","Pump.Flow.Based.PAA.Dose + Temp..of.the.Atmos. + N..Basin.Outfall + NSEC.Aerobic.SRT + NSEC.Effluent.OP + NSEC.Effluent.NO5",0.30033960225034,0.816608489973924,"3,2"
"3668","Pump.Flow.Based.PAA.Dose + Temp..of.the.Atmos. + N..Basin.Outfall + NSEC.Aerobic.SRT + NSEC.Effluent.OP + NSEC.Effluent.Flow",0.267686538019077,0.814368663874885,"3,2"
"3669","Pump.Flow.Based.PAA.Dose + Temp..of.the.Atmos. + N..Basin.Outfall + NSEC.Aerobic.SRT + NSEC.Effluent.TSS + NSEC.Effluent.NO5",0.285062384123416,0.822016610851118,"3,2"
"3670","Pump.Flow.Based.PAA.Dose + Temp..of.the.Atmos. + N..Basin.Outfall + NSEC.Aerobic.SRT + NSEC.Effluent.TSS + NSEC.Effluent.Flow",0.272669001536231,0.818547183685403,"3,2"
"3671","Pump.Flow.Based.PAA.Dose + Temp..of.the.Atmos. + N..Basin.Outfall + NSEC.Aerobic.SRT + NSEC.Effluent.NO5 + NSEC.Effluent.Flow",0.194690365197176,0.806331477081866,"3,2"
"3672","Pump.Flow.Based.PAA.Dose + Temp..of.the.Atmos. + N..Basin.Outfall + NSEC.Effluent.NH3 + NSEC.Effluent.NO3 + NSEC.Effluent.OP",0.252161108680979,0.817125702319002,"3,2"
"3673","Pump.Flow.Based.PAA.Dose + Temp..of.the.Atmos. + N..Basin.Outfall + NSEC.Effluent.NH3 + NSEC.Effluent.NO3 + NSEC.Effluent.TSS",0.229681152157496,0.825440563570787,"3,2"
"3674","Pump.Flow.Based.PAA.Dose + Temp..of.the.Atmos. + N..Basin.Outfall + NSEC.Effluent.NH3 + NSEC.Effluent.NO3 + NSEC.Effluent.NO5",0.256056728765399,0.820219926884244,"3,2"
"3675","Pump.Flow.Based.PAA.Dose + Temp..of.the.Atmos. + N..Basin.Outfall + NSEC.Effluent.NH3 + NSEC.Effluent.NO3 + NSEC.Effluent.Flow",0.263228724650141,0.813318786488675,"3,2"
"3676","Pump.Flow.Based.PAA.Dose + Temp..of.the.Atmos. + N..Basin.Outfall + NSEC.Effluent.NH3 + NSEC.Effluent.OP + NSEC.Effluent.TSS",0.178662399924269,0.820103313598792,"3,2"
"3677","Pump.Flow.Based.PAA.Dose + Temp..of.the.Atmos. + N..Basin.Outfall + NSEC.Effluent.NH3 + NSEC.Effluent.OP + NSEC.Effluent.NO5",0.226277853773659,0.82930114593662,"3,2"
"3678","Pump.Flow.Based.PAA.Dose + Temp..of.the.Atmos. + N..Basin.Outfall + NSEC.Effluent.NH3 + NSEC.Effluent.OP + NSEC.Effluent.Flow",0.192891736796697,0.833282302456443,"3,2"
"3679","Pump.Flow.Based.PAA.Dose + Temp..of.the.Atmos. + N..Basin.Outfall + NSEC.Effluent.NH3 + NSEC.Effluent.TSS + NSEC.Effluent.NO5",0.22909091835879,0.812682001602992,"3,2"
"3680","Pump.Flow.Based.PAA.Dose + Temp..of.the.Atmos. + N..Basin.Outfall + NSEC.Effluent.NH3 + NSEC.Effluent.TSS + NSEC.Effluent.Flow",0.209477814836613,0.810358593185048,"3,2"
"3681","Pump.Flow.Based.PAA.Dose + Temp..of.the.Atmos. + N..Basin.Outfall + NSEC.Effluent.NH3 + NSEC.Effluent.NO5 + NSEC.Effluent.Flow",0.286617485815598,0.807332310259677,"3,2"
"3682","Pump.Flow.Based.PAA.Dose + Temp..of.the.Atmos. + N..Basin.Outfall + NSEC.Effluent.NO3 + NSEC.Effluent.OP + NSEC.Effluent.TSS",0.287448575539025,0.822213219222889,"3,2"
"3683","Pump.Flow.Based.PAA.Dose + Temp..of.the.Atmos. + N..Basin.Outfall + NSEC.Effluent.NO3 + NSEC.Effluent.OP + NSEC.Effluent.NO5",0.179424954477785,0.816483623706167,"3,2"
"3684","Pump.Flow.Based.PAA.Dose + Temp..of.the.Atmos. + N..Basin.Outfall + NSEC.Effluent.NO3 + NSEC.Effluent.OP + NSEC.Effluent.Flow",0.30296154801452,0.834243877981192,"3,2"
"3685","Pump.Flow.Based.PAA.Dose + Temp..of.the.Atmos. + N..Basin.Outfall + NSEC.Effluent.NO3 + NSEC.Effluent.TSS + NSEC.Effluent.NO5",0.171214415448755,0.819992566875659,"3,2"
"3686","Pump.Flow.Based.PAA.Dose + Temp..of.the.Atmos. + N..Basin.Outfall + NSEC.Effluent.NO3 + NSEC.Effluent.TSS + NSEC.Effluent.Flow",0.256289358401241,0.816540007013877,"3,2"
"3687","Pump.Flow.Based.PAA.Dose + Temp..of.the.Atmos. + N..Basin.Outfall + NSEC.Effluent.NO3 + NSEC.Effluent.NO5 + NSEC.Effluent.Flow",0.229850285501167,0.834480963464102,"3,2"
"3688","Pump.Flow.Based.PAA.Dose + Temp..of.the.Atmos. + N..Basin.Outfall + NSEC.Effluent.OP + NSEC.Effluent.TSS + NSEC.Effluent.NO5",0.241450638548895,0.81684358739033,"3,2"
"3689","Pump.Flow.Based.PAA.Dose + Temp..of.the.Atmos. + N..Basin.Outfall + NSEC.Effluent.OP + NSEC.Effluent.TSS + NSEC.Effluent.Flow",0.260141911443275,0.806790648556963,"3,2"
"3690","Pump.Flow.Based.PAA.Dose + Temp..of.the.Atmos. + N..Basin.Outfall + NSEC.Effluent.OP + NSEC.Effluent.NO5 + NSEC.Effluent.Flow",0.193813728511004,0.129534588759571,"3,2"
"3691","Pump.Flow.Based.PAA.Dose + Temp..of.the.Atmos. + N..Basin.Outfall + NSEC.Effluent.TSS + NSEC.Effluent.NO5 + NSEC.Effluent.Flow",0.254230346103582,0.817718720984478,"3,2"
"3692","Pump.Flow.Based.PAA.Dose + Temp..of.the.Atmos. + CODto..mg.L. + TSS..mg.L. + UVT.... + CODds..mg.L.",0.203121860822455,0.752445152959529,"3,2"
"3693","Pump.Flow.Based.PAA.Dose + Temp..of.the.Atmos. + CODto..mg.L. + TSS..mg.L. + UVT.... + SACto..1.m.",0.323663010600991,0.680760368159246,"3,2"
"3694","Pump.Flow.Based.PAA.Dose + Temp..of.the.Atmos. + CODto..mg.L. + TSS..mg.L. + UVT.... + NSEC.Aerobic.SRT",0.279834304742254,0.759652379951824,"3,2"
"3695","Pump.Flow.Based.PAA.Dose + Temp..of.the.Atmos. + CODto..mg.L. + TSS..mg.L. + UVT.... + NSEC.Effluent.NH3",0.386457579638039,0.7433449220742,"3,2"
"3696","Pump.Flow.Based.PAA.Dose + Temp..of.the.Atmos. + CODto..mg.L. + TSS..mg.L. + UVT.... + NSEC.Effluent.NO3",0.302449389356514,0.741549390043526,"3,2"
"3697","Pump.Flow.Based.PAA.Dose + Temp..of.the.Atmos. + CODto..mg.L. + TSS..mg.L. + UVT.... + NSEC.Effluent.OP",0.211735113569213,0.767616041213525,"3,2"
"3698","Pump.Flow.Based.PAA.Dose + Temp..of.the.Atmos. + CODto..mg.L. + TSS..mg.L. + UVT.... + NSEC.Effluent.TSS",0.353710300326014,0.817140394776115,"3,2"
"3699","Pump.Flow.Based.PAA.Dose + Temp..of.the.Atmos. + CODto..mg.L. + TSS..mg.L. + UVT.... + NSEC.Effluent.NO5",0.312408585729271,0.797023357161993,"3,2"
"3700","Pump.Flow.Based.PAA.Dose + Temp..of.the.Atmos. + CODto..mg.L. + TSS..mg.L. + UVT.... + NSEC.Effluent.Flow",0.166554336690921,0.857720412109298,"3,2"
"3701","Pump.Flow.Based.PAA.Dose + Temp..of.the.Atmos. + CODto..mg.L. + TSS..mg.L. + CODds..mg.L. + SACto..1.m.",0.235575849319694,0.728778329319555,"3,2"
"3702","Pump.Flow.Based.PAA.Dose + Temp..of.the.Atmos. + CODto..mg.L. + TSS..mg.L. + CODds..mg.L. + NSEC.Aerobic.SRT",0.189455137687295,0.713127483710114,"3,2"
"3703","Pump.Flow.Based.PAA.Dose + Temp..of.the.Atmos. + CODto..mg.L. + TSS..mg.L. + CODds..mg.L. + NSEC.Effluent.NH3",0.354831840634489,0.792902761735372,"3,2"
"3704","Pump.Flow.Based.PAA.Dose + Temp..of.the.Atmos. + CODto..mg.L. + TSS..mg.L. + CODds..mg.L. + NSEC.Effluent.NO3",0.311634586333868,0.771256495789427,"3,2"
"3705","Pump.Flow.Based.PAA.Dose + Temp..of.the.Atmos. + CODto..mg.L. + TSS..mg.L. + CODds..mg.L. + NSEC.Effluent.OP",0.22730227337822,0.759504265326045,"3,2"
"3706","Pump.Flow.Based.PAA.Dose + Temp..of.the.Atmos. + CODto..mg.L. + TSS..mg.L. + CODds..mg.L. + NSEC.Effluent.TSS",0.347937339185787,0.754736590932984,"3,2"
"3707","Pump.Flow.Based.PAA.Dose + Temp..of.the.Atmos. + CODto..mg.L. + TSS..mg.L. + CODds..mg.L. + NSEC.Effluent.NO5",0.382951343768313,0.769113569922415,"3,2"
"3708","Pump.Flow.Based.PAA.Dose + Temp..of.the.Atmos. + CODto..mg.L. + TSS..mg.L. + CODds..mg.L. + NSEC.Effluent.Flow",0.150956253373018,0.827585709177203,"3,2"
"3709","Pump.Flow.Based.PAA.Dose + Temp..of.the.Atmos. + CODto..mg.L. + TSS..mg.L. + SACto..1.m. + NSEC.Aerobic.SRT",0.249186029955028,0.738060894289217,"3,2"
"3710","Pump.Flow.Based.PAA.Dose + Temp..of.the.Atmos. + CODto..mg.L. + TSS..mg.L. + SACto..1.m. + NSEC.Effluent.NH3",0.39246579507996,0.762422557057575,"3,2"
"3711","Pump.Flow.Based.PAA.Dose + Temp..of.the.Atmos. + CODto..mg.L. + TSS..mg.L. + SACto..1.m. + NSEC.Effluent.NO3",0.335772958481798,0.720789469960776,"3,2"
"3712","Pump.Flow.Based.PAA.Dose + Temp..of.the.Atmos. + CODto..mg.L. + TSS..mg.L. + SACto..1.m. + NSEC.Effluent.OP",0.410624214716571,0.796059760974423,"3,2"
"3713","Pump.Flow.Based.PAA.Dose + Temp..of.the.Atmos. + CODto..mg.L. + TSS..mg.L. + SACto..1.m. + NSEC.Effluent.TSS",0.377551271889459,0.692973307170086,"3,2"
"3714","Pump.Flow.Based.PAA.Dose + Temp..of.the.Atmos. + CODto..mg.L. + TSS..mg.L. + SACto..1.m. + NSEC.Effluent.NO5",0.325604038234228,0.716551885528464,"3,2"
"3715","Pump.Flow.Based.PAA.Dose + Temp..of.the.Atmos. + CODto..mg.L. + TSS..mg.L. + SACto..1.m. + NSEC.Effluent.Flow",0.108910973643193,0.828847139083697,"3,2"
"3716","Pump.Flow.Based.PAA.Dose + Temp..of.the.Atmos. + CODto..mg.L. + TSS..mg.L. + NSEC.Aerobic.SRT + NSEC.Effluent.NH3",0.350703634089438,0.716141808013426,"3,2"
"3717","Pump.Flow.Based.PAA.Dose + Temp..of.the.Atmos. + CODto..mg.L. + TSS..mg.L. + NSEC.Aerobic.SRT + NSEC.Effluent.NO3",0.264997584560989,0.767512025092098,"3,2"
"3718","Pump.Flow.Based.PAA.Dose + Temp..of.the.Atmos. + CODto..mg.L. + TSS..mg.L. + NSEC.Aerobic.SRT + NSEC.Effluent.OP",0.174771867441222,0.739666337626119,"3,2"
"3719","Pump.Flow.Based.PAA.Dose + Temp..of.the.Atmos. + CODto..mg.L. + TSS..mg.L. + NSEC.Aerobic.SRT + NSEC.Effluent.TSS",0.105382999955848,0.792758257483169,"3,2"
"3720","Pump.Flow.Based.PAA.Dose + Temp..of.the.Atmos. + CODto..mg.L. + TSS..mg.L. + NSEC.Aerobic.SRT + NSEC.Effluent.NO5",0.231343282958498,0.735072735263196,"3,2"
"3721","Pump.Flow.Based.PAA.Dose + Temp..of.the.Atmos. + CODto..mg.L. + TSS..mg.L. + NSEC.Aerobic.SRT + NSEC.Effluent.Flow",0.164667660821174,0.847658526864174,"3,2"
"3722","Pump.Flow.Based.PAA.Dose + Temp..of.the.Atmos. + CODto..mg.L. + TSS..mg.L. + NSEC.Effluent.NH3 + NSEC.Effluent.NO3",0.366520679798244,0.722774298760026,"3,2"
"3723","Pump.Flow.Based.PAA.Dose + Temp..of.the.Atmos. + CODto..mg.L. + TSS..mg.L. + NSEC.Effluent.NH3 + NSEC.Effluent.OP",0.347672766496129,0.765247419149666,"3,2"
"3724","Pump.Flow.Based.PAA.Dose + Temp..of.the.Atmos. + CODto..mg.L. + TSS..mg.L. + NSEC.Effluent.NH3 + NSEC.Effluent.TSS",0.348667546026433,0.732857990965152,"3,2"
"3725","Pump.Flow.Based.PAA.Dose + Temp..of.the.Atmos. + CODto..mg.L. + TSS..mg.L. + NSEC.Effluent.NH3 + NSEC.Effluent.NO5",0.337608783417348,0.741942198677145,"3,2"
"3726","Pump.Flow.Based.PAA.Dose + Temp..of.the.Atmos. + CODto..mg.L. + TSS..mg.L. + NSEC.Effluent.NH3 + NSEC.Effluent.Flow",0.169628728538872,0.82952428448988,"3,2"
"3727","Pump.Flow.Based.PAA.Dose + Temp..of.the.Atmos. + CODto..mg.L. + TSS..mg.L. + NSEC.Effluent.NO3 + NSEC.Effluent.OP",0.322565159766334,0.784318434843029,"3,2"
"3728","Pump.Flow.Based.PAA.Dose + Temp..of.the.Atmos. + CODto..mg.L. + TSS..mg.L. + NSEC.Effluent.NO3 + NSEC.Effluent.TSS",0.379480185590627,0.756153126852225,"3,2"
"3729","Pump.Flow.Based.PAA.Dose + Temp..of.the.Atmos. + CODto..mg.L. + TSS..mg.L. + NSEC.Effluent.NO3 + NSEC.Effluent.NO5",0.364260797667407,0.787164969942078,"3,2"
"3730","Pump.Flow.Based.PAA.Dose + Temp..of.the.Atmos. + CODto..mg.L. + TSS..mg.L. + NSEC.Effluent.NO3 + NSEC.Effluent.Flow",0.161887771827471,0.801194078702613,"3,2"
"3731","Pump.Flow.Based.PAA.Dose + Temp..of.the.Atmos. + CODto..mg.L. + TSS..mg.L. + NSEC.Effluent.OP + NSEC.Effluent.TSS",0.251769915240988,0.779773624930371,"3,2"
"3732","Pump.Flow.Based.PAA.Dose + Temp..of.the.Atmos. + CODto..mg.L. + TSS..mg.L. + NSEC.Effluent.OP + NSEC.Effluent.NO5",0.257763155633152,0.803914519438819,"3,2"
"3733","Pump.Flow.Based.PAA.Dose + Temp..of.the.Atmos. + CODto..mg.L. + TSS..mg.L. + NSEC.Effluent.OP + NSEC.Effluent.Flow",0.159800525983069,0.795516106670132,"3,2"
"3734","Pump.Flow.Based.PAA.Dose + Temp..of.the.Atmos. + CODto..mg.L. + TSS..mg.L. + NSEC.Effluent.TSS + NSEC.Effluent.NO5",0.373573412405569,0.729539871503401,"3,2"
"3735","Pump.Flow.Based.PAA.Dose + Temp..of.the.Atmos. + CODto..mg.L. + TSS..mg.L. + NSEC.Effluent.TSS + NSEC.Effluent.Flow",0.135980972634896,0.834188864291402,"3,2"
"3736","Pump.Flow.Based.PAA.Dose + Temp..of.the.Atmos. + CODto..mg.L. + TSS..mg.L. + NSEC.Effluent.NO5 + NSEC.Effluent.Flow",0.115120105383109,0.856639984010964,"3,2"
"3737","Pump.Flow.Based.PAA.Dose + Temp..of.the.Atmos. + CODto..mg.L. + UVT.... + CODds..mg.L. + SACto..1.m.",0.276998273223878,0.689192952810452,"3,2"
"3738","Pump.Flow.Based.PAA.Dose + Temp..of.the.Atmos. + CODto..mg.L. + UVT.... + CODds..mg.L. + NSEC.Aerobic.SRT",0.269273692349839,0.734627017380224,"3,2"
"3739","Pump.Flow.Based.PAA.Dose + Temp..of.the.Atmos. + CODto..mg.L. + UVT.... + CODds..mg.L. + NSEC.Effluent.NH3",0.282138461704196,0.737550141517446,"3,2"
"3740","Pump.Flow.Based.PAA.Dose + Temp..of.the.Atmos. + CODto..mg.L. + UVT.... + CODds..mg.L. + NSEC.Effluent.NO3",0.38949191524015,0.777114225833262,"3,2"
"3741","Pump.Flow.Based.PAA.Dose + Temp..of.the.Atmos. + CODto..mg.L. + UVT.... + CODds..mg.L. + NSEC.Effluent.OP",0.261969472022251,0.703476809172066,"3,2"
"3742","Pump.Flow.Based.PAA.Dose + Temp..of.the.Atmos. + CODto..mg.L. + UVT.... + CODds..mg.L. + NSEC.Effluent.TSS",0.346278849494015,0.757747634971232,"3,2"
"3743","Pump.Flow.Based.PAA.Dose + Temp..of.the.Atmos. + CODto..mg.L. + UVT.... + CODds..mg.L. + NSEC.Effluent.NO5",0.253008066269984,0.713561891527304,"3,2"
"3744","Pump.Flow.Based.PAA.Dose + Temp..of.the.Atmos. + CODto..mg.L. + UVT.... + CODds..mg.L. + NSEC.Effluent.Flow",0.185868984799607,0.819712154658664,"3,2"
"3745","Pump.Flow.Based.PAA.Dose + Temp..of.the.Atmos. + CODto..mg.L. + UVT.... + SACto..1.m. + NSEC.Aerobic.SRT",0.347137754447822,0.716182195724616,"3,2"
"3746","Pump.Flow.Based.PAA.Dose + Temp..of.the.Atmos. + CODto..mg.L. + UVT.... + SACto..1.m. + NSEC.Effluent.NH3",0.406783381638703,0.711808911632887,"3,2"
"3747","Pump.Flow.Based.PAA.Dose + Temp..of.the.Atmos. + CODto..mg.L. + UVT.... + SACto..1.m. + NSEC.Effluent.NO3",0.363603482460557,0.712563108802506,"3,2"
"3748","Pump.Flow.Based.PAA.Dose + Temp..of.the.Atmos. + CODto..mg.L. + UVT.... + SACto..1.m. + NSEC.Effluent.OP",0.272999972047536,0.744241611225922,"3,2"
"3749","Pump.Flow.Based.PAA.Dose + Temp..of.the.Atmos. + CODto..mg.L. + UVT.... + SACto..1.m. + NSEC.Effluent.TSS",0.367212398986351,0.738922516767822,"3,2"
"3750","Pump.Flow.Based.PAA.Dose + Temp..of.the.Atmos. + CODto..mg.L. + UVT.... + SACto..1.m. + NSEC.Effluent.NO5",0.350310051712152,0.708832776770621,"3,2"
"3751","Pump.Flow.Based.PAA.Dose + Temp..of.the.Atmos. + CODto..mg.L. + UVT.... + SACto..1.m. + NSEC.Effluent.Flow",0.264586464889159,0.8174180242665,"3,2"
"3752","Pump.Flow.Based.PAA.Dose + Temp..of.the.Atmos. + CODto..mg.L. + UVT.... + NSEC.Aerobic.SRT + NSEC.Effluent.NH3",0.321763645532739,0.702312032777944,"3,2"
"3753","Pump.Flow.Based.PAA.Dose + Temp..of.the.Atmos. + CODto..mg.L. + UVT.... + NSEC.Aerobic.SRT + NSEC.Effluent.NO3",0.309208445962568,0.72463513559766,"3,2"
"3754","Pump.Flow.Based.PAA.Dose + Temp..of.the.Atmos. + CODto..mg.L. + UVT.... + NSEC.Aerobic.SRT + NSEC.Effluent.OP",0.319155650395248,0.778680584445046,"3,2"
"3755","Pump.Flow.Based.PAA.Dose + Temp..of.the.Atmos. + CODto..mg.L. + UVT.... + NSEC.Aerobic.SRT + NSEC.Effluent.TSS",0.267804506985081,0.763833293666555,"3,2"
"3756","Pump.Flow.Based.PAA.Dose + Temp..of.the.Atmos. + CODto..mg.L. + UVT.... + NSEC.Aerobic.SRT + NSEC.Effluent.NO5",0.218371735311062,0.793336141824221,"3,2"
"3757","Pump.Flow.Based.PAA.Dose + Temp..of.the.Atmos. + CODto..mg.L. + UVT.... + NSEC.Aerobic.SRT + NSEC.Effluent.Flow",0.304880928095526,0.853911670626242,"3,2"
"3758","Pump.Flow.Based.PAA.Dose + Temp..of.the.Atmos. + CODto..mg.L. + UVT.... + NSEC.Effluent.NH3 + NSEC.Effluent.NO3",0.380277435591537,0.725002291013533,"3,2"
"3759","Pump.Flow.Based.PAA.Dose + Temp..of.the.Atmos. + CODto..mg.L. + UVT.... + NSEC.Effluent.NH3 + NSEC.Effluent.OP",0.222083164330231,0.826343411814148,"3,2"
"3760","Pump.Flow.Based.PAA.Dose + Temp..of.the.Atmos. + CODto..mg.L. + UVT.... + NSEC.Effluent.NH3 + NSEC.Effluent.TSS",0.403663523292981,0.691498898395066,"3,2"
"3761","Pump.Flow.Based.PAA.Dose + Temp..of.the.Atmos. + CODto..mg.L. + UVT.... + NSEC.Effluent.NH3 + NSEC.Effluent.NO5",0.396892740226307,0.779972736603975,"3,2"
"3762","Pump.Flow.Based.PAA.Dose + Temp..of.the.Atmos. + CODto..mg.L. + UVT.... + NSEC.Effluent.NH3 + NSEC.Effluent.Flow",0.21077824329157,0.810769580735024,"3,2"
"3763","Pump.Flow.Based.PAA.Dose + Temp..of.the.Atmos. + CODto..mg.L. + UVT.... + NSEC.Effluent.NO3 + NSEC.Effluent.OP",0.292245055723091,0.780418762747443,"3,2"
"3764","Pump.Flow.Based.PAA.Dose + Temp..of.the.Atmos. + CODto..mg.L. + UVT.... + NSEC.Effluent.NO3 + NSEC.Effluent.TSS",0.454784834218178,0.774316947511699,"3,2"
"3765","Pump.Flow.Based.PAA.Dose + Temp..of.the.Atmos. + CODto..mg.L. + UVT.... + NSEC.Effluent.NO3 + NSEC.Effluent.NO5",0.313715558452216,0.758547500705791,"3,2"
"3766","Pump.Flow.Based.PAA.Dose + Temp..of.the.Atmos. + CODto..mg.L. + UVT.... + NSEC.Effluent.NO3 + NSEC.Effluent.Flow",0.248539906585285,0.828334483245078,"3,2"
"3767","Pump.Flow.Based.PAA.Dose + Temp..of.the.Atmos. + CODto..mg.L. + UVT.... + NSEC.Effluent.OP + NSEC.Effluent.TSS",0.267550485024231,0.789843408021717,"3,2"
"3768","Pump.Flow.Based.PAA.Dose + Temp..of.the.Atmos. + CODto..mg.L. + UVT.... + NSEC.Effluent.OP + NSEC.Effluent.NO5",0.302777532597803,0.78680277735619,"3,2"
"3769","Pump.Flow.Based.PAA.Dose + Temp..of.the.Atmos. + CODto..mg.L. + UVT.... + NSEC.Effluent.OP + NSEC.Effluent.Flow",0.120946241261884,0.837036333995748,"3,2"
"3770","Pump.Flow.Based.PAA.Dose + Temp..of.the.Atmos. + CODto..mg.L. + UVT.... + NSEC.Effluent.TSS + NSEC.Effluent.NO5",0.45018354361731,0.809982883546258,"3,2"
"3771","Pump.Flow.Based.PAA.Dose + Temp..of.the.Atmos. + CODto..mg.L. + UVT.... + NSEC.Effluent.TSS + NSEC.Effluent.Flow",0.23228686241443,0.814988105616087,"3,2"
"3772","Pump.Flow.Based.PAA.Dose + Temp..of.the.Atmos. + CODto..mg.L. + UVT.... + NSEC.Effluent.NO5 + NSEC.Effluent.Flow",0.322162241302196,0.819404569742606,"3,2"
"3773","Pump.Flow.Based.PAA.Dose + Temp..of.the.Atmos. + CODto..mg.L. + CODds..mg.L. + SACto..1.m. + NSEC.Aerobic.SRT",0.212745874255038,0.702243314575971,"3,2"
"3774","Pump.Flow.Based.PAA.Dose + Temp..of.the.Atmos. + CODto..mg.L. + CODds..mg.L. + SACto..1.m. + NSEC.Effluent.NH3",0.329765645505216,0.712933440946512,"3,2"
"3775","Pump.Flow.Based.PAA.Dose + Temp..of.the.Atmos. + CODto..mg.L. + CODds..mg.L. + SACto..1.m. + NSEC.Effluent.NO3",0.36582037710563,0.772599266456022,"3,2"
"3776","Pump.Flow.Based.PAA.Dose + Temp..of.the.Atmos. + CODto..mg.L. + CODds..mg.L. + SACto..1.m. + NSEC.Effluent.OP",0.238540322610275,0.793279826406344,"3,2"
"3777","Pump.Flow.Based.PAA.Dose + Temp..of.the.Atmos. + CODto..mg.L. + CODds..mg.L. + SACto..1.m. + NSEC.Effluent.TSS",0.19347952480113,0.768279517473953,"3,2"
"3778","Pump.Flow.Based.PAA.Dose + Temp..of.the.Atmos. + CODto..mg.L. + CODds..mg.L. + SACto..1.m. + NSEC.Effluent.NO5",0.319577754955634,0.805622303433282,"3,2"
"3779","Pump.Flow.Based.PAA.Dose + Temp..of.the.Atmos. + CODto..mg.L. + CODds..mg.L. + SACto..1.m. + NSEC.Effluent.Flow",0.109476546374696,0.820610634257145,"3,2"
"3780","Pump.Flow.Based.PAA.Dose + Temp..of.the.Atmos. + CODto..mg.L. + CODds..mg.L. + NSEC.Aerobic.SRT + NSEC.Effluent.NH3",0.286126181659609,0.706192951068873,"3,2"
"3781","Pump.Flow.Based.PAA.Dose + Temp..of.the.Atmos. + CODto..mg.L. + CODds..mg.L. + NSEC.Aerobic.SRT + NSEC.Effluent.NO3",0.272896412466836,0.751276795160593,"3,2"
"3782","Pump.Flow.Based.PAA.Dose + Temp..of.the.Atmos. + CODto..mg.L. + CODds..mg.L. + NSEC.Aerobic.SRT + NSEC.Effluent.OP",0.185162056462264,0.766544836774751,"3,2"
"3783","Pump.Flow.Based.PAA.Dose + Temp..of.the.Atmos. + CODto..mg.L. + CODds..mg.L. + NSEC.Aerobic.SRT + NSEC.Effluent.TSS",0.201175733934441,0.717510321178353,"3,2"
"3784","Pump.Flow.Based.PAA.Dose + Temp..of.the.Atmos. + CODto..mg.L. + CODds..mg.L. + NSEC.Aerobic.SRT + NSEC.Effluent.NO5",0.313463664612592,0.797901356873494,"3,2"
"3785","Pump.Flow.Based.PAA.Dose + Temp..of.the.Atmos. + CODto..mg.L. + CODds..mg.L. + NSEC.Aerobic.SRT + NSEC.Effluent.Flow",0.164886860551862,0.819142520199229,"3,2"
"3786","Pump.Flow.Based.PAA.Dose + Temp..of.the.Atmos. + CODto..mg.L. + CODds..mg.L. + NSEC.Effluent.NH3 + NSEC.Effluent.NO3",0.42292886176657,0.75309395273847,"3,2"
"3787","Pump.Flow.Based.PAA.Dose + Temp..of.the.Atmos. + CODto..mg.L. + CODds..mg.L. + NSEC.Effluent.NH3 + NSEC.Effluent.OP",0.1995532640191,0.815606024330634,"3,2"
"3788","Pump.Flow.Based.PAA.Dose + Temp..of.the.Atmos. + CODto..mg.L. + CODds..mg.L. + NSEC.Effluent.NH3 + NSEC.Effluent.TSS",0.284173868154783,0.732439981668262,"3,2"
"3789","Pump.Flow.Based.PAA.Dose + Temp..of.the.Atmos. + CODto..mg.L. + CODds..mg.L. + NSEC.Effluent.NH3 + NSEC.Effluent.NO5",0.247590858625446,0.737282268798783,"3,2"
"3790","Pump.Flow.Based.PAA.Dose + Temp..of.the.Atmos. + CODto..mg.L. + CODds..mg.L. + NSEC.Effluent.NH3 + NSEC.Effluent.Flow",0.155893803861743,0.820488277795556,"3,2"
"3791","Pump.Flow.Based.PAA.Dose + Temp..of.the.Atmos. + CODto..mg.L. + CODds..mg.L. + NSEC.Effluent.NO3 + NSEC.Effluent.OP",0.320819312276133,0.814265639193862,"3,2"
"3792","Pump.Flow.Based.PAA.Dose + Temp..of.the.Atmos. + CODto..mg.L. + CODds..mg.L. + NSEC.Effluent.NO3 + NSEC.Effluent.TSS",0.297107243114975,0.74527470675915,"3,2"
"3793","Pump.Flow.Based.PAA.Dose + Temp..of.the.Atmos. + CODto..mg.L. + CODds..mg.L. + NSEC.Effluent.NO3 + NSEC.Effluent.NO5",0.346191366358897,0.75998306503402,"3,2"
"3794","Pump.Flow.Based.PAA.Dose + Temp..of.the.Atmos. + CODto..mg.L. + CODds..mg.L. + NSEC.Effluent.NO3 + NSEC.Effluent.Flow",0.200808923848466,0.851649258281843,"3,2"
"3795","Pump.Flow.Based.PAA.Dose + Temp..of.the.Atmos. + CODto..mg.L. + CODds..mg.L. + NSEC.Effluent.OP + NSEC.Effluent.TSS",0.210092500379639,0.782672965116647,"3,2"
"3796","Pump.Flow.Based.PAA.Dose + Temp..of.the.Atmos. + CODto..mg.L. + CODds..mg.L. + NSEC.Effluent.OP + NSEC.Effluent.NO5",0.247105237486339,0.799886678410347,"3,2"
"3797","Pump.Flow.Based.PAA.Dose + Temp..of.the.Atmos. + CODto..mg.L. + CODds..mg.L. + NSEC.Effluent.OP + NSEC.Effluent.Flow",0.146550184910166,0.824873824379933,"3,2"
"3798","Pump.Flow.Based.PAA.Dose + Temp..of.the.Atmos. + CODto..mg.L. + CODds..mg.L. + NSEC.Effluent.TSS + NSEC.Effluent.NO5",0.280680588107306,0.739583155853944,"3,2"
"3799","Pump.Flow.Based.PAA.Dose + Temp..of.the.Atmos. + CODto..mg.L. + CODds..mg.L. + NSEC.Effluent.TSS + NSEC.Effluent.Flow",0.118980602000307,0.819291995878406,"3,2"
"3800","Pump.Flow.Based.PAA.Dose + Temp..of.the.Atmos. + CODto..mg.L. + CODds..mg.L. + NSEC.Effluent.NO5 + NSEC.Effluent.Flow",0.187639747957613,0.838664982736907,"3,2"
"3801","Pump.Flow.Based.PAA.Dose + Temp..of.the.Atmos. + CODto..mg.L. + SACto..1.m. + NSEC.Aerobic.SRT + NSEC.Effluent.NH3",0.3697071909134,0.722967864375112,"3,2"
"3802","Pump.Flow.Based.PAA.Dose + Temp..of.the.Atmos. + CODto..mg.L. + SACto..1.m. + NSEC.Aerobic.SRT + NSEC.Effluent.NO3",0.233881290334148,0.8069512018861,"3,2"
"3803","Pump.Flow.Based.PAA.Dose + Temp..of.the.Atmos. + CODto..mg.L. + SACto..1.m. + NSEC.Aerobic.SRT + NSEC.Effluent.OP",0.23342314015906,0.78057229093843,"3,2"
"3804","Pump.Flow.Based.PAA.Dose + Temp..of.the.Atmos. + CODto..mg.L. + SACto..1.m. + NSEC.Aerobic.SRT + NSEC.Effluent.TSS",0.322746629408044,0.787821748346576,"3,2"
"3805","Pump.Flow.Based.PAA.Dose + Temp..of.the.Atmos. + CODto..mg.L. + SACto..1.m. + NSEC.Aerobic.SRT + NSEC.Effluent.NO5",0.276199949768709,0.756635786700641,"3,2"
"3806","Pump.Flow.Based.PAA.Dose + Temp..of.the.Atmos. + CODto..mg.L. + SACto..1.m. + NSEC.Aerobic.SRT + NSEC.Effluent.Flow",0.213029443817593,0.821432787151607,"3,2"
"3807","Pump.Flow.Based.PAA.Dose + Temp..of.the.Atmos. + CODto..mg.L. + SACto..1.m. + NSEC.Effluent.NH3 + NSEC.Effluent.NO3",0.364216058392235,0.752282681187825,"3,2"
"3808","Pump.Flow.Based.PAA.Dose + Temp..of.the.Atmos. + CODto..mg.L. + SACto..1.m. + NSEC.Effluent.NH3 + NSEC.Effluent.OP",0.394381621754777,0.696514729137692,"3,2"
"3809","Pump.Flow.Based.PAA.Dose + Temp..of.the.Atmos. + CODto..mg.L. + SACto..1.m. + NSEC.Effluent.NH3 + NSEC.Effluent.TSS",0.393749350330512,0.737719313330518,"3,2"
"3810","Pump.Flow.Based.PAA.Dose + Temp..of.the.Atmos. + CODto..mg.L. + SACto..1.m. + NSEC.Effluent.NH3 + NSEC.Effluent.NO5",0.418437872458275,0.775533291221365,"3,2"
"3811","Pump.Flow.Based.PAA.Dose + Temp..of.the.Atmos. + CODto..mg.L. + SACto..1.m. + NSEC.Effluent.NH3 + NSEC.Effluent.Flow",0.167857936203209,0.813445270644927,"3,2"
"3812","Pump.Flow.Based.PAA.Dose + Temp..of.the.Atmos. + CODto..mg.L. + SACto..1.m. + NSEC.Effluent.NO3 + NSEC.Effluent.OP",0.285482861735563,0.80838629481931,"3,2"
"3813","Pump.Flow.Based.PAA.Dose + Temp..of.the.Atmos. + CODto..mg.L. + SACto..1.m. + NSEC.Effluent.NO3 + NSEC.Effluent.TSS",0.418860830801856,0.780024394167658,"3,2"
"3814","Pump.Flow.Based.PAA.Dose + Temp..of.the.Atmos. + CODto..mg.L. + SACto..1.m. + NSEC.Effluent.NO3 + NSEC.Effluent.NO5",0.432016007450897,0.815213369334117,"3,2"
"3815","Pump.Flow.Based.PAA.Dose + Temp..of.the.Atmos. + CODto..mg.L. + SACto..1.m. + NSEC.Effluent.NO3 + NSEC.Effluent.Flow",0.184907101521852,0.817061943534189,"3,2"
"3816","Pump.Flow.Based.PAA.Dose + Temp..of.the.Atmos. + CODto..mg.L. + SACto..1.m. + NSEC.Effluent.OP + NSEC.Effluent.TSS",0.318477175802103,0.77070172282145,"3,2"
"3817","Pump.Flow.Based.PAA.Dose + Temp..of.the.Atmos. + CODto..mg.L. + SACto..1.m. + NSEC.Effluent.OP + NSEC.Effluent.NO5",0.332840139638344,0.794037301557332,"3,2"
"3818","Pump.Flow.Based.PAA.Dose + Temp..of.the.Atmos. + CODto..mg.L. + SACto..1.m. + NSEC.Effluent.OP + NSEC.Effluent.Flow",0.260937817461564,0.800364401909482,"3,2"
"3819","Pump.Flow.Based.PAA.Dose + Temp..of.the.Atmos. + CODto..mg.L. + SACto..1.m. + NSEC.Effluent.TSS + NSEC.Effluent.NO5",0.414506443278196,0.813841872464287,"3,2"
"3820","Pump.Flow.Based.PAA.Dose + Temp..of.the.Atmos. + CODto..mg.L. + SACto..1.m. + NSEC.Effluent.TSS + NSEC.Effluent.Flow",0.186424705646159,0.813331714725306,"3,2"
"3821","Pump.Flow.Based.PAA.Dose + Temp..of.the.Atmos. + CODto..mg.L. + SACto..1.m. + NSEC.Effluent.NO5 + NSEC.Effluent.Flow",0.189341016835539,0.815063230742953,"3,2"
"3822","Pump.Flow.Based.PAA.Dose + Temp..of.the.Atmos. + CODto..mg.L. + NSEC.Aerobic.SRT + NSEC.Effluent.NH3 + NSEC.Effluent.NO3",0.302200591247034,0.734143670535732,"3,2"
"3823","Pump.Flow.Based.PAA.Dose + Temp..of.the.Atmos. + CODto..mg.L. + NSEC.Aerobic.SRT + NSEC.Effluent.NH3 + NSEC.Effluent.OP",0.28371654651338,0.791252331464177,"3,2"
"3824","Pump.Flow.Based.PAA.Dose + Temp..of.the.Atmos. + CODto..mg.L. + NSEC.Aerobic.SRT + NSEC.Effluent.NH3 + NSEC.Effluent.TSS",0.314236353097522,0.751304295023112,"3,2"
"3825","Pump.Flow.Based.PAA.Dose + Temp..of.the.Atmos. + CODto..mg.L. + NSEC.Aerobic.SRT + NSEC.Effluent.NH3 + NSEC.Effluent.NO5",0.327864222308985,0.757361812932903,"3,2"
"3826","Pump.Flow.Based.PAA.Dose + Temp..of.the.Atmos. + CODto..mg.L. + NSEC.Aerobic.SRT + NSEC.Effluent.NH3 + NSEC.Effluent.Flow",0.174875889904495,0.812798326718065,"3,2"
"3827","Pump.Flow.Based.PAA.Dose + Temp..of.the.Atmos. + CODto..mg.L. + NSEC.Aerobic.SRT + NSEC.Effluent.NO3 + NSEC.Effluent.OP",0.228448275941252,0.821388543879713,"3,2"
"3828","Pump.Flow.Based.PAA.Dose + Temp..of.the.Atmos. + CODto..mg.L. + NSEC.Aerobic.SRT + NSEC.Effluent.NO3 + NSEC.Effluent.TSS",0.326354011799613,0.785499874761702,"3,2"
"3829","Pump.Flow.Based.PAA.Dose + Temp..of.the.Atmos. + CODto..mg.L. + NSEC.Aerobic.SRT + NSEC.Effluent.NO3 + NSEC.Effluent.NO5",0.205223705932268,0.803838954198066,"3,2"
"3830","Pump.Flow.Based.PAA.Dose + Temp..of.the.Atmos. + CODto..mg.L. + NSEC.Aerobic.SRT + NSEC.Effluent.NO3 + NSEC.Effluent.Flow",0.15289982135568,0.801703684811487,"3,2"
"3831","Pump.Flow.Based.PAA.Dose + Temp..of.the.Atmos. + CODto..mg.L. + NSEC.Aerobic.SRT + NSEC.Effluent.OP + NSEC.Effluent.TSS",0.24373399229813,0.773152408931963,"3,2"
"3832","Pump.Flow.Based.PAA.Dose + Temp..of.the.Atmos. + CODto..mg.L. + NSEC.Aerobic.SRT + NSEC.Effluent.OP + NSEC.Effluent.NO5",0.277019377628511,0.793359392531555,"3,2"
"3833","Pump.Flow.Based.PAA.Dose + Temp..of.the.Atmos. + CODto..mg.L. + NSEC.Aerobic.SRT + NSEC.Effluent.OP + NSEC.Effluent.Flow",0.228220283962383,0.828163018108061,"3,2"
"3834","Pump.Flow.Based.PAA.Dose + Temp..of.the.Atmos. + CODto..mg.L. + NSEC.Aerobic.SRT + NSEC.Effluent.TSS + NSEC.Effluent.NO5",0.238849706631754,0.725554373312381,"3,2"
"3835","Pump.Flow.Based.PAA.Dose + Temp..of.the.Atmos. + CODto..mg.L. + NSEC.Aerobic.SRT + NSEC.Effluent.TSS + NSEC.Effluent.Flow",0.177393928498851,0.800752662519991,"3,2"
"3836","Pump.Flow.Based.PAA.Dose + Temp..of.the.Atmos. + CODto..mg.L. + NSEC.Aerobic.SRT + NSEC.Effluent.NO5 + NSEC.Effluent.Flow",0.119568685224694,0.861520578819568,"3,2"
"3837","Pump.Flow.Based.PAA.Dose + Temp..of.the.Atmos. + CODto..mg.L. + NSEC.Effluent.NH3 + NSEC.Effluent.NO3 + NSEC.Effluent.OP",0.342381500861812,0.807328161937019,"3,2"
"3838","Pump.Flow.Based.PAA.Dose + Temp..of.the.Atmos. + CODto..mg.L. + NSEC.Effluent.NH3 + NSEC.Effluent.NO3 + NSEC.Effluent.TSS",0.381159260412278,0.736343439553031,"3,2"
"3839","Pump.Flow.Based.PAA.Dose + Temp..of.the.Atmos. + CODto..mg.L. + NSEC.Effluent.NH3 + NSEC.Effluent.NO3 + NSEC.Effluent.NO5",0.313822328294799,0.773798839937117,"3,2"
"3840","Pump.Flow.Based.PAA.Dose + Temp..of.the.Atmos. + CODto..mg.L. + NSEC.Effluent.NH3 + NSEC.Effluent.NO3 + NSEC.Effluent.Flow",0.183544949661987,0.816125596579508,"3,2"
"3841","Pump.Flow.Based.PAA.Dose + Temp..of.the.Atmos. + CODto..mg.L. + NSEC.Effluent.NH3 + NSEC.Effluent.OP + NSEC.Effluent.TSS",0.374167601017017,0.77863964185037,"3,2"
"3842","Pump.Flow.Based.PAA.Dose + Temp..of.the.Atmos. + CODto..mg.L. + NSEC.Effluent.NH3 + NSEC.Effluent.OP + NSEC.Effluent.NO5",0.300861255385648,0.81259899778063,"3,2"
"3843","Pump.Flow.Based.PAA.Dose + Temp..of.the.Atmos. + CODto..mg.L. + NSEC.Effluent.NH3 + NSEC.Effluent.OP + NSEC.Effluent.Flow",0.176740880146443,0.803655999128733,"3,2"
"3844","Pump.Flow.Based.PAA.Dose + Temp..of.the.Atmos. + CODto..mg.L. + NSEC.Effluent.NH3 + NSEC.Effluent.TSS + NSEC.Effluent.NO5",0.433311893361001,0.797123870056734,"3,2"
"3845","Pump.Flow.Based.PAA.Dose + Temp..of.the.Atmos. + CODto..mg.L. + NSEC.Effluent.NH3 + NSEC.Effluent.TSS + NSEC.Effluent.Flow",0.238894605028475,0.810839214640901,"3,2"
"3846","Pump.Flow.Based.PAA.Dose + Temp..of.the.Atmos. + CODto..mg.L. + NSEC.Effluent.NH3 + NSEC.Effluent.NO5 + NSEC.Effluent.Flow",0.186127865756169,0.826569754474361,"3,2"
"3847","Pump.Flow.Based.PAA.Dose + Temp..of.the.Atmos. + CODto..mg.L. + NSEC.Effluent.NO3 + NSEC.Effluent.OP + NSEC.Effluent.TSS",0.361170643064311,0.807133646277239,"3,2"
"3848","Pump.Flow.Based.PAA.Dose + Temp..of.the.Atmos. + CODto..mg.L. + NSEC.Effluent.NO3 + NSEC.Effluent.OP + NSEC.Effluent.NO5",0.338480041392485,0.808001166822127,"3,2"
"3849","Pump.Flow.Based.PAA.Dose + Temp..of.the.Atmos. + CODto..mg.L. + NSEC.Effluent.NO3 + NSEC.Effluent.OP + NSEC.Effluent.Flow",0.191102046572675,0.836330182842315,"3,2"
"3850","Pump.Flow.Based.PAA.Dose + Temp..of.the.Atmos. + CODto..mg.L. + NSEC.Effluent.NO3 + NSEC.Effluent.TSS + NSEC.Effluent.NO5",0.332428139896869,0.753361550092359,"3,2"
"3851","Pump.Flow.Based.PAA.Dose + Temp..of.the.Atmos. + CODto..mg.L. + NSEC.Effluent.NO3 + NSEC.Effluent.TSS + NSEC.Effluent.Flow",0.204432242163674,0.818642568169644,"3,2"
"3852","Pump.Flow.Based.PAA.Dose + Temp..of.the.Atmos. + CODto..mg.L. + NSEC.Effluent.NO3 + NSEC.Effluent.NO5 + NSEC.Effluent.Flow",0.193023386598189,0.823790523580059,"3,2"
"3853","Pump.Flow.Based.PAA.Dose + Temp..of.the.Atmos. + CODto..mg.L. + NSEC.Effluent.OP + NSEC.Effluent.TSS + NSEC.Effluent.NO5",0.338065057852062,0.793576323906553,"3,2"
"3854","Pump.Flow.Based.PAA.Dose + Temp..of.the.Atmos. + CODto..mg.L. + NSEC.Effluent.OP + NSEC.Effluent.TSS + NSEC.Effluent.Flow",0.203425400607988,0.825975159686222,"3,2"
"3855","Pump.Flow.Based.PAA.Dose + Temp..of.the.Atmos. + CODto..mg.L. + NSEC.Effluent.OP + NSEC.Effluent.NO5 + NSEC.Effluent.Flow",0.249789712259662,0.810653416295011,"3,2"
"3856","Pump.Flow.Based.PAA.Dose + Temp..of.the.Atmos. + CODto..mg.L. + NSEC.Effluent.TSS + NSEC.Effluent.NO5 + NSEC.Effluent.Flow",0.202306119565559,0.79948750624012,"3,2"
"3857","Pump.Flow.Based.PAA.Dose + Temp..of.the.Atmos. + TSS..mg.L. + UVT.... + CODds..mg.L. + SACto..1.m.",0.378563017361331,0.714188459316473,"3,2"
"3858","Pump.Flow.Based.PAA.Dose + Temp..of.the.Atmos. + TSS..mg.L. + UVT.... + CODds..mg.L. + NSEC.Aerobic.SRT",0.231492786576496,0.738676516839328,"3,2"
"3859","Pump.Flow.Based.PAA.Dose + Temp..of.the.Atmos. + TSS..mg.L. + UVT.... + CODds..mg.L. + NSEC.Effluent.NH3",0.35112587875517,0.802927360761187,"3,2"
"3860","Pump.Flow.Based.PAA.Dose + Temp..of.the.Atmos. + TSS..mg.L. + UVT.... + CODds..mg.L. + NSEC.Effluent.NO3",0.262015226414499,0.815038097456164,"3,2"
"3861","Pump.Flow.Based.PAA.Dose + Temp..of.the.Atmos. + TSS..mg.L. + UVT.... + CODds..mg.L. + NSEC.Effluent.OP",0.135518506703857,0.813150544070899,"3,2"
"3862","Pump.Flow.Based.PAA.Dose + Temp..of.the.Atmos. + TSS..mg.L. + UVT.... + CODds..mg.L. + NSEC.Effluent.TSS",0.263283994582042,0.760032915535331,"3,2"
"3863","Pump.Flow.Based.PAA.Dose + Temp..of.the.Atmos. + TSS..mg.L. + UVT.... + CODds..mg.L. + NSEC.Effluent.NO5",0.236385827113996,0.764491419653993,"3,2"
"3864","Pump.Flow.Based.PAA.Dose + Temp..of.the.Atmos. + TSS..mg.L. + UVT.... + CODds..mg.L. + NSEC.Effluent.Flow",0.137802942277354,0.818836446339698,"3,2"
"3865","Pump.Flow.Based.PAA.Dose + Temp..of.the.Atmos. + TSS..mg.L. + UVT.... + SACto..1.m. + NSEC.Aerobic.SRT",0.233777780557879,0.735918689450905,"3,2"
"3866","Pump.Flow.Based.PAA.Dose + Temp..of.the.Atmos. + TSS..mg.L. + UVT.... + SACto..1.m. + NSEC.Effluent.NH3",0.320164488699056,0.704657799625342,"3,2"
"3867","Pump.Flow.Based.PAA.Dose + Temp..of.the.Atmos. + TSS..mg.L. + UVT.... + SACto..1.m. + NSEC.Effluent.NO3",0.401858370802322,0.786986371573725,"3,2"
"3868","Pump.Flow.Based.PAA.Dose + Temp..of.the.Atmos. + TSS..mg.L. + UVT.... + SACto..1.m. + NSEC.Effluent.OP",0.205413035086801,0.794170537769436,"3,2"
"3869","Pump.Flow.Based.PAA.Dose + Temp..of.the.Atmos. + TSS..mg.L. + UVT.... + SACto..1.m. + NSEC.Effluent.TSS",0.346179283354692,0.75182953368808,"3,2"
"3870","Pump.Flow.Based.PAA.Dose + Temp..of.the.Atmos. + TSS..mg.L. + UVT.... + SACto..1.m. + NSEC.Effluent.NO5",0.343777339606323,0.742687090924089,"3,2"
"3871","Pump.Flow.Based.PAA.Dose + Temp..of.the.Atmos. + TSS..mg.L. + UVT.... + SACto..1.m. + NSEC.Effluent.Flow",0.174786474383692,0.828714680476531,"3,2"
"3872","Pump.Flow.Based.PAA.Dose + Temp..of.the.Atmos. + TSS..mg.L. + UVT.... + NSEC.Aerobic.SRT + NSEC.Effluent.NH3",0.298217447832676,0.767963677500626,"3,2"
"3873","Pump.Flow.Based.PAA.Dose + Temp..of.the.Atmos. + TSS..mg.L. + UVT.... + NSEC.Aerobic.SRT + NSEC.Effluent.NO3",0.187776303645192,0.796103303734086,"3,2"
"3874","Pump.Flow.Based.PAA.Dose + Temp..of.the.Atmos. + TSS..mg.L. + UVT.... + NSEC.Aerobic.SRT + NSEC.Effluent.OP",0.17796188595699,0.781495248923254,"3,2"
"3875","Pump.Flow.Based.PAA.Dose + Temp..of.the.Atmos. + TSS..mg.L. + UVT.... + NSEC.Aerobic.SRT + NSEC.Effluent.TSS",0.257562586759351,0.806173671608774,"3,2"
"3876","Pump.Flow.Based.PAA.Dose + Temp..of.the.Atmos. + TSS..mg.L. + UVT.... + NSEC.Aerobic.SRT + NSEC.Effluent.NO5",0.318198136441143,0.757337263337266,"3,2"
"3877","Pump.Flow.Based.PAA.Dose + Temp..of.the.Atmos. + TSS..mg.L. + UVT.... + NSEC.Aerobic.SRT + NSEC.Effluent.Flow",0.233817840867332,0.838661515592556,"3,2"
"3878","Pump.Flow.Based.PAA.Dose + Temp..of.the.Atmos. + TSS..mg.L. + UVT.... + NSEC.Effluent.NH3 + NSEC.Effluent.NO3",0.322575645504548,0.740581099167259,"3,2"
"3879","Pump.Flow.Based.PAA.Dose + Temp..of.the.Atmos. + TSS..mg.L. + UVT.... + NSEC.Effluent.NH3 + NSEC.Effluent.OP",0.176839365067567,0.7843805740269,"3,2"
"3880","Pump.Flow.Based.PAA.Dose + Temp..of.the.Atmos. + TSS..mg.L. + UVT.... + NSEC.Effluent.NH3 + NSEC.Effluent.TSS",0.272445447879524,0.797026137206041,"3,2"
"3881","Pump.Flow.Based.PAA.Dose + Temp..of.the.Atmos. + TSS..mg.L. + UVT.... + NSEC.Effluent.NH3 + NSEC.Effluent.NO5",0.306609845425187,0.732711065613576,"3,2"
"3882","Pump.Flow.Based.PAA.Dose + Temp..of.the.Atmos. + TSS..mg.L. + UVT.... + NSEC.Effluent.NH3 + NSEC.Effluent.Flow",0.271573038076703,0.840072224776179,"3,2"
"3883","Pump.Flow.Based.PAA.Dose + Temp..of.the.Atmos. + TSS..mg.L. + UVT.... + NSEC.Effluent.NO3 + NSEC.Effluent.OP",0.314876208693097,0.83054376429628,"3,2"
"3884","Pump.Flow.Based.PAA.Dose + Temp..of.the.Atmos. + TSS..mg.L. + UVT.... + NSEC.Effluent.NO3 + NSEC.Effluent.TSS",0.274990613855586,0.759591073948976,"3,2"
"3885","Pump.Flow.Based.PAA.Dose + Temp..of.the.Atmos. + TSS..mg.L. + UVT.... + NSEC.Effluent.NO3 + NSEC.Effluent.NO5",0.364878198010635,0.774024722308394,"3,2"
"3886","Pump.Flow.Based.PAA.Dose + Temp..of.the.Atmos. + TSS..mg.L. + UVT.... + NSEC.Effluent.NO3 + NSEC.Effluent.Flow",0.172633907107482,0.834466062064591,"3,2"
"3887","Pump.Flow.Based.PAA.Dose + Temp..of.the.Atmos. + TSS..mg.L. + UVT.... + NSEC.Effluent.OP + NSEC.Effluent.TSS",0.342083964567764,0.815276867632483,"3,2"
"3888","Pump.Flow.Based.PAA.Dose + Temp..of.the.Atmos. + TSS..mg.L. + UVT.... + NSEC.Effluent.OP + NSEC.Effluent.NO5",0.183321504647435,0.756733404439972,"3,2"
"3889","Pump.Flow.Based.PAA.Dose + Temp..of.the.Atmos. + TSS..mg.L. + UVT.... + NSEC.Effluent.OP + NSEC.Effluent.Flow",0.272100169202949,0.826524087583082,"3,2"
"3890","Pump.Flow.Based.PAA.Dose + Temp..of.the.Atmos. + TSS..mg.L. + UVT.... + NSEC.Effluent.TSS + NSEC.Effluent.NO5",0.229781131275746,0.788547061481762,"3,2"
"3891","Pump.Flow.Based.PAA.Dose + Temp..of.the.Atmos. + TSS..mg.L. + UVT.... + NSEC.Effluent.TSS + NSEC.Effluent.Flow",0.210757945728897,0.792517850055859,"3,2"
"3892","Pump.Flow.Based.PAA.Dose + Temp..of.the.Atmos. + TSS..mg.L. + UVT.... + NSEC.Effluent.NO5 + NSEC.Effluent.Flow",0.178236062265013,0.831896965934009,"3,2"
"3893","Pump.Flow.Based.PAA.Dose + Temp..of.the.Atmos. + TSS..mg.L. + CODds..mg.L. + SACto..1.m. + NSEC.Aerobic.SRT",0.192434755791608,0.742029186177242,"3,2"
"3894","Pump.Flow.Based.PAA.Dose + Temp..of.the.Atmos. + TSS..mg.L. + CODds..mg.L. + SACto..1.m. + NSEC.Effluent.NH3",0.278638597607183,0.748782714549801,"3,2"
"3895","Pump.Flow.Based.PAA.Dose + Temp..of.the.Atmos. + TSS..mg.L. + CODds..mg.L. + SACto..1.m. + NSEC.Effluent.NO3",0.294414764783806,0.723391950112846,"3,2"
"3896","Pump.Flow.Based.PAA.Dose + Temp..of.the.Atmos. + TSS..mg.L. + CODds..mg.L. + SACto..1.m. + NSEC.Effluent.OP",0.185184576081861,0.776898178571611,"3,2"
"3897","Pump.Flow.Based.PAA.Dose + Temp..of.the.Atmos. + TSS..mg.L. + CODds..mg.L. + SACto..1.m. + NSEC.Effluent.TSS",0.308743936488414,0.709067097124447,"3,2"
"3898","Pump.Flow.Based.PAA.Dose + Temp..of.the.Atmos. + TSS..mg.L. + CODds..mg.L. + SACto..1.m. + NSEC.Effluent.NO5",0.398909153296587,0.759415155650631,"3,2"
"3899","Pump.Flow.Based.PAA.Dose + Temp..of.the.Atmos. + TSS..mg.L. + CODds..mg.L. + SACto..1.m. + NSEC.Effluent.Flow",0.207193356270144,0.827263734475386,"3,2"
"3900","Pump.Flow.Based.PAA.Dose + Temp..of.the.Atmos. + TSS..mg.L. + CODds..mg.L. + NSEC.Aerobic.SRT + NSEC.Effluent.NH3",0.314713938043334,0.734174876422814,"3,2"
"3901","Pump.Flow.Based.PAA.Dose + Temp..of.the.Atmos. + TSS..mg.L. + CODds..mg.L. + NSEC.Aerobic.SRT + NSEC.Effluent.NO3",0.2659410753884,0.734886195808771,"3,2"
"3902","Pump.Flow.Based.PAA.Dose + Temp..of.the.Atmos. + TSS..mg.L. + CODds..mg.L. + NSEC.Aerobic.SRT + NSEC.Effluent.OP",0.264247624317941,0.769968314767293,"3,2"
"3903","Pump.Flow.Based.PAA.Dose + Temp..of.the.Atmos. + TSS..mg.L. + CODds..mg.L. + NSEC.Aerobic.SRT + NSEC.Effluent.TSS",0.191923556684054,0.703888434173967,"3,2"
"3904","Pump.Flow.Based.PAA.Dose + Temp..of.the.Atmos. + TSS..mg.L. + CODds..mg.L. + NSEC.Aerobic.SRT + NSEC.Effluent.NO5",0.15938364952479,0.771309893793986,"3,2"
"3905","Pump.Flow.Based.PAA.Dose + Temp..of.the.Atmos. + TSS..mg.L. + CODds..mg.L. + NSEC.Aerobic.SRT + NSEC.Effluent.Flow",0.17424018383538,0.814449697231305,"3,2"
"3906","Pump.Flow.Based.PAA.Dose + Temp..of.the.Atmos. + TSS..mg.L. + CODds..mg.L. + NSEC.Effluent.NH3 + NSEC.Effluent.NO3",0.376675736826099,0.810784090738878,"3,2"
"3907","Pump.Flow.Based.PAA.Dose + Temp..of.the.Atmos. + TSS..mg.L. + CODds..mg.L. + NSEC.Effluent.NH3 + NSEC.Effluent.OP",0.322107895707507,0.685752730052184,"3,2"
"3908","Pump.Flow.Based.PAA.Dose + Temp..of.the.Atmos. + TSS..mg.L. + CODds..mg.L. + NSEC.Effluent.NH3 + NSEC.Effluent.TSS",0.243177713280472,0.74642685528824,"3,2"
"3909","Pump.Flow.Based.PAA.Dose + Temp..of.the.Atmos. + TSS..mg.L. + CODds..mg.L. + NSEC.Effluent.NH3 + NSEC.Effluent.NO5",0.349850877625498,0.691641489369059,"3,2"
"3910","Pump.Flow.Based.PAA.Dose + Temp..of.the.Atmos. + TSS..mg.L. + CODds..mg.L. + NSEC.Effluent.NH3 + NSEC.Effluent.Flow",0.143815706215487,0.797444794567658,"3,2"
"3911","Pump.Flow.Based.PAA.Dose + Temp..of.the.Atmos. + TSS..mg.L. + CODds..mg.L. + NSEC.Effluent.NO3 + NSEC.Effluent.OP",0.312199950548565,0.79106973335264,"3,2"
"3912","Pump.Flow.Based.PAA.Dose + Temp..of.the.Atmos. + TSS..mg.L. + CODds..mg.L. + NSEC.Effluent.NO3 + NSEC.Effluent.TSS",0.353022616907237,0.770075578569207,"3,2"
"3913","Pump.Flow.Based.PAA.Dose + Temp..of.the.Atmos. + TSS..mg.L. + CODds..mg.L. + NSEC.Effluent.NO3 + NSEC.Effluent.NO5",0.255694033350184,0.749526494555402,"3,2"
"3914","Pump.Flow.Based.PAA.Dose + Temp..of.the.Atmos. + TSS..mg.L. + CODds..mg.L. + NSEC.Effluent.NO3 + NSEC.Effluent.Flow",0.178506040889445,0.862155563514655,"3,2"
"3915","Pump.Flow.Based.PAA.Dose + Temp..of.the.Atmos. + TSS..mg.L. + CODds..mg.L. + NSEC.Effluent.OP + NSEC.Effluent.TSS",0.257686645406446,0.725502770012254,"3,2"
"3916","Pump.Flow.Based.PAA.Dose + Temp..of.the.Atmos. + TSS..mg.L. + CODds..mg.L. + NSEC.Effluent.OP + NSEC.Effluent.NO5",0.302879250009999,0.81950163329181,"3,2"
"3917","Pump.Flow.Based.PAA.Dose + Temp..of.the.Atmos. + TSS..mg.L. + CODds..mg.L. + NSEC.Effluent.OP + NSEC.Effluent.Flow",0.189278252805823,0.801103974755668,"3,2"
"3918","Pump.Flow.Based.PAA.Dose + Temp..of.the.Atmos. + TSS..mg.L. + CODds..mg.L. + NSEC.Effluent.TSS + NSEC.Effluent.NO5",0.28676208515893,0.739589976922932,"3,2"
"3919","Pump.Flow.Based.PAA.Dose + Temp..of.the.Atmos. + TSS..mg.L. + CODds..mg.L. + NSEC.Effluent.TSS + NSEC.Effluent.Flow",0.198628106302066,0.827063465387731,"3,2"
"3920","Pump.Flow.Based.PAA.Dose + Temp..of.the.Atmos. + TSS..mg.L. + CODds..mg.L. + NSEC.Effluent.NO5 + NSEC.Effluent.Flow",0.167511070856485,0.809549873903042,"3,2"
"3921","Pump.Flow.Based.PAA.Dose + Temp..of.the.Atmos. + TSS..mg.L. + SACto..1.m. + NSEC.Aerobic.SRT + NSEC.Effluent.NH3",0.247481759301266,0.765156777029706,"3,2"
"3922","Pump.Flow.Based.PAA.Dose + Temp..of.the.Atmos. + TSS..mg.L. + SACto..1.m. + NSEC.Aerobic.SRT + NSEC.Effluent.NO3",0.272460857287238,0.760085767786522,"3,2"
"3923","Pump.Flow.Based.PAA.Dose + Temp..of.the.Atmos. + TSS..mg.L. + SACto..1.m. + NSEC.Aerobic.SRT + NSEC.Effluent.OP",0.193127463551086,0.793950678588382,"3,2"
"3924","Pump.Flow.Based.PAA.Dose + Temp..of.the.Atmos. + TSS..mg.L. + SACto..1.m. + NSEC.Aerobic.SRT + NSEC.Effluent.TSS",0.16333915864227,0.795704594048361,"3,2"
"3925","Pump.Flow.Based.PAA.Dose + Temp..of.the.Atmos. + TSS..mg.L. + SACto..1.m. + NSEC.Aerobic.SRT + NSEC.Effluent.NO5",0.273798870348057,0.788799369453972,"3,2"
"3926","Pump.Flow.Based.PAA.Dose + Temp..of.the.Atmos. + TSS..mg.L. + SACto..1.m. + NSEC.Aerobic.SRT + NSEC.Effluent.Flow",0.2025469983344,0.856888818218965,"3,2"
"3927","Pump.Flow.Based.PAA.Dose + Temp..of.the.Atmos. + TSS..mg.L. + SACto..1.m. + NSEC.Effluent.NH3 + NSEC.Effluent.NO3",0.337138727939807,0.7280871541517,"3,2"
"3928","Pump.Flow.Based.PAA.Dose + Temp..of.the.Atmos. + TSS..mg.L. + SACto..1.m. + NSEC.Effluent.NH3 + NSEC.Effluent.OP",0.275094176473926,0.796806442113342,"3,2"
"3929","Pump.Flow.Based.PAA.Dose + Temp..of.the.Atmos. + TSS..mg.L. + SACto..1.m. + NSEC.Effluent.NH3 + NSEC.Effluent.TSS",0.295352251329277,0.741405735036994,"3,2"
"3930","Pump.Flow.Based.PAA.Dose + Temp..of.the.Atmos. + TSS..mg.L. + SACto..1.m. + NSEC.Effluent.NH3 + NSEC.Effluent.NO5",0.355514798900643,0.717359750652494,"3,2"
"3931","Pump.Flow.Based.PAA.Dose + Temp..of.the.Atmos. + TSS..mg.L. + SACto..1.m. + NSEC.Effluent.NH3 + NSEC.Effluent.Flow",0.157752827011555,0.830032727340102,"3,2"
"3932","Pump.Flow.Based.PAA.Dose + Temp..of.the.Atmos. + TSS..mg.L. + SACto..1.m. + NSEC.Effluent.NO3 + NSEC.Effluent.OP",0.348639675836668,0.777113123575921,"3,2"
"3933","Pump.Flow.Based.PAA.Dose + Temp..of.the.Atmos. + TSS..mg.L. + SACto..1.m. + NSEC.Effluent.NO3 + NSEC.Effluent.TSS",0.36910378739529,0.77394530413442,"3,2"
"3934","Pump.Flow.Based.PAA.Dose + Temp..of.the.Atmos. + TSS..mg.L. + SACto..1.m. + NSEC.Effluent.NO3 + NSEC.Effluent.NO5",0.314349595454371,0.804622271603616,"3,2"
"3935","Pump.Flow.Based.PAA.Dose + Temp..of.the.Atmos. + TSS..mg.L. + SACto..1.m. + NSEC.Effluent.NO3 + NSEC.Effluent.Flow",0.143052058446863,0.808164968162909,"3,2"
"3936","Pump.Flow.Based.PAA.Dose + Temp..of.the.Atmos. + TSS..mg.L. + SACto..1.m. + NSEC.Effluent.OP + NSEC.Effluent.TSS",0.288740925219958,0.782312428790353,"3,2"
"3937","Pump.Flow.Based.PAA.Dose + Temp..of.the.Atmos. + TSS..mg.L. + SACto..1.m. + NSEC.Effluent.OP + NSEC.Effluent.NO5",0.256295855069762,0.806883856106892,"3,2"
"3938","Pump.Flow.Based.PAA.Dose + Temp..of.the.Atmos. + TSS..mg.L. + SACto..1.m. + NSEC.Effluent.OP + NSEC.Effluent.Flow",0.146276542627314,0.813795088622364,"3,2"
"3939","Pump.Flow.Based.PAA.Dose + Temp..of.the.Atmos. + TSS..mg.L. + SACto..1.m. + NSEC.Effluent.TSS + NSEC.Effluent.NO5",0.41933084737754,0.7737574063669,"3,2"
"3940","Pump.Flow.Based.PAA.Dose + Temp..of.the.Atmos. + TSS..mg.L. + SACto..1.m. + NSEC.Effluent.TSS + NSEC.Effluent.Flow",0.214253708002574,0.827635088040038,"3,2"
"3941","Pump.Flow.Based.PAA.Dose + Temp..of.the.Atmos. + TSS..mg.L. + SACto..1.m. + NSEC.Effluent.NO5 + NSEC.Effluent.Flow",0.130550999279874,0.840192878327532,"3,2"
"3942","Pump.Flow.Based.PAA.Dose + Temp..of.the.Atmos. + TSS..mg.L. + NSEC.Aerobic.SRT + NSEC.Effluent.NH3 + NSEC.Effluent.NO3",0.306207531153191,0.734860313572806,"3,2"
"3943","Pump.Flow.Based.PAA.Dose + Temp..of.the.Atmos. + TSS..mg.L. + NSEC.Aerobic.SRT + NSEC.Effluent.NH3 + NSEC.Effluent.OP",0.300793352117557,0.776012302585476,"3,2"
"3944","Pump.Flow.Based.PAA.Dose + Temp..of.the.Atmos. + TSS..mg.L. + NSEC.Aerobic.SRT + NSEC.Effluent.NH3 + NSEC.Effluent.TSS",0.334000293983654,0.73007831840722,"3,2"
"3945","Pump.Flow.Based.PAA.Dose + Temp..of.the.Atmos. + TSS..mg.L. + NSEC.Aerobic.SRT + NSEC.Effluent.NH3 + NSEC.Effluent.NO5",0.34062659374659,0.762969977249975,"3,2"
"3946","Pump.Flow.Based.PAA.Dose + Temp..of.the.Atmos. + TSS..mg.L. + NSEC.Aerobic.SRT + NSEC.Effluent.NH3 + NSEC.Effluent.Flow",0.2864347205869,0.835165307516394,"3,2"
"3947","Pump.Flow.Based.PAA.Dose + Temp..of.the.Atmos. + TSS..mg.L. + NSEC.Aerobic.SRT + NSEC.Effluent.NO3 + NSEC.Effluent.OP",0.250605333400044,0.793817944847455,"3,2"
"3948","Pump.Flow.Based.PAA.Dose + Temp..of.the.Atmos. + TSS..mg.L. + NSEC.Aerobic.SRT + NSEC.Effluent.NO3 + NSEC.Effluent.TSS",0.25667243823216,0.751093092983694,"3,2"
"3949","Pump.Flow.Based.PAA.Dose + Temp..of.the.Atmos. + TSS..mg.L. + NSEC.Aerobic.SRT + NSEC.Effluent.NO3 + NSEC.Effluent.NO5",0.171695908035572,0.829993266156135,"3,2"
"3950","Pump.Flow.Based.PAA.Dose + Temp..of.the.Atmos. + TSS..mg.L. + NSEC.Aerobic.SRT + NSEC.Effluent.NO3 + NSEC.Effluent.Flow",0.260009712716526,0.830904370669965,"3,2"
"3951","Pump.Flow.Based.PAA.Dose + Temp..of.the.Atmos. + TSS..mg.L. + NSEC.Aerobic.SRT + NSEC.Effluent.OP + NSEC.Effluent.TSS",0.281439426519779,0.771608935746448,"3,2"
"3952","Pump.Flow.Based.PAA.Dose + Temp..of.the.Atmos. + TSS..mg.L. + NSEC.Aerobic.SRT + NSEC.Effluent.OP + NSEC.Effluent.NO5",0.250748861679673,0.794796763215872,"3,2"
"3953","Pump.Flow.Based.PAA.Dose + Temp..of.the.Atmos. + TSS..mg.L. + NSEC.Aerobic.SRT + NSEC.Effluent.OP + NSEC.Effluent.Flow",0.260922613639843,0.830524347167963,"3,2"
"3954","Pump.Flow.Based.PAA.Dose + Temp..of.the.Atmos. + TSS..mg.L. + NSEC.Aerobic.SRT + NSEC.Effluent.TSS + NSEC.Effluent.NO5",0.339344209264278,0.762222336038958,"3,2"
"3955","Pump.Flow.Based.PAA.Dose + Temp..of.the.Atmos. + TSS..mg.L. + NSEC.Aerobic.SRT + NSEC.Effluent.TSS + NSEC.Effluent.Flow",0.246654998205155,0.826136016338848,"3,2"
"3956","Pump.Flow.Based.PAA.Dose + Temp..of.the.Atmos. + TSS..mg.L. + NSEC.Aerobic.SRT + NSEC.Effluent.NO5 + NSEC.Effluent.Flow",0.300478480866432,0.835688117393638,"3,2"
"3957","Pump.Flow.Based.PAA.Dose + Temp..of.the.Atmos. + TSS..mg.L. + NSEC.Effluent.NH3 + NSEC.Effluent.NO3 + NSEC.Effluent.OP",0.336826116760967,0.790565130164195,"3,2"
"3958","Pump.Flow.Based.PAA.Dose + Temp..of.the.Atmos. + TSS..mg.L. + NSEC.Effluent.NH3 + NSEC.Effluent.NO3 + NSEC.Effluent.TSS",0.408385380346108,0.798571309091084,"3,2"
"3959","Pump.Flow.Based.PAA.Dose + Temp..of.the.Atmos. + TSS..mg.L. + NSEC.Effluent.NH3 + NSEC.Effluent.NO3 + NSEC.Effluent.NO5",0.345456627978995,0.767702577615081,"3,2"
"3960","Pump.Flow.Based.PAA.Dose + Temp..of.the.Atmos. + TSS..mg.L. + NSEC.Effluent.NH3 + NSEC.Effluent.NO3 + NSEC.Effluent.Flow",0.168826333502488,0.832279232243981,"3,2"
"3961","Pump.Flow.Based.PAA.Dose + Temp..of.the.Atmos. + TSS..mg.L. + NSEC.Effluent.NH3 + NSEC.Effluent.OP + NSEC.Effluent.TSS",0.385440600167061,0.756247214333535,"3,2"
"3962","Pump.Flow.Based.PAA.Dose + Temp..of.the.Atmos. + TSS..mg.L. + NSEC.Effluent.NH3 + NSEC.Effluent.OP + NSEC.Effluent.NO5",0.397151619950125,0.697308868637095,"3,2"
"3963","Pump.Flow.Based.PAA.Dose + Temp..of.the.Atmos. + TSS..mg.L. + NSEC.Effluent.NH3 + NSEC.Effluent.OP + NSEC.Effluent.Flow",0.20047722399662,0.840354466914529,"3,2"
"3964","Pump.Flow.Based.PAA.Dose + Temp..of.the.Atmos. + TSS..mg.L. + NSEC.Effluent.NH3 + NSEC.Effluent.TSS + NSEC.Effluent.NO5",0.380977602198158,0.722045342176486,"3,2"
"3965","Pump.Flow.Based.PAA.Dose + Temp..of.the.Atmos. + TSS..mg.L. + NSEC.Effluent.NH3 + NSEC.Effluent.TSS + NSEC.Effluent.Flow",0.210988248353359,0.812850204509039,"3,2"
"3966","Pump.Flow.Based.PAA.Dose + Temp..of.the.Atmos. + TSS..mg.L. + NSEC.Effluent.NH3 + NSEC.Effluent.NO5 + NSEC.Effluent.Flow",0.196316929289207,0.826775372165468,"3,2"
"3967","Pump.Flow.Based.PAA.Dose + Temp..of.the.Atmos. + TSS..mg.L. + NSEC.Effluent.NO3 + NSEC.Effluent.OP + NSEC.Effluent.TSS",0.36279662190291,0.813401876696348,"3,2"
"3968","Pump.Flow.Based.PAA.Dose + Temp..of.the.Atmos. + TSS..mg.L. + NSEC.Effluent.NO3 + NSEC.Effluent.OP + NSEC.Effluent.NO5",0.39804047693581,0.810103360770299,"3,2"
"3969","Pump.Flow.Based.PAA.Dose + Temp..of.the.Atmos. + TSS..mg.L. + NSEC.Effluent.NO3 + NSEC.Effluent.OP + NSEC.Effluent.Flow",0.302264532683775,0.818435117218418,"3,2"
"3970","Pump.Flow.Based.PAA.Dose + Temp..of.the.Atmos. + TSS..mg.L. + NSEC.Effluent.NO3 + NSEC.Effluent.TSS + NSEC.Effluent.NO5",0.439060867444734,0.789575658310305,"3,2"
"3971","Pump.Flow.Based.PAA.Dose + Temp..of.the.Atmos. + TSS..mg.L. + NSEC.Effluent.NO3 + NSEC.Effluent.TSS + NSEC.Effluent.Flow",0.246383340976952,0.814938656100728,"3,2"
"3972","Pump.Flow.Based.PAA.Dose + Temp..of.the.Atmos. + TSS..mg.L. + NSEC.Effluent.NO3 + NSEC.Effluent.NO5 + NSEC.Effluent.Flow",0.209561588108785,0.833528013771547,"3,2"
"3973","Pump.Flow.Based.PAA.Dose + Temp..of.the.Atmos. + TSS..mg.L. + NSEC.Effluent.OP + NSEC.Effluent.TSS + NSEC.Effluent.NO5",0.323193107810327,0.809821922670783,"3,2"
"3974","Pump.Flow.Based.PAA.Dose + Temp..of.the.Atmos. + TSS..mg.L. + NSEC.Effluent.OP + NSEC.Effluent.TSS + NSEC.Effluent.Flow",0.270043813319793,0.837206993010822,"3,2"
"3975","Pump.Flow.Based.PAA.Dose + Temp..of.the.Atmos. + TSS..mg.L. + NSEC.Effluent.OP + NSEC.Effluent.NO5 + NSEC.Effluent.Flow",0.218806912087881,0.836465337564217,"3,2"
"3976","Pump.Flow.Based.PAA.Dose + Temp..of.the.Atmos. + TSS..mg.L. + NSEC.Effluent.TSS + NSEC.Effluent.NO5 + NSEC.Effluent.Flow",0.268350834525437,0.84265288941584,"3,2"
"3977","Pump.Flow.Based.PAA.Dose + Temp..of.the.Atmos. + UVT.... + CODds..mg.L. + SACto..1.m. + NSEC.Aerobic.SRT",0.206449533694806,0.699858947473795,"3,2"
"3978","Pump.Flow.Based.PAA.Dose + Temp..of.the.Atmos. + UVT.... + CODds..mg.L. + SACto..1.m. + NSEC.Effluent.NH3",0.328199063043779,0.689788678076786,"3,2"
"3979","Pump.Flow.Based.PAA.Dose + Temp..of.the.Atmos. + UVT.... + CODds..mg.L. + SACto..1.m. + NSEC.Effluent.NO3",0.258065173949537,0.723328636498207,"3,2"
"3980","Pump.Flow.Based.PAA.Dose + Temp..of.the.Atmos. + UVT.... + CODds..mg.L. + SACto..1.m. + NSEC.Effluent.OP",0.199733246737938,0.770299185211996,"3,2"
"3981","Pump.Flow.Based.PAA.Dose + Temp..of.the.Atmos. + UVT.... + CODds..mg.L. + SACto..1.m. + NSEC.Effluent.TSS",0.278985717510998,0.80892525642499,"3,2"
"3982","Pump.Flow.Based.PAA.Dose + Temp..of.the.Atmos. + UVT.... + CODds..mg.L. + SACto..1.m. + NSEC.Effluent.NO5",0.242471640077125,0.736678991611043,"3,2"
"3983","Pump.Flow.Based.PAA.Dose + Temp..of.the.Atmos. + UVT.... + CODds..mg.L. + SACto..1.m. + NSEC.Effluent.Flow",0.141730677618165,0.798170654417557,"3,2"
"3984","Pump.Flow.Based.PAA.Dose + Temp..of.the.Atmos. + UVT.... + CODds..mg.L. + NSEC.Aerobic.SRT + NSEC.Effluent.NH3",0.219809950608045,0.716013285880585,"3,2"
"3985","Pump.Flow.Based.PAA.Dose + Temp..of.the.Atmos. + UVT.... + CODds..mg.L. + NSEC.Aerobic.SRT + NSEC.Effluent.NO3",0.310231630311752,0.748744456307164,"3,2"
"3986","Pump.Flow.Based.PAA.Dose + Temp..of.the.Atmos. + UVT.... + CODds..mg.L. + NSEC.Aerobic.SRT + NSEC.Effluent.OP",0.241363967599568,0.776578278024612,"3,2"
"3987","Pump.Flow.Based.PAA.Dose + Temp..of.the.Atmos. + UVT.... + CODds..mg.L. + NSEC.Aerobic.SRT + NSEC.Effluent.TSS",0.196715118559069,0.716599815463344,"3,2"
"3988","Pump.Flow.Based.PAA.Dose + Temp..of.the.Atmos. + UVT.... + CODds..mg.L. + NSEC.Aerobic.SRT + NSEC.Effluent.NO5",0.28258107888064,0.737439210278532,"3,2"
"3989","Pump.Flow.Based.PAA.Dose + Temp..of.the.Atmos. + UVT.... + CODds..mg.L. + NSEC.Aerobic.SRT + NSEC.Effluent.Flow",0.106163806379789,0.847317670528865,"3,2"
"3990","Pump.Flow.Based.PAA.Dose + Temp..of.the.Atmos. + UVT.... + CODds..mg.L. + NSEC.Effluent.NH3 + NSEC.Effluent.NO3",0.274559658130774,0.737454646941081,"3,2"
"3991","Pump.Flow.Based.PAA.Dose + Temp..of.the.Atmos. + UVT.... + CODds..mg.L. + NSEC.Effluent.NH3 + NSEC.Effluent.OP",0.389872047003795,0.795900994058165,"3,2"
"3992","Pump.Flow.Based.PAA.Dose + Temp..of.the.Atmos. + UVT.... + CODds..mg.L. + NSEC.Effluent.NH3 + NSEC.Effluent.TSS",0.35892309802684,0.783362373422914,"3,2"
"3993","Pump.Flow.Based.PAA.Dose + Temp..of.the.Atmos. + UVT.... + CODds..mg.L. + NSEC.Effluent.NH3 + NSEC.Effluent.NO5",0.276663099097833,0.719903898155361,"3,2"
"3994","Pump.Flow.Based.PAA.Dose + Temp..of.the.Atmos. + UVT.... + CODds..mg.L. + NSEC.Effluent.NH3 + NSEC.Effluent.Flow",0.201298875345657,0.827641651527021,"3,2"
"3995","Pump.Flow.Based.PAA.Dose + Temp..of.the.Atmos. + UVT.... + CODds..mg.L. + NSEC.Effluent.NO3 + NSEC.Effluent.OP",0.331112441877118,0.829838295968767,"3,2"
"3996","Pump.Flow.Based.PAA.Dose + Temp..of.the.Atmos. + UVT.... + CODds..mg.L. + NSEC.Effluent.NO3 + NSEC.Effluent.TSS",0.252779003846425,0.752394186637401,"3,2"
"3997","Pump.Flow.Based.PAA.Dose + Temp..of.the.Atmos. + UVT.... + CODds..mg.L. + NSEC.Effluent.NO3 + NSEC.Effluent.NO5",0.2248642206219,0.753304683888776,"3,2"
"3998","Pump.Flow.Based.PAA.Dose + Temp..of.the.Atmos. + UVT.... + CODds..mg.L. + NSEC.Effluent.NO3 + NSEC.Effluent.Flow",0.111317570170224,0.807730635276954,"3,2"
"3999","Pump.Flow.Based.PAA.Dose + Temp..of.the.Atmos. + UVT.... + CODds..mg.L. + NSEC.Effluent.OP + NSEC.Effluent.TSS",0.218278211359545,0.785028025995039,"3,2"
"4000","Pump.Flow.Based.PAA.Dose + Temp..of.the.Atmos. + UVT.... + CODds..mg.L. + NSEC.Effluent.OP + NSEC.Effluent.NO5",0.249944688328705,0.788127556367179,"3,2"
"4001","Pump.Flow.Based.PAA.Dose + Temp..of.the.Atmos. + UVT.... + CODds..mg.L. + NSEC.Effluent.OP + NSEC.Effluent.Flow",0.146231439163938,0.823794905658815,"3,2"
"4002","Pump.Flow.Based.PAA.Dose + Temp..of.the.Atmos. + UVT.... + CODds..mg.L. + NSEC.Effluent.TSS + NSEC.Effluent.NO5",0.197586574400816,0.751541867836682,"3,2"
"4003","Pump.Flow.Based.PAA.Dose + Temp..of.the.Atmos. + UVT.... + CODds..mg.L. + NSEC.Effluent.TSS + NSEC.Effluent.Flow",0.0493326837687702,0.81882941453841,"3,2"
"4004","Pump.Flow.Based.PAA.Dose + Temp..of.the.Atmos. + UVT.... + CODds..mg.L. + NSEC.Effluent.NO5 + NSEC.Effluent.Flow",0.146074995304466,0.831332810319491,"3,2"
"4005","Pump.Flow.Based.PAA.Dose + Temp..of.the.Atmos. + UVT.... + SACto..1.m. + NSEC.Aerobic.SRT + NSEC.Effluent.NH3",0.279810330870257,0.772739539497613,"3,2"
"4006","Pump.Flow.Based.PAA.Dose + Temp..of.the.Atmos. + UVT.... + SACto..1.m. + NSEC.Aerobic.SRT + NSEC.Effluent.NO3",0.248171481144681,0.783473840935188,"3,2"
"4007","Pump.Flow.Based.PAA.Dose + Temp..of.the.Atmos. + UVT.... + SACto..1.m. + NSEC.Aerobic.SRT + NSEC.Effluent.OP",0.332034235456741,0.791884265812227,"3,2"
"4008","Pump.Flow.Based.PAA.Dose + Temp..of.the.Atmos. + UVT.... + SACto..1.m. + NSEC.Aerobic.SRT + NSEC.Effluent.TSS",0.304007996167876,0.713819789936316,"3,2"
"4009","Pump.Flow.Based.PAA.Dose + Temp..of.the.Atmos. + UVT.... + SACto..1.m. + NSEC.Aerobic.SRT + NSEC.Effluent.NO5",0.442528279926533,0.756758948547547,"3,2"
"4010","Pump.Flow.Based.PAA.Dose + Temp..of.the.Atmos. + UVT.... + SACto..1.m. + NSEC.Aerobic.SRT + NSEC.Effluent.Flow",0.251625445246,0.827955693486479,"3,2"
"4011","Pump.Flow.Based.PAA.Dose + Temp..of.the.Atmos. + UVT.... + SACto..1.m. + NSEC.Effluent.NH3 + NSEC.Effluent.NO3",0.373589330502962,0.727531817703289,"3,2"
"4012","Pump.Flow.Based.PAA.Dose + Temp..of.the.Atmos. + UVT.... + SACto..1.m. + NSEC.Effluent.NH3 + NSEC.Effluent.OP",0.312570467141144,0.78276105204244,"3,2"
"4013","Pump.Flow.Based.PAA.Dose + Temp..of.the.Atmos. + UVT.... + SACto..1.m. + NSEC.Effluent.NH3 + NSEC.Effluent.TSS",0.408478790239082,0.692543105592572,"3,2"
"4014","Pump.Flow.Based.PAA.Dose + Temp..of.the.Atmos. + UVT.... + SACto..1.m. + NSEC.Effluent.NH3 + NSEC.Effluent.NO5",0.387327942957624,0.703560362167801,"3,2"
"4015","Pump.Flow.Based.PAA.Dose + Temp..of.the.Atmos. + UVT.... + SACto..1.m. + NSEC.Effluent.NH3 + NSEC.Effluent.Flow",0.198571452576096,0.803410017310798,"3,2"
"4016","Pump.Flow.Based.PAA.Dose + Temp..of.the.Atmos. + UVT.... + SACto..1.m. + NSEC.Effluent.NO3 + NSEC.Effluent.OP",0.30624553531355,0.765752741988025,"3,2"
"4017","Pump.Flow.Based.PAA.Dose + Temp..of.the.Atmos. + UVT.... + SACto..1.m. + NSEC.Effluent.NO3 + NSEC.Effluent.TSS",0.374718382179731,0.788018707587107,"3,2"
"4018","Pump.Flow.Based.PAA.Dose + Temp..of.the.Atmos. + UVT.... + SACto..1.m. + NSEC.Effluent.NO3 + NSEC.Effluent.NO5",0.370144043509976,0.741286564787375,"3,2"
"4019","Pump.Flow.Based.PAA.Dose + Temp..of.the.Atmos. + UVT.... + SACto..1.m. + NSEC.Effluent.NO3 + NSEC.Effluent.Flow",0.303141446304477,0.812952679347648,"3,2"
"4020","Pump.Flow.Based.PAA.Dose + Temp..of.the.Atmos. + UVT.... + SACto..1.m. + NSEC.Effluent.OP + NSEC.Effluent.TSS",0.286260498655226,0.755539485690728,"3,2"
"4021","Pump.Flow.Based.PAA.Dose + Temp..of.the.Atmos. + UVT.... + SACto..1.m. + NSEC.Effluent.OP + NSEC.Effluent.NO5",0.28436809791847,0.783270240903983,"3,2"
"4022","Pump.Flow.Based.PAA.Dose + Temp..of.the.Atmos. + UVT.... + SACto..1.m. + NSEC.Effluent.OP + NSEC.Effluent.Flow",0.264342242277966,0.814210755387182,"3,2"
"4023","Pump.Flow.Based.PAA.Dose + Temp..of.the.Atmos. + UVT.... + SACto..1.m. + NSEC.Effluent.TSS + NSEC.Effluent.NO5",0.416066041639614,0.744027459177222,"3,2"
"4024","Pump.Flow.Based.PAA.Dose + Temp..of.the.Atmos. + UVT.... + SACto..1.m. + NSEC.Effluent.TSS + NSEC.Effluent.Flow",0.22393492635215,0.807151367113804,"3,2"
"4025","Pump.Flow.Based.PAA.Dose + Temp..of.the.Atmos. + UVT.... + SACto..1.m. + NSEC.Effluent.NO5 + NSEC.Effluent.Flow",0.207798357446135,0.789186254757525,"3,2"
"4026","Pump.Flow.Based.PAA.Dose + Temp..of.the.Atmos. + UVT.... + NSEC.Aerobic.SRT + NSEC.Effluent.NH3 + NSEC.Effluent.NO3",0.347259614943969,0.748661640254094,"3,2"
"4027","Pump.Flow.Based.PAA.Dose + Temp..of.the.Atmos. + UVT.... + NSEC.Aerobic.SRT + NSEC.Effluent.NH3 + NSEC.Effluent.OP",0.261917891095971,0.780579137228698,"3,2"
"4028","Pump.Flow.Based.PAA.Dose + Temp..of.the.Atmos. + UVT.... + NSEC.Aerobic.SRT + NSEC.Effluent.NH3 + NSEC.Effluent.TSS",0.244141007054744,0.699436421238365,"3,2"
"4029","Pump.Flow.Based.PAA.Dose + Temp..of.the.Atmos. + UVT.... + NSEC.Aerobic.SRT + NSEC.Effluent.NH3 + NSEC.Effluent.NO5",0.282587643190348,0.796521060690192,"3,2"
"4030","Pump.Flow.Based.PAA.Dose + Temp..of.the.Atmos. + UVT.... + NSEC.Aerobic.SRT + NSEC.Effluent.NH3 + NSEC.Effluent.Flow",0.233236713249523,0.809322535852093,"3,2"
"4031","Pump.Flow.Based.PAA.Dose + Temp..of.the.Atmos. + UVT.... + NSEC.Aerobic.SRT + NSEC.Effluent.NO3 + NSEC.Effluent.OP",0.275192476408576,0.764815566727436,"3,2"
"4032","Pump.Flow.Based.PAA.Dose + Temp..of.the.Atmos. + UVT.... + NSEC.Aerobic.SRT + NSEC.Effluent.NO3 + NSEC.Effluent.TSS",0.236839014317568,0.732736330977395,"3,2"
"4033","Pump.Flow.Based.PAA.Dose + Temp..of.the.Atmos. + UVT.... + NSEC.Aerobic.SRT + NSEC.Effluent.NO3 + NSEC.Effluent.NO5",0.221316349307547,0.815196767257518,"3,2"
"4034","Pump.Flow.Based.PAA.Dose + Temp..of.the.Atmos. + UVT.... + NSEC.Aerobic.SRT + NSEC.Effluent.NO3 + NSEC.Effluent.Flow",0.189562525445662,0.840230707773601,"3,2"
"4035","Pump.Flow.Based.PAA.Dose + Temp..of.the.Atmos. + UVT.... + NSEC.Aerobic.SRT + NSEC.Effluent.OP + NSEC.Effluent.TSS",0.253739949295695,0.774164471650246,"3,2"
"4036","Pump.Flow.Based.PAA.Dose + Temp..of.the.Atmos. + UVT.... + NSEC.Aerobic.SRT + NSEC.Effluent.OP + NSEC.Effluent.NO5",0.385304370275728,0.789992964018683,"3,2"
"4037","Pump.Flow.Based.PAA.Dose + Temp..of.the.Atmos. + UVT.... + NSEC.Aerobic.SRT + NSEC.Effluent.OP + NSEC.Effluent.Flow",0.265968014554091,0.833216535972849,"3,2"
"4038","Pump.Flow.Based.PAA.Dose + Temp..of.the.Atmos. + UVT.... + NSEC.Aerobic.SRT + NSEC.Effluent.TSS + NSEC.Effluent.NO5",0.222073341974592,0.762871604720877,"3,2"
"4039","Pump.Flow.Based.PAA.Dose + Temp..of.the.Atmos. + UVT.... + NSEC.Aerobic.SRT + NSEC.Effluent.TSS + NSEC.Effluent.Flow",0.22843356714453,0.81406150790629,"3,2"
"4040","Pump.Flow.Based.PAA.Dose + Temp..of.the.Atmos. + UVT.... + NSEC.Aerobic.SRT + NSEC.Effluent.NO5 + NSEC.Effluent.Flow",0.251806353402165,0.81453518582979,"3,2"
"4041","Pump.Flow.Based.PAA.Dose + Temp..of.the.Atmos. + UVT.... + NSEC.Effluent.NH3 + NSEC.Effluent.NO3 + NSEC.Effluent.OP",0.308208240745488,0.828204463001642,"3,2"
"4042","Pump.Flow.Based.PAA.Dose + Temp..of.the.Atmos. + UVT.... + NSEC.Effluent.NH3 + NSEC.Effluent.NO3 + NSEC.Effluent.TSS",0.453965336317652,0.786318027847266,"3,2"
"4043","Pump.Flow.Based.PAA.Dose + Temp..of.the.Atmos. + UVT.... + NSEC.Effluent.NH3 + NSEC.Effluent.NO3 + NSEC.Effluent.NO5",0.267220114294053,0.78967124609544,"3,2"
"4044","Pump.Flow.Based.PAA.Dose + Temp..of.the.Atmos. + UVT.... + NSEC.Effluent.NH3 + NSEC.Effluent.NO3 + NSEC.Effluent.Flow",0.148481688306039,0.830646350688815,"3,2"
"4045","Pump.Flow.Based.PAA.Dose + Temp..of.the.Atmos. + UVT.... + NSEC.Effluent.NH3 + NSEC.Effluent.OP + NSEC.Effluent.TSS",0.347924766214366,0.788077447803935,"3,2"
"4046","Pump.Flow.Based.PAA.Dose + Temp..of.the.Atmos. + UVT.... + NSEC.Effluent.NH3 + NSEC.Effluent.OP + NSEC.Effluent.NO5",0.309012426627579,0.787057964192379,"3,2"
"4047","Pump.Flow.Based.PAA.Dose + Temp..of.the.Atmos. + UVT.... + NSEC.Effluent.NH3 + NSEC.Effluent.OP + NSEC.Effluent.Flow",0.261775548415129,0.808801741904875,"3,2"
"4048","Pump.Flow.Based.PAA.Dose + Temp..of.the.Atmos. + UVT.... + NSEC.Effluent.NH3 + NSEC.Effluent.TSS + NSEC.Effluent.NO5",0.309088189647951,0.732431934428514,"3,2"
"4049","Pump.Flow.Based.PAA.Dose + Temp..of.the.Atmos. + UVT.... + NSEC.Effluent.NH3 + NSEC.Effluent.TSS + NSEC.Effluent.Flow",0.185114637649889,0.811176793111283,"3,2"
"4050","Pump.Flow.Based.PAA.Dose + Temp..of.the.Atmos. + UVT.... + NSEC.Effluent.NH3 + NSEC.Effluent.NO5 + NSEC.Effluent.Flow",0.175582162882481,0.821953673801951,"3,2"
"4051","Pump.Flow.Based.PAA.Dose + Temp..of.the.Atmos. + UVT.... + NSEC.Effluent.NO3 + NSEC.Effluent.OP + NSEC.Effluent.TSS",0.425474503416228,0.809132309288019,"3,2"
"4052","Pump.Flow.Based.PAA.Dose + Temp..of.the.Atmos. + UVT.... + NSEC.Effluent.NO3 + NSEC.Effluent.OP + NSEC.Effluent.NO5",0.398436842547852,0.815034297442681,"3,2"
"4053","Pump.Flow.Based.PAA.Dose + Temp..of.the.Atmos. + UVT.... + NSEC.Effluent.NO3 + NSEC.Effluent.OP + NSEC.Effluent.Flow",0.140805342394687,0.86508409402363,"3,2"
"4054","Pump.Flow.Based.PAA.Dose + Temp..of.the.Atmos. + UVT.... + NSEC.Effluent.NO3 + NSEC.Effluent.TSS + NSEC.Effluent.NO5",0.445194307999618,0.827965644593745,"3,2"
"4055","Pump.Flow.Based.PAA.Dose + Temp..of.the.Atmos. + UVT.... + NSEC.Effluent.NO3 + NSEC.Effluent.TSS + NSEC.Effluent.Flow",0.173437670743527,0.807272952070583,"3,2"
"4056","Pump.Flow.Based.PAA.Dose + Temp..of.the.Atmos. + UVT.... + NSEC.Effluent.NO3 + NSEC.Effluent.NO5 + NSEC.Effluent.Flow",0.215788509390774,0.826999150522712,"3,2"
"4057","Pump.Flow.Based.PAA.Dose + Temp..of.the.Atmos. + UVT.... + NSEC.Effluent.OP + NSEC.Effluent.TSS + NSEC.Effluent.NO5",0.363213485345001,0.798313865171536,"3,2"
"4058","Pump.Flow.Based.PAA.Dose + Temp..of.the.Atmos. + UVT.... + NSEC.Effluent.OP + NSEC.Effluent.TSS + NSEC.Effluent.Flow",0.020012149446067,0.839387133590847,"3,2"
"4059","Pump.Flow.Based.PAA.Dose + Temp..of.the.Atmos. + UVT.... + NSEC.Effluent.OP + NSEC.Effluent.NO5 + NSEC.Effluent.Flow",0.216956909711342,0.835163959706838,"3,2"
"4060","Pump.Flow.Based.PAA.Dose + Temp..of.the.Atmos. + UVT.... + NSEC.Effluent.TSS + NSEC.Effluent.NO5 + NSEC.Effluent.Flow",0.358546119155336,0.840069248255045,"3,2"
"4061","Pump.Flow.Based.PAA.Dose + Temp..of.the.Atmos. + CODds..mg.L. + SACto..1.m. + NSEC.Aerobic.SRT + NSEC.Effluent.NH3",0.224308863488781,0.717562495751817,"3,2"
"4062","Pump.Flow.Based.PAA.Dose + Temp..of.the.Atmos. + CODds..mg.L. + SACto..1.m. + NSEC.Aerobic.SRT + NSEC.Effluent.NO3",0.285536436443757,0.793067786088523,"3,2"
"4063","Pump.Flow.Based.PAA.Dose + Temp..of.the.Atmos. + CODds..mg.L. + SACto..1.m. + NSEC.Aerobic.SRT + NSEC.Effluent.OP",0.125258431190416,0.756792375661975,"3,2"
"4064","Pump.Flow.Based.PAA.Dose + Temp..of.the.Atmos. + CODds..mg.L. + SACto..1.m. + NSEC.Aerobic.SRT + NSEC.Effluent.TSS",0.188999030936469,0.761830594652728,"3,2"
"4065","Pump.Flow.Based.PAA.Dose + Temp..of.the.Atmos. + CODds..mg.L. + SACto..1.m. + NSEC.Aerobic.SRT + NSEC.Effluent.NO5",0.19161620819297,0.722866119927403,"3,2"
"4066","Pump.Flow.Based.PAA.Dose + Temp..of.the.Atmos. + CODds..mg.L. + SACto..1.m. + NSEC.Aerobic.SRT + NSEC.Effluent.Flow",0.0833803636958046,0.813948297304435,"3,2"
"4067","Pump.Flow.Based.PAA.Dose + Temp..of.the.Atmos. + CODds..mg.L. + SACto..1.m. + NSEC.Effluent.NH3 + NSEC.Effluent.NO3",0.277682735864309,0.783117122450598,"3,2"
"4068","Pump.Flow.Based.PAA.Dose + Temp..of.the.Atmos. + CODds..mg.L. + SACto..1.m. + NSEC.Effluent.NH3 + NSEC.Effluent.OP",0.205329975544092,0.81892856377943,"3,2"
"4069","Pump.Flow.Based.PAA.Dose + Temp..of.the.Atmos. + CODds..mg.L. + SACto..1.m. + NSEC.Effluent.NH3 + NSEC.Effluent.TSS",0.286879705481273,0.756869891505441,"3,2"
"4070","Pump.Flow.Based.PAA.Dose + Temp..of.the.Atmos. + CODds..mg.L. + SACto..1.m. + NSEC.Effluent.NH3 + NSEC.Effluent.NO5",0.361760244176388,0.767291865539983,"3,2"
"4071","Pump.Flow.Based.PAA.Dose + Temp..of.the.Atmos. + CODds..mg.L. + SACto..1.m. + NSEC.Effluent.NH3 + NSEC.Effluent.Flow",0.133136146869549,0.826083591341129,"3,2"
"4072","Pump.Flow.Based.PAA.Dose + Temp..of.the.Atmos. + CODds..mg.L. + SACto..1.m. + NSEC.Effluent.NO3 + NSEC.Effluent.OP",0.3020177969963,0.80478053661784,"3,2"
"4073","Pump.Flow.Based.PAA.Dose + Temp..of.the.Atmos. + CODds..mg.L. + SACto..1.m. + NSEC.Effluent.NO3 + NSEC.Effluent.TSS",0.398786246667008,0.786302079100793,"3,2"
"4074","Pump.Flow.Based.PAA.Dose + Temp..of.the.Atmos. + CODds..mg.L. + SACto..1.m. + NSEC.Effluent.NO3 + NSEC.Effluent.NO5",0.273990186142163,0.743888773628074,"3,2"
"4075","Pump.Flow.Based.PAA.Dose + Temp..of.the.Atmos. + CODds..mg.L. + SACto..1.m. + NSEC.Effluent.NO3 + NSEC.Effluent.Flow",0.129630210411703,0.84014034966296,"3,2"
"4076","Pump.Flow.Based.PAA.Dose + Temp..of.the.Atmos. + CODds..mg.L. + SACto..1.m. + NSEC.Effluent.OP + NSEC.Effluent.TSS",0.11979075645102,0.770428591697126,"3,2"
"4077","Pump.Flow.Based.PAA.Dose + Temp..of.the.Atmos. + CODds..mg.L. + SACto..1.m. + NSEC.Effluent.OP + NSEC.Effluent.NO5",0.224649111891167,0.817569398719442,"3,2"
"4078","Pump.Flow.Based.PAA.Dose + Temp..of.the.Atmos. + CODds..mg.L. + SACto..1.m. + NSEC.Effluent.OP + NSEC.Effluent.Flow",0.240085196378529,0.820187997712494,"3,2"
"4079","Pump.Flow.Based.PAA.Dose + Temp..of.the.Atmos. + CODds..mg.L. + SACto..1.m. + NSEC.Effluent.TSS + NSEC.Effluent.NO5",0.385555751883454,0.78085973998626,"3,2"
"4080","Pump.Flow.Based.PAA.Dose + Temp..of.the.Atmos. + CODds..mg.L. + SACto..1.m. + NSEC.Effluent.TSS + NSEC.Effluent.Flow",0.116792828300576,0.834996598191173,"3,2"
"4081","Pump.Flow.Based.PAA.Dose + Temp..of.the.Atmos. + CODds..mg.L. + SACto..1.m. + NSEC.Effluent.NO5 + NSEC.Effluent.Flow",0.253637799552575,0.83640495699991,"3,2"
"4082","Pump.Flow.Based.PAA.Dose + Temp..of.the.Atmos. + CODds..mg.L. + NSEC.Aerobic.SRT + NSEC.Effluent.NH3 + NSEC.Effluent.NO3",0.288143415430672,0.744785046474188,"3,2"
"4083","Pump.Flow.Based.PAA.Dose + Temp..of.the.Atmos. + CODds..mg.L. + NSEC.Aerobic.SRT + NSEC.Effluent.NH3 + NSEC.Effluent.OP",0.224806050751613,0.774296203851387,"3,2"
"4084","Pump.Flow.Based.PAA.Dose + Temp..of.the.Atmos. + CODds..mg.L. + NSEC.Aerobic.SRT + NSEC.Effluent.NH3 + NSEC.Effluent.TSS",0.263069989120809,0.698945951993847,"3,2"
"4085","Pump.Flow.Based.PAA.Dose + Temp..of.the.Atmos. + CODds..mg.L. + NSEC.Aerobic.SRT + NSEC.Effluent.NH3 + NSEC.Effluent.NO5",0.255256179211301,0.714584934945541,"3,2"
"4086","Pump.Flow.Based.PAA.Dose + Temp..of.the.Atmos. + CODds..mg.L. + NSEC.Aerobic.SRT + NSEC.Effluent.NH3 + NSEC.Effluent.Flow",0.235175772850208,0.814670434777152,"3,2"
"4087","Pump.Flow.Based.PAA.Dose + Temp..of.the.Atmos. + CODds..mg.L. + NSEC.Aerobic.SRT + NSEC.Effluent.NO3 + NSEC.Effluent.OP",0.23811700112016,0.812339938621875,"3,2"
"4088","Pump.Flow.Based.PAA.Dose + Temp..of.the.Atmos. + CODds..mg.L. + NSEC.Aerobic.SRT + NSEC.Effluent.NO3 + NSEC.Effluent.TSS",0.322465946191014,0.798025518852763,"3,2"
"4089","Pump.Flow.Based.PAA.Dose + Temp..of.the.Atmos. + CODds..mg.L. + NSEC.Aerobic.SRT + NSEC.Effluent.NO3 + NSEC.Effluent.NO5",0.252209118945836,0.815807829006512,"3,2"
"4090","Pump.Flow.Based.PAA.Dose + Temp..of.the.Atmos. + CODds..mg.L. + NSEC.Aerobic.SRT + NSEC.Effluent.NO3 + NSEC.Effluent.Flow",0.25589972427398,0.832898496023728,"3,2"
"4091","Pump.Flow.Based.PAA.Dose + Temp..of.the.Atmos. + CODds..mg.L. + NSEC.Aerobic.SRT + NSEC.Effluent.OP + NSEC.Effluent.TSS",0.234270297701237,0.775759628201344,"3,2"
"4092","Pump.Flow.Based.PAA.Dose + Temp..of.the.Atmos. + CODds..mg.L. + NSEC.Aerobic.SRT + NSEC.Effluent.OP + NSEC.Effluent.NO5",0.270614176538123,0.810533555545044,"3,2"
"4093","Pump.Flow.Based.PAA.Dose + Temp..of.the.Atmos. + CODds..mg.L. + NSEC.Aerobic.SRT + NSEC.Effluent.OP + NSEC.Effluent.Flow",0.141218041317684,0.837042807384134,"3,2"
"4094","Pump.Flow.Based.PAA.Dose + Temp..of.the.Atmos. + CODds..mg.L. + NSEC.Aerobic.SRT + NSEC.Effluent.TSS + NSEC.Effluent.NO5",0.197063868862933,0.806483973556987,"3,2"
"4095","Pump.Flow.Based.PAA.Dose + Temp..of.the.Atmos. + CODds..mg.L. + NSEC.Aerobic.SRT + NSEC.Effluent.TSS + NSEC.Effluent.Flow",0.259088832762146,0.821089075337201,"3,2"
"4096","Pump.Flow.Based.PAA.Dose + Temp..of.the.Atmos. + CODds..mg.L. + NSEC.Aerobic.SRT + NSEC.Effluent.NO5 + NSEC.Effluent.Flow",0.200935437829556,0.829946519884848,"3,2"
"4097","Pump.Flow.Based.PAA.Dose + Temp..of.the.Atmos. + CODds..mg.L. + NSEC.Effluent.NH3 + NSEC.Effluent.NO3 + NSEC.Effluent.OP",0.363013136213157,0.718119273605036,"3,2"
"4098","Pump.Flow.Based.PAA.Dose + Temp..of.the.Atmos. + CODds..mg.L. + NSEC.Effluent.NH3 + NSEC.Effluent.NO3 + NSEC.Effluent.TSS",0.324615399302002,0.742362520698954,"3,2"
"4099","Pump.Flow.Based.PAA.Dose + Temp..of.the.Atmos. + CODds..mg.L. + NSEC.Effluent.NH3 + NSEC.Effluent.NO3 + NSEC.Effluent.NO5",0.352602542832948,0.820776395666804,"3,2"
"4100","Pump.Flow.Based.PAA.Dose + Temp..of.the.Atmos. + CODds..mg.L. + NSEC.Effluent.NH3 + NSEC.Effluent.NO3 + NSEC.Effluent.Flow",0.239434414703355,0.820225841294649,"3,2"
"4101","Pump.Flow.Based.PAA.Dose + Temp..of.the.Atmos. + CODds..mg.L. + NSEC.Effluent.NH3 + NSEC.Effluent.OP + NSEC.Effluent.TSS",0.316922828983292,0.791753193265565,"3,2"
"4102","Pump.Flow.Based.PAA.Dose + Temp..of.the.Atmos. + CODds..mg.L. + NSEC.Effluent.NH3 + NSEC.Effluent.OP + NSEC.Effluent.NO5",0.319593615460221,0.792783017533887,"3,2"
"4103","Pump.Flow.Based.PAA.Dose + Temp..of.the.Atmos. + CODds..mg.L. + NSEC.Effluent.NH3 + NSEC.Effluent.OP + NSEC.Effluent.Flow",0.239206769067669,0.845480466758101,"3,2"
"4104","Pump.Flow.Based.PAA.Dose + Temp..of.the.Atmos. + CODds..mg.L. + NSEC.Effluent.NH3 + NSEC.Effluent.TSS + NSEC.Effluent.NO5",0.426655219740711,0.812623853087875,"3,2"
"4105","Pump.Flow.Based.PAA.Dose + Temp..of.the.Atmos. + CODds..mg.L. + NSEC.Effluent.NH3 + NSEC.Effluent.TSS + NSEC.Effluent.Flow",0.240366590940112,0.811299034937823,"3,2"
"4106","Pump.Flow.Based.PAA.Dose + Temp..of.the.Atmos. + CODds..mg.L. + NSEC.Effluent.NH3 + NSEC.Effluent.NO5 + NSEC.Effluent.Flow",0.211638032192065,0.816183153908748,"3,2"
"4107","Pump.Flow.Based.PAA.Dose + Temp..of.the.Atmos. + CODds..mg.L. + NSEC.Effluent.NO3 + NSEC.Effluent.OP + NSEC.Effluent.TSS",0.284410280551178,0.745880067182109,"3,2"
"4108","Pump.Flow.Based.PAA.Dose + Temp..of.the.Atmos. + CODds..mg.L. + NSEC.Effluent.NO3 + NSEC.Effluent.OP + NSEC.Effluent.NO5",0.352555039340252,0.800279325630714,"3,2"
"4109","Pump.Flow.Based.PAA.Dose + Temp..of.the.Atmos. + CODds..mg.L. + NSEC.Effluent.NO3 + NSEC.Effluent.OP + NSEC.Effluent.Flow",0.225854721006282,0.839626004171784,"3,2"
"4110","Pump.Flow.Based.PAA.Dose + Temp..of.the.Atmos. + CODds..mg.L. + NSEC.Effluent.NO3 + NSEC.Effluent.TSS + NSEC.Effluent.NO5",0.322565683313318,0.749089128404686,"3,2"
"4111","Pump.Flow.Based.PAA.Dose + Temp..of.the.Atmos. + CODds..mg.L. + NSEC.Effluent.NO3 + NSEC.Effluent.TSS + NSEC.Effluent.Flow",0.205284472464391,0.817800254593115,"3,2"
"4112","Pump.Flow.Based.PAA.Dose + Temp..of.the.Atmos. + CODds..mg.L. + NSEC.Effluent.NO3 + NSEC.Effluent.NO5 + NSEC.Effluent.Flow",0.211835510339924,0.800777601912178,"3,2"
"4113","Pump.Flow.Based.PAA.Dose + Temp..of.the.Atmos. + CODds..mg.L. + NSEC.Effluent.OP + NSEC.Effluent.TSS + NSEC.Effluent.NO5",0.321362281545357,0.742669166401739,"3,2"
"4114","Pump.Flow.Based.PAA.Dose + Temp..of.the.Atmos. + CODds..mg.L. + NSEC.Effluent.OP + NSEC.Effluent.TSS + NSEC.Effluent.Flow",0.236762510707434,0.797273853733423,"3,2"
"4115","Pump.Flow.Based.PAA.Dose + Temp..of.the.Atmos. + CODds..mg.L. + NSEC.Effluent.OP + NSEC.Effluent.NO5 + NSEC.Effluent.Flow",0.28456344970874,0.825198327708292,"3,2"
"4116","Pump.Flow.Based.PAA.Dose + Temp..of.the.Atmos. + CODds..mg.L. + NSEC.Effluent.TSS + NSEC.Effluent.NO5 + NSEC.Effluent.Flow",0.267861870671468,0.826708225118852,"3,2"
"4117","Pump.Flow.Based.PAA.Dose + Temp..of.the.Atmos. + SACto..1.m. + NSEC.Aerobic.SRT + NSEC.Effluent.NH3 + NSEC.Effluent.NO3",0.304091190637006,0.818843335245732,"3,2"
"4118","Pump.Flow.Based.PAA.Dose + Temp..of.the.Atmos. + SACto..1.m. + NSEC.Aerobic.SRT + NSEC.Effluent.NH3 + NSEC.Effluent.OP",0.242194146435,0.800376800669588,"3,2"
"4119","Pump.Flow.Based.PAA.Dose + Temp..of.the.Atmos. + SACto..1.m. + NSEC.Aerobic.SRT + NSEC.Effluent.NH3 + NSEC.Effluent.TSS",0.332551928123093,0.805212948148259,"3,2"
"4120","Pump.Flow.Based.PAA.Dose + Temp..of.the.Atmos. + SACto..1.m. + NSEC.Aerobic.SRT + NSEC.Effluent.NH3 + NSEC.Effluent.NO5",0.362938600266757,0.772890709274995,"3,2"
"4121","Pump.Flow.Based.PAA.Dose + Temp..of.the.Atmos. + SACto..1.m. + NSEC.Aerobic.SRT + NSEC.Effluent.NH3 + NSEC.Effluent.Flow",0.249233276191121,0.810081378946642,"3,2"
"4122","Pump.Flow.Based.PAA.Dose + Temp..of.the.Atmos. + SACto..1.m. + NSEC.Aerobic.SRT + NSEC.Effluent.NO3 + NSEC.Effluent.OP",0.35262019267111,0.770401772326668,"3,2"
"4123","Pump.Flow.Based.PAA.Dose + Temp..of.the.Atmos. + SACto..1.m. + NSEC.Aerobic.SRT + NSEC.Effluent.NO3 + NSEC.Effluent.TSS",0.281247238491713,0.737807121700679,"3,2"
"4124","Pump.Flow.Based.PAA.Dose + Temp..of.the.Atmos. + SACto..1.m. + NSEC.Aerobic.SRT + NSEC.Effluent.NO3 + NSEC.Effluent.NO5",0.297737453573934,0.765411936889562,"3,2"
"4125","Pump.Flow.Based.PAA.Dose + Temp..of.the.Atmos. + SACto..1.m. + NSEC.Aerobic.SRT + NSEC.Effluent.NO3 + NSEC.Effluent.Flow",0.213920185956978,0.840049752589396,"3,2"
"4126","Pump.Flow.Based.PAA.Dose + Temp..of.the.Atmos. + SACto..1.m. + NSEC.Aerobic.SRT + NSEC.Effluent.OP + NSEC.Effluent.TSS",0.26641194952684,0.768280828084102,"3,2"
"4127","Pump.Flow.Based.PAA.Dose + Temp..of.the.Atmos. + SACto..1.m. + NSEC.Aerobic.SRT + NSEC.Effluent.OP + NSEC.Effluent.NO5",0.245153070605417,0.793592773573073,"3,2"
"4128","Pump.Flow.Based.PAA.Dose + Temp..of.the.Atmos. + SACto..1.m. + NSEC.Aerobic.SRT + NSEC.Effluent.OP + NSEC.Effluent.Flow",0.183152747143807,0.800245717831621,"3,2"
"4129","Pump.Flow.Based.PAA.Dose + Temp..of.the.Atmos. + SACto..1.m. + NSEC.Aerobic.SRT + NSEC.Effluent.TSS + NSEC.Effluent.NO5",0.254963812594022,0.788526483727279,"3,2"
"4130","Pump.Flow.Based.PAA.Dose + Temp..of.the.Atmos. + SACto..1.m. + NSEC.Aerobic.SRT + NSEC.Effluent.TSS + NSEC.Effluent.Flow",0.182358447792328,0.83175424592998,"3,2"
"4131","Pump.Flow.Based.PAA.Dose + Temp..of.the.Atmos. + SACto..1.m. + NSEC.Aerobic.SRT + NSEC.Effluent.NO5 + NSEC.Effluent.Flow",0.150232673892153,0.845579852871607,"3,2"
"4132","Pump.Flow.Based.PAA.Dose + Temp..of.the.Atmos. + SACto..1.m. + NSEC.Effluent.NH3 + NSEC.Effluent.NO3 + NSEC.Effluent.OP",0.369731562434012,0.72117311196107,"3,2"
"4133","Pump.Flow.Based.PAA.Dose + Temp..of.the.Atmos. + SACto..1.m. + NSEC.Effluent.NH3 + NSEC.Effluent.NO3 + NSEC.Effluent.TSS",0.388851427725561,0.769661581675392,"3,2"
"4134","Pump.Flow.Based.PAA.Dose + Temp..of.the.Atmos. + SACto..1.m. + NSEC.Effluent.NH3 + NSEC.Effluent.NO3 + NSEC.Effluent.NO5",0.36075990988222,0.783921747289378,"3,2"
"4135","Pump.Flow.Based.PAA.Dose + Temp..of.the.Atmos. + SACto..1.m. + NSEC.Effluent.NH3 + NSEC.Effluent.NO3 + NSEC.Effluent.Flow",0.145378220437883,0.807589830908885,"3,2"
"4136","Pump.Flow.Based.PAA.Dose + Temp..of.the.Atmos. + SACto..1.m. + NSEC.Effluent.NH3 + NSEC.Effluent.OP + NSEC.Effluent.TSS",0.398487870557226,0.791638868971278,"3,2"
"4137","Pump.Flow.Based.PAA.Dose + Temp..of.the.Atmos. + SACto..1.m. + NSEC.Effluent.NH3 + NSEC.Effluent.OP + NSEC.Effluent.NO5",0.487200153153146,0.788598589024422,"3,2"
"4138","Pump.Flow.Based.PAA.Dose + Temp..of.the.Atmos. + SACto..1.m. + NSEC.Effluent.NH3 + NSEC.Effluent.OP + NSEC.Effluent.Flow",0.185785018646969,0.843014910134011,"3,2"
"4139","Pump.Flow.Based.PAA.Dose + Temp..of.the.Atmos. + SACto..1.m. + NSEC.Effluent.NH3 + NSEC.Effluent.TSS + NSEC.Effluent.NO5",0.474412666072936,0.805866496593787,"3,2"
"4140","Pump.Flow.Based.PAA.Dose + Temp..of.the.Atmos. + SACto..1.m. + NSEC.Effluent.NH3 + NSEC.Effluent.TSS + NSEC.Effluent.Flow",0.151313472824674,0.833994519207328,"3,2"
"4141","Pump.Flow.Based.PAA.Dose + Temp..of.the.Atmos. + SACto..1.m. + NSEC.Effluent.NH3 + NSEC.Effluent.NO5 + NSEC.Effluent.Flow",0.228642850518346,0.813834174070912,"3,2"
"4142","Pump.Flow.Based.PAA.Dose + Temp..of.the.Atmos. + SACto..1.m. + NSEC.Effluent.NO3 + NSEC.Effluent.OP + NSEC.Effluent.TSS",0.351939892722776,0.727479875818491,"3,2"
"4143","Pump.Flow.Based.PAA.Dose + Temp..of.the.Atmos. + SACto..1.m. + NSEC.Effluent.NO3 + NSEC.Effluent.OP + NSEC.Effluent.NO5",0.193349726883596,0.33478099776932,"3,2"
"4144","Pump.Flow.Based.PAA.Dose + Temp..of.the.Atmos. + SACto..1.m. + NSEC.Effluent.NO3 + NSEC.Effluent.OP + NSEC.Effluent.Flow",0.173380505874611,0.810239066124083,"3,2"
"4145","Pump.Flow.Based.PAA.Dose + Temp..of.the.Atmos. + SACto..1.m. + NSEC.Effluent.NO3 + NSEC.Effluent.TSS + NSEC.Effluent.NO5",0.431173222754246,0.792994814914301,"3,2"
"4146","Pump.Flow.Based.PAA.Dose + Temp..of.the.Atmos. + SACto..1.m. + NSEC.Effluent.NO3 + NSEC.Effluent.TSS + NSEC.Effluent.Flow",0.19654106186627,0.82999817073022,"3,2"
"4147","Pump.Flow.Based.PAA.Dose + Temp..of.the.Atmos. + SACto..1.m. + NSEC.Effluent.NO3 + NSEC.Effluent.NO5 + NSEC.Effluent.Flow",0.281198357005883,0.83641927250103,"3,2"
"4148","Pump.Flow.Based.PAA.Dose + Temp..of.the.Atmos. + SACto..1.m. + NSEC.Effluent.OP + NSEC.Effluent.TSS + NSEC.Effluent.NO5",0.398231535875714,0.791180260993397,"3,2"
"4149","Pump.Flow.Based.PAA.Dose + Temp..of.the.Atmos. + SACto..1.m. + NSEC.Effluent.OP + NSEC.Effluent.TSS + NSEC.Effluent.Flow",0.258465703059928,0.805341493268649,"3,2"
"4150","Pump.Flow.Based.PAA.Dose + Temp..of.the.Atmos. + SACto..1.m. + NSEC.Effluent.OP + NSEC.Effluent.NO5 + NSEC.Effluent.Flow",0.162474784075361,0.817920959848553,"3,2"
"4151","Pump.Flow.Based.PAA.Dose + Temp..of.the.Atmos. + SACto..1.m. + NSEC.Effluent.TSS + NSEC.Effluent.NO5 + NSEC.Effluent.Flow",0.201328375586356,0.817781983352169,"3,2"
"4152","Pump.Flow.Based.PAA.Dose + Temp..of.the.Atmos. + NSEC.Aerobic.SRT + NSEC.Effluent.NH3 + NSEC.Effluent.NO3 + NSEC.Effluent.OP",0.275711719791189,0.824547596057293,"3,2"
"4153","Pump.Flow.Based.PAA.Dose + Temp..of.the.Atmos. + NSEC.Aerobic.SRT + NSEC.Effluent.NH3 + NSEC.Effluent.NO3 + NSEC.Effluent.TSS",0.351135269975275,0.804278016023348,"3,2"
"4154","Pump.Flow.Based.PAA.Dose + Temp..of.the.Atmos. + NSEC.Aerobic.SRT + NSEC.Effluent.NH3 + NSEC.Effluent.NO3 + NSEC.Effluent.NO5",0.281056869843187,0.780965475981385,"3,2"
"4155","Pump.Flow.Based.PAA.Dose + Temp..of.the.Atmos. + NSEC.Aerobic.SRT + NSEC.Effluent.NH3 + NSEC.Effluent.NO3 + NSEC.Effluent.Flow",0.222766723583556,0.824372926638976,"3,2"
"4156","Pump.Flow.Based.PAA.Dose + Temp..of.the.Atmos. + NSEC.Aerobic.SRT + NSEC.Effluent.NH3 + NSEC.Effluent.OP + NSEC.Effluent.TSS",0.296118081099388,0.803206509139256,"3,2"
"4157","Pump.Flow.Based.PAA.Dose + Temp..of.the.Atmos. + NSEC.Aerobic.SRT + NSEC.Effluent.NH3 + NSEC.Effluent.OP + NSEC.Effluent.NO5",0.343679082581647,0.765617500079148,"3,2"
"4158","Pump.Flow.Based.PAA.Dose + Temp..of.the.Atmos. + NSEC.Aerobic.SRT + NSEC.Effluent.NH3 + NSEC.Effluent.OP + NSEC.Effluent.Flow",0.301387883004291,0.811738801796628,"3,2"
"4159","Pump.Flow.Based.PAA.Dose + Temp..of.the.Atmos. + NSEC.Aerobic.SRT + NSEC.Effluent.NH3 + NSEC.Effluent.TSS + NSEC.Effluent.NO5",0.307276067172424,0.764235243434954,"3,2"
"4160","Pump.Flow.Based.PAA.Dose + Temp..of.the.Atmos. + NSEC.Aerobic.SRT + NSEC.Effluent.NH3 + NSEC.Effluent.TSS + NSEC.Effluent.Flow",0.248910454997974,0.808657628702641,"3,2"
"4161","Pump.Flow.Based.PAA.Dose + Temp..of.the.Atmos. + NSEC.Aerobic.SRT + NSEC.Effluent.NH3 + NSEC.Effluent.NO5 + NSEC.Effluent.Flow",0.255508949664444,0.831149436208694,"3,2"
"4162","Pump.Flow.Based.PAA.Dose + Temp..of.the.Atmos. + NSEC.Aerobic.SRT + NSEC.Effluent.NO3 + NSEC.Effluent.OP + NSEC.Effluent.TSS",0.297858911378097,0.733103069002625,"3,2"
"4163","Pump.Flow.Based.PAA.Dose + Temp..of.the.Atmos. + NSEC.Aerobic.SRT + NSEC.Effluent.NO3 + NSEC.Effluent.OP + NSEC.Effluent.NO5",0.21794292083936,0.830860471379431,"3,2"
"4164","Pump.Flow.Based.PAA.Dose + Temp..of.the.Atmos. + NSEC.Aerobic.SRT + NSEC.Effluent.NO3 + NSEC.Effluent.OP + NSEC.Effluent.Flow",0.250019618610586,0.822300336534702,"3,2"
"4165","Pump.Flow.Based.PAA.Dose + Temp..of.the.Atmos. + NSEC.Aerobic.SRT + NSEC.Effluent.NO3 + NSEC.Effluent.TSS + NSEC.Effluent.NO5",0.239223983325347,0.788523052440616,"3,2"
"4166","Pump.Flow.Based.PAA.Dose + Temp..of.the.Atmos. + NSEC.Aerobic.SRT + NSEC.Effluent.NO3 + NSEC.Effluent.TSS + NSEC.Effluent.Flow",0.25542086066574,0.841909843176672,"3,2"
"4167","Pump.Flow.Based.PAA.Dose + Temp..of.the.Atmos. + NSEC.Aerobic.SRT + NSEC.Effluent.NO3 + NSEC.Effluent.NO5 + NSEC.Effluent.Flow",0.241155968711404,0.829498074431321,"3,2"
"4168","Pump.Flow.Based.PAA.Dose + Temp..of.the.Atmos. + NSEC.Aerobic.SRT + NSEC.Effluent.OP + NSEC.Effluent.TSS + NSEC.Effluent.NO5",0.260183650746003,0.785233620684856,"3,2"
"4169","Pump.Flow.Based.PAA.Dose + Temp..of.the.Atmos. + NSEC.Aerobic.SRT + NSEC.Effluent.OP + NSEC.Effluent.TSS + NSEC.Effluent.Flow",0.227664322298236,0.83426823075203,"3,2"
"4170","Pump.Flow.Based.PAA.Dose + Temp..of.the.Atmos. + NSEC.Aerobic.SRT + NSEC.Effluent.OP + NSEC.Effluent.NO5 + NSEC.Effluent.Flow",0.192857823021161,0.0310138959074381,"3,2"
"4171","Pump.Flow.Based.PAA.Dose + Temp..of.the.Atmos. + NSEC.Aerobic.SRT + NSEC.Effluent.TSS + NSEC.Effluent.NO5 + NSEC.Effluent.Flow",0.268933119963036,0.814408805806729,"3,2"
"4172","Pump.Flow.Based.PAA.Dose + Temp..of.the.Atmos. + NSEC.Effluent.NH3 + NSEC.Effluent.NO3 + NSEC.Effluent.OP + NSEC.Effluent.TSS",0.3456669023151,0.833200569356629,"3,2"
"4173","Pump.Flow.Based.PAA.Dose + Temp..of.the.Atmos. + NSEC.Effluent.NH3 + NSEC.Effluent.NO3 + NSEC.Effluent.OP + NSEC.Effluent.NO5",0.368182277409503,0.831540270336525,"3,2"
"4174","Pump.Flow.Based.PAA.Dose + Temp..of.the.Atmos. + NSEC.Effluent.NH3 + NSEC.Effluent.NO3 + NSEC.Effluent.OP + NSEC.Effluent.Flow",0.23503097481911,0.831879591410814,"3,2"
"4175","Pump.Flow.Based.PAA.Dose + Temp..of.the.Atmos. + NSEC.Effluent.NH3 + NSEC.Effluent.NO3 + NSEC.Effluent.TSS + NSEC.Effluent.NO5",0.428830865557337,0.838346424023056,"3,2"
"4176","Pump.Flow.Based.PAA.Dose + Temp..of.the.Atmos. + NSEC.Effluent.NH3 + NSEC.Effluent.NO3 + NSEC.Effluent.TSS + NSEC.Effluent.Flow",0.212054959710284,0.816971048424291,"3,2"
"4177","Pump.Flow.Based.PAA.Dose + Temp..of.the.Atmos. + NSEC.Effluent.NH3 + NSEC.Effluent.NO3 + NSEC.Effluent.NO5 + NSEC.Effluent.Flow",0.220934584586006,0.846061449093605,"3,2"
"4178","Pump.Flow.Based.PAA.Dose + Temp..of.the.Atmos. + NSEC.Effluent.NH3 + NSEC.Effluent.OP + NSEC.Effluent.TSS + NSEC.Effluent.NO5",0.374957944814763,0.790628944434754,"3,2"
"4179","Pump.Flow.Based.PAA.Dose + Temp..of.the.Atmos. + NSEC.Effluent.NH3 + NSEC.Effluent.OP + NSEC.Effluent.TSS + NSEC.Effluent.Flow",0.21614770273494,0.803279704960025,"3,2"
"4180","Pump.Flow.Based.PAA.Dose + Temp..of.the.Atmos. + NSEC.Effluent.NH3 + NSEC.Effluent.OP + NSEC.Effluent.NO5 + NSEC.Effluent.Flow",0.204730678202336,0.808965048322105,"3,2"
"4181","Pump.Flow.Based.PAA.Dose + Temp..of.the.Atmos. + NSEC.Effluent.NH3 + NSEC.Effluent.TSS + NSEC.Effluent.NO5 + NSEC.Effluent.Flow",0.24200061005482,0.827185184060975,"3,2"
"4182","Pump.Flow.Based.PAA.Dose + Temp..of.the.Atmos. + NSEC.Effluent.NO3 + NSEC.Effluent.OP + NSEC.Effluent.TSS + NSEC.Effluent.NO5",0.353978967698751,0.767448099319845,"3,2"
"4183","Pump.Flow.Based.PAA.Dose + Temp..of.the.Atmos. + NSEC.Effluent.NO3 + NSEC.Effluent.OP + NSEC.Effluent.TSS + NSEC.Effluent.Flow",0.22455456916632,0.842319624061339,"3,2"
"4184","Pump.Flow.Based.PAA.Dose + Temp..of.the.Atmos. + NSEC.Effluent.NO3 + NSEC.Effluent.OP + NSEC.Effluent.NO5 + NSEC.Effluent.Flow",0.20548315047728,0.837971030585418,"3,2"
"4185","Pump.Flow.Based.PAA.Dose + Temp..of.the.Atmos. + NSEC.Effluent.NO3 + NSEC.Effluent.TSS + NSEC.Effluent.NO5 + NSEC.Effluent.Flow",0.203379281193064,0.818535464159188,"3,2"
"4186","Pump.Flow.Based.PAA.Dose + Temp..of.the.Atmos. + NSEC.Effluent.OP + NSEC.Effluent.TSS + NSEC.Effluent.NO5 + NSEC.Effluent.Flow",0.228690221826868,0.799944533579967,"3,2"
"4187","Pump.Flow.Based.PAA.Dose + Secondary.Effluent.Flow + N..Basin.Outfall + CODto..mg.L. + TSS..mg.L. + UVT....",0.193449648305492,0.206694322824301,"3,2"
"4188","Pump.Flow.Based.PAA.Dose + Secondary.Effluent.Flow + N..Basin.Outfall + CODto..mg.L. + TSS..mg.L. + CODds..mg.L.",0.233794183783866,0.812539773010722,"3,2"
"4189","Pump.Flow.Based.PAA.Dose + Secondary.Effluent.Flow + N..Basin.Outfall + CODto..mg.L. + TSS..mg.L. + SACto..1.m.",0.172355792829936,0.806562147800722,"3,2"
"4190","Pump.Flow.Based.PAA.Dose + Secondary.Effluent.Flow + N..Basin.Outfall + CODto..mg.L. + TSS..mg.L. + NSEC.Aerobic.SRT",0.0930929749489184,0.809192153068836,"3,2"
"4191","Pump.Flow.Based.PAA.Dose + Secondary.Effluent.Flow + N..Basin.Outfall + CODto..mg.L. + TSS..mg.L. + NSEC.Effluent.NH3",0.201842088654539,0.812147435153191,"3,2"
"4192","Pump.Flow.Based.PAA.Dose + Secondary.Effluent.Flow + N..Basin.Outfall + CODto..mg.L. + TSS..mg.L. + NSEC.Effluent.NO3",0.264701300467428,0.810921306628827,"3,2"
"4193","Pump.Flow.Based.PAA.Dose + Secondary.Effluent.Flow + N..Basin.Outfall + CODto..mg.L. + TSS..mg.L. + NSEC.Effluent.OP",0.164448315722876,0.811453467362597,"3,2"
"4194","Pump.Flow.Based.PAA.Dose + Secondary.Effluent.Flow + N..Basin.Outfall + CODto..mg.L. + TSS..mg.L. + NSEC.Effluent.TSS",0.151007002983503,0.807669060426351,"3,2"
"4195","Pump.Flow.Based.PAA.Dose + Secondary.Effluent.Flow + N..Basin.Outfall + CODto..mg.L. + TSS..mg.L. + NSEC.Effluent.NO5",0.22573546616374,0.81235366117107,"3,2"
"4196","Pump.Flow.Based.PAA.Dose + Secondary.Effluent.Flow + N..Basin.Outfall + CODto..mg.L. + TSS..mg.L. + NSEC.Effluent.Flow",0.127765905494814,0.801057234630118,"3,2"
"4197","Pump.Flow.Based.PAA.Dose + Secondary.Effluent.Flow + N..Basin.Outfall + CODto..mg.L. + UVT.... + CODds..mg.L.",0.0830575317716606,0.80232736293422,"3,2"
"4198","Pump.Flow.Based.PAA.Dose + Secondary.Effluent.Flow + N..Basin.Outfall + CODto..mg.L. + UVT.... + SACto..1.m.",0.186309919767111,0.803988901797895,"3,2"
"4199","Pump.Flow.Based.PAA.Dose + Secondary.Effluent.Flow + N..Basin.Outfall + CODto..mg.L. + UVT.... + NSEC.Aerobic.SRT",0.287695288127344,0.82627546450135,"3,2"
"4200","Pump.Flow.Based.PAA.Dose + Secondary.Effluent.Flow + N..Basin.Outfall + CODto..mg.L. + UVT.... + NSEC.Effluent.NH3",0.221652611730588,0.815357659279897,"3,2"
"4201","Pump.Flow.Based.PAA.Dose + Secondary.Effluent.Flow + N..Basin.Outfall + CODto..mg.L. + UVT.... + NSEC.Effluent.NO3",0.261583377289422,0.800439339547723,"3,2"
"4202","Pump.Flow.Based.PAA.Dose + Secondary.Effluent.Flow + N..Basin.Outfall + CODto..mg.L. + UVT.... + NSEC.Effluent.OP",0.194155398754005,0.788484093741287,"3,2"
"4203","Pump.Flow.Based.PAA.Dose + Secondary.Effluent.Flow + N..Basin.Outfall + CODto..mg.L. + UVT.... + NSEC.Effluent.TSS",0.220330169274783,0.80817078362387,"3,2"
"4204","Pump.Flow.Based.PAA.Dose + Secondary.Effluent.Flow + N..Basin.Outfall + CODto..mg.L. + UVT.... + NSEC.Effluent.NO5",0.253380295944185,0.803320783217312,"3,2"
"4205","Pump.Flow.Based.PAA.Dose + Secondary.Effluent.Flow + N..Basin.Outfall + CODto..mg.L. + UVT.... + NSEC.Effluent.Flow",0.189235696535028,0.795372856994247,"3,2"
"4206","Pump.Flow.Based.PAA.Dose + Secondary.Effluent.Flow + N..Basin.Outfall + CODto..mg.L. + CODds..mg.L. + SACto..1.m.",0.245646678867756,0.817943647776793,"3,2"
"4207","Pump.Flow.Based.PAA.Dose + Secondary.Effluent.Flow + N..Basin.Outfall + CODto..mg.L. + CODds..mg.L. + NSEC.Aerobic.SRT",0.0563522658240587,0.806056997215011,"3,2"
"4208","Pump.Flow.Based.PAA.Dose + Secondary.Effluent.Flow + N..Basin.Outfall + CODto..mg.L. + CODds..mg.L. + NSEC.Effluent.NH3",0.227966490105099,0.809880157945502,"3,2"
"4209","Pump.Flow.Based.PAA.Dose + Secondary.Effluent.Flow + N..Basin.Outfall + CODto..mg.L. + CODds..mg.L. + NSEC.Effluent.NO3",0.208413680596467,0.81747671960495,"3,2"
"4210","Pump.Flow.Based.PAA.Dose + Secondary.Effluent.Flow + N..Basin.Outfall + CODto..mg.L. + CODds..mg.L. + NSEC.Effluent.OP",0.0722345949464867,0.814589288625023,"3,2"
"4211","Pump.Flow.Based.PAA.Dose + Secondary.Effluent.Flow + N..Basin.Outfall + CODto..mg.L. + CODds..mg.L. + NSEC.Effluent.TSS",0.195183458532775,0.824872304621652,"3,2"
"4212","Pump.Flow.Based.PAA.Dose + Secondary.Effluent.Flow + N..Basin.Outfall + CODto..mg.L. + CODds..mg.L. + NSEC.Effluent.NO5",0.283894099731113,0.815977612407945,"3,2"
"4213","Pump.Flow.Based.PAA.Dose + Secondary.Effluent.Flow + N..Basin.Outfall + CODto..mg.L. + CODds..mg.L. + NSEC.Effluent.Flow",0.188223210077467,0.810707857347782,"3,2"
"4214","Pump.Flow.Based.PAA.Dose + Secondary.Effluent.Flow + N..Basin.Outfall + CODto..mg.L. + SACto..1.m. + NSEC.Aerobic.SRT",0.229308339330329,0.821621598462454,"3,2"
"4215","Pump.Flow.Based.PAA.Dose + Secondary.Effluent.Flow + N..Basin.Outfall + CODto..mg.L. + SACto..1.m. + NSEC.Effluent.NH3",0.16260900070893,0.791041760489128,"3,2"
"4216","Pump.Flow.Based.PAA.Dose + Secondary.Effluent.Flow + N..Basin.Outfall + CODto..mg.L. + SACto..1.m. + NSEC.Effluent.NO3",0.229954202716909,0.816510564218713,"3,2"
"4217","Pump.Flow.Based.PAA.Dose + Secondary.Effluent.Flow + N..Basin.Outfall + CODto..mg.L. + SACto..1.m. + NSEC.Effluent.OP",0.208129534517588,0.802451595259294,"3,2"
"4218","Pump.Flow.Based.PAA.Dose + Secondary.Effluent.Flow + N..Basin.Outfall + CODto..mg.L. + SACto..1.m. + NSEC.Effluent.TSS",0.233332733111717,0.832063876098827,"3,2"
"4219","Pump.Flow.Based.PAA.Dose + Secondary.Effluent.Flow + N..Basin.Outfall + CODto..mg.L. + SACto..1.m. + NSEC.Effluent.NO5",0.164337691535959,0.804060338817276,"3,2"
"4220","Pump.Flow.Based.PAA.Dose + Secondary.Effluent.Flow + N..Basin.Outfall + CODto..mg.L. + SACto..1.m. + NSEC.Effluent.Flow",0.193652721927394,0.295242677668935,"3,2"
"4221","Pump.Flow.Based.PAA.Dose + Secondary.Effluent.Flow + N..Basin.Outfall + CODto..mg.L. + NSEC.Aerobic.SRT + NSEC.Effluent.NH3",0.24607755129686,0.843742307291901,"3,2"
"4222","Pump.Flow.Based.PAA.Dose + Secondary.Effluent.Flow + N..Basin.Outfall + CODto..mg.L. + NSEC.Aerobic.SRT + NSEC.Effluent.NO3",0.124698895797783,0.803158479444962,"3,2"
"4223","Pump.Flow.Based.PAA.Dose + Secondary.Effluent.Flow + N..Basin.Outfall + CODto..mg.L. + NSEC.Aerobic.SRT + NSEC.Effluent.OP",0.216510479432339,0.831153787694127,"3,2"
"4224","Pump.Flow.Based.PAA.Dose + Secondary.Effluent.Flow + N..Basin.Outfall + CODto..mg.L. + NSEC.Aerobic.SRT + NSEC.Effluent.TSS",0.254662742129873,0.834666980411607,"3,2"
"4225","Pump.Flow.Based.PAA.Dose + Secondary.Effluent.Flow + N..Basin.Outfall + CODto..mg.L. + NSEC.Aerobic.SRT + NSEC.Effluent.NO5",0.188152902370195,0.833225608492951,"3,2"
"4226","Pump.Flow.Based.PAA.Dose + Secondary.Effluent.Flow + N..Basin.Outfall + CODto..mg.L. + NSEC.Aerobic.SRT + NSEC.Effluent.Flow",0.167350481570307,0.805122578642932,"3,2"
"4227","Pump.Flow.Based.PAA.Dose + Secondary.Effluent.Flow + N..Basin.Outfall + CODto..mg.L. + NSEC.Effluent.NH3 + NSEC.Effluent.NO3",0.172462260337596,0.791079174730637,"3,2"
"4228","Pump.Flow.Based.PAA.Dose + Secondary.Effluent.Flow + N..Basin.Outfall + CODto..mg.L. + NSEC.Effluent.NH3 + NSEC.Effluent.OP",0.177982346510129,0.829954639433763,"3,2"
"4229","Pump.Flow.Based.PAA.Dose + Secondary.Effluent.Flow + N..Basin.Outfall + CODto..mg.L. + NSEC.Effluent.NH3 + NSEC.Effluent.TSS",0.262515312366679,0.818874527290289,"3,2"
"4230","Pump.Flow.Based.PAA.Dose + Secondary.Effluent.Flow + N..Basin.Outfall + CODto..mg.L. + NSEC.Effluent.NH3 + NSEC.Effluent.NO5",0.265515855828998,0.823945301369369,"3,2"
"4231","Pump.Flow.Based.PAA.Dose + Secondary.Effluent.Flow + N..Basin.Outfall + CODto..mg.L. + NSEC.Effluent.NH3 + NSEC.Effluent.Flow",0.17611309681312,0.790410466134874,"3,2"
"4232","Pump.Flow.Based.PAA.Dose + Secondary.Effluent.Flow + N..Basin.Outfall + CODto..mg.L. + NSEC.Effluent.NO3 + NSEC.Effluent.OP",0.208648534806032,0.796932657337792,"3,2"
"4233","Pump.Flow.Based.PAA.Dose + Secondary.Effluent.Flow + N..Basin.Outfall + CODto..mg.L. + NSEC.Effluent.NO3 + NSEC.Effluent.TSS",0.280364543434194,0.817773980477101,"3,2"
"4234","Pump.Flow.Based.PAA.Dose + Secondary.Effluent.Flow + N..Basin.Outfall + CODto..mg.L. + NSEC.Effluent.NO3 + NSEC.Effluent.NO5",0.166866174841869,0.810384944744459,"3,2"
"4235","Pump.Flow.Based.PAA.Dose + Secondary.Effluent.Flow + N..Basin.Outfall + CODto..mg.L. + NSEC.Effluent.NO3 + NSEC.Effluent.Flow",0.319948298349562,0.83195300096906,"3,2"
"4236","Pump.Flow.Based.PAA.Dose + Secondary.Effluent.Flow + N..Basin.Outfall + CODto..mg.L. + NSEC.Effluent.OP + NSEC.Effluent.TSS",0.27765642941289,0.832931454347756,"3,2"
"4237","Pump.Flow.Based.PAA.Dose + Secondary.Effluent.Flow + N..Basin.Outfall + CODto..mg.L. + NSEC.Effluent.OP + NSEC.Effluent.NO5",0.281911354872682,0.80626002755885,"3,2"
"4238","Pump.Flow.Based.PAA.Dose + Secondary.Effluent.Flow + N..Basin.Outfall + CODto..mg.L. + NSEC.Effluent.OP + NSEC.Effluent.Flow",0.443296697749602,0.853588630119897,"3,2"
"4239","Pump.Flow.Based.PAA.Dose + Secondary.Effluent.Flow + N..Basin.Outfall + CODto..mg.L. + NSEC.Effluent.TSS + NSEC.Effluent.NO5",0.231481655892614,0.821363970547885,"3,2"
"4240","Pump.Flow.Based.PAA.Dose + Secondary.Effluent.Flow + N..Basin.Outfall + CODto..mg.L. + NSEC.Effluent.TSS + NSEC.Effluent.Flow",0.207779568741738,0.809256612406324,"3,2"
"4241","Pump.Flow.Based.PAA.Dose + Secondary.Effluent.Flow + N..Basin.Outfall + CODto..mg.L. + NSEC.Effluent.NO5 + NSEC.Effluent.Flow",0.231399356037458,0.797620782258525,"3,2"
"4242","Pump.Flow.Based.PAA.Dose + Secondary.Effluent.Flow + N..Basin.Outfall + TSS..mg.L. + UVT.... + CODds..mg.L.",0.198606273072717,0.805414974955757,"3,2"
"4243","Pump.Flow.Based.PAA.Dose + Secondary.Effluent.Flow + N..Basin.Outfall + TSS..mg.L. + UVT.... + SACto..1.m.",0.216436837635934,0.798935928143147,"3,2"
"4244","Pump.Flow.Based.PAA.Dose + Secondary.Effluent.Flow + N..Basin.Outfall + TSS..mg.L. + UVT.... + NSEC.Aerobic.SRT",0.119737827977072,0.799756477092656,"3,2"
"4245","Pump.Flow.Based.PAA.Dose + Secondary.Effluent.Flow + N..Basin.Outfall + TSS..mg.L. + UVT.... + NSEC.Effluent.NH3",0.101943816992213,0.797812786947243,"3,2"
"4246","Pump.Flow.Based.PAA.Dose + Secondary.Effluent.Flow + N..Basin.Outfall + TSS..mg.L. + UVT.... + NSEC.Effluent.NO3",0.150159240348088,0.827868069032537,"3,2"
"4247","Pump.Flow.Based.PAA.Dose + Secondary.Effluent.Flow + N..Basin.Outfall + TSS..mg.L. + UVT.... + NSEC.Effluent.OP",0.159991037589881,0.788271263721395,"3,2"
"4248","Pump.Flow.Based.PAA.Dose + Secondary.Effluent.Flow + N..Basin.Outfall + TSS..mg.L. + UVT.... + NSEC.Effluent.TSS",0.266764476866407,0.834025386510136,"3,2"
"4249","Pump.Flow.Based.PAA.Dose + Secondary.Effluent.Flow + N..Basin.Outfall + TSS..mg.L. + UVT.... + NSEC.Effluent.NO5",0.214026950952904,0.808166423338866,"3,2"
"4250","Pump.Flow.Based.PAA.Dose + Secondary.Effluent.Flow + N..Basin.Outfall + TSS..mg.L. + UVT.... + NSEC.Effluent.Flow",0.128135923360372,0.798401978216121,"3,2"
"4251","Pump.Flow.Based.PAA.Dose + Secondary.Effluent.Flow + N..Basin.Outfall + TSS..mg.L. + CODds..mg.L. + SACto..1.m.",0.193015995973173,0.811780776675181,"3,2"
"4252","Pump.Flow.Based.PAA.Dose + Secondary.Effluent.Flow + N..Basin.Outfall + TSS..mg.L. + CODds..mg.L. + NSEC.Aerobic.SRT",0.12963552076149,0.809408397680361,"3,2"
"4253","Pump.Flow.Based.PAA.Dose + Secondary.Effluent.Flow + N..Basin.Outfall + TSS..mg.L. + CODds..mg.L. + NSEC.Effluent.NH3",0.255162831549549,0.803475736518546,"3,2"
"4254","Pump.Flow.Based.PAA.Dose + Secondary.Effluent.Flow + N..Basin.Outfall + TSS..mg.L. + CODds..mg.L. + NSEC.Effluent.NO3",0.335173255451795,0.816381507278281,"3,2"
"4255","Pump.Flow.Based.PAA.Dose + Secondary.Effluent.Flow + N..Basin.Outfall + TSS..mg.L. + CODds..mg.L. + NSEC.Effluent.OP",0.230043642758943,0.807531263508457,"3,2"
"4256","Pump.Flow.Based.PAA.Dose + Secondary.Effluent.Flow + N..Basin.Outfall + TSS..mg.L. + CODds..mg.L. + NSEC.Effluent.TSS",0.265346569592942,0.841023113721066,"3,2"
"4257","Pump.Flow.Based.PAA.Dose + Secondary.Effluent.Flow + N..Basin.Outfall + TSS..mg.L. + CODds..mg.L. + NSEC.Effluent.NO5",0.205622976462402,0.826322492248139,"3,2"
"4258","Pump.Flow.Based.PAA.Dose + Secondary.Effluent.Flow + N..Basin.Outfall + TSS..mg.L. + CODds..mg.L. + NSEC.Effluent.Flow",0.152483845322648,0.800585284914851,"3,2"
"4259","Pump.Flow.Based.PAA.Dose + Secondary.Effluent.Flow + N..Basin.Outfall + TSS..mg.L. + SACto..1.m. + NSEC.Aerobic.SRT",0.193370076313971,0.819678007365713,"3,2"
"4260","Pump.Flow.Based.PAA.Dose + Secondary.Effluent.Flow + N..Basin.Outfall + TSS..mg.L. + SACto..1.m. + NSEC.Effluent.NH3",0.13560651766787,0.800114299869965,"3,2"
"4261","Pump.Flow.Based.PAA.Dose + Secondary.Effluent.Flow + N..Basin.Outfall + TSS..mg.L. + SACto..1.m. + NSEC.Effluent.NO3",0.131311942028388,0.801377229192961,"3,2"
"4262","Pump.Flow.Based.PAA.Dose + Secondary.Effluent.Flow + N..Basin.Outfall + TSS..mg.L. + SACto..1.m. + NSEC.Effluent.OP",0.17666535926184,0.818289668083644,"3,2"
"4263","Pump.Flow.Based.PAA.Dose + Secondary.Effluent.Flow + N..Basin.Outfall + TSS..mg.L. + SACto..1.m. + NSEC.Effluent.TSS",0.104251140868317,0.817729493647315,"3,2"
"4264","Pump.Flow.Based.PAA.Dose + Secondary.Effluent.Flow + N..Basin.Outfall + TSS..mg.L. + SACto..1.m. + NSEC.Effluent.NO5",0.103111435088567,0.800268224999894,"3,2"
"4265","Pump.Flow.Based.PAA.Dose + Secondary.Effluent.Flow + N..Basin.Outfall + TSS..mg.L. + SACto..1.m. + NSEC.Effluent.Flow",0.214635007246271,0.817315040494841,"3,2"
"4266","Pump.Flow.Based.PAA.Dose + Secondary.Effluent.Flow + N..Basin.Outfall + TSS..mg.L. + NSEC.Aerobic.SRT + NSEC.Effluent.NH3",0.269949376864761,0.81925591242609,"3,2"
"4267","Pump.Flow.Based.PAA.Dose + Secondary.Effluent.Flow + N..Basin.Outfall + TSS..mg.L. + NSEC.Aerobic.SRT + NSEC.Effluent.NO3",0.323227839925617,0.842845858977625,"3,2"
"4268","Pump.Flow.Based.PAA.Dose + Secondary.Effluent.Flow + N..Basin.Outfall + TSS..mg.L. + NSEC.Aerobic.SRT + NSEC.Effluent.OP",0.237014865724889,0.828496702816771,"3,2"
"4269","Pump.Flow.Based.PAA.Dose + Secondary.Effluent.Flow + N..Basin.Outfall + TSS..mg.L. + NSEC.Aerobic.SRT + NSEC.Effluent.TSS",0.2550437570105,0.816116207525633,"3,2"
"4270","Pump.Flow.Based.PAA.Dose + Secondary.Effluent.Flow + N..Basin.Outfall + TSS..mg.L. + NSEC.Aerobic.SRT + NSEC.Effluent.NO5",0.281384917921412,0.801919931364149,"3,2"
"4271","Pump.Flow.Based.PAA.Dose + Secondary.Effluent.Flow + N..Basin.Outfall + TSS..mg.L. + NSEC.Aerobic.SRT + NSEC.Effluent.Flow",0.188808114427996,0.795949662537707,"3,2"
"4272","Pump.Flow.Based.PAA.Dose + Secondary.Effluent.Flow + N..Basin.Outfall + TSS..mg.L. + NSEC.Effluent.NH3 + NSEC.Effluent.NO3",0.292068125161254,0.798870798579343,"3,2"
"4273","Pump.Flow.Based.PAA.Dose + Secondary.Effluent.Flow + N..Basin.Outfall + TSS..mg.L. + NSEC.Effluent.NH3 + NSEC.Effluent.OP",0.20210408056054,0.810885891706649,"3,2"
"4274","Pump.Flow.Based.PAA.Dose + Secondary.Effluent.Flow + N..Basin.Outfall + TSS..mg.L. + NSEC.Effluent.NH3 + NSEC.Effluent.TSS",0.263363084207143,0.816686418535397,"3,2"
"4275","Pump.Flow.Based.PAA.Dose + Secondary.Effluent.Flow + N..Basin.Outfall + TSS..mg.L. + NSEC.Effluent.NH3 + NSEC.Effluent.NO5",0.208002706997897,0.774568136137803,"3,2"
"4276","Pump.Flow.Based.PAA.Dose + Secondary.Effluent.Flow + N..Basin.Outfall + TSS..mg.L. + NSEC.Effluent.NH3 + NSEC.Effluent.Flow",0.22213058541368,0.789517518576605,"3,2"
"4277","Pump.Flow.Based.PAA.Dose + Secondary.Effluent.Flow + N..Basin.Outfall + TSS..mg.L. + NSEC.Effluent.NO3 + NSEC.Effluent.OP",0.295403084210048,0.803907371134825,"3,2"
"4278","Pump.Flow.Based.PAA.Dose + Secondary.Effluent.Flow + N..Basin.Outfall + TSS..mg.L. + NSEC.Effluent.NO3 + NSEC.Effluent.TSS",0.34041915603016,0.83707759864828,"3,2"
"4279","Pump.Flow.Based.PAA.Dose + Secondary.Effluent.Flow + N..Basin.Outfall + TSS..mg.L. + NSEC.Effluent.NO3 + NSEC.Effluent.NO5",0.269862904197265,0.847192770938012,"3,2"
"4280","Pump.Flow.Based.PAA.Dose + Secondary.Effluent.Flow + N..Basin.Outfall + TSS..mg.L. + NSEC.Effluent.NO3 + NSEC.Effluent.Flow",0.32724974215166,0.832559607831597,"3,2"
"4281","Pump.Flow.Based.PAA.Dose + Secondary.Effluent.Flow + N..Basin.Outfall + TSS..mg.L. + NSEC.Effluent.OP + NSEC.Effluent.TSS",0.229575691213972,0.800816596911742,"3,2"
"4282","Pump.Flow.Based.PAA.Dose + Secondary.Effluent.Flow + N..Basin.Outfall + TSS..mg.L. + NSEC.Effluent.OP + NSEC.Effluent.NO5",0.236842286457741,0.817250751713544,"3,2"
"4283","Pump.Flow.Based.PAA.Dose + Secondary.Effluent.Flow + N..Basin.Outfall + TSS..mg.L. + NSEC.Effluent.OP + NSEC.Effluent.Flow",0.220661863173665,0.773068502691847,"3,2"
"4284","Pump.Flow.Based.PAA.Dose + Secondary.Effluent.Flow + N..Basin.Outfall + TSS..mg.L. + NSEC.Effluent.TSS + NSEC.Effluent.NO5",0.311578283113783,0.849049142721424,"3,2"
"4285","Pump.Flow.Based.PAA.Dose + Secondary.Effluent.Flow + N..Basin.Outfall + TSS..mg.L. + NSEC.Effluent.TSS + NSEC.Effluent.Flow",0.237408080916061,0.795119154203167,"3,2"
"4286","Pump.Flow.Based.PAA.Dose + Secondary.Effluent.Flow + N..Basin.Outfall + TSS..mg.L. + NSEC.Effluent.NO5 + NSEC.Effluent.Flow",0.269803704888513,0.805428631627903,"3,2"
"4287","Pump.Flow.Based.PAA.Dose + Secondary.Effluent.Flow + N..Basin.Outfall + UVT.... + CODds..mg.L. + SACto..1.m.",0.0990748463678865,0.801890096358855,"3,2"
"4288","Pump.Flow.Based.PAA.Dose + Secondary.Effluent.Flow + N..Basin.Outfall + UVT.... + CODds..mg.L. + NSEC.Aerobic.SRT",0.0205337577007434,0.809015908828137,"3,2"
"4289","Pump.Flow.Based.PAA.Dose + Secondary.Effluent.Flow + N..Basin.Outfall + UVT.... + CODds..mg.L. + NSEC.Effluent.NH3",0.193224421941403,0.00278313115494159,"3,2"
"4290","Pump.Flow.Based.PAA.Dose + Secondary.Effluent.Flow + N..Basin.Outfall + UVT.... + CODds..mg.L. + NSEC.Effluent.NO3",0.130177531211156,0.814018962861663,"3,2"
"4291","Pump.Flow.Based.PAA.Dose + Secondary.Effluent.Flow + N..Basin.Outfall + UVT.... + CODds..mg.L. + NSEC.Effluent.OP",0.181167657107608,0.809879974883402,"3,2"
"4292","Pump.Flow.Based.PAA.Dose + Secondary.Effluent.Flow + N..Basin.Outfall + UVT.... + CODds..mg.L. + NSEC.Effluent.TSS",0.175717201665635,0.837890390079468,"3,2"
"4293","Pump.Flow.Based.PAA.Dose + Secondary.Effluent.Flow + N..Basin.Outfall + UVT.... + CODds..mg.L. + NSEC.Effluent.NO5",0.263771276850831,0.820495893209291,"3,2"
"4294","Pump.Flow.Based.PAA.Dose + Secondary.Effluent.Flow + N..Basin.Outfall + UVT.... + CODds..mg.L. + NSEC.Effluent.Flow",0.0694303763276236,0.794400597692467,"3,2"
"4295","Pump.Flow.Based.PAA.Dose + Secondary.Effluent.Flow + N..Basin.Outfall + UVT.... + SACto..1.m. + NSEC.Aerobic.SRT",0.144425035153781,0.795729561579311,"3,2"
"4296","Pump.Flow.Based.PAA.Dose + Secondary.Effluent.Flow + N..Basin.Outfall + UVT.... + SACto..1.m. + NSEC.Effluent.NH3",0.23830573986593,0.799799026909669,"3,2"
"4297","Pump.Flow.Based.PAA.Dose + Secondary.Effluent.Flow + N..Basin.Outfall + UVT.... + SACto..1.m. + NSEC.Effluent.NO3",0.284304529776165,0.815285443996945,"3,2"
"4298","Pump.Flow.Based.PAA.Dose + Secondary.Effluent.Flow + N..Basin.Outfall + UVT.... + SACto..1.m. + NSEC.Effluent.OP",0.254050947023072,0.799381049686426,"3,2"
"4299","Pump.Flow.Based.PAA.Dose + Secondary.Effluent.Flow + N..Basin.Outfall + UVT.... + SACto..1.m. + NSEC.Effluent.TSS",0.19245635952447,0.8068122722774,"3,2"
"4300","Pump.Flow.Based.PAA.Dose + Secondary.Effluent.Flow + N..Basin.Outfall + UVT.... + SACto..1.m. + NSEC.Effluent.NO5",0.165997695702496,0.793119454682529,"3,2"
"4301","Pump.Flow.Based.PAA.Dose + Secondary.Effluent.Flow + N..Basin.Outfall + UVT.... + SACto..1.m. + NSEC.Effluent.Flow",0.171676840830774,0.783893023902351,"3,2"
"4302","Pump.Flow.Based.PAA.Dose + Secondary.Effluent.Flow + N..Basin.Outfall + UVT.... + NSEC.Aerobic.SRT + NSEC.Effluent.NH3",0.0997418982131248,0.800046558027461,"3,2"
"4303","Pump.Flow.Based.PAA.Dose + Secondary.Effluent.Flow + N..Basin.Outfall + UVT.... + NSEC.Aerobic.SRT + NSEC.Effluent.NO3",0.195765841302321,0.852788352573959,"3,2"
"4304","Pump.Flow.Based.PAA.Dose + Secondary.Effluent.Flow + N..Basin.Outfall + UVT.... + NSEC.Aerobic.SRT + NSEC.Effluent.OP",0.225391908076237,0.8249520095727,"3,2"
"4305","Pump.Flow.Based.PAA.Dose + Secondary.Effluent.Flow + N..Basin.Outfall + UVT.... + NSEC.Aerobic.SRT + NSEC.Effluent.TSS",0.162514584937739,0.798797912793411,"3,2"
"4306","Pump.Flow.Based.PAA.Dose + Secondary.Effluent.Flow + N..Basin.Outfall + UVT.... + NSEC.Aerobic.SRT + NSEC.Effluent.NO5",0.212519597896824,0.806058805843126,"3,2"
"4307","Pump.Flow.Based.PAA.Dose + Secondary.Effluent.Flow + N..Basin.Outfall + UVT.... + NSEC.Aerobic.SRT + NSEC.Effluent.Flow",0.136614619761624,0.797433909610941,"3,2"
"4308","Pump.Flow.Based.PAA.Dose + Secondary.Effluent.Flow + N..Basin.Outfall + UVT.... + NSEC.Effluent.NH3 + NSEC.Effluent.NO3",0.164482725590616,0.795781832680994,"3,2"
"4309","Pump.Flow.Based.PAA.Dose + Secondary.Effluent.Flow + N..Basin.Outfall + UVT.... + NSEC.Effluent.NH3 + NSEC.Effluent.OP",0.277696124628112,0.799620780835772,"3,2"
"4310","Pump.Flow.Based.PAA.Dose + Secondary.Effluent.Flow + N..Basin.Outfall + UVT.... + NSEC.Effluent.NH3 + NSEC.Effluent.TSS",0.133779488889871,0.802043786978236,"3,2"
"4311","Pump.Flow.Based.PAA.Dose + Secondary.Effluent.Flow + N..Basin.Outfall + UVT.... + NSEC.Effluent.NH3 + NSEC.Effluent.NO5",0.167215982625658,0.804413619132515,"3,2"
"4312","Pump.Flow.Based.PAA.Dose + Secondary.Effluent.Flow + N..Basin.Outfall + UVT.... + NSEC.Effluent.NH3 + NSEC.Effluent.Flow",0.216198081186394,0.79727702287487,"3,2"
"4313","Pump.Flow.Based.PAA.Dose + Secondary.Effluent.Flow + N..Basin.Outfall + UVT.... + NSEC.Effluent.NO3 + NSEC.Effluent.OP",0.171470796997275,0.813379481339377,"3,2"
"4314","Pump.Flow.Based.PAA.Dose + Secondary.Effluent.Flow + N..Basin.Outfall + UVT.... + NSEC.Effluent.NO3 + NSEC.Effluent.TSS",0.2223621664907,0.822861879076318,"3,2"
"4315","Pump.Flow.Based.PAA.Dose + Secondary.Effluent.Flow + N..Basin.Outfall + UVT.... + NSEC.Effluent.NO3 + NSEC.Effluent.NO5",0.176638417310467,0.812286940867645,"3,2"
"4316","Pump.Flow.Based.PAA.Dose + Secondary.Effluent.Flow + N..Basin.Outfall + UVT.... + NSEC.Effluent.NO3 + NSEC.Effluent.Flow",0.17691750336064,0.809305397063858,"3,2"
"4317","Pump.Flow.Based.PAA.Dose + Secondary.Effluent.Flow + N..Basin.Outfall + UVT.... + NSEC.Effluent.OP + NSEC.Effluent.TSS",0.282604015956184,0.804077920206846,"3,2"
"4318","Pump.Flow.Based.PAA.Dose + Secondary.Effluent.Flow + N..Basin.Outfall + UVT.... + NSEC.Effluent.OP + NSEC.Effluent.NO5",0.17802028112358,0.823651035895196,"3,2"
"4319","Pump.Flow.Based.PAA.Dose + Secondary.Effluent.Flow + N..Basin.Outfall + UVT.... + NSEC.Effluent.OP + NSEC.Effluent.Flow",0.233576693554681,0.816740660155337,"3,2"
"4320","Pump.Flow.Based.PAA.Dose + Secondary.Effluent.Flow + N..Basin.Outfall + UVT.... + NSEC.Effluent.TSS + NSEC.Effluent.NO5",0.173827575752124,0.804159574922452,"3,2"
"4321","Pump.Flow.Based.PAA.Dose + Secondary.Effluent.Flow + N..Basin.Outfall + UVT.... + NSEC.Effluent.TSS + NSEC.Effluent.Flow",0.227146609750865,0.814916212287592,"3,2"
"4322","Pump.Flow.Based.PAA.Dose + Secondary.Effluent.Flow + N..Basin.Outfall + UVT.... + NSEC.Effluent.NO5 + NSEC.Effluent.Flow",0.177381580588995,0.803509019408323,"3,2"
"4323","Pump.Flow.Based.PAA.Dose + Secondary.Effluent.Flow + N..Basin.Outfall + CODds..mg.L. + SACto..1.m. + NSEC.Aerobic.SRT",0.227575683643619,0.821974987188247,"3,2"
"4324","Pump.Flow.Based.PAA.Dose + Secondary.Effluent.Flow + N..Basin.Outfall + CODds..mg.L. + SACto..1.m. + NSEC.Effluent.NH3",0.113432331195833,0.808798987375305,"3,2"
"4325","Pump.Flow.Based.PAA.Dose + Secondary.Effluent.Flow + N..Basin.Outfall + CODds..mg.L. + SACto..1.m. + NSEC.Effluent.NO3",0.153801379436916,0.81680952237946,"3,2"
"4326","Pump.Flow.Based.PAA.Dose + Secondary.Effluent.Flow + N..Basin.Outfall + CODds..mg.L. + SACto..1.m. + NSEC.Effluent.OP",0.178408291362137,0.81859712293657,"3,2"
"4327","Pump.Flow.Based.PAA.Dose + Secondary.Effluent.Flow + N..Basin.Outfall + CODds..mg.L. + SACto..1.m. + NSEC.Effluent.TSS",0.113434386409967,0.806932382877944,"3,2"
"4328","Pump.Flow.Based.PAA.Dose + Secondary.Effluent.Flow + N..Basin.Outfall + CODds..mg.L. + SACto..1.m. + NSEC.Effluent.NO5",0.181659192216324,0.823099893453258,"3,2"
"4329","Pump.Flow.Based.PAA.Dose + Secondary.Effluent.Flow + N..Basin.Outfall + CODds..mg.L. + SACto..1.m. + NSEC.Effluent.Flow",0.241110487223988,0.828814027684777,"3,2"
"4330","Pump.Flow.Based.PAA.Dose + Secondary.Effluent.Flow + N..Basin.Outfall + CODds..mg.L. + NSEC.Aerobic.SRT + NSEC.Effluent.NH3",0.274981541232297,0.82062395796908,"3,2"
"4331","Pump.Flow.Based.PAA.Dose + Secondary.Effluent.Flow + N..Basin.Outfall + CODds..mg.L. + NSEC.Aerobic.SRT + NSEC.Effluent.NO3",0.294950094598097,0.828324236846585,"3,2"
"4332","Pump.Flow.Based.PAA.Dose + Secondary.Effluent.Flow + N..Basin.Outfall + CODds..mg.L. + NSEC.Aerobic.SRT + NSEC.Effluent.OP",0.221544621585509,0.825540430790906,"3,2"
"4333","Pump.Flow.Based.PAA.Dose + Secondary.Effluent.Flow + N..Basin.Outfall + CODds..mg.L. + NSEC.Aerobic.SRT + NSEC.Effluent.TSS",0.287195028025504,0.824226679781684,"3,2"
"4334","Pump.Flow.Based.PAA.Dose + Secondary.Effluent.Flow + N..Basin.Outfall + CODds..mg.L. + NSEC.Aerobic.SRT + NSEC.Effluent.NO5",0.137724417018541,0.844601087096395,"3,2"
"4335","Pump.Flow.Based.PAA.Dose + Secondary.Effluent.Flow + N..Basin.Outfall + CODds..mg.L. + NSEC.Aerobic.SRT + NSEC.Effluent.Flow",0.120629193554686,0.798214140099937,"3,2"
"4336","Pump.Flow.Based.PAA.Dose + Secondary.Effluent.Flow + N..Basin.Outfall + CODds..mg.L. + NSEC.Effluent.NH3 + NSEC.Effluent.NO3",0.264008734989759,0.794868670565157,"3,2"
"4337","Pump.Flow.Based.PAA.Dose + Secondary.Effluent.Flow + N..Basin.Outfall + CODds..mg.L. + NSEC.Effluent.NH3 + NSEC.Effluent.OP",0.250690895064062,0.807872660497863,"3,2"
"4338","Pump.Flow.Based.PAA.Dose + Secondary.Effluent.Flow + N..Basin.Outfall + CODds..mg.L. + NSEC.Effluent.NH3 + NSEC.Effluent.TSS",0.19342640271583,0.823325024208336,"3,2"
"4339","Pump.Flow.Based.PAA.Dose + Secondary.Effluent.Flow + N..Basin.Outfall + CODds..mg.L. + NSEC.Effluent.NH3 + NSEC.Effluent.NO5",0.272965004474142,0.814264670633934,"3,2"
"4340","Pump.Flow.Based.PAA.Dose + Secondary.Effluent.Flow + N..Basin.Outfall + CODds..mg.L. + NSEC.Effluent.NH3 + NSEC.Effluent.Flow",0.292772141110409,0.796645045672087,"3,2"
"4341","Pump.Flow.Based.PAA.Dose + Secondary.Effluent.Flow + N..Basin.Outfall + CODds..mg.L. + NSEC.Effluent.NO3 + NSEC.Effluent.OP",0.294447119984814,0.792781106017023,"3,2"
"4342","Pump.Flow.Based.PAA.Dose + Secondary.Effluent.Flow + N..Basin.Outfall + CODds..mg.L. + NSEC.Effluent.NO3 + NSEC.Effluent.TSS",0.21147926155425,0.83223607498504,"3,2"
"4343","Pump.Flow.Based.PAA.Dose + Secondary.Effluent.Flow + N..Basin.Outfall + CODds..mg.L. + NSEC.Effluent.NO3 + NSEC.Effluent.NO5",0.210273124297208,0.817747325667516,"3,2"
"4344","Pump.Flow.Based.PAA.Dose + Secondary.Effluent.Flow + N..Basin.Outfall + CODds..mg.L. + NSEC.Effluent.NO3 + NSEC.Effluent.Flow",0.296811448791179,0.802323702368706,"3,2"
"4345","Pump.Flow.Based.PAA.Dose + Secondary.Effluent.Flow + N..Basin.Outfall + CODds..mg.L. + NSEC.Effluent.OP + NSEC.Effluent.TSS",0.261900879923968,0.837438100041367,"3,2"
"4346","Pump.Flow.Based.PAA.Dose + Secondary.Effluent.Flow + N..Basin.Outfall + CODds..mg.L. + NSEC.Effluent.OP + NSEC.Effluent.NO5",0.29054773547481,0.83088477057395,"3,2"
"4347","Pump.Flow.Based.PAA.Dose + Secondary.Effluent.Flow + N..Basin.Outfall + CODds..mg.L. + NSEC.Effluent.OP + NSEC.Effluent.Flow",0.255830406693511,0.788660303200478,"3,2"
"4348","Pump.Flow.Based.PAA.Dose + Secondary.Effluent.Flow + N..Basin.Outfall + CODds..mg.L. + NSEC.Effluent.TSS + NSEC.Effluent.NO5",0.172912335068054,0.81288128171908,"3,2"
"4349","Pump.Flow.Based.PAA.Dose + Secondary.Effluent.Flow + N..Basin.Outfall + CODds..mg.L. + NSEC.Effluent.TSS + NSEC.Effluent.Flow",0.209282528778637,0.804103101473305,"3,2"
"4350","Pump.Flow.Based.PAA.Dose + Secondary.Effluent.Flow + N..Basin.Outfall + CODds..mg.L. + NSEC.Effluent.NO5 + NSEC.Effluent.Flow",0.304351588752876,0.79403646294072,"3,2"
"4351","Pump.Flow.Based.PAA.Dose + Secondary.Effluent.Flow + N..Basin.Outfall + SACto..1.m. + NSEC.Aerobic.SRT + NSEC.Effluent.NH3",0.252552441586852,0.818607985928407,"3,2"
"4352","Pump.Flow.Based.PAA.Dose + Secondary.Effluent.Flow + N..Basin.Outfall + SACto..1.m. + NSEC.Aerobic.SRT + NSEC.Effluent.NO3",0.238771359142353,0.83512292079416,"3,2"
"4353","Pump.Flow.Based.PAA.Dose + Secondary.Effluent.Flow + N..Basin.Outfall + SACto..1.m. + NSEC.Aerobic.SRT + NSEC.Effluent.OP",0.225375713282017,0.835528630101469,"3,2"
"4354","Pump.Flow.Based.PAA.Dose + Secondary.Effluent.Flow + N..Basin.Outfall + SACto..1.m. + NSEC.Aerobic.SRT + NSEC.Effluent.TSS",0.231084108702022,0.819640880959051,"3,2"
"4355","Pump.Flow.Based.PAA.Dose + Secondary.Effluent.Flow + N..Basin.Outfall + SACto..1.m. + NSEC.Aerobic.SRT + NSEC.Effluent.NO5",0.215278321418798,0.838786759040533,"3,2"
"4356","Pump.Flow.Based.PAA.Dose + Secondary.Effluent.Flow + N..Basin.Outfall + SACto..1.m. + NSEC.Aerobic.SRT + NSEC.Effluent.Flow",0.184044318833365,0.818822844918988,"3,2"
"4357","Pump.Flow.Based.PAA.Dose + Secondary.Effluent.Flow + N..Basin.Outfall + SACto..1.m. + NSEC.Effluent.NH3 + NSEC.Effluent.NO3",0.174656525512188,0.799371987783186,"3,2"
"4358","Pump.Flow.Based.PAA.Dose + Secondary.Effluent.Flow + N..Basin.Outfall + SACto..1.m. + NSEC.Effluent.NH3 + NSEC.Effluent.OP",0.173781043445659,0.792353000289933,"3,2"
"4359","Pump.Flow.Based.PAA.Dose + Secondary.Effluent.Flow + N..Basin.Outfall + SACto..1.m. + NSEC.Effluent.NH3 + NSEC.Effluent.TSS",0.228654146509552,0.822897497021352,"3,2"
"4360","Pump.Flow.Based.PAA.Dose + Secondary.Effluent.Flow + N..Basin.Outfall + SACto..1.m. + NSEC.Effluent.NH3 + NSEC.Effluent.NO5",0.233720209657105,0.804057943316835,"3,2"
"4361","Pump.Flow.Based.PAA.Dose + Secondary.Effluent.Flow + N..Basin.Outfall + SACto..1.m. + NSEC.Effluent.NH3 + NSEC.Effluent.Flow",0.218948699631383,0.801845224418742,"3,2"
"4362","Pump.Flow.Based.PAA.Dose + Secondary.Effluent.Flow + N..Basin.Outfall + SACto..1.m. + NSEC.Effluent.NO3 + NSEC.Effluent.OP",0.187818072882323,0.801542760405521,"3,2"
"4363","Pump.Flow.Based.PAA.Dose + Secondary.Effluent.Flow + N..Basin.Outfall + SACto..1.m. + NSEC.Effluent.NO3 + NSEC.Effluent.TSS",0.230991293901169,0.835513811945767,"3,2"
"4364","Pump.Flow.Based.PAA.Dose + Secondary.Effluent.Flow + N..Basin.Outfall + SACto..1.m. + NSEC.Effluent.NO3 + NSEC.Effluent.NO5",0.2677975973972,0.820118399710372,"3,2"
"4365","Pump.Flow.Based.PAA.Dose + Secondary.Effluent.Flow + N..Basin.Outfall + SACto..1.m. + NSEC.Effluent.NO3 + NSEC.Effluent.Flow",0.21522537470825,0.80608757276596,"3,2"
"4366","Pump.Flow.Based.PAA.Dose + Secondary.Effluent.Flow + N..Basin.Outfall + SACto..1.m. + NSEC.Effluent.OP + NSEC.Effluent.TSS",0.193288155805475,0.82130228694529,"3,2"
"4367","Pump.Flow.Based.PAA.Dose + Secondary.Effluent.Flow + N..Basin.Outfall + SACto..1.m. + NSEC.Effluent.OP + NSEC.Effluent.NO5",0.189190506574198,0.817877835725454,"3,2"
"4368","Pump.Flow.Based.PAA.Dose + Secondary.Effluent.Flow + N..Basin.Outfall + SACto..1.m. + NSEC.Effluent.OP + NSEC.Effluent.Flow",0.177851604254469,0.794455798214197,"3,2"
"4369","Pump.Flow.Based.PAA.Dose + Secondary.Effluent.Flow + N..Basin.Outfall + SACto..1.m. + NSEC.Effluent.TSS + NSEC.Effluent.NO5",0.175070604791331,0.806069341365079,"3,2"
"4370","Pump.Flow.Based.PAA.Dose + Secondary.Effluent.Flow + N..Basin.Outfall + SACto..1.m. + NSEC.Effluent.TSS + NSEC.Effluent.Flow",0.223102033665885,0.819833322168685,"3,2"
"4371","Pump.Flow.Based.PAA.Dose + Secondary.Effluent.Flow + N..Basin.Outfall + SACto..1.m. + NSEC.Effluent.NO5 + NSEC.Effluent.Flow",0.162916021901,0.80210413218954,"3,2"
"4372","Pump.Flow.Based.PAA.Dose + Secondary.Effluent.Flow + N..Basin.Outfall + NSEC.Aerobic.SRT + NSEC.Effluent.NH3 + NSEC.Effluent.NO3",0.167244768775131,0.804977031683387,"3,2"
"4373","Pump.Flow.Based.PAA.Dose + Secondary.Effluent.Flow + N..Basin.Outfall + NSEC.Aerobic.SRT + NSEC.Effluent.NH3 + NSEC.Effluent.OP",0.267976529223231,0.818508507605928,"3,2"
"4374","Pump.Flow.Based.PAA.Dose + Secondary.Effluent.Flow + N..Basin.Outfall + NSEC.Aerobic.SRT + NSEC.Effluent.NH3 + NSEC.Effluent.TSS",0.142148228967379,0.833842234872032,"3,2"
"4375","Pump.Flow.Based.PAA.Dose + Secondary.Effluent.Flow + N..Basin.Outfall + NSEC.Aerobic.SRT + NSEC.Effluent.NH3 + NSEC.Effluent.NO5",0.323859894405716,0.828287309306696,"3,2"
"4376","Pump.Flow.Based.PAA.Dose + Secondary.Effluent.Flow + N..Basin.Outfall + NSEC.Aerobic.SRT + NSEC.Effluent.NH3 + NSEC.Effluent.Flow",0.265155965469289,0.812670038261529,"3,2"
"4377","Pump.Flow.Based.PAA.Dose + Secondary.Effluent.Flow + N..Basin.Outfall + NSEC.Aerobic.SRT + NSEC.Effluent.NO3 + NSEC.Effluent.OP",0.326860771673325,0.825427599668584,"3,2"
"4378","Pump.Flow.Based.PAA.Dose + Secondary.Effluent.Flow + N..Basin.Outfall + NSEC.Aerobic.SRT + NSEC.Effluent.NO3 + NSEC.Effluent.TSS",0.192158189532198,0.809830009094391,"3,2"
"4379","Pump.Flow.Based.PAA.Dose + Secondary.Effluent.Flow + N..Basin.Outfall + NSEC.Aerobic.SRT + NSEC.Effluent.NO3 + NSEC.Effluent.NO5",0.26319532836683,0.829167703266214,"3,2"
"4380","Pump.Flow.Based.PAA.Dose + Secondary.Effluent.Flow + N..Basin.Outfall + NSEC.Aerobic.SRT + NSEC.Effluent.NO3 + NSEC.Effluent.Flow",0.32501821218368,0.818011874184315,"3,2"
"4381","Pump.Flow.Based.PAA.Dose + Secondary.Effluent.Flow + N..Basin.Outfall + NSEC.Aerobic.SRT + NSEC.Effluent.OP + NSEC.Effluent.TSS",0.277282406150978,0.816981086600119,"3,2"
"4382","Pump.Flow.Based.PAA.Dose + Secondary.Effluent.Flow + N..Basin.Outfall + NSEC.Aerobic.SRT + NSEC.Effluent.OP + NSEC.Effluent.NO5",0.236787628073703,0.84932189979674,"3,2"
"4383","Pump.Flow.Based.PAA.Dose + Secondary.Effluent.Flow + N..Basin.Outfall + NSEC.Aerobic.SRT + NSEC.Effluent.OP + NSEC.Effluent.Flow",0.256949151407095,0.811348959463415,"3,2"
"4384","Pump.Flow.Based.PAA.Dose + Secondary.Effluent.Flow + N..Basin.Outfall + NSEC.Aerobic.SRT + NSEC.Effluent.TSS + NSEC.Effluent.NO5",0.284989802862146,0.82067495042797,"3,2"
"4385","Pump.Flow.Based.PAA.Dose + Secondary.Effluent.Flow + N..Basin.Outfall + NSEC.Aerobic.SRT + NSEC.Effluent.TSS + NSEC.Effluent.Flow",0.272631387813743,0.808342676030748,"3,2"
"4386","Pump.Flow.Based.PAA.Dose + Secondary.Effluent.Flow + N..Basin.Outfall + NSEC.Aerobic.SRT + NSEC.Effluent.NO5 + NSEC.Effluent.Flow",0.33044456246225,0.819635407820411,"3,2"
"4387","Pump.Flow.Based.PAA.Dose + Secondary.Effluent.Flow + N..Basin.Outfall + NSEC.Effluent.NH3 + NSEC.Effluent.NO3 + NSEC.Effluent.OP",0.29175215504244,0.774673804665583,"3,2"
"4388","Pump.Flow.Based.PAA.Dose + Secondary.Effluent.Flow + N..Basin.Outfall + NSEC.Effluent.NH3 + NSEC.Effluent.NO3 + NSEC.Effluent.TSS",0.263915393426037,0.816266095324239,"3,2"
"4389","Pump.Flow.Based.PAA.Dose + Secondary.Effluent.Flow + N..Basin.Outfall + NSEC.Effluent.NH3 + NSEC.Effluent.NO3 + NSEC.Effluent.NO5",0.201889759212369,0.816410292444299,"3,2"
"4390","Pump.Flow.Based.PAA.Dose + Secondary.Effluent.Flow + N..Basin.Outfall + NSEC.Effluent.NH3 + NSEC.Effluent.NO3 + NSEC.Effluent.Flow",0.267145420365256,0.794285156188731,"3,2"
"4391","Pump.Flow.Based.PAA.Dose + Secondary.Effluent.Flow + N..Basin.Outfall + NSEC.Effluent.NH3 + NSEC.Effluent.OP + NSEC.Effluent.TSS",0.218529093740263,0.793213217933007,"3,2"
"4392","Pump.Flow.Based.PAA.Dose + Secondary.Effluent.Flow + N..Basin.Outfall + NSEC.Effluent.NH3 + NSEC.Effluent.OP + NSEC.Effluent.NO5",0.265702248913767,0.822904244716842,"3,2"
"4393","Pump.Flow.Based.PAA.Dose + Secondary.Effluent.Flow + N..Basin.Outfall + NSEC.Effluent.NH3 + NSEC.Effluent.OP + NSEC.Effluent.Flow",0.24523838407663,0.834315754265159,"3,2"
"4394","Pump.Flow.Based.PAA.Dose + Secondary.Effluent.Flow + N..Basin.Outfall + NSEC.Effluent.NH3 + NSEC.Effluent.TSS + NSEC.Effluent.NO5",0.296175284479017,0.820535841941059,"3,2"
"4395","Pump.Flow.Based.PAA.Dose + Secondary.Effluent.Flow + N..Basin.Outfall + NSEC.Effluent.NH3 + NSEC.Effluent.TSS + NSEC.Effluent.Flow",0.234172696472758,0.796163448033984,"3,2"
"4396","Pump.Flow.Based.PAA.Dose + Secondary.Effluent.Flow + N..Basin.Outfall + NSEC.Effluent.NH3 + NSEC.Effluent.NO5 + NSEC.Effluent.Flow",0.287086339838809,0.779323463589474,"3,2"
"4397","Pump.Flow.Based.PAA.Dose + Secondary.Effluent.Flow + N..Basin.Outfall + NSEC.Effluent.NO3 + NSEC.Effluent.OP + NSEC.Effluent.TSS",0.250371813679875,0.809952493541189,"3,2"
"4398","Pump.Flow.Based.PAA.Dose + Secondary.Effluent.Flow + N..Basin.Outfall + NSEC.Effluent.NO3 + NSEC.Effluent.OP + NSEC.Effluent.NO5",0.199359777533792,0.823430974473875,"3,2"
"4399","Pump.Flow.Based.PAA.Dose + Secondary.Effluent.Flow + N..Basin.Outfall + NSEC.Effluent.NO3 + NSEC.Effluent.OP + NSEC.Effluent.Flow",0.292092881193118,0.806158969864759,"3,2"
"4400","Pump.Flow.Based.PAA.Dose + Secondary.Effluent.Flow + N..Basin.Outfall + NSEC.Effluent.NO3 + NSEC.Effluent.TSS + NSEC.Effluent.NO5",0.191264165489183,0.823295926696833,"3,2"
"4401","Pump.Flow.Based.PAA.Dose + Secondary.Effluent.Flow + N..Basin.Outfall + NSEC.Effluent.NO3 + NSEC.Effluent.TSS + NSEC.Effluent.Flow",0.244847362304188,0.834055952578834,"3,2"
"4402","Pump.Flow.Based.PAA.Dose + Secondary.Effluent.Flow + N..Basin.Outfall + NSEC.Effluent.NO3 + NSEC.Effluent.NO5 + NSEC.Effluent.Flow",0.173057683620149,0.822772307988824,"3,2"
"4403","Pump.Flow.Based.PAA.Dose + Secondary.Effluent.Flow + N..Basin.Outfall + NSEC.Effluent.OP + NSEC.Effluent.TSS + NSEC.Effluent.NO5",0.246532294826887,0.823648665176019,"3,2"
"4404","Pump.Flow.Based.PAA.Dose + Secondary.Effluent.Flow + N..Basin.Outfall + NSEC.Effluent.OP + NSEC.Effluent.TSS + NSEC.Effluent.Flow",0.258916936582644,0.82170198322336,"3,2"
"4405","Pump.Flow.Based.PAA.Dose + Secondary.Effluent.Flow + N..Basin.Outfall + NSEC.Effluent.OP + NSEC.Effluent.NO5 + NSEC.Effluent.Flow",0.216546297776909,0.819587352655577,"3,2"
"4406","Pump.Flow.Based.PAA.Dose + Secondary.Effluent.Flow + N..Basin.Outfall + NSEC.Effluent.TSS + NSEC.Effluent.NO5 + NSEC.Effluent.Flow",0.286774515185848,0.831022379844435,"3,2"
"4407","Pump.Flow.Based.PAA.Dose + Secondary.Effluent.Flow + CODto..mg.L. + TSS..mg.L. + UVT.... + CODds..mg.L.",0.130622468964693,0.813517572881502,"3,2"
"4408","Pump.Flow.Based.PAA.Dose + Secondary.Effluent.Flow + CODto..mg.L. + TSS..mg.L. + UVT.... + SACto..1.m.",0.155367374027036,0.798365576745604,"3,2"
"4409","Pump.Flow.Based.PAA.Dose + Secondary.Effluent.Flow + CODto..mg.L. + TSS..mg.L. + UVT.... + NSEC.Aerobic.SRT",0.186753964381104,0.811462054612851,"3,2"
"4410","Pump.Flow.Based.PAA.Dose + Secondary.Effluent.Flow + CODto..mg.L. + TSS..mg.L. + UVT.... + NSEC.Effluent.NH3",0.143321074028311,0.809753660519637,"3,2"
"4411","Pump.Flow.Based.PAA.Dose + Secondary.Effluent.Flow + CODto..mg.L. + TSS..mg.L. + UVT.... + NSEC.Effluent.NO3",0.130116315144213,0.806821045924604,"3,2"
"4412","Pump.Flow.Based.PAA.Dose + Secondary.Effluent.Flow + CODto..mg.L. + TSS..mg.L. + UVT.... + NSEC.Effluent.OP",0.163752227798422,0.806978911792127,"3,2"
"4413","Pump.Flow.Based.PAA.Dose + Secondary.Effluent.Flow + CODto..mg.L. + TSS..mg.L. + UVT.... + NSEC.Effluent.TSS",0.222050699493909,0.856829331109869,"3,2"
"4414","Pump.Flow.Based.PAA.Dose + Secondary.Effluent.Flow + CODto..mg.L. + TSS..mg.L. + UVT.... + NSEC.Effluent.NO5",0.20425885816694,0.823424648075543,"3,2"
"4415","Pump.Flow.Based.PAA.Dose + Secondary.Effluent.Flow + CODto..mg.L. + TSS..mg.L. + UVT.... + NSEC.Effluent.Flow",0.158290954974513,0.792354552481746,"3,2"
"4416","Pump.Flow.Based.PAA.Dose + Secondary.Effluent.Flow + CODto..mg.L. + TSS..mg.L. + CODds..mg.L. + SACto..1.m.",0.0895593522394638,0.808064603011896,"3,2"
"4417","Pump.Flow.Based.PAA.Dose + Secondary.Effluent.Flow + CODto..mg.L. + TSS..mg.L. + CODds..mg.L. + NSEC.Aerobic.SRT",0.0220634772193578,0.829002736978887,"3,2"
"4418","Pump.Flow.Based.PAA.Dose + Secondary.Effluent.Flow + CODto..mg.L. + TSS..mg.L. + CODds..mg.L. + NSEC.Effluent.NH3",0.094956303891863,0.804892772190591,"3,2"
"4419","Pump.Flow.Based.PAA.Dose + Secondary.Effluent.Flow + CODto..mg.L. + TSS..mg.L. + CODds..mg.L. + NSEC.Effluent.NO3",0.267700142070443,0.825062073823272,"3,2"
"4420","Pump.Flow.Based.PAA.Dose + Secondary.Effluent.Flow + CODto..mg.L. + TSS..mg.L. + CODds..mg.L. + NSEC.Effluent.OP",0.160735229442748,0.811385006159501,"3,2"
"4421","Pump.Flow.Based.PAA.Dose + Secondary.Effluent.Flow + CODto..mg.L. + TSS..mg.L. + CODds..mg.L. + NSEC.Effluent.TSS",0.113412794825388,0.847019803768907,"3,2"
"4422","Pump.Flow.Based.PAA.Dose + Secondary.Effluent.Flow + CODto..mg.L. + TSS..mg.L. + CODds..mg.L. + NSEC.Effluent.NO5",0.148671941977825,0.820621099613835,"3,2"
"4423","Pump.Flow.Based.PAA.Dose + Secondary.Effluent.Flow + CODto..mg.L. + TSS..mg.L. + CODds..mg.L. + NSEC.Effluent.Flow",0.0854030446366305,0.812640150647446,"3,2"
"4424","Pump.Flow.Based.PAA.Dose + Secondary.Effluent.Flow + CODto..mg.L. + TSS..mg.L. + SACto..1.m. + NSEC.Aerobic.SRT",0.178668261108456,0.85035520251592,"3,2"
"4425","Pump.Flow.Based.PAA.Dose + Secondary.Effluent.Flow + CODto..mg.L. + TSS..mg.L. + SACto..1.m. + NSEC.Effluent.NH3",0.125654647779677,0.806643438671092,"3,2"
"4426","Pump.Flow.Based.PAA.Dose + Secondary.Effluent.Flow + CODto..mg.L. + TSS..mg.L. + SACto..1.m. + NSEC.Effluent.NO3",0.207119386473088,0.80545476087616,"3,2"
"4427","Pump.Flow.Based.PAA.Dose + Secondary.Effluent.Flow + CODto..mg.L. + TSS..mg.L. + SACto..1.m. + NSEC.Effluent.OP",0.118434571182391,0.80012062472191,"3,2"
"4428","Pump.Flow.Based.PAA.Dose + Secondary.Effluent.Flow + CODto..mg.L. + TSS..mg.L. + SACto..1.m. + NSEC.Effluent.TSS",0.168589911098143,0.828279829171718,"3,2"
"4429","Pump.Flow.Based.PAA.Dose + Secondary.Effluent.Flow + CODto..mg.L. + TSS..mg.L. + SACto..1.m. + NSEC.Effluent.NO5",0.114800267692172,0.796725620763625,"3,2"
"4430","Pump.Flow.Based.PAA.Dose + Secondary.Effluent.Flow + CODto..mg.L. + TSS..mg.L. + SACto..1.m. + NSEC.Effluent.Flow",0.127924613851768,0.801763961506304,"3,2"
"4431","Pump.Flow.Based.PAA.Dose + Secondary.Effluent.Flow + CODto..mg.L. + TSS..mg.L. + NSEC.Aerobic.SRT + NSEC.Effluent.NH3",0.0611817879381591,0.831075169636892,"3,2"
"4432","Pump.Flow.Based.PAA.Dose + Secondary.Effluent.Flow + CODto..mg.L. + TSS..mg.L. + NSEC.Aerobic.SRT + NSEC.Effluent.NO3",0.173385168096171,0.835524676470154,"3,2"
"4433","Pump.Flow.Based.PAA.Dose + Secondary.Effluent.Flow + CODto..mg.L. + TSS..mg.L. + NSEC.Aerobic.SRT + NSEC.Effluent.OP",0.127282856918124,0.857509706363324,"3,2"
"4434","Pump.Flow.Based.PAA.Dose + Secondary.Effluent.Flow + CODto..mg.L. + TSS..mg.L. + NSEC.Aerobic.SRT + NSEC.Effluent.TSS",0.103010004148753,0.852575693080733,"3,2"
"4435","Pump.Flow.Based.PAA.Dose + Secondary.Effluent.Flow + CODto..mg.L. + TSS..mg.L. + NSEC.Aerobic.SRT + NSEC.Effluent.NO5",0.217577349629131,0.847137246236985,"3,2"
"4436","Pump.Flow.Based.PAA.Dose + Secondary.Effluent.Flow + CODto..mg.L. + TSS..mg.L. + NSEC.Aerobic.SRT + NSEC.Effluent.Flow",0.199703284259909,0.812845832736788,"3,2"
"4437","Pump.Flow.Based.PAA.Dose + Secondary.Effluent.Flow + CODto..mg.L. + TSS..mg.L. + NSEC.Effluent.NH3 + NSEC.Effluent.NO3",0.157072447099597,0.843710715237243,"3,2"
"4438","Pump.Flow.Based.PAA.Dose + Secondary.Effluent.Flow + CODto..mg.L. + TSS..mg.L. + NSEC.Effluent.NH3 + NSEC.Effluent.OP",0.118974951217754,0.808481011066795,"3,2"
"4439","Pump.Flow.Based.PAA.Dose + Secondary.Effluent.Flow + CODto..mg.L. + TSS..mg.L. + NSEC.Effluent.NH3 + NSEC.Effluent.TSS",0.236023283334571,0.818971571171957,"3,2"
"4440","Pump.Flow.Based.PAA.Dose + Secondary.Effluent.Flow + CODto..mg.L. + TSS..mg.L. + NSEC.Effluent.NH3 + NSEC.Effluent.NO5",0.193431786551714,0.840735143400924,"3,2"
"4441","Pump.Flow.Based.PAA.Dose + Secondary.Effluent.Flow + CODto..mg.L. + TSS..mg.L. + NSEC.Effluent.NH3 + NSEC.Effluent.Flow",0.268596729442569,0.81802584373718,"3,2"
"4442","Pump.Flow.Based.PAA.Dose + Secondary.Effluent.Flow + CODto..mg.L. + TSS..mg.L. + NSEC.Effluent.NO3 + NSEC.Effluent.OP",0.155887033993295,0.801257648569183,"3,2"
"4443","Pump.Flow.Based.PAA.Dose + Secondary.Effluent.Flow + CODto..mg.L. + TSS..mg.L. + NSEC.Effluent.NO3 + NSEC.Effluent.TSS",0.267515962690026,0.859883932390743,"3,2"
"4444","Pump.Flow.Based.PAA.Dose + Secondary.Effluent.Flow + CODto..mg.L. + TSS..mg.L. + NSEC.Effluent.NO3 + NSEC.Effluent.NO5",0.14741462807155,0.835354685417204,"3,2"
"4445","Pump.Flow.Based.PAA.Dose + Secondary.Effluent.Flow + CODto..mg.L. + TSS..mg.L. + NSEC.Effluent.NO3 + NSEC.Effluent.Flow",0.334242275552628,0.836126282871996,"3,2"
"4446","Pump.Flow.Based.PAA.Dose + Secondary.Effluent.Flow + CODto..mg.L. + TSS..mg.L. + NSEC.Effluent.OP + NSEC.Effluent.TSS",0.1101094944405,0.839446358056319,"3,2"
"4447","Pump.Flow.Based.PAA.Dose + Secondary.Effluent.Flow + CODto..mg.L. + TSS..mg.L. + NSEC.Effluent.OP + NSEC.Effluent.NO5",0.196167449533231,0.809816412666923,"3,2"
"4448","Pump.Flow.Based.PAA.Dose + Secondary.Effluent.Flow + CODto..mg.L. + TSS..mg.L. + NSEC.Effluent.OP + NSEC.Effluent.Flow",0.167972983849856,0.791951655447321,"3,2"
"4449","Pump.Flow.Based.PAA.Dose + Secondary.Effluent.Flow + CODto..mg.L. + TSS..mg.L. + NSEC.Effluent.TSS + NSEC.Effluent.NO5",0.151639814007587,0.816015168809793,"3,2"
"4450","Pump.Flow.Based.PAA.Dose + Secondary.Effluent.Flow + CODto..mg.L. + TSS..mg.L. + NSEC.Effluent.TSS + NSEC.Effluent.Flow",0.187834818697641,0.826027475326069,"3,2"
"4451","Pump.Flow.Based.PAA.Dose + Secondary.Effluent.Flow + CODto..mg.L. + TSS..mg.L. + NSEC.Effluent.NO5 + NSEC.Effluent.Flow",0.165771828871736,0.806908312900831,"3,2"
"4452","Pump.Flow.Based.PAA.Dose + Secondary.Effluent.Flow + CODto..mg.L. + UVT.... + CODds..mg.L. + SACto..1.m.",0.315020778226376,0.815249815208839,"3,2"
"4453","Pump.Flow.Based.PAA.Dose + Secondary.Effluent.Flow + CODto..mg.L. + UVT.... + CODds..mg.L. + NSEC.Aerobic.SRT",0.038705081264248,0.803486310929772,"3,2"
"4454","Pump.Flow.Based.PAA.Dose + Secondary.Effluent.Flow + CODto..mg.L. + UVT.... + CODds..mg.L. + NSEC.Effluent.NH3",0.0655468118948574,0.808254540671598,"3,2"
"4455","Pump.Flow.Based.PAA.Dose + Secondary.Effluent.Flow + CODto..mg.L. + UVT.... + CODds..mg.L. + NSEC.Effluent.NO3",0.3157529133696,0.834637863470637,"3,2"
"4456","Pump.Flow.Based.PAA.Dose + Secondary.Effluent.Flow + CODto..mg.L. + UVT.... + CODds..mg.L. + NSEC.Effluent.OP",0.0904439167969993,0.79883762013003,"3,2"
"4457","Pump.Flow.Based.PAA.Dose + Secondary.Effluent.Flow + CODto..mg.L. + UVT.... + CODds..mg.L. + NSEC.Effluent.TSS",0.13475291018073,0.816627785164018,"3,2"
"4458","Pump.Flow.Based.PAA.Dose + Secondary.Effluent.Flow + CODto..mg.L. + UVT.... + CODds..mg.L. + NSEC.Effluent.NO5",0.223951318089129,0.818531603334008,"3,2"
"4459","Pump.Flow.Based.PAA.Dose + Secondary.Effluent.Flow + CODto..mg.L. + UVT.... + CODds..mg.L. + NSEC.Effluent.Flow",0.089746681345406,0.803379148161722,"3,2"
"4460","Pump.Flow.Based.PAA.Dose + Secondary.Effluent.Flow + CODto..mg.L. + UVT.... + SACto..1.m. + NSEC.Aerobic.SRT",0.257290323688237,0.833709569197689,"3,2"
"4461","Pump.Flow.Based.PAA.Dose + Secondary.Effluent.Flow + CODto..mg.L. + UVT.... + SACto..1.m. + NSEC.Effluent.NH3",0.146609684699758,0.80825328086365,"3,2"
"4462","Pump.Flow.Based.PAA.Dose + Secondary.Effluent.Flow + CODto..mg.L. + UVT.... + SACto..1.m. + NSEC.Effluent.NO3",0.164658876372674,0.809509430668775,"3,2"
"4463","Pump.Flow.Based.PAA.Dose + Secondary.Effluent.Flow + CODto..mg.L. + UVT.... + SACto..1.m. + NSEC.Effluent.OP",0.197226999197195,0.804705358984399,"3,2"
"4464","Pump.Flow.Based.PAA.Dose + Secondary.Effluent.Flow + CODto..mg.L. + UVT.... + SACto..1.m. + NSEC.Effluent.TSS",0.16299213496515,0.809953332358096,"3,2"
"4465","Pump.Flow.Based.PAA.Dose + Secondary.Effluent.Flow + CODto..mg.L. + UVT.... + SACto..1.m. + NSEC.Effluent.NO5",0.189782322222944,0.791639097324885,"3,2"
"4466","Pump.Flow.Based.PAA.Dose + Secondary.Effluent.Flow + CODto..mg.L. + UVT.... + SACto..1.m. + NSEC.Effluent.Flow",0.188153634623313,0.793529089851922,"3,2"
"4467","Pump.Flow.Based.PAA.Dose + Secondary.Effluent.Flow + CODto..mg.L. + UVT.... + NSEC.Aerobic.SRT + NSEC.Effluent.NH3",0.255921972350143,0.823302320752292,"3,2"
"4468","Pump.Flow.Based.PAA.Dose + Secondary.Effluent.Flow + CODto..mg.L. + UVT.... + NSEC.Aerobic.SRT + NSEC.Effluent.NO3",0.260593585916082,0.852270800481277,"3,2"
"4469","Pump.Flow.Based.PAA.Dose + Secondary.Effluent.Flow + CODto..mg.L. + UVT.... + NSEC.Aerobic.SRT + NSEC.Effluent.OP",0.222396991017495,0.849764864587813,"3,2"
"4470","Pump.Flow.Based.PAA.Dose + Secondary.Effluent.Flow + CODto..mg.L. + UVT.... + NSEC.Aerobic.SRT + NSEC.Effluent.TSS",0.171827074103812,0.802990188187839,"3,2"
"4471","Pump.Flow.Based.PAA.Dose + Secondary.Effluent.Flow + CODto..mg.L. + UVT.... + NSEC.Aerobic.SRT + NSEC.Effluent.NO5",0.188021749087093,0.847474939169806,"3,2"
"4472","Pump.Flow.Based.PAA.Dose + Secondary.Effluent.Flow + CODto..mg.L. + UVT.... + NSEC.Aerobic.SRT + NSEC.Effluent.Flow",0.282666014984573,0.813420007811079,"3,2"
"4473","Pump.Flow.Based.PAA.Dose + Secondary.Effluent.Flow + CODto..mg.L. + UVT.... + NSEC.Effluent.NH3 + NSEC.Effluent.NO3",0.173658405693377,0.798379994098839,"3,2"
"4474","Pump.Flow.Based.PAA.Dose + Secondary.Effluent.Flow + CODto..mg.L. + UVT.... + NSEC.Effluent.NH3 + NSEC.Effluent.OP",0.131718173096176,0.805554703452425,"3,2"
"4475","Pump.Flow.Based.PAA.Dose + Secondary.Effluent.Flow + CODto..mg.L. + UVT.... + NSEC.Effluent.NH3 + NSEC.Effluent.TSS",0.224302542177523,0.823555071474703,"3,2"
"4476","Pump.Flow.Based.PAA.Dose + Secondary.Effluent.Flow + CODto..mg.L. + UVT.... + NSEC.Effluent.NH3 + NSEC.Effluent.NO5",0.203555664115339,0.821588395479642,"3,2"
"4477","Pump.Flow.Based.PAA.Dose + Secondary.Effluent.Flow + CODto..mg.L. + UVT.... + NSEC.Effluent.NH3 + NSEC.Effluent.Flow",0.258180889100584,0.813360604773474,"3,2"
"4478","Pump.Flow.Based.PAA.Dose + Secondary.Effluent.Flow + CODto..mg.L. + UVT.... + NSEC.Effluent.NO3 + NSEC.Effluent.OP",0.231556440893318,0.8201725399131,"3,2"
"4479","Pump.Flow.Based.PAA.Dose + Secondary.Effluent.Flow + CODto..mg.L. + UVT.... + NSEC.Effluent.NO3 + NSEC.Effluent.TSS",0.270268057178445,0.838204528976594,"3,2"
"4480","Pump.Flow.Based.PAA.Dose + Secondary.Effluent.Flow + CODto..mg.L. + UVT.... + NSEC.Effluent.NO3 + NSEC.Effluent.NO5",0.194749245572314,0.821817635879609,"3,2"
"4481","Pump.Flow.Based.PAA.Dose + Secondary.Effluent.Flow + CODto..mg.L. + UVT.... + NSEC.Effluent.NO3 + NSEC.Effluent.Flow",0.171666955636037,0.792706327355364,"3,2"
"4482","Pump.Flow.Based.PAA.Dose + Secondary.Effluent.Flow + CODto..mg.L. + UVT.... + NSEC.Effluent.OP + NSEC.Effluent.TSS",0.225829689464585,0.842895928451278,"3,2"
"4483","Pump.Flow.Based.PAA.Dose + Secondary.Effluent.Flow + CODto..mg.L. + UVT.... + NSEC.Effluent.OP + NSEC.Effluent.NO5",0.269335206376007,0.816755181706937,"3,2"
"4484","Pump.Flow.Based.PAA.Dose + Secondary.Effluent.Flow + CODto..mg.L. + UVT.... + NSEC.Effluent.OP + NSEC.Effluent.Flow",0.288547694502657,0.806148694908817,"3,2"
"4485","Pump.Flow.Based.PAA.Dose + Secondary.Effluent.Flow + CODto..mg.L. + UVT.... + NSEC.Effluent.TSS + NSEC.Effluent.NO5",0.178518904325231,0.817846889467865,"3,2"
"4486","Pump.Flow.Based.PAA.Dose + Secondary.Effluent.Flow + CODto..mg.L. + UVT.... + NSEC.Effluent.TSS + NSEC.Effluent.Flow",0.310853919927301,0.811335468354859,"3,2"
"4487","Pump.Flow.Based.PAA.Dose + Secondary.Effluent.Flow + CODto..mg.L. + UVT.... + NSEC.Effluent.NO5 + NSEC.Effluent.Flow",0.225837015170487,0.799587006841787,"3,2"
"4488","Pump.Flow.Based.PAA.Dose + Secondary.Effluent.Flow + CODto..mg.L. + CODds..mg.L. + SACto..1.m. + NSEC.Aerobic.SRT",0.130704312864965,0.822132316297718,"3,2"
"4489","Pump.Flow.Based.PAA.Dose + Secondary.Effluent.Flow + CODto..mg.L. + CODds..mg.L. + SACto..1.m. + NSEC.Effluent.NH3",0.2011382669714,0.822964750538622,"3,2"
"4490","Pump.Flow.Based.PAA.Dose + Secondary.Effluent.Flow + CODto..mg.L. + CODds..mg.L. + SACto..1.m. + NSEC.Effluent.NO3",0.122971256968516,0.813293626736908,"3,2"
"4491","Pump.Flow.Based.PAA.Dose + Secondary.Effluent.Flow + CODto..mg.L. + CODds..mg.L. + SACto..1.m. + NSEC.Effluent.OP",0.134995129367768,0.810938830749796,"3,2"
"4492","Pump.Flow.Based.PAA.Dose + Secondary.Effluent.Flow + CODto..mg.L. + CODds..mg.L. + SACto..1.m. + NSEC.Effluent.TSS",0.0766839953492191,0.817906215090184,"3,2"
"4493","Pump.Flow.Based.PAA.Dose + Secondary.Effluent.Flow + CODto..mg.L. + CODds..mg.L. + SACto..1.m. + NSEC.Effluent.NO5",0.10913168076984,0.813923720439978,"3,2"
"4494","Pump.Flow.Based.PAA.Dose + Secondary.Effluent.Flow + CODto..mg.L. + CODds..mg.L. + SACto..1.m. + NSEC.Effluent.Flow",0.17915423311128,0.812392220407843,"3,2"
"4495","Pump.Flow.Based.PAA.Dose + Secondary.Effluent.Flow + CODto..mg.L. + CODds..mg.L. + NSEC.Aerobic.SRT + NSEC.Effluent.NH3",0.0808862320324546,0.814413987455092,"3,2"
"4496","Pump.Flow.Based.PAA.Dose + Secondary.Effluent.Flow + CODto..mg.L. + CODds..mg.L. + NSEC.Aerobic.SRT + NSEC.Effluent.NO3",0.134124979646871,0.824558503997942,"3,2"
"4497","Pump.Flow.Based.PAA.Dose + Secondary.Effluent.Flow + CODto..mg.L. + CODds..mg.L. + NSEC.Aerobic.SRT + NSEC.Effluent.OP",0.192720347049803,0.465488064370312,"3,2"
"4498","Pump.Flow.Based.PAA.Dose + Secondary.Effluent.Flow + CODto..mg.L. + CODds..mg.L. + NSEC.Aerobic.SRT + NSEC.Effluent.TSS",0.258557073054813,0.871947571572385,"3,2"
"4499","Pump.Flow.Based.PAA.Dose + Secondary.Effluent.Flow + CODto..mg.L. + CODds..mg.L. + NSEC.Aerobic.SRT + NSEC.Effluent.NO5",0.181430003938664,0.848625757607149,"3,2"
"4500","Pump.Flow.Based.PAA.Dose + Secondary.Effluent.Flow + CODto..mg.L. + CODds..mg.L. + NSEC.Aerobic.SRT + NSEC.Effluent.Flow",0.13469701122703,0.847527492799905,"3,2"
"4501","Pump.Flow.Based.PAA.Dose + Secondary.Effluent.Flow + CODto..mg.L. + CODds..mg.L. + NSEC.Effluent.NH3 + NSEC.Effluent.NO3",0.0887621985624256,0.800816589580091,"3,2"
"4502","Pump.Flow.Based.PAA.Dose + Secondary.Effluent.Flow + CODto..mg.L. + CODds..mg.L. + NSEC.Effluent.NH3 + NSEC.Effluent.OP",0.221624621928303,0.832530415093867,"3,2"
"4503","Pump.Flow.Based.PAA.Dose + Secondary.Effluent.Flow + CODto..mg.L. + CODds..mg.L. + NSEC.Effluent.NH3 + NSEC.Effluent.TSS",0.194021886567719,0.828561468303947,"3,2"
"4504","Pump.Flow.Based.PAA.Dose + Secondary.Effluent.Flow + CODto..mg.L. + CODds..mg.L. + NSEC.Effluent.NH3 + NSEC.Effluent.NO5",0.109605290398427,0.79771562682744,"3,2"
"4505","Pump.Flow.Based.PAA.Dose + Secondary.Effluent.Flow + CODto..mg.L. + CODds..mg.L. + NSEC.Effluent.NH3 + NSEC.Effluent.Flow",0.127873915266146,0.812604474680864,"3,2"
"4506","Pump.Flow.Based.PAA.Dose + Secondary.Effluent.Flow + CODto..mg.L. + CODds..mg.L. + NSEC.Effluent.NO3 + NSEC.Effluent.OP",0.245195864463006,0.813261559489124,"3,2"
"4507","Pump.Flow.Based.PAA.Dose + Secondary.Effluent.Flow + CODto..mg.L. + CODds..mg.L. + NSEC.Effluent.NO3 + NSEC.Effluent.TSS",0.150087214412157,0.833418064954509,"3,2"
"4508","Pump.Flow.Based.PAA.Dose + Secondary.Effluent.Flow + CODto..mg.L. + CODds..mg.L. + NSEC.Effluent.NO3 + NSEC.Effluent.NO5",0.159891362827903,0.835396263758043,"3,2"
"4509","Pump.Flow.Based.PAA.Dose + Secondary.Effluent.Flow + CODto..mg.L. + CODds..mg.L. + NSEC.Effluent.NO3 + NSEC.Effluent.Flow",0.309924236348736,0.827706727082833,"3,2"
"4510","Pump.Flow.Based.PAA.Dose + Secondary.Effluent.Flow + CODto..mg.L. + CODds..mg.L. + NSEC.Effluent.OP + NSEC.Effluent.TSS",0.185653448263028,0.84361561148197,"3,2"
"4511","Pump.Flow.Based.PAA.Dose + Secondary.Effluent.Flow + CODto..mg.L. + CODds..mg.L. + NSEC.Effluent.OP + NSEC.Effluent.NO5",0.177745035987669,0.822516981902395,"3,2"
"4512","Pump.Flow.Based.PAA.Dose + Secondary.Effluent.Flow + CODto..mg.L. + CODds..mg.L. + NSEC.Effluent.OP + NSEC.Effluent.Flow",0.164548332476955,0.814536275760482,"3,2"
"4513","Pump.Flow.Based.PAA.Dose + Secondary.Effluent.Flow + CODto..mg.L. + CODds..mg.L. + NSEC.Effluent.TSS + NSEC.Effluent.NO5",0.238897212813048,0.827152225533693,"3,2"
"4514","Pump.Flow.Based.PAA.Dose + Secondary.Effluent.Flow + CODto..mg.L. + CODds..mg.L. + NSEC.Effluent.TSS + NSEC.Effluent.Flow",0.101075559180116,0.817512022795968,"3,2"
"4515","Pump.Flow.Based.PAA.Dose + Secondary.Effluent.Flow + CODto..mg.L. + CODds..mg.L. + NSEC.Effluent.NO5 + NSEC.Effluent.Flow",0.161301860893738,0.823339240130432,"3,2"
"4516","Pump.Flow.Based.PAA.Dose + Secondary.Effluent.Flow + CODto..mg.L. + SACto..1.m. + NSEC.Aerobic.SRT + NSEC.Effluent.NH3",0.122932183607986,0.805833039728136,"3,2"
"4517","Pump.Flow.Based.PAA.Dose + Secondary.Effluent.Flow + CODto..mg.L. + SACto..1.m. + NSEC.Aerobic.SRT + NSEC.Effluent.NO3",0.271366652341596,0.835481030103976,"3,2"
"4518","Pump.Flow.Based.PAA.Dose + Secondary.Effluent.Flow + CODto..mg.L. + SACto..1.m. + NSEC.Aerobic.SRT + NSEC.Effluent.OP",0.120671473655154,0.804264902557748,"3,2"
"4519","Pump.Flow.Based.PAA.Dose + Secondary.Effluent.Flow + CODto..mg.L. + SACto..1.m. + NSEC.Aerobic.SRT + NSEC.Effluent.TSS",0.196949131700006,0.832236903966731,"3,2"
"4520","Pump.Flow.Based.PAA.Dose + Secondary.Effluent.Flow + CODto..mg.L. + SACto..1.m. + NSEC.Aerobic.SRT + NSEC.Effluent.NO5",0.191162458700538,0.840303994818668,"3,2"
"4521","Pump.Flow.Based.PAA.Dose + Secondary.Effluent.Flow + CODto..mg.L. + SACto..1.m. + NSEC.Aerobic.SRT + NSEC.Effluent.Flow",0.204721513603223,0.829908350935694,"3,2"
"4522","Pump.Flow.Based.PAA.Dose + Secondary.Effluent.Flow + CODto..mg.L. + SACto..1.m. + NSEC.Effluent.NH3 + NSEC.Effluent.NO3",0.262121355191693,0.802407792355048,"3,2"
"4523","Pump.Flow.Based.PAA.Dose + Secondary.Effluent.Flow + CODto..mg.L. + SACto..1.m. + NSEC.Effluent.NH3 + NSEC.Effluent.OP",0.175288788960011,0.790506776103774,"3,2"
"4524","Pump.Flow.Based.PAA.Dose + Secondary.Effluent.Flow + CODto..mg.L. + SACto..1.m. + NSEC.Effluent.NH3 + NSEC.Effluent.TSS",0.236221829851645,0.827090423271028,"3,2"
"4525","Pump.Flow.Based.PAA.Dose + Secondary.Effluent.Flow + CODto..mg.L. + SACto..1.m. + NSEC.Effluent.NH3 + NSEC.Effluent.NO5",0.158835039066872,0.798965479224001,"3,2"
"4526","Pump.Flow.Based.PAA.Dose + Secondary.Effluent.Flow + CODto..mg.L. + SACto..1.m. + NSEC.Effluent.NH3 + NSEC.Effluent.Flow",0.173997410261407,0.793735710655608,"3,2"
"4527","Pump.Flow.Based.PAA.Dose + Secondary.Effluent.Flow + CODto..mg.L. + SACto..1.m. + NSEC.Effluent.NO3 + NSEC.Effluent.OP",0.247865211491034,0.802751190089104,"3,2"
"4528","Pump.Flow.Based.PAA.Dose + Secondary.Effluent.Flow + CODto..mg.L. + SACto..1.m. + NSEC.Effluent.NO3 + NSEC.Effluent.TSS",0.241331319446974,0.823090224025724,"3,2"
"4529","Pump.Flow.Based.PAA.Dose + Secondary.Effluent.Flow + CODto..mg.L. + SACto..1.m. + NSEC.Effluent.NO3 + NSEC.Effluent.NO5",0.0998489276409797,0.835151926302289,"3,2"
"4530","Pump.Flow.Based.PAA.Dose + Secondary.Effluent.Flow + CODto..mg.L. + SACto..1.m. + NSEC.Effluent.NO3 + NSEC.Effluent.Flow",0.295503690167541,0.831850100870761,"3,2"
"4531","Pump.Flow.Based.PAA.Dose + Secondary.Effluent.Flow + CODto..mg.L. + SACto..1.m. + NSEC.Effluent.OP + NSEC.Effluent.TSS",0.232595016564462,0.830390421824659,"3,2"
"4532","Pump.Flow.Based.PAA.Dose + Secondary.Effluent.Flow + CODto..mg.L. + SACto..1.m. + NSEC.Effluent.OP + NSEC.Effluent.NO5",0.202827231835072,0.812118192248554,"3,2"
"4533","Pump.Flow.Based.PAA.Dose + Secondary.Effluent.Flow + CODto..mg.L. + SACto..1.m. + NSEC.Effluent.OP + NSEC.Effluent.Flow",0.158959034681207,0.797098777668086,"3,2"
"4534","Pump.Flow.Based.PAA.Dose + Secondary.Effluent.Flow + CODto..mg.L. + SACto..1.m. + NSEC.Effluent.TSS + NSEC.Effluent.NO5",0.255230623188709,0.829965919587091,"3,2"
"4535","Pump.Flow.Based.PAA.Dose + Secondary.Effluent.Flow + CODto..mg.L. + SACto..1.m. + NSEC.Effluent.TSS + NSEC.Effluent.Flow",0.259019900107867,0.814017489892288,"3,2"
"4536","Pump.Flow.Based.PAA.Dose + Secondary.Effluent.Flow + CODto..mg.L. + SACto..1.m. + NSEC.Effluent.NO5 + NSEC.Effluent.Flow",0.156463628772674,0.796792561497758,"3,2"
"4537","Pump.Flow.Based.PAA.Dose + Secondary.Effluent.Flow + CODto..mg.L. + NSEC.Aerobic.SRT + NSEC.Effluent.NH3 + NSEC.Effluent.NO3",0.204304240171949,0.834275776500847,"3,2"
"4538","Pump.Flow.Based.PAA.Dose + Secondary.Effluent.Flow + CODto..mg.L. + NSEC.Aerobic.SRT + NSEC.Effluent.NH3 + NSEC.Effluent.OP",0.149797681400386,0.798130708994089,"3,2"
"4539","Pump.Flow.Based.PAA.Dose + Secondary.Effluent.Flow + CODto..mg.L. + NSEC.Aerobic.SRT + NSEC.Effluent.NH3 + NSEC.Effluent.TSS",0.230052807593762,0.859104710599405,"3,2"
"4540","Pump.Flow.Based.PAA.Dose + Secondary.Effluent.Flow + CODto..mg.L. + NSEC.Aerobic.SRT + NSEC.Effluent.NH3 + NSEC.Effluent.NO5",0.132307002143611,0.80865703851381,"3,2"
"4541","Pump.Flow.Based.PAA.Dose + Secondary.Effluent.Flow + CODto..mg.L. + NSEC.Aerobic.SRT + NSEC.Effluent.NH3 + NSEC.Effluent.Flow",0.251595944936812,0.83078893874892,"3,2"
"4542","Pump.Flow.Based.PAA.Dose + Secondary.Effluent.Flow + CODto..mg.L. + NSEC.Aerobic.SRT + NSEC.Effluent.NO3 + NSEC.Effluent.OP",0.262344209589773,0.837772753356181,"3,2"
"4543","Pump.Flow.Based.PAA.Dose + Secondary.Effluent.Flow + CODto..mg.L. + NSEC.Aerobic.SRT + NSEC.Effluent.NO3 + NSEC.Effluent.TSS",0.270623524242481,0.844518026734002,"3,2"
"4544","Pump.Flow.Based.PAA.Dose + Secondary.Effluent.Flow + CODto..mg.L. + NSEC.Aerobic.SRT + NSEC.Effluent.NO3 + NSEC.Effluent.NO5",0.302270120242287,0.843772839014056,"3,2"
"4545","Pump.Flow.Based.PAA.Dose + Secondary.Effluent.Flow + CODto..mg.L. + NSEC.Aerobic.SRT + NSEC.Effluent.NO3 + NSEC.Effluent.Flow",0.26932527213824,0.818750697442221,"3,2"
"4546","Pump.Flow.Based.PAA.Dose + Secondary.Effluent.Flow + CODto..mg.L. + NSEC.Aerobic.SRT + NSEC.Effluent.OP + NSEC.Effluent.TSS",0.215345486598154,0.815163582207947,"3,2"
"4547","Pump.Flow.Based.PAA.Dose + Secondary.Effluent.Flow + CODto..mg.L. + NSEC.Aerobic.SRT + NSEC.Effluent.OP + NSEC.Effluent.NO5",0.319125204412559,0.811813823006969,"3,2"
"4548","Pump.Flow.Based.PAA.Dose + Secondary.Effluent.Flow + CODto..mg.L. + NSEC.Aerobic.SRT + NSEC.Effluent.OP + NSEC.Effluent.Flow",0.241726176053975,0.832588865926505,"3,2"
"4549","Pump.Flow.Based.PAA.Dose + Secondary.Effluent.Flow + CODto..mg.L. + NSEC.Aerobic.SRT + NSEC.Effluent.TSS + NSEC.Effluent.NO5",0.267098591074603,0.83527362173654,"3,2"
"4550","Pump.Flow.Based.PAA.Dose + Secondary.Effluent.Flow + CODto..mg.L. + NSEC.Aerobic.SRT + NSEC.Effluent.TSS + NSEC.Effluent.Flow",0.245390286574161,0.815475839515876,"3,2"
"4551","Pump.Flow.Based.PAA.Dose + Secondary.Effluent.Flow + CODto..mg.L. + NSEC.Aerobic.SRT + NSEC.Effluent.NO5 + NSEC.Effluent.Flow",0.174480880472038,0.836904558942145,"3,2"
"4552","Pump.Flow.Based.PAA.Dose + Secondary.Effluent.Flow + CODto..mg.L. + NSEC.Effluent.NH3 + NSEC.Effluent.NO3 + NSEC.Effluent.OP",0.181993598025459,0.803277995588476,"3,2"
"4553","Pump.Flow.Based.PAA.Dose + Secondary.Effluent.Flow + CODto..mg.L. + NSEC.Effluent.NH3 + NSEC.Effluent.NO3 + NSEC.Effluent.TSS",0.200572174607148,0.835319620196879,"3,2"
"4554","Pump.Flow.Based.PAA.Dose + Secondary.Effluent.Flow + CODto..mg.L. + NSEC.Effluent.NH3 + NSEC.Effluent.NO3 + NSEC.Effluent.NO5",0.174123699304346,0.820946957885679,"3,2"
"4555","Pump.Flow.Based.PAA.Dose + Secondary.Effluent.Flow + CODto..mg.L. + NSEC.Effluent.NH3 + NSEC.Effluent.NO3 + NSEC.Effluent.Flow",0.201089160051738,0.803720350587292,"3,2"
"4556","Pump.Flow.Based.PAA.Dose + Secondary.Effluent.Flow + CODto..mg.L. + NSEC.Effluent.NH3 + NSEC.Effluent.OP + NSEC.Effluent.TSS",0.22041106457124,0.81648697222482,"3,2"
"4557","Pump.Flow.Based.PAA.Dose + Secondary.Effluent.Flow + CODto..mg.L. + NSEC.Effluent.NH3 + NSEC.Effluent.OP + NSEC.Effluent.NO5",0.240111121632946,0.826471029889862,"3,2"
"4558","Pump.Flow.Based.PAA.Dose + Secondary.Effluent.Flow + CODto..mg.L. + NSEC.Effluent.NH3 + NSEC.Effluent.OP + NSEC.Effluent.Flow",0.192024104068535,0.791045219929436,"3,2"
"4559","Pump.Flow.Based.PAA.Dose + Secondary.Effluent.Flow + CODto..mg.L. + NSEC.Effluent.NH3 + NSEC.Effluent.TSS + NSEC.Effluent.NO5",0.188788866978529,0.808353489560725,"3,2"
"4560","Pump.Flow.Based.PAA.Dose + Secondary.Effluent.Flow + CODto..mg.L. + NSEC.Effluent.NH3 + NSEC.Effluent.TSS + NSEC.Effluent.Flow",0.260198357331805,0.815500448050467,"3,2"
"4561","Pump.Flow.Based.PAA.Dose + Secondary.Effluent.Flow + CODto..mg.L. + NSEC.Effluent.NH3 + NSEC.Effluent.NO5 + NSEC.Effluent.Flow",0.19613950236992,0.812757897490082,"3,2"
"4562","Pump.Flow.Based.PAA.Dose + Secondary.Effluent.Flow + CODto..mg.L. + NSEC.Effluent.NO3 + NSEC.Effluent.OP + NSEC.Effluent.TSS",0.264176948119716,0.825003742694614,"3,2"
"4563","Pump.Flow.Based.PAA.Dose + Secondary.Effluent.Flow + CODto..mg.L. + NSEC.Effluent.NO3 + NSEC.Effluent.OP + NSEC.Effluent.NO5",0.271275580619922,0.856624383746687,"3,2"
"4564","Pump.Flow.Based.PAA.Dose + Secondary.Effluent.Flow + CODto..mg.L. + NSEC.Effluent.NO3 + NSEC.Effluent.OP + NSEC.Effluent.Flow",0.191302347616822,0.802570394972921,"3,2"
"4565","Pump.Flow.Based.PAA.Dose + Secondary.Effluent.Flow + CODto..mg.L. + NSEC.Effluent.NO3 + NSEC.Effluent.TSS + NSEC.Effluent.NO5",0.300815313325482,0.85174349380878,"3,2"
"4566","Pump.Flow.Based.PAA.Dose + Secondary.Effluent.Flow + CODto..mg.L. + NSEC.Effluent.NO3 + NSEC.Effluent.TSS + NSEC.Effluent.Flow",0.207380736467051,0.838122162421916,"3,2"
"4567","Pump.Flow.Based.PAA.Dose + Secondary.Effluent.Flow + CODto..mg.L. + NSEC.Effluent.NO3 + NSEC.Effluent.NO5 + NSEC.Effluent.Flow",0.290213185385543,0.845108001019379,"3,2"
"4568","Pump.Flow.Based.PAA.Dose + Secondary.Effluent.Flow + CODto..mg.L. + NSEC.Effluent.OP + NSEC.Effluent.TSS + NSEC.Effluent.NO5",0.189938336829179,0.833225658201948,"3,2"
"4569","Pump.Flow.Based.PAA.Dose + Secondary.Effluent.Flow + CODto..mg.L. + NSEC.Effluent.OP + NSEC.Effluent.TSS + NSEC.Effluent.Flow",0.205272421122759,0.804171558641359,"3,2"
"4570","Pump.Flow.Based.PAA.Dose + Secondary.Effluent.Flow + CODto..mg.L. + NSEC.Effluent.OP + NSEC.Effluent.NO5 + NSEC.Effluent.Flow",0.192397426087215,0.81511685002701,"3,2"
"4571","Pump.Flow.Based.PAA.Dose + Secondary.Effluent.Flow + CODto..mg.L. + NSEC.Effluent.TSS + NSEC.Effluent.NO5 + NSEC.Effluent.Flow",0.223302720503514,0.832322021988379,"3,2"
"4572","Pump.Flow.Based.PAA.Dose + Secondary.Effluent.Flow + TSS..mg.L. + UVT.... + CODds..mg.L. + SACto..1.m.",0.225252278493726,0.812148075721788,"3,2"
"4573","Pump.Flow.Based.PAA.Dose + Secondary.Effluent.Flow + TSS..mg.L. + UVT.... + CODds..mg.L. + NSEC.Aerobic.SRT",0.162866303670853,0.823790166909369,"3,2"
"4574","Pump.Flow.Based.PAA.Dose + Secondary.Effluent.Flow + TSS..mg.L. + UVT.... + CODds..mg.L. + NSEC.Effluent.NH3",0.244069185743558,0.812675129706601,"3,2"
"4575","Pump.Flow.Based.PAA.Dose + Secondary.Effluent.Flow + TSS..mg.L. + UVT.... + CODds..mg.L. + NSEC.Effluent.NO3",0.202869316258656,0.834427570174539,"3,2"
"4576","Pump.Flow.Based.PAA.Dose + Secondary.Effluent.Flow + TSS..mg.L. + UVT.... + CODds..mg.L. + NSEC.Effluent.OP",0.0798383667521128,0.797129528063518,"3,2"
"4577","Pump.Flow.Based.PAA.Dose + Secondary.Effluent.Flow + TSS..mg.L. + UVT.... + CODds..mg.L. + NSEC.Effluent.TSS",0.148097810363953,0.826341250794703,"3,2"
"4578","Pump.Flow.Based.PAA.Dose + Secondary.Effluent.Flow + TSS..mg.L. + UVT.... + CODds..mg.L. + NSEC.Effluent.NO5",0.0441609943830268,0.805113979723552,"3,2"
"4579","Pump.Flow.Based.PAA.Dose + Secondary.Effluent.Flow + TSS..mg.L. + UVT.... + CODds..mg.L. + NSEC.Effluent.Flow",0.263181503240017,0.829246085057453,"3,2"
"4580","Pump.Flow.Based.PAA.Dose + Secondary.Effluent.Flow + TSS..mg.L. + UVT.... + SACto..1.m. + NSEC.Aerobic.SRT",0.126547019276368,0.836943698803556,"3,2"
"4581","Pump.Flow.Based.PAA.Dose + Secondary.Effluent.Flow + TSS..mg.L. + UVT.... + SACto..1.m. + NSEC.Effluent.NH3",0.220183021634767,0.805422857830853,"3,2"
"4582","Pump.Flow.Based.PAA.Dose + Secondary.Effluent.Flow + TSS..mg.L. + UVT.... + SACto..1.m. + NSEC.Effluent.NO3",0.226138874877252,0.827688836848939,"3,2"
"4583","Pump.Flow.Based.PAA.Dose + Secondary.Effluent.Flow + TSS..mg.L. + UVT.... + SACto..1.m. + NSEC.Effluent.OP",0.169523855376444,0.838099880883402,"3,2"
"4584","Pump.Flow.Based.PAA.Dose + Secondary.Effluent.Flow + TSS..mg.L. + UVT.... + SACto..1.m. + NSEC.Effluent.TSS",0.171900910386938,0.827627740750879,"3,2"
"4585","Pump.Flow.Based.PAA.Dose + Secondary.Effluent.Flow + TSS..mg.L. + UVT.... + SACto..1.m. + NSEC.Effluent.NO5",0.205415059621872,0.809512297873169,"3,2"
"4586","Pump.Flow.Based.PAA.Dose + Secondary.Effluent.Flow + TSS..mg.L. + UVT.... + SACto..1.m. + NSEC.Effluent.Flow",0.217039129746228,0.834226184217334,"3,2"
"4587","Pump.Flow.Based.PAA.Dose + Secondary.Effluent.Flow + TSS..mg.L. + UVT.... + NSEC.Aerobic.SRT + NSEC.Effluent.NH3",0.112337540373141,0.815328109298334,"3,2"
"4588","Pump.Flow.Based.PAA.Dose + Secondary.Effluent.Flow + TSS..mg.L. + UVT.... + NSEC.Aerobic.SRT + NSEC.Effluent.NO3",0.209454244777015,0.848427413870176,"3,2"
"4589","Pump.Flow.Based.PAA.Dose + Secondary.Effluent.Flow + TSS..mg.L. + UVT.... + NSEC.Aerobic.SRT + NSEC.Effluent.OP",0.198483660096298,0.836568357111942,"3,2"
"4590","Pump.Flow.Based.PAA.Dose + Secondary.Effluent.Flow + TSS..mg.L. + UVT.... + NSEC.Aerobic.SRT + NSEC.Effluent.TSS",0.228540011374708,0.834214533582462,"3,2"
"4591","Pump.Flow.Based.PAA.Dose + Secondary.Effluent.Flow + TSS..mg.L. + UVT.... + NSEC.Aerobic.SRT + NSEC.Effluent.NO5",0.224707729523526,0.824809290430001,"3,2"
"4592","Pump.Flow.Based.PAA.Dose + Secondary.Effluent.Flow + TSS..mg.L. + UVT.... + NSEC.Aerobic.SRT + NSEC.Effluent.Flow",0.225331100986748,0.809352641004792,"3,2"
"4593","Pump.Flow.Based.PAA.Dose + Secondary.Effluent.Flow + TSS..mg.L. + UVT.... + NSEC.Effluent.NH3 + NSEC.Effluent.NO3",0.20508417580785,0.822860141179198,"3,2"
"4594","Pump.Flow.Based.PAA.Dose + Secondary.Effluent.Flow + TSS..mg.L. + UVT.... + NSEC.Effluent.NH3 + NSEC.Effluent.OP",0.184725047660872,0.822878749682111,"3,2"
"4595","Pump.Flow.Based.PAA.Dose + Secondary.Effluent.Flow + TSS..mg.L. + UVT.... + NSEC.Effluent.NH3 + NSEC.Effluent.TSS",0.210816808408233,0.828038958922129,"3,2"
"4596","Pump.Flow.Based.PAA.Dose + Secondary.Effluent.Flow + TSS..mg.L. + UVT.... + NSEC.Effluent.NH3 + NSEC.Effluent.NO5",0.120391962495138,0.796354790526938,"3,2"
"4597","Pump.Flow.Based.PAA.Dose + Secondary.Effluent.Flow + TSS..mg.L. + UVT.... + NSEC.Effluent.NH3 + NSEC.Effluent.Flow",0.193670378971386,0.796388844568972,"3,2"
"4598","Pump.Flow.Based.PAA.Dose + Secondary.Effluent.Flow + TSS..mg.L. + UVT.... + NSEC.Effluent.NO3 + NSEC.Effluent.OP",0.141449183322168,0.822139738296426,"3,2"
"4599","Pump.Flow.Based.PAA.Dose + Secondary.Effluent.Flow + TSS..mg.L. + UVT.... + NSEC.Effluent.NO3 + NSEC.Effluent.TSS",0.208727496161276,0.827111828584388,"3,2"
"4600","Pump.Flow.Based.PAA.Dose + Secondary.Effluent.Flow + TSS..mg.L. + UVT.... + NSEC.Effluent.NO3 + NSEC.Effluent.NO5",0.164942997610904,0.848886224990891,"3,2"
"4601","Pump.Flow.Based.PAA.Dose + Secondary.Effluent.Flow + TSS..mg.L. + UVT.... + NSEC.Effluent.NO3 + NSEC.Effluent.Flow",0.156126709708583,0.801846523613601,"3,2"
"4602","Pump.Flow.Based.PAA.Dose + Secondary.Effluent.Flow + TSS..mg.L. + UVT.... + NSEC.Effluent.OP + NSEC.Effluent.TSS",0.163625644914174,0.805891810760855,"3,2"
"4603","Pump.Flow.Based.PAA.Dose + Secondary.Effluent.Flow + TSS..mg.L. + UVT.... + NSEC.Effluent.OP + NSEC.Effluent.NO5",0.189640120209197,0.810625424547118,"3,2"
"4604","Pump.Flow.Based.PAA.Dose + Secondary.Effluent.Flow + TSS..mg.L. + UVT.... + NSEC.Effluent.OP + NSEC.Effluent.Flow",0.19200747583842,0.813437191319405,"3,2"
"4605","Pump.Flow.Based.PAA.Dose + Secondary.Effluent.Flow + TSS..mg.L. + UVT.... + NSEC.Effluent.TSS + NSEC.Effluent.NO5",0.248721331120718,0.851371287095151,"3,2"
"4606","Pump.Flow.Based.PAA.Dose + Secondary.Effluent.Flow + TSS..mg.L. + UVT.... + NSEC.Effluent.TSS + NSEC.Effluent.Flow",0.316444744537348,0.831127797148573,"3,2"
"4607","Pump.Flow.Based.PAA.Dose + Secondary.Effluent.Flow + TSS..mg.L. + UVT.... + NSEC.Effluent.NO5 + NSEC.Effluent.Flow",0.223258670167648,0.802433249819972,"3,2"
"4608","Pump.Flow.Based.PAA.Dose + Secondary.Effluent.Flow + TSS..mg.L. + CODds..mg.L. + SACto..1.m. + NSEC.Aerobic.SRT",0.0979587334476704,0.828126604475971,"3,2"
"4609","Pump.Flow.Based.PAA.Dose + Secondary.Effluent.Flow + TSS..mg.L. + CODds..mg.L. + SACto..1.m. + NSEC.Effluent.NH3",0.130287079252634,0.809025164556526,"3,2"
"4610","Pump.Flow.Based.PAA.Dose + Secondary.Effluent.Flow + TSS..mg.L. + CODds..mg.L. + SACto..1.m. + NSEC.Effluent.NO3",0.122705008846045,0.811078115502864,"3,2"
"4611","Pump.Flow.Based.PAA.Dose + Secondary.Effluent.Flow + TSS..mg.L. + CODds..mg.L. + SACto..1.m. + NSEC.Effluent.OP",0.112857279080952,0.805472525690827,"3,2"
"4612","Pump.Flow.Based.PAA.Dose + Secondary.Effluent.Flow + TSS..mg.L. + CODds..mg.L. + SACto..1.m. + NSEC.Effluent.TSS",0.0961921379863206,0.829097729132694,"3,2"
"4613","Pump.Flow.Based.PAA.Dose + Secondary.Effluent.Flow + TSS..mg.L. + CODds..mg.L. + SACto..1.m. + NSEC.Effluent.NO5",0.276611008743389,0.814332481910007,"3,2"
"4614","Pump.Flow.Based.PAA.Dose + Secondary.Effluent.Flow + TSS..mg.L. + CODds..mg.L. + SACto..1.m. + NSEC.Effluent.Flow",0.115884394637739,0.813604024321372,"3,2"
"4615","Pump.Flow.Based.PAA.Dose + Secondary.Effluent.Flow + TSS..mg.L. + CODds..mg.L. + NSEC.Aerobic.SRT + NSEC.Effluent.NH3",0.207001760569978,0.840708325982214,"3,2"
"4616","Pump.Flow.Based.PAA.Dose + Secondary.Effluent.Flow + TSS..mg.L. + CODds..mg.L. + NSEC.Aerobic.SRT + NSEC.Effluent.NO3",0.255759973944659,0.848900977924742,"3,2"
"4617","Pump.Flow.Based.PAA.Dose + Secondary.Effluent.Flow + TSS..mg.L. + CODds..mg.L. + NSEC.Aerobic.SRT + NSEC.Effluent.OP",0.174390379704634,0.8336696045032,"3,2"
"4618","Pump.Flow.Based.PAA.Dose + Secondary.Effluent.Flow + TSS..mg.L. + CODds..mg.L. + NSEC.Aerobic.SRT + NSEC.Effluent.TSS",0.216158596526308,0.830515433577469,"3,2"
"4619","Pump.Flow.Based.PAA.Dose + Secondary.Effluent.Flow + TSS..mg.L. + CODds..mg.L. + NSEC.Aerobic.SRT + NSEC.Effluent.NO5",0.216007468927467,0.85032797034285,"3,2"
"4620","Pump.Flow.Based.PAA.Dose + Secondary.Effluent.Flow + TSS..mg.L. + CODds..mg.L. + NSEC.Aerobic.SRT + NSEC.Effluent.Flow",0.174502453507843,0.822918101668763,"3,2"
"4621","Pump.Flow.Based.PAA.Dose + Secondary.Effluent.Flow + TSS..mg.L. + CODds..mg.L. + NSEC.Effluent.NH3 + NSEC.Effluent.NO3",0.16200103929409,0.797301221665754,"3,2"
"4622","Pump.Flow.Based.PAA.Dose + Secondary.Effluent.Flow + TSS..mg.L. + CODds..mg.L. + NSEC.Effluent.NH3 + NSEC.Effluent.OP",0.133299667565057,0.792260873799359,"3,2"
"4623","Pump.Flow.Based.PAA.Dose + Secondary.Effluent.Flow + TSS..mg.L. + CODds..mg.L. + NSEC.Effluent.NH3 + NSEC.Effluent.TSS",0.179525515194631,0.824657582353178,"3,2"
"4624","Pump.Flow.Based.PAA.Dose + Secondary.Effluent.Flow + TSS..mg.L. + CODds..mg.L. + NSEC.Effluent.NH3 + NSEC.Effluent.NO5",0.156522828553181,0.7817481983496,"3,2"
"4625","Pump.Flow.Based.PAA.Dose + Secondary.Effluent.Flow + TSS..mg.L. + CODds..mg.L. + NSEC.Effluent.NH3 + NSEC.Effluent.Flow",0.179694201215738,0.824526490566978,"3,2"
"4626","Pump.Flow.Based.PAA.Dose + Secondary.Effluent.Flow + TSS..mg.L. + CODds..mg.L. + NSEC.Effluent.NO3 + NSEC.Effluent.OP",0.259730071932646,0.819996476639697,"3,2"
"4627","Pump.Flow.Based.PAA.Dose + Secondary.Effluent.Flow + TSS..mg.L. + CODds..mg.L. + NSEC.Effluent.NO3 + NSEC.Effluent.TSS",0.203627119211393,0.817352090879619,"3,2"
"4628","Pump.Flow.Based.PAA.Dose + Secondary.Effluent.Flow + TSS..mg.L. + CODds..mg.L. + NSEC.Effluent.NO3 + NSEC.Effluent.NO5",0.252502214876012,0.865734058442376,"3,2"
"4629","Pump.Flow.Based.PAA.Dose + Secondary.Effluent.Flow + TSS..mg.L. + CODds..mg.L. + NSEC.Effluent.NO3 + NSEC.Effluent.Flow",0.187489359433026,0.817798173053049,"3,2"
"4630","Pump.Flow.Based.PAA.Dose + Secondary.Effluent.Flow + TSS..mg.L. + CODds..mg.L. + NSEC.Effluent.OP + NSEC.Effluent.TSS",0.217838881507309,0.821119753715923,"3,2"
"4631","Pump.Flow.Based.PAA.Dose + Secondary.Effluent.Flow + TSS..mg.L. + CODds..mg.L. + NSEC.Effluent.OP + NSEC.Effluent.NO5",0.249944107565576,0.829369703808349,"3,2"
"4632","Pump.Flow.Based.PAA.Dose + Secondary.Effluent.Flow + TSS..mg.L. + CODds..mg.L. + NSEC.Effluent.OP + NSEC.Effluent.Flow",0.184020861850764,0.786612232394236,"3,2"
"4633","Pump.Flow.Based.PAA.Dose + Secondary.Effluent.Flow + TSS..mg.L. + CODds..mg.L. + NSEC.Effluent.TSS + NSEC.Effluent.NO5",0.212778178860331,0.842604598498574,"3,2"
"4634","Pump.Flow.Based.PAA.Dose + Secondary.Effluent.Flow + TSS..mg.L. + CODds..mg.L. + NSEC.Effluent.TSS + NSEC.Effluent.Flow",0.160442723208357,0.813707012501214,"3,2"
"4635","Pump.Flow.Based.PAA.Dose + Secondary.Effluent.Flow + TSS..mg.L. + CODds..mg.L. + NSEC.Effluent.NO5 + NSEC.Effluent.Flow",0.307675836009213,0.836022238717131,"3,2"
"4636","Pump.Flow.Based.PAA.Dose + Secondary.Effluent.Flow + TSS..mg.L. + SACto..1.m. + NSEC.Aerobic.SRT + NSEC.Effluent.NH3",0.0891415269264297,0.824204041617666,"3,2"
"4637","Pump.Flow.Based.PAA.Dose + Secondary.Effluent.Flow + TSS..mg.L. + SACto..1.m. + NSEC.Aerobic.SRT + NSEC.Effluent.NO3",0.216038672420264,0.869183169062939,"3,2"
"4638","Pump.Flow.Based.PAA.Dose + Secondary.Effluent.Flow + TSS..mg.L. + SACto..1.m. + NSEC.Aerobic.SRT + NSEC.Effluent.OP",0.116079980003525,0.828025592727484,"3,2"
"4639","Pump.Flow.Based.PAA.Dose + Secondary.Effluent.Flow + TSS..mg.L. + SACto..1.m. + NSEC.Aerobic.SRT + NSEC.Effluent.TSS",0.0894348505230447,0.825546083494983,"3,2"
"4640","Pump.Flow.Based.PAA.Dose + Secondary.Effluent.Flow + TSS..mg.L. + SACto..1.m. + NSEC.Aerobic.SRT + NSEC.Effluent.NO5",0.12347165993822,0.830689160415779,"3,2"
"4641","Pump.Flow.Based.PAA.Dose + Secondary.Effluent.Flow + TSS..mg.L. + SACto..1.m. + NSEC.Aerobic.SRT + NSEC.Effluent.Flow",0.0493437279705802,0.818407585496666,"3,2"
"4642","Pump.Flow.Based.PAA.Dose + Secondary.Effluent.Flow + TSS..mg.L. + SACto..1.m. + NSEC.Effluent.NH3 + NSEC.Effluent.NO3",0.180308144175734,0.82202374783427,"3,2"
"4643","Pump.Flow.Based.PAA.Dose + Secondary.Effluent.Flow + TSS..mg.L. + SACto..1.m. + NSEC.Effluent.NH3 + NSEC.Effluent.OP",0.141527299226722,0.799278197327862,"3,2"
"4644","Pump.Flow.Based.PAA.Dose + Secondary.Effluent.Flow + TSS..mg.L. + SACto..1.m. + NSEC.Effluent.NH3 + NSEC.Effluent.TSS",0.149942103174111,0.818747468172509,"3,2"
"4645","Pump.Flow.Based.PAA.Dose + Secondary.Effluent.Flow + TSS..mg.L. + SACto..1.m. + NSEC.Effluent.NH3 + NSEC.Effluent.NO5",0.135385176043761,0.807125179341966,"3,2"
"4646","Pump.Flow.Based.PAA.Dose + Secondary.Effluent.Flow + TSS..mg.L. + SACto..1.m. + NSEC.Effluent.NH3 + NSEC.Effluent.Flow",0.1638640647508,0.807230432521271,"3,2"
"4647","Pump.Flow.Based.PAA.Dose + Secondary.Effluent.Flow + TSS..mg.L. + SACto..1.m. + NSEC.Effluent.NO3 + NSEC.Effluent.OP",0.17206913904572,0.811523127595145,"3,2"
"4648","Pump.Flow.Based.PAA.Dose + Secondary.Effluent.Flow + TSS..mg.L. + SACto..1.m. + NSEC.Effluent.NO3 + NSEC.Effluent.TSS",0.185380873886361,0.828917067994019,"3,2"
"4649","Pump.Flow.Based.PAA.Dose + Secondary.Effluent.Flow + TSS..mg.L. + SACto..1.m. + NSEC.Effluent.NO3 + NSEC.Effluent.NO5",0.143818723273243,0.827429061346893,"3,2"
"4650","Pump.Flow.Based.PAA.Dose + Secondary.Effluent.Flow + TSS..mg.L. + SACto..1.m. + NSEC.Effluent.NO3 + NSEC.Effluent.Flow",0.266169736766972,0.813637093138549,"3,2"
"4651","Pump.Flow.Based.PAA.Dose + Secondary.Effluent.Flow + TSS..mg.L. + SACto..1.m. + NSEC.Effluent.OP + NSEC.Effluent.TSS",0.182319119031916,0.832564457197738,"3,2"
"4652","Pump.Flow.Based.PAA.Dose + Secondary.Effluent.Flow + TSS..mg.L. + SACto..1.m. + NSEC.Effluent.OP + NSEC.Effluent.NO5",0.207725625864316,0.830519433575352,"3,2"
"4653","Pump.Flow.Based.PAA.Dose + Secondary.Effluent.Flow + TSS..mg.L. + SACto..1.m. + NSEC.Effluent.OP + NSEC.Effluent.Flow",0.116143277987728,0.824110970577058,"3,2"
"4654","Pump.Flow.Based.PAA.Dose + Secondary.Effluent.Flow + TSS..mg.L. + SACto..1.m. + NSEC.Effluent.TSS + NSEC.Effluent.NO5",0.148283901057019,0.812386906511034,"3,2"
"4655","Pump.Flow.Based.PAA.Dose + Secondary.Effluent.Flow + TSS..mg.L. + SACto..1.m. + NSEC.Effluent.TSS + NSEC.Effluent.Flow",0.186123539391237,0.826582106994934,"3,2"
"4656","Pump.Flow.Based.PAA.Dose + Secondary.Effluent.Flow + TSS..mg.L. + SACto..1.m. + NSEC.Effluent.NO5 + NSEC.Effluent.Flow",0.138728676081867,0.804202782851404,"3,2"
"4657","Pump.Flow.Based.PAA.Dose + Secondary.Effluent.Flow + TSS..mg.L. + NSEC.Aerobic.SRT + NSEC.Effluent.NH3 + NSEC.Effluent.NO3",0.205464541930404,0.822829819464238,"3,2"
"4658","Pump.Flow.Based.PAA.Dose + Secondary.Effluent.Flow + TSS..mg.L. + NSEC.Aerobic.SRT + NSEC.Effluent.NH3 + NSEC.Effluent.OP",0.275865628812764,0.828933303581476,"3,2"
"4659","Pump.Flow.Based.PAA.Dose + Secondary.Effluent.Flow + TSS..mg.L. + NSEC.Aerobic.SRT + NSEC.Effluent.NH3 + NSEC.Effluent.TSS",0.1882373086763,0.796818789000538,"3,2"
"4660","Pump.Flow.Based.PAA.Dose + Secondary.Effluent.Flow + TSS..mg.L. + NSEC.Aerobic.SRT + NSEC.Effluent.NH3 + NSEC.Effluent.NO5",0.287911012531274,0.818918231514228,"3,2"
"4661","Pump.Flow.Based.PAA.Dose + Secondary.Effluent.Flow + TSS..mg.L. + NSEC.Aerobic.SRT + NSEC.Effluent.NH3 + NSEC.Effluent.Flow",0.243156091475995,0.804051523965176,"3,2"
"4662","Pump.Flow.Based.PAA.Dose + Secondary.Effluent.Flow + TSS..mg.L. + NSEC.Aerobic.SRT + NSEC.Effluent.NO3 + NSEC.Effluent.OP",0.257944635954936,0.82715462243897,"3,2"
"4663","Pump.Flow.Based.PAA.Dose + Secondary.Effluent.Flow + TSS..mg.L. + NSEC.Aerobic.SRT + NSEC.Effluent.NO3 + NSEC.Effluent.TSS",0.306955052595246,0.815665537087151,"3,2"
"4664","Pump.Flow.Based.PAA.Dose + Secondary.Effluent.Flow + TSS..mg.L. + NSEC.Aerobic.SRT + NSEC.Effluent.NO3 + NSEC.Effluent.NO5",0.212606863850941,0.852256824790517,"3,2"
"4665","Pump.Flow.Based.PAA.Dose + Secondary.Effluent.Flow + TSS..mg.L. + NSEC.Aerobic.SRT + NSEC.Effluent.NO3 + NSEC.Effluent.Flow",0.206831875083818,0.831565262204569,"3,2"
"4666","Pump.Flow.Based.PAA.Dose + Secondary.Effluent.Flow + TSS..mg.L. + NSEC.Aerobic.SRT + NSEC.Effluent.OP + NSEC.Effluent.TSS",0.141404639218053,0.842191988370909,"3,2"
"4667","Pump.Flow.Based.PAA.Dose + Secondary.Effluent.Flow + TSS..mg.L. + NSEC.Aerobic.SRT + NSEC.Effluent.OP + NSEC.Effluent.NO5",0.266608132777008,0.837492709194475,"3,2"
"4668","Pump.Flow.Based.PAA.Dose + Secondary.Effluent.Flow + TSS..mg.L. + NSEC.Aerobic.SRT + NSEC.Effluent.OP + NSEC.Effluent.Flow",0.16148432648365,0.792575443607643,"3,2"
"4669","Pump.Flow.Based.PAA.Dose + Secondary.Effluent.Flow + TSS..mg.L. + NSEC.Aerobic.SRT + NSEC.Effluent.TSS + NSEC.Effluent.NO5",0.305059803171031,0.820112238418291,"3,2"
"4670","Pump.Flow.Based.PAA.Dose + Secondary.Effluent.Flow + TSS..mg.L. + NSEC.Aerobic.SRT + NSEC.Effluent.TSS + NSEC.Effluent.Flow",0.243239441574631,0.821754279099042,"3,2"
"4671","Pump.Flow.Based.PAA.Dose + Secondary.Effluent.Flow + TSS..mg.L. + NSEC.Aerobic.SRT + NSEC.Effluent.NO5 + NSEC.Effluent.Flow",0.3424694963397,0.853628966214056,"3,2"
"4672","Pump.Flow.Based.PAA.Dose + Secondary.Effluent.Flow + TSS..mg.L. + NSEC.Effluent.NH3 + NSEC.Effluent.NO3 + NSEC.Effluent.OP",0.210003228555584,0.799515069938721,"3,2"
"4673","Pump.Flow.Based.PAA.Dose + Secondary.Effluent.Flow + TSS..mg.L. + NSEC.Effluent.NH3 + NSEC.Effluent.NO3 + NSEC.Effluent.TSS",0.22992927178766,0.824695776546657,"3,2"
"4674","Pump.Flow.Based.PAA.Dose + Secondary.Effluent.Flow + TSS..mg.L. + NSEC.Effluent.NH3 + NSEC.Effluent.NO3 + NSEC.Effluent.NO5",0.235755420092469,0.82734281559724,"3,2"
"4675","Pump.Flow.Based.PAA.Dose + Secondary.Effluent.Flow + TSS..mg.L. + NSEC.Effluent.NH3 + NSEC.Effluent.NO3 + NSEC.Effluent.Flow",0.259616682828572,0.822992216632359,"3,2"
"4676","Pump.Flow.Based.PAA.Dose + Secondary.Effluent.Flow + TSS..mg.L. + NSEC.Effluent.NH3 + NSEC.Effluent.OP + NSEC.Effluent.TSS",0.21248550360546,0.801342039601837,"3,2"
"4677","Pump.Flow.Based.PAA.Dose + Secondary.Effluent.Flow + TSS..mg.L. + NSEC.Effluent.NH3 + NSEC.Effluent.OP + NSEC.Effluent.NO5",0.249962418675247,0.80908503967602,"3,2"
"4678","Pump.Flow.Based.PAA.Dose + Secondary.Effluent.Flow + TSS..mg.L. + NSEC.Effluent.NH3 + NSEC.Effluent.OP + NSEC.Effluent.Flow",0.23176888297979,0.798268696062552,"3,2"
"4679","Pump.Flow.Based.PAA.Dose + Secondary.Effluent.Flow + TSS..mg.L. + NSEC.Effluent.NH3 + NSEC.Effluent.TSS + NSEC.Effluent.NO5",0.247650004559369,0.835651653478128,"3,2"
"4680","Pump.Flow.Based.PAA.Dose + Secondary.Effluent.Flow + TSS..mg.L. + NSEC.Effluent.NH3 + NSEC.Effluent.TSS + NSEC.Effluent.Flow",0.251761266883064,0.80772138918924,"3,2"
"4681","Pump.Flow.Based.PAA.Dose + Secondary.Effluent.Flow + TSS..mg.L. + NSEC.Effluent.NH3 + NSEC.Effluent.NO5 + NSEC.Effluent.Flow",0.263124166902247,0.794883864971583,"3,2"
"4682","Pump.Flow.Based.PAA.Dose + Secondary.Effluent.Flow + TSS..mg.L. + NSEC.Effluent.NO3 + NSEC.Effluent.OP + NSEC.Effluent.TSS",0.284146950328416,0.821070879549839,"3,2"
"4683","Pump.Flow.Based.PAA.Dose + Secondary.Effluent.Flow + TSS..mg.L. + NSEC.Effluent.NO3 + NSEC.Effluent.OP + NSEC.Effluent.NO5",0.200591588323057,0.832640504959604,"3,2"
"4684","Pump.Flow.Based.PAA.Dose + Secondary.Effluent.Flow + TSS..mg.L. + NSEC.Effluent.NO3 + NSEC.Effluent.OP + NSEC.Effluent.Flow",0.299531820682569,0.825775414884965,"3,2"
"4685","Pump.Flow.Based.PAA.Dose + Secondary.Effluent.Flow + TSS..mg.L. + NSEC.Effluent.NO3 + NSEC.Effluent.TSS + NSEC.Effluent.NO5",0.260952277050263,0.841470194270908,"3,2"
"4686","Pump.Flow.Based.PAA.Dose + Secondary.Effluent.Flow + TSS..mg.L. + NSEC.Effluent.NO3 + NSEC.Effluent.TSS + NSEC.Effluent.Flow",0.263667870629425,0.804564562172872,"3,2"
"4687","Pump.Flow.Based.PAA.Dose + Secondary.Effluent.Flow + TSS..mg.L. + NSEC.Effluent.NO3 + NSEC.Effluent.NO5 + NSEC.Effluent.Flow",0.202928440934959,0.831588701593512,"3,2"
"4688","Pump.Flow.Based.PAA.Dose + Secondary.Effluent.Flow + TSS..mg.L. + NSEC.Effluent.OP + NSEC.Effluent.TSS + NSEC.Effluent.NO5",0.221134416160988,0.826061360033513,"3,2"
"4689","Pump.Flow.Based.PAA.Dose + Secondary.Effluent.Flow + TSS..mg.L. + NSEC.Effluent.OP + NSEC.Effluent.TSS + NSEC.Effluent.Flow",0.267374708077249,0.819149048136294,"3,2"
"4690","Pump.Flow.Based.PAA.Dose + Secondary.Effluent.Flow + TSS..mg.L. + NSEC.Effluent.OP + NSEC.Effluent.NO5 + NSEC.Effluent.Flow",0.298154963189291,0.815422975192075,"3,2"
"4691","Pump.Flow.Based.PAA.Dose + Secondary.Effluent.Flow + TSS..mg.L. + NSEC.Effluent.TSS + NSEC.Effluent.NO5 + NSEC.Effluent.Flow",0.256557130514048,0.81998662416417,"3,2"
"4692","Pump.Flow.Based.PAA.Dose + Secondary.Effluent.Flow + UVT.... + CODds..mg.L. + SACto..1.m. + NSEC.Aerobic.SRT",0.109766851030937,0.795879979787136,"3,2"
"4693","Pump.Flow.Based.PAA.Dose + Secondary.Effluent.Flow + UVT.... + CODds..mg.L. + SACto..1.m. + NSEC.Effluent.NH3",0.127891441780086,0.792616283157956,"3,2"
"4694","Pump.Flow.Based.PAA.Dose + Secondary.Effluent.Flow + UVT.... + CODds..mg.L. + SACto..1.m. + NSEC.Effluent.NO3",0.210738796831879,0.826792070798667,"3,2"
"4695","Pump.Flow.Based.PAA.Dose + Secondary.Effluent.Flow + UVT.... + CODds..mg.L. + SACto..1.m. + NSEC.Effluent.OP",0.258941686523769,0.810540965784033,"3,2"
"4696","Pump.Flow.Based.PAA.Dose + Secondary.Effluent.Flow + UVT.... + CODds..mg.L. + SACto..1.m. + NSEC.Effluent.TSS",0.246959630669354,0.825688141880797,"3,2"
"4697","Pump.Flow.Based.PAA.Dose + Secondary.Effluent.Flow + UVT.... + CODds..mg.L. + SACto..1.m. + NSEC.Effluent.NO5",0.132356337361648,0.796578388614032,"3,2"
"4698","Pump.Flow.Based.PAA.Dose + Secondary.Effluent.Flow + UVT.... + CODds..mg.L. + SACto..1.m. + NSEC.Effluent.Flow",0.212241217623604,0.820535725908536,"3,2"
"4699","Pump.Flow.Based.PAA.Dose + Secondary.Effluent.Flow + UVT.... + CODds..mg.L. + NSEC.Aerobic.SRT + NSEC.Effluent.NH3",0.238914465159561,0.841040289230076,"3,2"
"4700","Pump.Flow.Based.PAA.Dose + Secondary.Effluent.Flow + UVT.... + CODds..mg.L. + NSEC.Aerobic.SRT + NSEC.Effluent.NO3",0.0696050765837699,0.813556787419277,"3,2"
"4701","Pump.Flow.Based.PAA.Dose + Secondary.Effluent.Flow + UVT.... + CODds..mg.L. + NSEC.Aerobic.SRT + NSEC.Effluent.OP",0.0311474102340576,0.845325139213144,"3,2"
"4702","Pump.Flow.Based.PAA.Dose + Secondary.Effluent.Flow + UVT.... + CODds..mg.L. + NSEC.Aerobic.SRT + NSEC.Effluent.TSS",0.170148740800102,0.8378725544964,"3,2"
"4703","Pump.Flow.Based.PAA.Dose + Secondary.Effluent.Flow + UVT.... + CODds..mg.L. + NSEC.Aerobic.SRT + NSEC.Effluent.NO5",0.10119314109825,0.800357963707883,"3,2"
"4704","Pump.Flow.Based.PAA.Dose + Secondary.Effluent.Flow + UVT.... + CODds..mg.L. + NSEC.Aerobic.SRT + NSEC.Effluent.Flow",0.101818476997169,0.815596834764657,"3,2"
"4705","Pump.Flow.Based.PAA.Dose + Secondary.Effluent.Flow + UVT.... + CODds..mg.L. + NSEC.Effluent.NH3 + NSEC.Effluent.NO3",0.0902869747592228,0.83458449555301,"3,2"
"4706","Pump.Flow.Based.PAA.Dose + Secondary.Effluent.Flow + UVT.... + CODds..mg.L. + NSEC.Effluent.NH3 + NSEC.Effluent.OP",0.129460033394048,0.822733911966984,"3,2"
"4707","Pump.Flow.Based.PAA.Dose + Secondary.Effluent.Flow + UVT.... + CODds..mg.L. + NSEC.Effluent.NH3 + NSEC.Effluent.TSS",0.215090295605281,0.823542711510245,"3,2"
"4708","Pump.Flow.Based.PAA.Dose + Secondary.Effluent.Flow + UVT.... + CODds..mg.L. + NSEC.Effluent.NH3 + NSEC.Effluent.NO5",0.134960719553992,0.817292815250911,"3,2"
"4709","Pump.Flow.Based.PAA.Dose + Secondary.Effluent.Flow + UVT.... + CODds..mg.L. + NSEC.Effluent.NH3 + NSEC.Effluent.Flow",0.122480246292132,0.791923520172751,"3,2"
"4710","Pump.Flow.Based.PAA.Dose + Secondary.Effluent.Flow + UVT.... + CODds..mg.L. + NSEC.Effluent.NO3 + NSEC.Effluent.OP",0.222987661802674,0.839134352282844,"3,2"
"4711","Pump.Flow.Based.PAA.Dose + Secondary.Effluent.Flow + UVT.... + CODds..mg.L. + NSEC.Effluent.NO3 + NSEC.Effluent.TSS",0.147058338413375,0.843768542315635,"3,2"
"4712","Pump.Flow.Based.PAA.Dose + Secondary.Effluent.Flow + UVT.... + CODds..mg.L. + NSEC.Effluent.NO3 + NSEC.Effluent.NO5",0.177377872643228,0.837511790423543,"3,2"
"4713","Pump.Flow.Based.PAA.Dose + Secondary.Effluent.Flow + UVT.... + CODds..mg.L. + NSEC.Effluent.NO3 + NSEC.Effluent.Flow",0.201836373414921,0.833919924772383,"3,2"
"4714","Pump.Flow.Based.PAA.Dose + Secondary.Effluent.Flow + UVT.... + CODds..mg.L. + NSEC.Effluent.OP + NSEC.Effluent.TSS",0.186769755003738,0.832846091640109,"3,2"
"4715","Pump.Flow.Based.PAA.Dose + Secondary.Effluent.Flow + UVT.... + CODds..mg.L. + NSEC.Effluent.OP + NSEC.Effluent.NO5",0.202844099294996,0.826763903211957,"3,2"
"4716","Pump.Flow.Based.PAA.Dose + Secondary.Effluent.Flow + UVT.... + CODds..mg.L. + NSEC.Effluent.OP + NSEC.Effluent.Flow",0.0960057611968779,0.804179751728884,"3,2"
"4717","Pump.Flow.Based.PAA.Dose + Secondary.Effluent.Flow + UVT.... + CODds..mg.L. + NSEC.Effluent.TSS + NSEC.Effluent.NO5",0.171006960909267,0.844001990452006,"3,2"
"4718","Pump.Flow.Based.PAA.Dose + Secondary.Effluent.Flow + UVT.... + CODds..mg.L. + NSEC.Effluent.TSS + NSEC.Effluent.Flow",0.143401328090883,0.826151197100527,"3,2"
"4719","Pump.Flow.Based.PAA.Dose + Secondary.Effluent.Flow + UVT.... + CODds..mg.L. + NSEC.Effluent.NO5 + NSEC.Effluent.Flow",0.197212284508022,0.811269065135885,"3,2"
"4720","Pump.Flow.Based.PAA.Dose + Secondary.Effluent.Flow + UVT.... + SACto..1.m. + NSEC.Aerobic.SRT + NSEC.Effluent.NH3",0.244650019393176,0.829196233087697,"3,2"
"4721","Pump.Flow.Based.PAA.Dose + Secondary.Effluent.Flow + UVT.... + SACto..1.m. + NSEC.Aerobic.SRT + NSEC.Effluent.NO3",0.243366676635893,0.839269320171368,"3,2"
"4722","Pump.Flow.Based.PAA.Dose + Secondary.Effluent.Flow + UVT.... + SACto..1.m. + NSEC.Aerobic.SRT + NSEC.Effluent.OP",0.201473604256657,0.848201249479846,"3,2"
"4723","Pump.Flow.Based.PAA.Dose + Secondary.Effluent.Flow + UVT.... + SACto..1.m. + NSEC.Aerobic.SRT + NSEC.Effluent.TSS",0.224200664651101,0.825112616420431,"3,2"
"4724","Pump.Flow.Based.PAA.Dose + Secondary.Effluent.Flow + UVT.... + SACto..1.m. + NSEC.Aerobic.SRT + NSEC.Effluent.NO5",0.290092907647473,0.875619005152133,"3,2"
"4725","Pump.Flow.Based.PAA.Dose + Secondary.Effluent.Flow + UVT.... + SACto..1.m. + NSEC.Aerobic.SRT + NSEC.Effluent.Flow",0.306983690604531,0.818539186822767,"3,2"
"4726","Pump.Flow.Based.PAA.Dose + Secondary.Effluent.Flow + UVT.... + SACto..1.m. + NSEC.Effluent.NH3 + NSEC.Effluent.NO3",0.156624273082341,0.822970884705285,"3,2"
"4727","Pump.Flow.Based.PAA.Dose + Secondary.Effluent.Flow + UVT.... + SACto..1.m. + NSEC.Effluent.NH3 + NSEC.Effluent.OP",0.204732192302642,0.835159631654117,"3,2"
"4728","Pump.Flow.Based.PAA.Dose + Secondary.Effluent.Flow + UVT.... + SACto..1.m. + NSEC.Effluent.NH3 + NSEC.Effluent.TSS",0.166553076878748,0.80006435968304,"3,2"
"4729","Pump.Flow.Based.PAA.Dose + Secondary.Effluent.Flow + UVT.... + SACto..1.m. + NSEC.Effluent.NH3 + NSEC.Effluent.NO5",0.323949912530115,0.825863240109837,"3,2"
"4730","Pump.Flow.Based.PAA.Dose + Secondary.Effluent.Flow + UVT.... + SACto..1.m. + NSEC.Effluent.NH3 + NSEC.Effluent.Flow",0.199401559318057,0.794431289940008,"3,2"
"4731","Pump.Flow.Based.PAA.Dose + Secondary.Effluent.Flow + UVT.... + SACto..1.m. + NSEC.Effluent.NO3 + NSEC.Effluent.OP",0.248781878683556,0.80738503990237,"3,2"
"4732","Pump.Flow.Based.PAA.Dose + Secondary.Effluent.Flow + UVT.... + SACto..1.m. + NSEC.Effluent.NO3 + NSEC.Effluent.TSS",0.206828015218712,0.806585684615662,"3,2"
"4733","Pump.Flow.Based.PAA.Dose + Secondary.Effluent.Flow + UVT.... + SACto..1.m. + NSEC.Effluent.NO3 + NSEC.Effluent.NO5",0.26825338034347,0.822691509286936,"3,2"
"4734","Pump.Flow.Based.PAA.Dose + Secondary.Effluent.Flow + UVT.... + SACto..1.m. + NSEC.Effluent.NO3 + NSEC.Effluent.Flow",0.21376029451481,0.81398757107875,"3,2"
"4735","Pump.Flow.Based.PAA.Dose + Secondary.Effluent.Flow + UVT.... + SACto..1.m. + NSEC.Effluent.OP + NSEC.Effluent.TSS",0.293807126469229,0.827987082093348,"3,2"
"4736","Pump.Flow.Based.PAA.Dose + Secondary.Effluent.Flow + UVT.... + SACto..1.m. + NSEC.Effluent.OP + NSEC.Effluent.NO5",0.187639607936231,0.815805825496072,"3,2"
"4737","Pump.Flow.Based.PAA.Dose + Secondary.Effluent.Flow + UVT.... + SACto..1.m. + NSEC.Effluent.OP + NSEC.Effluent.Flow",0.213816292871789,0.800530241142609,"3,2"
"4738","Pump.Flow.Based.PAA.Dose + Secondary.Effluent.Flow + UVT.... + SACto..1.m. + NSEC.Effluent.TSS + NSEC.Effluent.NO5",0.165209878688707,0.793759460396222,"3,2"
"4739","Pump.Flow.Based.PAA.Dose + Secondary.Effluent.Flow + UVT.... + SACto..1.m. + NSEC.Effluent.TSS + NSEC.Effluent.Flow",0.260570570778631,0.817749295894537,"3,2"
"4740","Pump.Flow.Based.PAA.Dose + Secondary.Effluent.Flow + UVT.... + SACto..1.m. + NSEC.Effluent.NO5 + NSEC.Effluent.Flow",0.169838429133574,0.79721554814218,"3,2"
"4741","Pump.Flow.Based.PAA.Dose + Secondary.Effluent.Flow + UVT.... + NSEC.Aerobic.SRT + NSEC.Effluent.NH3 + NSEC.Effluent.NO3",0.163515887429497,0.824561484386186,"3,2"
"4742","Pump.Flow.Based.PAA.Dose + Secondary.Effluent.Flow + UVT.... + NSEC.Aerobic.SRT + NSEC.Effluent.NH3 + NSEC.Effluent.OP",0.211225130186739,0.839819116723192,"3,2"
"4743","Pump.Flow.Based.PAA.Dose + Secondary.Effluent.Flow + UVT.... + NSEC.Aerobic.SRT + NSEC.Effluent.NH3 + NSEC.Effluent.TSS",0.240438326961649,0.847828505753099,"3,2"
"4744","Pump.Flow.Based.PAA.Dose + Secondary.Effluent.Flow + UVT.... + NSEC.Aerobic.SRT + NSEC.Effluent.NH3 + NSEC.Effluent.NO5",0.285771508000082,0.845296446681651,"3,2"
"4745","Pump.Flow.Based.PAA.Dose + Secondary.Effluent.Flow + UVT.... + NSEC.Aerobic.SRT + NSEC.Effluent.NH3 + NSEC.Effluent.Flow",0.127767959636657,0.796695235815756,"3,2"
"4746","Pump.Flow.Based.PAA.Dose + Secondary.Effluent.Flow + UVT.... + NSEC.Aerobic.SRT + NSEC.Effluent.NO3 + NSEC.Effluent.OP",0.278878620893579,0.858913287273419,"3,2"
"4747","Pump.Flow.Based.PAA.Dose + Secondary.Effluent.Flow + UVT.... + NSEC.Aerobic.SRT + NSEC.Effluent.NO3 + NSEC.Effluent.TSS",0.181241831466124,0.814187314340807,"3,2"
"4748","Pump.Flow.Based.PAA.Dose + Secondary.Effluent.Flow + UVT.... + NSEC.Aerobic.SRT + NSEC.Effluent.NO3 + NSEC.Effluent.NO5",0.054628385594818,0.83835533541338,"3,2"
"4749","Pump.Flow.Based.PAA.Dose + Secondary.Effluent.Flow + UVT.... + NSEC.Aerobic.SRT + NSEC.Effluent.NO3 + NSEC.Effluent.Flow",0.216670318702009,0.818506800402275,"3,2"
"4750","Pump.Flow.Based.PAA.Dose + Secondary.Effluent.Flow + UVT.... + NSEC.Aerobic.SRT + NSEC.Effluent.OP + NSEC.Effluent.TSS",0.213124211726732,0.822852069033988,"3,2"
"4751","Pump.Flow.Based.PAA.Dose + Secondary.Effluent.Flow + UVT.... + NSEC.Aerobic.SRT + NSEC.Effluent.OP + NSEC.Effluent.NO5",0.201639487264654,0.808807786435226,"3,2"
"4752","Pump.Flow.Based.PAA.Dose + Secondary.Effluent.Flow + UVT.... + NSEC.Aerobic.SRT + NSEC.Effluent.OP + NSEC.Effluent.Flow",0.224251595026379,0.822244092806783,"3,2"
"4753","Pump.Flow.Based.PAA.Dose + Secondary.Effluent.Flow + UVT.... + NSEC.Aerobic.SRT + NSEC.Effluent.TSS + NSEC.Effluent.NO5",0.180694097946431,0.816143260513203,"3,2"
"4754","Pump.Flow.Based.PAA.Dose + Secondary.Effluent.Flow + UVT.... + NSEC.Aerobic.SRT + NSEC.Effluent.TSS + NSEC.Effluent.Flow",0.284427925686184,0.864554001683721,"3,2"
"4755","Pump.Flow.Based.PAA.Dose + Secondary.Effluent.Flow + UVT.... + NSEC.Aerobic.SRT + NSEC.Effluent.NO5 + NSEC.Effluent.Flow",0.233980897193466,0.832518550890643,"3,2"
"4756","Pump.Flow.Based.PAA.Dose + Secondary.Effluent.Flow + UVT.... + NSEC.Effluent.NH3 + NSEC.Effluent.NO3 + NSEC.Effluent.OP",0.255122672511562,0.83591671996623,"3,2"
"4757","Pump.Flow.Based.PAA.Dose + Secondary.Effluent.Flow + UVT.... + NSEC.Effluent.NH3 + NSEC.Effluent.NO3 + NSEC.Effluent.TSS",0.186726593538099,0.836244767401335,"3,2"
"4758","Pump.Flow.Based.PAA.Dose + Secondary.Effluent.Flow + UVT.... + NSEC.Effluent.NH3 + NSEC.Effluent.NO3 + NSEC.Effluent.NO5",0.203059220665589,0.836134805334753,"3,2"
"4759","Pump.Flow.Based.PAA.Dose + Secondary.Effluent.Flow + UVT.... + NSEC.Effluent.NH3 + NSEC.Effluent.NO3 + NSEC.Effluent.Flow",0.132943825492352,0.804934542896729,"3,2"
"4760","Pump.Flow.Based.PAA.Dose + Secondary.Effluent.Flow + UVT.... + NSEC.Effluent.NH3 + NSEC.Effluent.OP + NSEC.Effluent.TSS",0.259531488916577,0.814687013020613,"3,2"
"4761","Pump.Flow.Based.PAA.Dose + Secondary.Effluent.Flow + UVT.... + NSEC.Effluent.NH3 + NSEC.Effluent.OP + NSEC.Effluent.NO5",0.289284075551569,0.832809931338321,"3,2"
"4762","Pump.Flow.Based.PAA.Dose + Secondary.Effluent.Flow + UVT.... + NSEC.Effluent.NH3 + NSEC.Effluent.OP + NSEC.Effluent.Flow",0.270818383391449,0.802767293094602,"3,2"
"4763","Pump.Flow.Based.PAA.Dose + Secondary.Effluent.Flow + UVT.... + NSEC.Effluent.NH3 + NSEC.Effluent.TSS + NSEC.Effluent.NO5",0.211155092431356,0.817462524108365,"3,2"
"4764","Pump.Flow.Based.PAA.Dose + Secondary.Effluent.Flow + UVT.... + NSEC.Effluent.NH3 + NSEC.Effluent.TSS + NSEC.Effluent.Flow",0.241383895127895,0.829947577707386,"3,2"
"4765","Pump.Flow.Based.PAA.Dose + Secondary.Effluent.Flow + UVT.... + NSEC.Effluent.NH3 + NSEC.Effluent.NO5 + NSEC.Effluent.Flow",0.204724856787493,0.811591736481627,"3,2"
"4766","Pump.Flow.Based.PAA.Dose + Secondary.Effluent.Flow + UVT.... + NSEC.Effluent.NO3 + NSEC.Effluent.OP + NSEC.Effluent.TSS",0.333829508368353,0.834175655176622,"3,2"
"4767","Pump.Flow.Based.PAA.Dose + Secondary.Effluent.Flow + UVT.... + NSEC.Effluent.NO3 + NSEC.Effluent.OP + NSEC.Effluent.NO5",0.180076678293844,0.821660828296317,"3,2"
"4768","Pump.Flow.Based.PAA.Dose + Secondary.Effluent.Flow + UVT.... + NSEC.Effluent.NO3 + NSEC.Effluent.OP + NSEC.Effluent.Flow",0.157266840166511,0.81374710447253,"3,2"
"4769","Pump.Flow.Based.PAA.Dose + Secondary.Effluent.Flow + UVT.... + NSEC.Effluent.NO3 + NSEC.Effluent.TSS + NSEC.Effluent.NO5",0.258875678008238,0.828868834358055,"3,2"
"4770","Pump.Flow.Based.PAA.Dose + Secondary.Effluent.Flow + UVT.... + NSEC.Effluent.NO3 + NSEC.Effluent.TSS + NSEC.Effluent.Flow",0.29102672541074,0.828026162393569,"3,2"
"4771","Pump.Flow.Based.PAA.Dose + Secondary.Effluent.Flow + UVT.... + NSEC.Effluent.NO3 + NSEC.Effluent.NO5 + NSEC.Effluent.Flow",0.20226271447255,0.820509997580325,"3,2"
"4772","Pump.Flow.Based.PAA.Dose + Secondary.Effluent.Flow + UVT.... + NSEC.Effluent.OP + NSEC.Effluent.TSS + NSEC.Effluent.NO5",0.225305402816641,0.843237186001162,"3,2"
"4773","Pump.Flow.Based.PAA.Dose + Secondary.Effluent.Flow + UVT.... + NSEC.Effluent.OP + NSEC.Effluent.TSS + NSEC.Effluent.Flow",0.267580898226113,0.814593132103775,"3,2"
"4774","Pump.Flow.Based.PAA.Dose + Secondary.Effluent.Flow + UVT.... + NSEC.Effluent.OP + NSEC.Effluent.NO5 + NSEC.Effluent.Flow",0.200981687252908,0.810083322471087,"3,2"
"4775","Pump.Flow.Based.PAA.Dose + Secondary.Effluent.Flow + UVT.... + NSEC.Effluent.TSS + NSEC.Effluent.NO5 + NSEC.Effluent.Flow",0.198977398827141,0.818700374075686,"3,2"
"4776","Pump.Flow.Based.PAA.Dose + Secondary.Effluent.Flow + CODds..mg.L. + SACto..1.m. + NSEC.Aerobic.SRT + NSEC.Effluent.NH3",0.108080639689969,0.817504842029617,"3,2"
"4777","Pump.Flow.Based.PAA.Dose + Secondary.Effluent.Flow + CODds..mg.L. + SACto..1.m. + NSEC.Aerobic.SRT + NSEC.Effluent.NO3",0.190243434271492,0.850754751548096,"3,2"
"4778","Pump.Flow.Based.PAA.Dose + Secondary.Effluent.Flow + CODds..mg.L. + SACto..1.m. + NSEC.Aerobic.SRT + NSEC.Effluent.OP",0.133721462456767,0.851746827025978,"3,2"
"4779","Pump.Flow.Based.PAA.Dose + Secondary.Effluent.Flow + CODds..mg.L. + SACto..1.m. + NSEC.Aerobic.SRT + NSEC.Effluent.TSS",0.239266994263339,0.834196718758288,"3,2"
"4780","Pump.Flow.Based.PAA.Dose + Secondary.Effluent.Flow + CODds..mg.L. + SACto..1.m. + NSEC.Aerobic.SRT + NSEC.Effluent.NO5",0.0714577710467061,0.838259592283665,"3,2"
"4781","Pump.Flow.Based.PAA.Dose + Secondary.Effluent.Flow + CODds..mg.L. + SACto..1.m. + NSEC.Aerobic.SRT + NSEC.Effluent.Flow",0.0665426786041126,0.813059373365614,"3,2"
"4782","Pump.Flow.Based.PAA.Dose + Secondary.Effluent.Flow + CODds..mg.L. + SACto..1.m. + NSEC.Effluent.NH3 + NSEC.Effluent.NO3",0.0913086890163335,0.807394043191771,"3,2"
"4783","Pump.Flow.Based.PAA.Dose + Secondary.Effluent.Flow + CODds..mg.L. + SACto..1.m. + NSEC.Effluent.NH3 + NSEC.Effluent.OP",0.083427212057567,0.80659135456991,"3,2"
"4784","Pump.Flow.Based.PAA.Dose + Secondary.Effluent.Flow + CODds..mg.L. + SACto..1.m. + NSEC.Effluent.NH3 + NSEC.Effluent.TSS",0.158128776217085,0.831064640657989,"3,2"
"4785","Pump.Flow.Based.PAA.Dose + Secondary.Effluent.Flow + CODds..mg.L. + SACto..1.m. + NSEC.Effluent.NH3 + NSEC.Effluent.NO5",0.184055585848668,0.811007330615694,"3,2"
"4786","Pump.Flow.Based.PAA.Dose + Secondary.Effluent.Flow + CODds..mg.L. + SACto..1.m. + NSEC.Effluent.NH3 + NSEC.Effluent.Flow",0.168968684494169,0.815896520867195,"3,2"
"4787","Pump.Flow.Based.PAA.Dose + Secondary.Effluent.Flow + CODds..mg.L. + SACto..1.m. + NSEC.Effluent.NO3 + NSEC.Effluent.OP",0.247326652298184,0.822816054280275,"3,2"
"4788","Pump.Flow.Based.PAA.Dose + Secondary.Effluent.Flow + CODds..mg.L. + SACto..1.m. + NSEC.Effluent.NO3 + NSEC.Effluent.TSS",0.248322136355057,0.866380794170127,"3,2"
"4789","Pump.Flow.Based.PAA.Dose + Secondary.Effluent.Flow + CODds..mg.L. + SACto..1.m. + NSEC.Effluent.NO3 + NSEC.Effluent.NO5",0.128366862636219,0.828108494460363,"3,2"
"4790","Pump.Flow.Based.PAA.Dose + Secondary.Effluent.Flow + CODds..mg.L. + SACto..1.m. + NSEC.Effluent.NO3 + NSEC.Effluent.Flow",0.152052547534891,0.827007333978539,"3,2"
"4791","Pump.Flow.Based.PAA.Dose + Secondary.Effluent.Flow + CODds..mg.L. + SACto..1.m. + NSEC.Effluent.OP + NSEC.Effluent.TSS",0.208983984133894,0.829896461937437,"3,2"
"4792","Pump.Flow.Based.PAA.Dose + Secondary.Effluent.Flow + CODds..mg.L. + SACto..1.m. + NSEC.Effluent.OP + NSEC.Effluent.NO5",0.22510625549506,0.827480768848186,"3,2"
"4793","Pump.Flow.Based.PAA.Dose + Secondary.Effluent.Flow + CODds..mg.L. + SACto..1.m. + NSEC.Effluent.OP + NSEC.Effluent.Flow",0.102568830484632,0.809998513192383,"3,2"
"4794","Pump.Flow.Based.PAA.Dose + Secondary.Effluent.Flow + CODds..mg.L. + SACto..1.m. + NSEC.Effluent.TSS + NSEC.Effluent.NO5",0.134547577541271,0.833230079479694,"3,2"
"4795","Pump.Flow.Based.PAA.Dose + Secondary.Effluent.Flow + CODds..mg.L. + SACto..1.m. + NSEC.Effluent.TSS + NSEC.Effluent.Flow",0.176865668584091,0.826824952092749,"3,2"
"4796","Pump.Flow.Based.PAA.Dose + Secondary.Effluent.Flow + CODds..mg.L. + SACto..1.m. + NSEC.Effluent.NO5 + NSEC.Effluent.Flow",0.300577644319141,0.826462155533265,"3,2"
"4797","Pump.Flow.Based.PAA.Dose + Secondary.Effluent.Flow + CODds..mg.L. + NSEC.Aerobic.SRT + NSEC.Effluent.NH3 + NSEC.Effluent.NO3",0.277868808772822,0.821426467338761,"3,2"
"4798","Pump.Flow.Based.PAA.Dose + Secondary.Effluent.Flow + CODds..mg.L. + NSEC.Aerobic.SRT + NSEC.Effluent.NH3 + NSEC.Effluent.OP",0.250272383793885,0.829264272928623,"3,2"
"4799","Pump.Flow.Based.PAA.Dose + Secondary.Effluent.Flow + CODds..mg.L. + NSEC.Aerobic.SRT + NSEC.Effluent.NH3 + NSEC.Effluent.TSS",0.251729339970351,0.83499105701985,"3,2"
"4800","Pump.Flow.Based.PAA.Dose + Secondary.Effluent.Flow + CODds..mg.L. + NSEC.Aerobic.SRT + NSEC.Effluent.NH3 + NSEC.Effluent.NO5",0.248170526046899,0.857441912063873,"3,2"
"4801","Pump.Flow.Based.PAA.Dose + Secondary.Effluent.Flow + CODds..mg.L. + NSEC.Aerobic.SRT + NSEC.Effluent.NH3 + NSEC.Effluent.Flow",0.271169940724367,0.850648095428153,"3,2"
"4802","Pump.Flow.Based.PAA.Dose + Secondary.Effluent.Flow + CODds..mg.L. + NSEC.Aerobic.SRT + NSEC.Effluent.NO3 + NSEC.Effluent.OP",0.212244993526033,0.826342447917433,"3,2"
"4803","Pump.Flow.Based.PAA.Dose + Secondary.Effluent.Flow + CODds..mg.L. + NSEC.Aerobic.SRT + NSEC.Effluent.NO3 + NSEC.Effluent.TSS",0.287252716080823,0.833316448724028,"3,2"
"4804","Pump.Flow.Based.PAA.Dose + Secondary.Effluent.Flow + CODds..mg.L. + NSEC.Aerobic.SRT + NSEC.Effluent.NO3 + NSEC.Effluent.NO5",0.203581315692607,0.849365295222462,"3,2"
"4805","Pump.Flow.Based.PAA.Dose + Secondary.Effluent.Flow + CODds..mg.L. + NSEC.Aerobic.SRT + NSEC.Effluent.NO3 + NSEC.Effluent.Flow",0.250984429768384,0.824600009153922,"3,2"
"4806","Pump.Flow.Based.PAA.Dose + Secondary.Effluent.Flow + CODds..mg.L. + NSEC.Aerobic.SRT + NSEC.Effluent.OP + NSEC.Effluent.TSS",0.227118181218736,0.827426164559073,"3,2"
"4807","Pump.Flow.Based.PAA.Dose + Secondary.Effluent.Flow + CODds..mg.L. + NSEC.Aerobic.SRT + NSEC.Effluent.OP + NSEC.Effluent.NO5",0.263574264010439,0.856235350760814,"3,2"
"4808","Pump.Flow.Based.PAA.Dose + Secondary.Effluent.Flow + CODds..mg.L. + NSEC.Aerobic.SRT + NSEC.Effluent.OP + NSEC.Effluent.Flow",0.190362056673831,0.800084776802484,"3,2"
"4809","Pump.Flow.Based.PAA.Dose + Secondary.Effluent.Flow + CODds..mg.L. + NSEC.Aerobic.SRT + NSEC.Effluent.TSS + NSEC.Effluent.NO5",0.237797099087553,0.84674908515148,"3,2"
"4810","Pump.Flow.Based.PAA.Dose + Secondary.Effluent.Flow + CODds..mg.L. + NSEC.Aerobic.SRT + NSEC.Effluent.TSS + NSEC.Effluent.Flow",0.21209812333138,0.825706200277389,"3,2"
"4811","Pump.Flow.Based.PAA.Dose + Secondary.Effluent.Flow + CODds..mg.L. + NSEC.Aerobic.SRT + NSEC.Effluent.NO5 + NSEC.Effluent.Flow",0.15169087963313,0.813145340298796,"3,2"
"4812","Pump.Flow.Based.PAA.Dose + Secondary.Effluent.Flow + CODds..mg.L. + NSEC.Effluent.NH3 + NSEC.Effluent.NO3 + NSEC.Effluent.OP",0.249705998113406,0.782252364314537,"3,2"
"4813","Pump.Flow.Based.PAA.Dose + Secondary.Effluent.Flow + CODds..mg.L. + NSEC.Effluent.NH3 + NSEC.Effluent.NO3 + NSEC.Effluent.TSS",0.204686108439796,0.837067406683015,"3,2"
"4814","Pump.Flow.Based.PAA.Dose + Secondary.Effluent.Flow + CODds..mg.L. + NSEC.Effluent.NH3 + NSEC.Effluent.NO3 + NSEC.Effluent.NO5",0.204080813904085,0.83417440365175,"3,2"
"4815","Pump.Flow.Based.PAA.Dose + Secondary.Effluent.Flow + CODds..mg.L. + NSEC.Effluent.NH3 + NSEC.Effluent.NO3 + NSEC.Effluent.Flow",0.26938857900387,0.787410828649022,"3,2"
"4816","Pump.Flow.Based.PAA.Dose + Secondary.Effluent.Flow + CODds..mg.L. + NSEC.Effluent.NH3 + NSEC.Effluent.OP + NSEC.Effluent.TSS",0.206991239856331,0.81300198168636,"3,2"
"4817","Pump.Flow.Based.PAA.Dose + Secondary.Effluent.Flow + CODds..mg.L. + NSEC.Effluent.NH3 + NSEC.Effluent.OP + NSEC.Effluent.NO5",0.243510679342797,0.776794784473354,"3,2"
"4818","Pump.Flow.Based.PAA.Dose + Secondary.Effluent.Flow + CODds..mg.L. + NSEC.Effluent.NH3 + NSEC.Effluent.OP + NSEC.Effluent.Flow",0.260055431020424,0.765676585060816,"3,2"
"4819","Pump.Flow.Based.PAA.Dose + Secondary.Effluent.Flow + CODds..mg.L. + NSEC.Effluent.NH3 + NSEC.Effluent.TSS + NSEC.Effluent.NO5",0.191614491047099,0.830896265193707,"3,2"
"4820","Pump.Flow.Based.PAA.Dose + Secondary.Effluent.Flow + CODds..mg.L. + NSEC.Effluent.NH3 + NSEC.Effluent.TSS + NSEC.Effluent.Flow",0.19451749804128,0.80787737370668,"3,2"
"4821","Pump.Flow.Based.PAA.Dose + Secondary.Effluent.Flow + CODds..mg.L. + NSEC.Effluent.NH3 + NSEC.Effluent.NO5 + NSEC.Effluent.Flow",0.309744041246643,0.80628927421684,"3,2"
"4822","Pump.Flow.Based.PAA.Dose + Secondary.Effluent.Flow + CODds..mg.L. + NSEC.Effluent.NO3 + NSEC.Effluent.OP + NSEC.Effluent.TSS",0.213457292125141,0.825843285795107,"3,2"
"4823","Pump.Flow.Based.PAA.Dose + Secondary.Effluent.Flow + CODds..mg.L. + NSEC.Effluent.NO3 + NSEC.Effluent.OP + NSEC.Effluent.NO5",0.211210166464864,0.818380539383014,"3,2"
"4824","Pump.Flow.Based.PAA.Dose + Secondary.Effluent.Flow + CODds..mg.L. + NSEC.Effluent.NO3 + NSEC.Effluent.OP + NSEC.Effluent.Flow",0.360474620998279,0.813410028684001,"3,2"
"4825","Pump.Flow.Based.PAA.Dose + Secondary.Effluent.Flow + CODds..mg.L. + NSEC.Effluent.NO3 + NSEC.Effluent.TSS + NSEC.Effluent.NO5",0.266424536890016,0.847865330446863,"3,2"
"4826","Pump.Flow.Based.PAA.Dose + Secondary.Effluent.Flow + CODds..mg.L. + NSEC.Effluent.NO3 + NSEC.Effluent.TSS + NSEC.Effluent.Flow",0.173423530453877,0.821511051833665,"3,2"
"4827","Pump.Flow.Based.PAA.Dose + Secondary.Effluent.Flow + CODds..mg.L. + NSEC.Effluent.NO3 + NSEC.Effluent.NO5 + NSEC.Effluent.Flow",0.200451808895777,0.834967971664845,"3,2"
"4828","Pump.Flow.Based.PAA.Dose + Secondary.Effluent.Flow + CODds..mg.L. + NSEC.Effluent.OP + NSEC.Effluent.TSS + NSEC.Effluent.NO5",0.252126954943503,0.841762829388287,"3,2"
"4829","Pump.Flow.Based.PAA.Dose + Secondary.Effluent.Flow + CODds..mg.L. + NSEC.Effluent.OP + NSEC.Effluent.TSS + NSEC.Effluent.Flow",0.256329940894168,0.837948252579828,"3,2"
"4830","Pump.Flow.Based.PAA.Dose + Secondary.Effluent.Flow + CODds..mg.L. + NSEC.Effluent.OP + NSEC.Effluent.NO5 + NSEC.Effluent.Flow",0.375141985637379,0.823508093809708,"3,2"
"4831","Pump.Flow.Based.PAA.Dose + Secondary.Effluent.Flow + CODds..mg.L. + NSEC.Effluent.TSS + NSEC.Effluent.NO5 + NSEC.Effluent.Flow",0.271285148512429,0.843461565657134,"3,2"
"4832","Pump.Flow.Based.PAA.Dose + Secondary.Effluent.Flow + SACto..1.m. + NSEC.Aerobic.SRT + NSEC.Effluent.NH3 + NSEC.Effluent.NO3",0.244889997054774,0.834286749181646,"3,2"
"4833","Pump.Flow.Based.PAA.Dose + Secondary.Effluent.Flow + SACto..1.m. + NSEC.Aerobic.SRT + NSEC.Effluent.NH3 + NSEC.Effluent.OP",0.139008636393151,0.805130923181429,"3,2"
"4834","Pump.Flow.Based.PAA.Dose + Secondary.Effluent.Flow + SACto..1.m. + NSEC.Aerobic.SRT + NSEC.Effluent.NH3 + NSEC.Effluent.TSS",0.192961132986357,0.83249625776386,"3,2"
"4835","Pump.Flow.Based.PAA.Dose + Secondary.Effluent.Flow + SACto..1.m. + NSEC.Aerobic.SRT + NSEC.Effluent.NH3 + NSEC.Effluent.NO5",0.129061399212438,0.805359354014702,"3,2"
"4836","Pump.Flow.Based.PAA.Dose + Secondary.Effluent.Flow + SACto..1.m. + NSEC.Aerobic.SRT + NSEC.Effluent.NH3 + NSEC.Effluent.Flow",0.134248800679515,0.794420302320879,"3,2"
"4837","Pump.Flow.Based.PAA.Dose + Secondary.Effluent.Flow + SACto..1.m. + NSEC.Aerobic.SRT + NSEC.Effluent.NO3 + NSEC.Effluent.OP",0.224651552250722,0.831262591902772,"3,2"
"4838","Pump.Flow.Based.PAA.Dose + Secondary.Effluent.Flow + SACto..1.m. + NSEC.Aerobic.SRT + NSEC.Effluent.NO3 + NSEC.Effluent.TSS",0.230348545582852,0.838964124570337,"3,2"
"4839","Pump.Flow.Based.PAA.Dose + Secondary.Effluent.Flow + SACto..1.m. + NSEC.Aerobic.SRT + NSEC.Effluent.NO3 + NSEC.Effluent.NO5",0.211353229627848,0.835921041917987,"3,2"
"4840","Pump.Flow.Based.PAA.Dose + Secondary.Effluent.Flow + SACto..1.m. + NSEC.Aerobic.SRT + NSEC.Effluent.NO3 + NSEC.Effluent.Flow",0.406455718462364,0.851990347253612,"3,2"
"4841","Pump.Flow.Based.PAA.Dose + Secondary.Effluent.Flow + SACto..1.m. + NSEC.Aerobic.SRT + NSEC.Effluent.OP + NSEC.Effluent.TSS",0.200401076252655,0.835152637079049,"3,2"
"4842","Pump.Flow.Based.PAA.Dose + Secondary.Effluent.Flow + SACto..1.m. + NSEC.Aerobic.SRT + NSEC.Effluent.OP + NSEC.Effluent.NO5",0.136810310568132,0.823004146099045,"3,2"
"4843","Pump.Flow.Based.PAA.Dose + Secondary.Effluent.Flow + SACto..1.m. + NSEC.Aerobic.SRT + NSEC.Effluent.OP + NSEC.Effluent.Flow",0.216535544838528,0.831082248690544,"3,2"
"4844","Pump.Flow.Based.PAA.Dose + Secondary.Effluent.Flow + SACto..1.m. + NSEC.Aerobic.SRT + NSEC.Effluent.TSS + NSEC.Effluent.NO5",0.0887292071449268,0.858692164213806,"3,2"
"4845","Pump.Flow.Based.PAA.Dose + Secondary.Effluent.Flow + SACto..1.m. + NSEC.Aerobic.SRT + NSEC.Effluent.TSS + NSEC.Effluent.Flow",0.250628054445761,0.83565904978359,"3,2"
"4846","Pump.Flow.Based.PAA.Dose + Secondary.Effluent.Flow + SACto..1.m. + NSEC.Aerobic.SRT + NSEC.Effluent.NO5 + NSEC.Effluent.Flow",0.24595899978767,0.826341250962743,"3,2"
"4847","Pump.Flow.Based.PAA.Dose + Secondary.Effluent.Flow + SACto..1.m. + NSEC.Effluent.NH3 + NSEC.Effluent.NO3 + NSEC.Effluent.OP",0.229130622936684,0.80105914508926,"3,2"
"4848","Pump.Flow.Based.PAA.Dose + Secondary.Effluent.Flow + SACto..1.m. + NSEC.Effluent.NH3 + NSEC.Effluent.NO3 + NSEC.Effluent.TSS",0.245577395594942,0.83611166907793,"3,2"
"4849","Pump.Flow.Based.PAA.Dose + Secondary.Effluent.Flow + SACto..1.m. + NSEC.Effluent.NH3 + NSEC.Effluent.NO3 + NSEC.Effluent.NO5",0.198269067430928,0.820167707170022,"3,2"
"4850","Pump.Flow.Based.PAA.Dose + Secondary.Effluent.Flow + SACto..1.m. + NSEC.Effluent.NH3 + NSEC.Effluent.NO3 + NSEC.Effluent.Flow",0.321439897083931,0.838887594243389,"3,2"
"4851","Pump.Flow.Based.PAA.Dose + Secondary.Effluent.Flow + SACto..1.m. + NSEC.Effluent.NH3 + NSEC.Effluent.OP + NSEC.Effluent.TSS",0.150290634251518,0.820881680717889,"3,2"
"4852","Pump.Flow.Based.PAA.Dose + Secondary.Effluent.Flow + SACto..1.m. + NSEC.Effluent.NH3 + NSEC.Effluent.OP + NSEC.Effluent.NO5",0.205596416582382,0.815015524723493,"3,2"
"4853","Pump.Flow.Based.PAA.Dose + Secondary.Effluent.Flow + SACto..1.m. + NSEC.Effluent.NH3 + NSEC.Effluent.OP + NSEC.Effluent.Flow",0.230703088526619,0.805815998998826,"3,2"
"4854","Pump.Flow.Based.PAA.Dose + Secondary.Effluent.Flow + SACto..1.m. + NSEC.Effluent.NH3 + NSEC.Effluent.TSS + NSEC.Effluent.NO5",0.150487209515601,0.824959771063718,"3,2"
"4855","Pump.Flow.Based.PAA.Dose + Secondary.Effluent.Flow + SACto..1.m. + NSEC.Effluent.NH3 + NSEC.Effluent.TSS + NSEC.Effluent.Flow",0.168160118554796,0.799989684536258,"3,2"
"4856","Pump.Flow.Based.PAA.Dose + Secondary.Effluent.Flow + SACto..1.m. + NSEC.Effluent.NH3 + NSEC.Effluent.NO5 + NSEC.Effluent.Flow",0.333548103737241,0.834924999218498,"3,2"
"4857","Pump.Flow.Based.PAA.Dose + Secondary.Effluent.Flow + SACto..1.m. + NSEC.Effluent.NO3 + NSEC.Effluent.OP + NSEC.Effluent.TSS",0.241850043496702,0.855004638990249,"3,2"
"4858","Pump.Flow.Based.PAA.Dose + Secondary.Effluent.Flow + SACto..1.m. + NSEC.Effluent.NO3 + NSEC.Effluent.OP + NSEC.Effluent.NO5",0.228866879613799,0.819915325133626,"3,2"
"4859","Pump.Flow.Based.PAA.Dose + Secondary.Effluent.Flow + SACto..1.m. + NSEC.Effluent.NO3 + NSEC.Effluent.OP + NSEC.Effluent.Flow",0.234626000018801,0.831877729444629,"3,2"
"4860","Pump.Flow.Based.PAA.Dose + Secondary.Effluent.Flow + SACto..1.m. + NSEC.Effluent.NO3 + NSEC.Effluent.TSS + NSEC.Effluent.NO5",0.305389680999899,0.846277209617207,"3,2"
"4861","Pump.Flow.Based.PAA.Dose + Secondary.Effluent.Flow + SACto..1.m. + NSEC.Effluent.NO3 + NSEC.Effluent.TSS + NSEC.Effluent.Flow",0.246189913110341,0.82956102580345,"3,2"
"4862","Pump.Flow.Based.PAA.Dose + Secondary.Effluent.Flow + SACto..1.m. + NSEC.Effluent.NO3 + NSEC.Effluent.NO5 + NSEC.Effluent.Flow",0.172214819298767,0.814250289939422,"3,2"
"4863","Pump.Flow.Based.PAA.Dose + Secondary.Effluent.Flow + SACto..1.m. + NSEC.Effluent.OP + NSEC.Effluent.TSS + NSEC.Effluent.NO5",0.194520620177709,0.815979617398479,"3,2"
"4864","Pump.Flow.Based.PAA.Dose + Secondary.Effluent.Flow + SACto..1.m. + NSEC.Effluent.OP + NSEC.Effluent.TSS + NSEC.Effluent.Flow",0.239554836592288,0.816286633579921,"3,2"
"4865","Pump.Flow.Based.PAA.Dose + Secondary.Effluent.Flow + SACto..1.m. + NSEC.Effluent.OP + NSEC.Effluent.NO5 + NSEC.Effluent.Flow",0.254163869355005,0.820704289719798,"3,2"
"4866","Pump.Flow.Based.PAA.Dose + Secondary.Effluent.Flow + SACto..1.m. + NSEC.Effluent.TSS + NSEC.Effluent.NO5 + NSEC.Effluent.Flow",0.253390921411095,0.820663933781871,"3,2"
"4867","Pump.Flow.Based.PAA.Dose + Secondary.Effluent.Flow + NSEC.Aerobic.SRT + NSEC.Effluent.NH3 + NSEC.Effluent.NO3 + NSEC.Effluent.OP",0.265389703817154,0.850443242027694,"3,2"
"4868","Pump.Flow.Based.PAA.Dose + Secondary.Effluent.Flow + NSEC.Aerobic.SRT + NSEC.Effluent.NH3 + NSEC.Effluent.NO3 + NSEC.Effluent.TSS",0.271618081313917,0.825348228216042,"3,2"
"4869","Pump.Flow.Based.PAA.Dose + Secondary.Effluent.Flow + NSEC.Aerobic.SRT + NSEC.Effluent.NH3 + NSEC.Effluent.NO3 + NSEC.Effluent.NO5",0.243151241999407,0.826448589447462,"3,2"
"4870","Pump.Flow.Based.PAA.Dose + Secondary.Effluent.Flow + NSEC.Aerobic.SRT + NSEC.Effluent.NH3 + NSEC.Effluent.NO3 + NSEC.Effluent.Flow",0.226704333343716,0.822120251745165,"3,2"
"4871","Pump.Flow.Based.PAA.Dose + Secondary.Effluent.Flow + NSEC.Aerobic.SRT + NSEC.Effluent.NH3 + NSEC.Effluent.OP + NSEC.Effluent.TSS",0.254109054473422,0.841465599114373,"3,2"
"4872","Pump.Flow.Based.PAA.Dose + Secondary.Effluent.Flow + NSEC.Aerobic.SRT + NSEC.Effluent.NH3 + NSEC.Effluent.OP + NSEC.Effluent.NO5",0.285050536216837,0.826931476022277,"3,2"
"4873","Pump.Flow.Based.PAA.Dose + Secondary.Effluent.Flow + NSEC.Aerobic.SRT + NSEC.Effluent.NH3 + NSEC.Effluent.OP + NSEC.Effluent.Flow",0.197699714472085,0.792682462224827,"3,2"
"4874","Pump.Flow.Based.PAA.Dose + Secondary.Effluent.Flow + NSEC.Aerobic.SRT + NSEC.Effluent.NH3 + NSEC.Effluent.TSS + NSEC.Effluent.NO5",0.280380272669797,0.832779073564801,"3,2"
"4875","Pump.Flow.Based.PAA.Dose + Secondary.Effluent.Flow + NSEC.Aerobic.SRT + NSEC.Effluent.NH3 + NSEC.Effluent.TSS + NSEC.Effluent.Flow",0.249738982791159,0.819108453567235,"3,2"
"4876","Pump.Flow.Based.PAA.Dose + Secondary.Effluent.Flow + NSEC.Aerobic.SRT + NSEC.Effluent.NH3 + NSEC.Effluent.NO5 + NSEC.Effluent.Flow",0.29120902429645,0.856016294371003,"3,2"
"4877","Pump.Flow.Based.PAA.Dose + Secondary.Effluent.Flow + NSEC.Aerobic.SRT + NSEC.Effluent.NO3 + NSEC.Effluent.OP + NSEC.Effluent.TSS",0.223221211242746,0.826953544588652,"3,2"
"4878","Pump.Flow.Based.PAA.Dose + Secondary.Effluent.Flow + NSEC.Aerobic.SRT + NSEC.Effluent.NO3 + NSEC.Effluent.OP + NSEC.Effluent.NO5",0.179718537431997,0.827477728700657,"3,2"
"4879","Pump.Flow.Based.PAA.Dose + Secondary.Effluent.Flow + NSEC.Aerobic.SRT + NSEC.Effluent.NO3 + NSEC.Effluent.OP + NSEC.Effluent.Flow",0.212758605983103,0.815720405300935,"3,2"
"4880","Pump.Flow.Based.PAA.Dose + Secondary.Effluent.Flow + NSEC.Aerobic.SRT + NSEC.Effluent.NO3 + NSEC.Effluent.TSS + NSEC.Effluent.NO5",0.249561105160481,0.833168205193443,"3,2"
"4881","Pump.Flow.Based.PAA.Dose + Secondary.Effluent.Flow + NSEC.Aerobic.SRT + NSEC.Effluent.NO3 + NSEC.Effluent.TSS + NSEC.Effluent.Flow",0.194363999465206,0.807020712296769,"3,2"
"4882","Pump.Flow.Based.PAA.Dose + Secondary.Effluent.Flow + NSEC.Aerobic.SRT + NSEC.Effluent.NO3 + NSEC.Effluent.NO5 + NSEC.Effluent.Flow",0.15122592216621,0.805725252507836,"3,2"
"4883","Pump.Flow.Based.PAA.Dose + Secondary.Effluent.Flow + NSEC.Aerobic.SRT + NSEC.Effluent.OP + NSEC.Effluent.TSS + NSEC.Effluent.NO5",0.209092334002789,0.808699420612525,"3,2"
"4884","Pump.Flow.Based.PAA.Dose + Secondary.Effluent.Flow + NSEC.Aerobic.SRT + NSEC.Effluent.OP + NSEC.Effluent.TSS + NSEC.Effluent.Flow",0.288867953091387,0.815209230690428,"3,2"
"4885","Pump.Flow.Based.PAA.Dose + Secondary.Effluent.Flow + NSEC.Aerobic.SRT + NSEC.Effluent.OP + NSEC.Effluent.NO5 + NSEC.Effluent.Flow",0.166922854265332,0.813279142121692,"3,2"
"4886","Pump.Flow.Based.PAA.Dose + Secondary.Effluent.Flow + NSEC.Aerobic.SRT + NSEC.Effluent.TSS + NSEC.Effluent.NO5 + NSEC.Effluent.Flow",0.247517820601358,0.822886850099219,"3,2"
"4887","Pump.Flow.Based.PAA.Dose + Secondary.Effluent.Flow + NSEC.Effluent.NH3 + NSEC.Effluent.NO3 + NSEC.Effluent.OP + NSEC.Effluent.TSS",0.240364855361806,0.829819810368634,"3,2"
"4888","Pump.Flow.Based.PAA.Dose + Secondary.Effluent.Flow + NSEC.Effluent.NH3 + NSEC.Effluent.NO3 + NSEC.Effluent.OP + NSEC.Effluent.NO5",0.181657886438706,0.849840639574293,"3,2"
"4889","Pump.Flow.Based.PAA.Dose + Secondary.Effluent.Flow + NSEC.Effluent.NH3 + NSEC.Effluent.NO3 + NSEC.Effluent.OP + NSEC.Effluent.Flow",0.231414591555297,0.825720077595153,"3,2"
"4890","Pump.Flow.Based.PAA.Dose + Secondary.Effluent.Flow + NSEC.Effluent.NH3 + NSEC.Effluent.NO3 + NSEC.Effluent.TSS + NSEC.Effluent.NO5",0.203661878262846,0.825555151405261,"3,2"
"4891","Pump.Flow.Based.PAA.Dose + Secondary.Effluent.Flow + NSEC.Effluent.NH3 + NSEC.Effluent.NO3 + NSEC.Effluent.TSS + NSEC.Effluent.Flow",0.224945117658647,0.811135176981253,"3,2"
"4892","Pump.Flow.Based.PAA.Dose + Secondary.Effluent.Flow + NSEC.Effluent.NH3 + NSEC.Effluent.NO3 + NSEC.Effluent.NO5 + NSEC.Effluent.Flow",0.234301414272893,0.825296325709611,"3,2"
"4893","Pump.Flow.Based.PAA.Dose + Secondary.Effluent.Flow + NSEC.Effluent.NH3 + NSEC.Effluent.OP + NSEC.Effluent.TSS + NSEC.Effluent.NO5",0.248771834753523,0.840235246758639,"3,2"
"4894","Pump.Flow.Based.PAA.Dose + Secondary.Effluent.Flow + NSEC.Effluent.NH3 + NSEC.Effluent.OP + NSEC.Effluent.TSS + NSEC.Effluent.Flow",0.225808072042474,0.797269005847947,"3,2"
"4895","Pump.Flow.Based.PAA.Dose + Secondary.Effluent.Flow + NSEC.Effluent.NH3 + NSEC.Effluent.OP + NSEC.Effluent.NO5 + NSEC.Effluent.Flow",0.319858378533289,0.777121794729773,"3,2"
"4896","Pump.Flow.Based.PAA.Dose + Secondary.Effluent.Flow + NSEC.Effluent.NH3 + NSEC.Effluent.TSS + NSEC.Effluent.NO5 + NSEC.Effluent.Flow",0.178505869829311,0.83327446981566,"3,2"
"4897","Pump.Flow.Based.PAA.Dose + Secondary.Effluent.Flow + NSEC.Effluent.NO3 + NSEC.Effluent.OP + NSEC.Effluent.TSS + NSEC.Effluent.NO5",0.1773846212385,0.835414768268872,"3,2"
"4898","Pump.Flow.Based.PAA.Dose + Secondary.Effluent.Flow + NSEC.Effluent.NO3 + NSEC.Effluent.OP + NSEC.Effluent.TSS + NSEC.Effluent.Flow",0.285976099582797,0.832979954568455,"3,2"
"4899","Pump.Flow.Based.PAA.Dose + Secondary.Effluent.Flow + NSEC.Effluent.NO3 + NSEC.Effluent.OP + NSEC.Effluent.NO5 + NSEC.Effluent.Flow",0.200564893892321,0.819744133630718,"3,2"
"4900","Pump.Flow.Based.PAA.Dose + Secondary.Effluent.Flow + NSEC.Effluent.NO3 + NSEC.Effluent.TSS + NSEC.Effluent.NO5 + NSEC.Effluent.Flow",0.210843775037324,0.81176357521538,"3,2"
"4901","Pump.Flow.Based.PAA.Dose + Secondary.Effluent.Flow + NSEC.Effluent.OP + NSEC.Effluent.TSS + NSEC.Effluent.NO5 + NSEC.Effluent.Flow",0.252197506607958,0.807771948357638,"3,2"
"4902","Pump.Flow.Based.PAA.Dose + N..Basin.Outfall + CODto..mg.L. + TSS..mg.L. + UVT.... + CODds..mg.L.",0.11128272593042,0.800634111149706,"3,2"
"4903","Pump.Flow.Based.PAA.Dose + N..Basin.Outfall + CODto..mg.L. + TSS..mg.L. + UVT.... + SACto..1.m.",0.0969785165941937,0.794091393584706,"3,2"
"4904","Pump.Flow.Based.PAA.Dose + N..Basin.Outfall + CODto..mg.L. + TSS..mg.L. + UVT.... + NSEC.Aerobic.SRT",0.140618386347431,0.818315612549481,"3,2"
"4905","Pump.Flow.Based.PAA.Dose + N..Basin.Outfall + CODto..mg.L. + TSS..mg.L. + UVT.... + NSEC.Effluent.NH3",0.20412320804715,0.812376976259932,"3,2"
"4906","Pump.Flow.Based.PAA.Dose + N..Basin.Outfall + CODto..mg.L. + TSS..mg.L. + UVT.... + NSEC.Effluent.NO3",0.119628036731462,0.809220607839959,"3,2"
"4907","Pump.Flow.Based.PAA.Dose + N..Basin.Outfall + CODto..mg.L. + TSS..mg.L. + UVT.... + NSEC.Effluent.OP",0.152484381625394,0.803931974949724,"3,2"
"4908","Pump.Flow.Based.PAA.Dose + N..Basin.Outfall + CODto..mg.L. + TSS..mg.L. + UVT.... + NSEC.Effluent.TSS",0.195136657583013,0.82827969791003,"3,2"
"4909","Pump.Flow.Based.PAA.Dose + N..Basin.Outfall + CODto..mg.L. + TSS..mg.L. + UVT.... + NSEC.Effluent.NO5",0.185136108038093,0.802271560997731,"3,2"
"4910","Pump.Flow.Based.PAA.Dose + N..Basin.Outfall + CODto..mg.L. + TSS..mg.L. + UVT.... + NSEC.Effluent.Flow",0.197290237312927,0.82623021347494,"3,2"
"4911","Pump.Flow.Based.PAA.Dose + N..Basin.Outfall + CODto..mg.L. + TSS..mg.L. + CODds..mg.L. + SACto..1.m.",0.220916592140882,0.831333256025256,"3,2"
"4912","Pump.Flow.Based.PAA.Dose + N..Basin.Outfall + CODto..mg.L. + TSS..mg.L. + CODds..mg.L. + NSEC.Aerobic.SRT",0.109989689071469,0.81602618928051,"3,2"
"4913","Pump.Flow.Based.PAA.Dose + N..Basin.Outfall + CODto..mg.L. + TSS..mg.L. + CODds..mg.L. + NSEC.Effluent.NH3",0.0865827603671301,0.80238618974394,"3,2"
"4914","Pump.Flow.Based.PAA.Dose + N..Basin.Outfall + CODto..mg.L. + TSS..mg.L. + CODds..mg.L. + NSEC.Effluent.NO3",0.117517513670939,0.804447927850975,"3,2"
"4915","Pump.Flow.Based.PAA.Dose + N..Basin.Outfall + CODto..mg.L. + TSS..mg.L. + CODds..mg.L. + NSEC.Effluent.OP",0.149516029883082,0.804245512077977,"3,2"
"4916","Pump.Flow.Based.PAA.Dose + N..Basin.Outfall + CODto..mg.L. + TSS..mg.L. + CODds..mg.L. + NSEC.Effluent.TSS",0.103855135683422,0.817506068723265,"3,2"
"4917","Pump.Flow.Based.PAA.Dose + N..Basin.Outfall + CODto..mg.L. + TSS..mg.L. + CODds..mg.L. + NSEC.Effluent.NO5",0.163338673353239,0.846190622648137,"3,2"
"4918","Pump.Flow.Based.PAA.Dose + N..Basin.Outfall + CODto..mg.L. + TSS..mg.L. + CODds..mg.L. + NSEC.Effluent.Flow",0.258078199512624,0.828259295259857,"3,2"
"4919","Pump.Flow.Based.PAA.Dose + N..Basin.Outfall + CODto..mg.L. + TSS..mg.L. + SACto..1.m. + NSEC.Aerobic.SRT",0.111631203931583,0.824544843483062,"3,2"
"4920","Pump.Flow.Based.PAA.Dose + N..Basin.Outfall + CODto..mg.L. + TSS..mg.L. + SACto..1.m. + NSEC.Effluent.NH3",0.119497092962189,0.79781525149762,"3,2"
"4921","Pump.Flow.Based.PAA.Dose + N..Basin.Outfall + CODto..mg.L. + TSS..mg.L. + SACto..1.m. + NSEC.Effluent.NO3",0.189618893998667,0.803342897096274,"3,2"
"4922","Pump.Flow.Based.PAA.Dose + N..Basin.Outfall + CODto..mg.L. + TSS..mg.L. + SACto..1.m. + NSEC.Effluent.OP",0.15447929404503,0.803594352049036,"3,2"
"4923","Pump.Flow.Based.PAA.Dose + N..Basin.Outfall + CODto..mg.L. + TSS..mg.L. + SACto..1.m. + NSEC.Effluent.TSS",0.133247860768115,0.829631664792058,"3,2"
"4924","Pump.Flow.Based.PAA.Dose + N..Basin.Outfall + CODto..mg.L. + TSS..mg.L. + SACto..1.m. + NSEC.Effluent.NO5",0.192743895109217,0.809917524394409,"3,2"
"4925","Pump.Flow.Based.PAA.Dose + N..Basin.Outfall + CODto..mg.L. + TSS..mg.L. + SACto..1.m. + NSEC.Effluent.Flow",0.129044028908199,0.809277454831368,"3,2"
"4926","Pump.Flow.Based.PAA.Dose + N..Basin.Outfall + CODto..mg.L. + TSS..mg.L. + NSEC.Aerobic.SRT + NSEC.Effluent.NH3",0.103018322776302,0.806026371473491,"3,2"
"4927","Pump.Flow.Based.PAA.Dose + N..Basin.Outfall + CODto..mg.L. + TSS..mg.L. + NSEC.Aerobic.SRT + NSEC.Effluent.NO3",0.167674836610157,0.814742658688,"3,2"
"4928","Pump.Flow.Based.PAA.Dose + N..Basin.Outfall + CODto..mg.L. + TSS..mg.L. + NSEC.Aerobic.SRT + NSEC.Effluent.OP",0.126647214288693,0.810210562064565,"3,2"
"4929","Pump.Flow.Based.PAA.Dose + N..Basin.Outfall + CODto..mg.L. + TSS..mg.L. + NSEC.Aerobic.SRT + NSEC.Effluent.TSS",0.212990864335156,0.839007108525118,"3,2"
"4930","Pump.Flow.Based.PAA.Dose + N..Basin.Outfall + CODto..mg.L. + TSS..mg.L. + NSEC.Aerobic.SRT + NSEC.Effluent.NO5",0.157148449680537,0.824282207802764,"3,2"
"4931","Pump.Flow.Based.PAA.Dose + N..Basin.Outfall + CODto..mg.L. + TSS..mg.L. + NSEC.Aerobic.SRT + NSEC.Effluent.Flow",0.218580741966889,0.831352196916117,"3,2"
"4932","Pump.Flow.Based.PAA.Dose + N..Basin.Outfall + CODto..mg.L. + TSS..mg.L. + NSEC.Effluent.NH3 + NSEC.Effluent.NO3",0.147036871503115,0.802255824688993,"3,2"
"4933","Pump.Flow.Based.PAA.Dose + N..Basin.Outfall + CODto..mg.L. + TSS..mg.L. + NSEC.Effluent.NH3 + NSEC.Effluent.OP",0.16003613876147,0.809849668292257,"3,2"
"4934","Pump.Flow.Based.PAA.Dose + N..Basin.Outfall + CODto..mg.L. + TSS..mg.L. + NSEC.Effluent.NH3 + NSEC.Effluent.TSS",0.180676826285255,0.836732600682428,"3,2"
"4935","Pump.Flow.Based.PAA.Dose + N..Basin.Outfall + CODto..mg.L. + TSS..mg.L. + NSEC.Effluent.NH3 + NSEC.Effluent.NO5",0.123187567069475,0.81823866085768,"3,2"
"4936","Pump.Flow.Based.PAA.Dose + N..Basin.Outfall + CODto..mg.L. + TSS..mg.L. + NSEC.Effluent.NH3 + NSEC.Effluent.Flow",0.242537602293404,0.820570796391779,"3,2"
"4937","Pump.Flow.Based.PAA.Dose + N..Basin.Outfall + CODto..mg.L. + TSS..mg.L. + NSEC.Effluent.NO3 + NSEC.Effluent.OP",0.144766482965515,0.841027005641182,"3,2"
"4938","Pump.Flow.Based.PAA.Dose + N..Basin.Outfall + CODto..mg.L. + TSS..mg.L. + NSEC.Effluent.NO3 + NSEC.Effluent.TSS",0.152019678518949,0.817522209468214,"3,2"
"4939","Pump.Flow.Based.PAA.Dose + N..Basin.Outfall + CODto..mg.L. + TSS..mg.L. + NSEC.Effluent.NO3 + NSEC.Effluent.NO5",0.152733947375094,0.816512176382496,"3,2"
"4940","Pump.Flow.Based.PAA.Dose + N..Basin.Outfall + CODto..mg.L. + TSS..mg.L. + NSEC.Effluent.NO3 + NSEC.Effluent.Flow",0.242662344672443,0.823363759800614,"3,2"
"4941","Pump.Flow.Based.PAA.Dose + N..Basin.Outfall + CODto..mg.L. + TSS..mg.L. + NSEC.Effluent.OP + NSEC.Effluent.TSS",0.206164335519224,0.818723909576725,"3,2"
"4942","Pump.Flow.Based.PAA.Dose + N..Basin.Outfall + CODto..mg.L. + TSS..mg.L. + NSEC.Effluent.OP + NSEC.Effluent.NO5",0.187579092283447,0.813000160558637,"3,2"
"4943","Pump.Flow.Based.PAA.Dose + N..Basin.Outfall + CODto..mg.L. + TSS..mg.L. + NSEC.Effluent.OP + NSEC.Effluent.Flow",0.210495988027874,0.811083920154342,"3,2"
"4944","Pump.Flow.Based.PAA.Dose + N..Basin.Outfall + CODto..mg.L. + TSS..mg.L. + NSEC.Effluent.TSS + NSEC.Effluent.NO5",0.298114577318542,0.855842124023666,"3,2"
"4945","Pump.Flow.Based.PAA.Dose + N..Basin.Outfall + CODto..mg.L. + TSS..mg.L. + NSEC.Effluent.TSS + NSEC.Effluent.Flow",0.160035326120352,0.822478276344838,"3,2"
"4946","Pump.Flow.Based.PAA.Dose + N..Basin.Outfall + CODto..mg.L. + TSS..mg.L. + NSEC.Effluent.NO5 + NSEC.Effluent.Flow",0.143022470419483,0.795443505637894,"3,2"
"4947","Pump.Flow.Based.PAA.Dose + N..Basin.Outfall + CODto..mg.L. + UVT.... + CODds..mg.L. + SACto..1.m.",0.21699011191066,0.810753130474234,"3,2"
"4948","Pump.Flow.Based.PAA.Dose + N..Basin.Outfall + CODto..mg.L. + UVT.... + CODds..mg.L. + NSEC.Aerobic.SRT",0.211123957503859,0.835841288714647,"3,2"
"4949","Pump.Flow.Based.PAA.Dose + N..Basin.Outfall + CODto..mg.L. + UVT.... + CODds..mg.L. + NSEC.Effluent.NH3",0.276716121163287,0.827129470867938,"3,2"
"4950","Pump.Flow.Based.PAA.Dose + N..Basin.Outfall + CODto..mg.L. + UVT.... + CODds..mg.L. + NSEC.Effluent.NO3",0.375520132501368,0.833286866181663,"3,2"
"4951","Pump.Flow.Based.PAA.Dose + N..Basin.Outfall + CODto..mg.L. + UVT.... + CODds..mg.L. + NSEC.Effluent.OP",0.265657456603941,0.810250266268666,"3,2"
"4952","Pump.Flow.Based.PAA.Dose + N..Basin.Outfall + CODto..mg.L. + UVT.... + CODds..mg.L. + NSEC.Effluent.TSS",0.238323763620182,0.832701037025787,"3,2"
"4953","Pump.Flow.Based.PAA.Dose + N..Basin.Outfall + CODto..mg.L. + UVT.... + CODds..mg.L. + NSEC.Effluent.NO5",0.219180092821712,0.813501191099812,"3,2"
"4954","Pump.Flow.Based.PAA.Dose + N..Basin.Outfall + CODto..mg.L. + UVT.... + CODds..mg.L. + NSEC.Effluent.Flow",0.167799028244585,0.816070785259385,"3,2"
"4955","Pump.Flow.Based.PAA.Dose + N..Basin.Outfall + CODto..mg.L. + UVT.... + SACto..1.m. + NSEC.Aerobic.SRT",0.248990400632609,0.833729273696284,"3,2"
"4956","Pump.Flow.Based.PAA.Dose + N..Basin.Outfall + CODto..mg.L. + UVT.... + SACto..1.m. + NSEC.Effluent.NH3",0.219209780285411,0.806360830883767,"3,2"
"4957","Pump.Flow.Based.PAA.Dose + N..Basin.Outfall + CODto..mg.L. + UVT.... + SACto..1.m. + NSEC.Effluent.NO3",0.289147653248826,0.806359217351399,"3,2"
"4958","Pump.Flow.Based.PAA.Dose + N..Basin.Outfall + CODto..mg.L. + UVT.... + SACto..1.m. + NSEC.Effluent.OP",0.222259860748023,0.825338089446624,"3,2"
"4959","Pump.Flow.Based.PAA.Dose + N..Basin.Outfall + CODto..mg.L. + UVT.... + SACto..1.m. + NSEC.Effluent.TSS",0.292885789790047,0.82375183103575,"3,2"
"4960","Pump.Flow.Based.PAA.Dose + N..Basin.Outfall + CODto..mg.L. + UVT.... + SACto..1.m. + NSEC.Effluent.NO5",0.285682379813789,0.802616954097914,"3,2"
"4961","Pump.Flow.Based.PAA.Dose + N..Basin.Outfall + CODto..mg.L. + UVT.... + SACto..1.m. + NSEC.Effluent.Flow",0.128980751305054,0.799070346690365,"3,2"
"4962","Pump.Flow.Based.PAA.Dose + N..Basin.Outfall + CODto..mg.L. + UVT.... + NSEC.Aerobic.SRT + NSEC.Effluent.NH3",0.141451676720502,0.792430833922875,"3,2"
"4963","Pump.Flow.Based.PAA.Dose + N..Basin.Outfall + CODto..mg.L. + UVT.... + NSEC.Aerobic.SRT + NSEC.Effluent.NO3",0.188972139014538,0.810441793991273,"3,2"
"4964","Pump.Flow.Based.PAA.Dose + N..Basin.Outfall + CODto..mg.L. + UVT.... + NSEC.Aerobic.SRT + NSEC.Effluent.OP",0.21411065404195,0.809996954610654,"3,2"
"4965","Pump.Flow.Based.PAA.Dose + N..Basin.Outfall + CODto..mg.L. + UVT.... + NSEC.Aerobic.SRT + NSEC.Effluent.TSS",0.258210565313786,0.813438474552328,"3,2"
"4966","Pump.Flow.Based.PAA.Dose + N..Basin.Outfall + CODto..mg.L. + UVT.... + NSEC.Aerobic.SRT + NSEC.Effluent.NO5",0.1304894836954,0.786377627355685,"3,2"
"4967","Pump.Flow.Based.PAA.Dose + N..Basin.Outfall + CODto..mg.L. + UVT.... + NSEC.Aerobic.SRT + NSEC.Effluent.Flow",0.233509390954806,0.811865426041062,"3,2"
"4968","Pump.Flow.Based.PAA.Dose + N..Basin.Outfall + CODto..mg.L. + UVT.... + NSEC.Effluent.NH3 + NSEC.Effluent.NO3",0.171849635636518,0.797115111837404,"3,2"
"4969","Pump.Flow.Based.PAA.Dose + N..Basin.Outfall + CODto..mg.L. + UVT.... + NSEC.Effluent.NH3 + NSEC.Effluent.OP",0.17483895607623,0.806239963277702,"3,2"
"4970","Pump.Flow.Based.PAA.Dose + N..Basin.Outfall + CODto..mg.L. + UVT.... + NSEC.Effluent.NH3 + NSEC.Effluent.TSS",0.30536053476412,0.811700636559554,"3,2"
"4971","Pump.Flow.Based.PAA.Dose + N..Basin.Outfall + CODto..mg.L. + UVT.... + NSEC.Effluent.NH3 + NSEC.Effluent.NO5",0.313520181641914,0.810176926102401,"3,2"
"4972","Pump.Flow.Based.PAA.Dose + N..Basin.Outfall + CODto..mg.L. + UVT.... + NSEC.Effluent.NH3 + NSEC.Effluent.Flow",0.20241357001695,0.799661002790848,"3,2"
"4973","Pump.Flow.Based.PAA.Dose + N..Basin.Outfall + CODto..mg.L. + UVT.... + NSEC.Effluent.NO3 + NSEC.Effluent.OP",0.186670154728965,0.798369029287472,"3,2"
"4974","Pump.Flow.Based.PAA.Dose + N..Basin.Outfall + CODto..mg.L. + UVT.... + NSEC.Effluent.NO3 + NSEC.Effluent.TSS",0.291714717535408,0.821981684584524,"3,2"
"4975","Pump.Flow.Based.PAA.Dose + N..Basin.Outfall + CODto..mg.L. + UVT.... + NSEC.Effluent.NO3 + NSEC.Effluent.NO5",0.170152606417747,0.823302545251094,"3,2"
"4976","Pump.Flow.Based.PAA.Dose + N..Basin.Outfall + CODto..mg.L. + UVT.... + NSEC.Effluent.NO3 + NSEC.Effluent.Flow",0.221257093445411,0.815105349474536,"3,2"
"4977","Pump.Flow.Based.PAA.Dose + N..Basin.Outfall + CODto..mg.L. + UVT.... + NSEC.Effluent.OP + NSEC.Effluent.TSS",0.192420788156097,0.800725241726827,"3,2"
"4978","Pump.Flow.Based.PAA.Dose + N..Basin.Outfall + CODto..mg.L. + UVT.... + NSEC.Effluent.OP + NSEC.Effluent.NO5",0.218739007370761,0.829366585416706,"3,2"
"4979","Pump.Flow.Based.PAA.Dose + N..Basin.Outfall + CODto..mg.L. + UVT.... + NSEC.Effluent.OP + NSEC.Effluent.Flow",0.181840350416821,0.787479115011576,"3,2"
"4980","Pump.Flow.Based.PAA.Dose + N..Basin.Outfall + CODto..mg.L. + UVT.... + NSEC.Effluent.TSS + NSEC.Effluent.NO5",0.341085670941556,0.820636431690221,"3,2"
"4981","Pump.Flow.Based.PAA.Dose + N..Basin.Outfall + CODto..mg.L. + UVT.... + NSEC.Effluent.TSS + NSEC.Effluent.Flow",0.352373736181332,0.817933230479312,"3,2"
"4982","Pump.Flow.Based.PAA.Dose + N..Basin.Outfall + CODto..mg.L. + UVT.... + NSEC.Effluent.NO5 + NSEC.Effluent.Flow",0.203900026255817,0.803408742131492,"3,2"
"4983","Pump.Flow.Based.PAA.Dose + N..Basin.Outfall + CODto..mg.L. + CODds..mg.L. + SACto..1.m. + NSEC.Aerobic.SRT",0.144116069947549,0.829184716580908,"3,2"
"4984","Pump.Flow.Based.PAA.Dose + N..Basin.Outfall + CODto..mg.L. + CODds..mg.L. + SACto..1.m. + NSEC.Effluent.NH3",0.137012450464257,0.818662841966565,"3,2"
"4985","Pump.Flow.Based.PAA.Dose + N..Basin.Outfall + CODto..mg.L. + CODds..mg.L. + SACto..1.m. + NSEC.Effluent.NO3",0.111044614770306,0.813445520174277,"3,2"
"4986","Pump.Flow.Based.PAA.Dose + N..Basin.Outfall + CODto..mg.L. + CODds..mg.L. + SACto..1.m. + NSEC.Effluent.OP",0.0958241303633078,0.799290296985943,"3,2"
"4987","Pump.Flow.Based.PAA.Dose + N..Basin.Outfall + CODto..mg.L. + CODds..mg.L. + SACto..1.m. + NSEC.Effluent.TSS",0.134342117953424,0.799816393018693,"3,2"
"4988","Pump.Flow.Based.PAA.Dose + N..Basin.Outfall + CODto..mg.L. + CODds..mg.L. + SACto..1.m. + NSEC.Effluent.NO5",0.183740552431859,0.809560012894972,"3,2"
"4989","Pump.Flow.Based.PAA.Dose + N..Basin.Outfall + CODto..mg.L. + CODds..mg.L. + SACto..1.m. + NSEC.Effluent.Flow",0.28246046993773,0.83571293625527,"3,2"
"4990","Pump.Flow.Based.PAA.Dose + N..Basin.Outfall + CODto..mg.L. + CODds..mg.L. + NSEC.Aerobic.SRT + NSEC.Effluent.NH3",0.0699892211028572,0.797162149375077,"3,2"
"4991","Pump.Flow.Based.PAA.Dose + N..Basin.Outfall + CODto..mg.L. + CODds..mg.L. + NSEC.Aerobic.SRT + NSEC.Effluent.NO3",0.13911975208678,0.84565058340844,"3,2"
"4992","Pump.Flow.Based.PAA.Dose + N..Basin.Outfall + CODto..mg.L. + CODds..mg.L. + NSEC.Aerobic.SRT + NSEC.Effluent.OP",0.0523141366711264,0.804523426117902,"3,2"
"4993","Pump.Flow.Based.PAA.Dose + N..Basin.Outfall + CODto..mg.L. + CODds..mg.L. + NSEC.Aerobic.SRT + NSEC.Effluent.TSS",0.243198888998768,0.829544565154313,"3,2"
"4994","Pump.Flow.Based.PAA.Dose + N..Basin.Outfall + CODto..mg.L. + CODds..mg.L. + NSEC.Aerobic.SRT + NSEC.Effluent.NO5",0.218575855100535,0.858458530384149,"3,2"
"4995","Pump.Flow.Based.PAA.Dose + N..Basin.Outfall + CODto..mg.L. + CODds..mg.L. + NSEC.Aerobic.SRT + NSEC.Effluent.Flow",0.170161517894962,0.828487315426676,"3,2"
"4996","Pump.Flow.Based.PAA.Dose + N..Basin.Outfall + CODto..mg.L. + CODds..mg.L. + NSEC.Effluent.NH3 + NSEC.Effluent.NO3",0.276554971487657,0.801288521096145,"3,2"
"4997","Pump.Flow.Based.PAA.Dose + N..Basin.Outfall + CODto..mg.L. + CODds..mg.L. + NSEC.Effluent.NH3 + NSEC.Effluent.OP",0.123872774561613,0.805550875153345,"3,2"
"4998","Pump.Flow.Based.PAA.Dose + N..Basin.Outfall + CODto..mg.L. + CODds..mg.L. + NSEC.Effluent.NH3 + NSEC.Effluent.TSS",0.21135221557119,0.833018174197392,"3,2"
"4999","Pump.Flow.Based.PAA.Dose + N..Basin.Outfall + CODto..mg.L. + CODds..mg.L. + NSEC.Effluent.NH3 + NSEC.Effluent.NO5",0.217952312492521,0.824348286000974,"3,2"
"5000","Pump.Flow.Based.PAA.Dose + N..Basin.Outfall + CODto..mg.L. + CODds..mg.L. + NSEC.Effluent.NH3 + NSEC.Effluent.Flow",0.0743124461319538,0.807588224882964,"3,2"
"5001","Pump.Flow.Based.PAA.Dose + N..Basin.Outfall + CODto..mg.L. + CODds..mg.L. + NSEC.Effluent.NO3 + NSEC.Effluent.OP",0.244985348099142,0.805496556061301,"3,2"
"5002","Pump.Flow.Based.PAA.Dose + N..Basin.Outfall + CODto..mg.L. + CODds..mg.L. + NSEC.Effluent.NO3 + NSEC.Effluent.TSS",0.139223184522679,0.809188426852809,"3,2"
"5003","Pump.Flow.Based.PAA.Dose + N..Basin.Outfall + CODto..mg.L. + CODds..mg.L. + NSEC.Effluent.NO3 + NSEC.Effluent.NO5",0.14964857100995,0.830489215984511,"3,2"
"5004","Pump.Flow.Based.PAA.Dose + N..Basin.Outfall + CODto..mg.L. + CODds..mg.L. + NSEC.Effluent.NO3 + NSEC.Effluent.Flow",0.164944305288437,0.816024354766508,"3,2"
"5005","Pump.Flow.Based.PAA.Dose + N..Basin.Outfall + CODto..mg.L. + CODds..mg.L. + NSEC.Effluent.OP + NSEC.Effluent.TSS",0.117244511816653,0.816297066108297,"3,2"
"5006","Pump.Flow.Based.PAA.Dose + N..Basin.Outfall + CODto..mg.L. + CODds..mg.L. + NSEC.Effluent.OP + NSEC.Effluent.NO5",0.24182242477867,0.822487915955618,"3,2"
"5007","Pump.Flow.Based.PAA.Dose + N..Basin.Outfall + CODto..mg.L. + CODds..mg.L. + NSEC.Effluent.OP + NSEC.Effluent.Flow",0.128376314319658,0.803870010043544,"3,2"
"5008","Pump.Flow.Based.PAA.Dose + N..Basin.Outfall + CODto..mg.L. + CODds..mg.L. + NSEC.Effluent.TSS + NSEC.Effluent.NO5",0.229588706281393,0.822365439905214,"3,2"
"5009","Pump.Flow.Based.PAA.Dose + N..Basin.Outfall + CODto..mg.L. + CODds..mg.L. + NSEC.Effluent.TSS + NSEC.Effluent.Flow",0.187526466792721,0.829319861261816,"3,2"
"5010","Pump.Flow.Based.PAA.Dose + N..Basin.Outfall + CODto..mg.L. + CODds..mg.L. + NSEC.Effluent.NO5 + NSEC.Effluent.Flow",0.194924328765113,0.816268951752664,"3,2"
"5011","Pump.Flow.Based.PAA.Dose + N..Basin.Outfall + CODto..mg.L. + SACto..1.m. + NSEC.Aerobic.SRT + NSEC.Effluent.NH3",0.242744758811277,0.806791079025518,"3,2"
"5012","Pump.Flow.Based.PAA.Dose + N..Basin.Outfall + CODto..mg.L. + SACto..1.m. + NSEC.Aerobic.SRT + NSEC.Effluent.NO3",0.12496821043379,0.803320509518331,"3,2"
"5013","Pump.Flow.Based.PAA.Dose + N..Basin.Outfall + CODto..mg.L. + SACto..1.m. + NSEC.Aerobic.SRT + NSEC.Effluent.OP",0.230019189602491,0.819876486933103,"3,2"
"5014","Pump.Flow.Based.PAA.Dose + N..Basin.Outfall + CODto..mg.L. + SACto..1.m. + NSEC.Aerobic.SRT + NSEC.Effluent.TSS",0.256551632841572,0.826219754917147,"3,2"
"5015","Pump.Flow.Based.PAA.Dose + N..Basin.Outfall + CODto..mg.L. + SACto..1.m. + NSEC.Aerobic.SRT + NSEC.Effluent.NO5",0.200672954129737,0.834978688584591,"3,2"
"5016","Pump.Flow.Based.PAA.Dose + N..Basin.Outfall + CODto..mg.L. + SACto..1.m. + NSEC.Aerobic.SRT + NSEC.Effluent.Flow",0.142089273705841,0.795495271056944,"3,2"
"5017","Pump.Flow.Based.PAA.Dose + N..Basin.Outfall + CODto..mg.L. + SACto..1.m. + NSEC.Effluent.NH3 + NSEC.Effluent.NO3",0.195077681962519,0.81595156116195,"3,2"
"5018","Pump.Flow.Based.PAA.Dose + N..Basin.Outfall + CODto..mg.L. + SACto..1.m. + NSEC.Effluent.NH3 + NSEC.Effluent.OP",0.151035401758975,0.803698721249418,"3,2"
"5019","Pump.Flow.Based.PAA.Dose + N..Basin.Outfall + CODto..mg.L. + SACto..1.m. + NSEC.Effluent.NH3 + NSEC.Effluent.TSS",0.170269030233457,0.797703786212992,"3,2"
"5020","Pump.Flow.Based.PAA.Dose + N..Basin.Outfall + CODto..mg.L. + SACto..1.m. + NSEC.Effluent.NH3 + NSEC.Effluent.NO5",0.270620755526993,0.802695221036477,"3,2"
"5021","Pump.Flow.Based.PAA.Dose + N..Basin.Outfall + CODto..mg.L. + SACto..1.m. + NSEC.Effluent.NH3 + NSEC.Effluent.Flow",0.199709871924559,0.810902257385056,"3,2"
"5022","Pump.Flow.Based.PAA.Dose + N..Basin.Outfall + CODto..mg.L. + SACto..1.m. + NSEC.Effluent.NO3 + NSEC.Effluent.OP",0.168802272275644,0.7945941481351,"3,2"
"5023","Pump.Flow.Based.PAA.Dose + N..Basin.Outfall + CODto..mg.L. + SACto..1.m. + NSEC.Effluent.NO3 + NSEC.Effluent.TSS",0.193996798260636,0.825588339409474,"3,2"
"5024","Pump.Flow.Based.PAA.Dose + N..Basin.Outfall + CODto..mg.L. + SACto..1.m. + NSEC.Effluent.NO3 + NSEC.Effluent.NO5",0.189221993214488,0.820794178423842,"3,2"
"5025","Pump.Flow.Based.PAA.Dose + N..Basin.Outfall + CODto..mg.L. + SACto..1.m. + NSEC.Effluent.NO3 + NSEC.Effluent.Flow",0.317452084427902,0.834589570442154,"3,2"
"5026","Pump.Flow.Based.PAA.Dose + N..Basin.Outfall + CODto..mg.L. + SACto..1.m. + NSEC.Effluent.OP + NSEC.Effluent.TSS",0.159096143344334,0.805763269095068,"3,2"
"5027","Pump.Flow.Based.PAA.Dose + N..Basin.Outfall + CODto..mg.L. + SACto..1.m. + NSEC.Effluent.OP + NSEC.Effluent.NO5",0.229882489628451,0.802859390113944,"3,2"
"5028","Pump.Flow.Based.PAA.Dose + N..Basin.Outfall + CODto..mg.L. + SACto..1.m. + NSEC.Effluent.OP + NSEC.Effluent.Flow",0.205178883519331,0.811448356570954,"3,2"
"5029","Pump.Flow.Based.PAA.Dose + N..Basin.Outfall + CODto..mg.L. + SACto..1.m. + NSEC.Effluent.TSS + NSEC.Effluent.NO5",0.250361724051432,0.837212235884984,"3,2"
"5030","Pump.Flow.Based.PAA.Dose + N..Basin.Outfall + CODto..mg.L. + SACto..1.m. + NSEC.Effluent.TSS + NSEC.Effluent.Flow",0.178401918610493,0.82205766701236,"3,2"
"5031","Pump.Flow.Based.PAA.Dose + N..Basin.Outfall + CODto..mg.L. + SACto..1.m. + NSEC.Effluent.NO5 + NSEC.Effluent.Flow",0.300833684168966,0.806629393939755,"3,2"
"5032","Pump.Flow.Based.PAA.Dose + N..Basin.Outfall + CODto..mg.L. + NSEC.Aerobic.SRT + NSEC.Effluent.NH3 + NSEC.Effluent.NO3",0.140201682537719,0.820643546823679,"3,2"
"5033","Pump.Flow.Based.PAA.Dose + N..Basin.Outfall + CODto..mg.L. + NSEC.Aerobic.SRT + NSEC.Effluent.NH3 + NSEC.Effluent.OP",0.253978973022531,0.814742982716543,"3,2"
"5034","Pump.Flow.Based.PAA.Dose + N..Basin.Outfall + CODto..mg.L. + NSEC.Aerobic.SRT + NSEC.Effluent.NH3 + NSEC.Effluent.TSS",0.242156367098559,0.829195922853071,"3,2"
"5035","Pump.Flow.Based.PAA.Dose + N..Basin.Outfall + CODto..mg.L. + NSEC.Aerobic.SRT + NSEC.Effluent.NH3 + NSEC.Effluent.NO5",0.237930161076037,0.839918777423773,"3,2"
"5036","Pump.Flow.Based.PAA.Dose + N..Basin.Outfall + CODto..mg.L. + NSEC.Aerobic.SRT + NSEC.Effluent.NH3 + NSEC.Effluent.Flow",0.285778587035823,0.819025999422276,"3,2"
"5037","Pump.Flow.Based.PAA.Dose + N..Basin.Outfall + CODto..mg.L. + NSEC.Aerobic.SRT + NSEC.Effluent.NO3 + NSEC.Effluent.OP",0.239954230894912,0.820964834287871,"3,2"
"5038","Pump.Flow.Based.PAA.Dose + N..Basin.Outfall + CODto..mg.L. + NSEC.Aerobic.SRT + NSEC.Effluent.NO3 + NSEC.Effluent.TSS",0.309266656764553,0.826814205550573,"3,2"
"5039","Pump.Flow.Based.PAA.Dose + N..Basin.Outfall + CODto..mg.L. + NSEC.Aerobic.SRT + NSEC.Effluent.NO3 + NSEC.Effluent.NO5",0.166819359741041,0.814671262346487,"3,2"
"5040","Pump.Flow.Based.PAA.Dose + N..Basin.Outfall + CODto..mg.L. + NSEC.Aerobic.SRT + NSEC.Effluent.NO3 + NSEC.Effluent.Flow",0.21653341409293,0.818451022425012,"3,2"
"5041","Pump.Flow.Based.PAA.Dose + N..Basin.Outfall + CODto..mg.L. + NSEC.Aerobic.SRT + NSEC.Effluent.OP + NSEC.Effluent.TSS",0.220821352688688,0.834564498532596,"3,2"
"5042","Pump.Flow.Based.PAA.Dose + N..Basin.Outfall + CODto..mg.L. + NSEC.Aerobic.SRT + NSEC.Effluent.OP + NSEC.Effluent.NO5",0.201397053388944,0.832586906656542,"3,2"
"5043","Pump.Flow.Based.PAA.Dose + N..Basin.Outfall + CODto..mg.L. + NSEC.Aerobic.SRT + NSEC.Effluent.OP + NSEC.Effluent.Flow",0.232177279606097,0.816541980562489,"3,2"
"5044","Pump.Flow.Based.PAA.Dose + N..Basin.Outfall + CODto..mg.L. + NSEC.Aerobic.SRT + NSEC.Effluent.TSS + NSEC.Effluent.NO5",0.271260973150333,0.843426662174588,"3,2"
"5045","Pump.Flow.Based.PAA.Dose + N..Basin.Outfall + CODto..mg.L. + NSEC.Aerobic.SRT + NSEC.Effluent.TSS + NSEC.Effluent.Flow",0.215680940553685,0.805588436141933,"3,2"
"5046","Pump.Flow.Based.PAA.Dose + N..Basin.Outfall + CODto..mg.L. + NSEC.Aerobic.SRT + NSEC.Effluent.NO5 + NSEC.Effluent.Flow",0.215481494141851,0.808613906331372,"3,2"
"5047","Pump.Flow.Based.PAA.Dose + N..Basin.Outfall + CODto..mg.L. + NSEC.Effluent.NH3 + NSEC.Effluent.NO3 + NSEC.Effluent.OP",0.270505220851308,0.817817087420314,"3,2"
"5048","Pump.Flow.Based.PAA.Dose + N..Basin.Outfall + CODto..mg.L. + NSEC.Effluent.NH3 + NSEC.Effluent.NO3 + NSEC.Effluent.TSS",0.251699705821203,0.843898917051482,"3,2"
"5049","Pump.Flow.Based.PAA.Dose + N..Basin.Outfall + CODto..mg.L. + NSEC.Effluent.NH3 + NSEC.Effluent.NO3 + NSEC.Effluent.NO5",0.225092965434518,0.841455925185638,"3,2"
"5050","Pump.Flow.Based.PAA.Dose + N..Basin.Outfall + CODto..mg.L. + NSEC.Effluent.NH3 + NSEC.Effluent.NO3 + NSEC.Effluent.Flow",0.276196879474327,0.829687771534838,"3,2"
"5051","Pump.Flow.Based.PAA.Dose + N..Basin.Outfall + CODto..mg.L. + NSEC.Effluent.NH3 + NSEC.Effluent.OP + NSEC.Effluent.TSS",0.302028222966103,0.81336581696479,"3,2"
"5052","Pump.Flow.Based.PAA.Dose + N..Basin.Outfall + CODto..mg.L. + NSEC.Effluent.NH3 + NSEC.Effluent.OP + NSEC.Effluent.NO5",0.250360108654176,0.796952103465631,"3,2"
"5053","Pump.Flow.Based.PAA.Dose + N..Basin.Outfall + CODto..mg.L. + NSEC.Effluent.NH3 + NSEC.Effluent.OP + NSEC.Effluent.Flow",0.162624884864675,0.828662855069721,"3,2"
"5054","Pump.Flow.Based.PAA.Dose + N..Basin.Outfall + CODto..mg.L. + NSEC.Effluent.NH3 + NSEC.Effluent.TSS + NSEC.Effluent.NO5",0.208194260815768,0.803504451689814,"3,2"
"5055","Pump.Flow.Based.PAA.Dose + N..Basin.Outfall + CODto..mg.L. + NSEC.Effluent.NH3 + NSEC.Effluent.TSS + NSEC.Effluent.Flow",0.263553274118177,0.816834181314155,"3,2"
"5056","Pump.Flow.Based.PAA.Dose + N..Basin.Outfall + CODto..mg.L. + NSEC.Effluent.NH3 + NSEC.Effluent.NO5 + NSEC.Effluent.Flow",0.262162047407756,0.798476416967626,"3,2"
"5057","Pump.Flow.Based.PAA.Dose + N..Basin.Outfall + CODto..mg.L. + NSEC.Effluent.NO3 + NSEC.Effluent.OP + NSEC.Effluent.TSS",0.227228390475127,0.814179073556548,"3,2"
"5058","Pump.Flow.Based.PAA.Dose + N..Basin.Outfall + CODto..mg.L. + NSEC.Effluent.NO3 + NSEC.Effluent.OP + NSEC.Effluent.NO5",0.234937078738143,0.825477264822797,"3,2"
"5059","Pump.Flow.Based.PAA.Dose + N..Basin.Outfall + CODto..mg.L. + NSEC.Effluent.NO3 + NSEC.Effluent.OP + NSEC.Effluent.Flow",0.203108297304848,0.818640386494784,"3,2"
"5060","Pump.Flow.Based.PAA.Dose + N..Basin.Outfall + CODto..mg.L. + NSEC.Effluent.NO3 + NSEC.Effluent.TSS + NSEC.Effluent.NO5",0.162828164476205,0.834382157092216,"3,2"
"5061","Pump.Flow.Based.PAA.Dose + N..Basin.Outfall + CODto..mg.L. + NSEC.Effluent.NO3 + NSEC.Effluent.TSS + NSEC.Effluent.Flow",0.20897962719228,0.815250116631265,"3,2"
"5062","Pump.Flow.Based.PAA.Dose + N..Basin.Outfall + CODto..mg.L. + NSEC.Effluent.NO3 + NSEC.Effluent.NO5 + NSEC.Effluent.Flow",0.183425907129194,0.804135967578536,"3,2"
"5063","Pump.Flow.Based.PAA.Dose + N..Basin.Outfall + CODto..mg.L. + NSEC.Effluent.OP + NSEC.Effluent.TSS + NSEC.Effluent.NO5",0.235898152564212,0.840069885020326,"3,2"
"5064","Pump.Flow.Based.PAA.Dose + N..Basin.Outfall + CODto..mg.L. + NSEC.Effluent.OP + NSEC.Effluent.TSS + NSEC.Effluent.Flow",0.196490366777849,0.790591862710066,"3,2"
"5065","Pump.Flow.Based.PAA.Dose + N..Basin.Outfall + CODto..mg.L. + NSEC.Effluent.OP + NSEC.Effluent.NO5 + NSEC.Effluent.Flow",0.219100360525619,0.81623374194201,"3,2"
"5066","Pump.Flow.Based.PAA.Dose + N..Basin.Outfall + CODto..mg.L. + NSEC.Effluent.TSS + NSEC.Effluent.NO5 + NSEC.Effluent.Flow",0.199652595715679,0.805269666546446,"3,2"
"5067","Pump.Flow.Based.PAA.Dose + N..Basin.Outfall + TSS..mg.L. + UVT.... + CODds..mg.L. + SACto..1.m.",0.108474732110856,0.806252992569541,"3,2"
"5068","Pump.Flow.Based.PAA.Dose + N..Basin.Outfall + TSS..mg.L. + UVT.... + CODds..mg.L. + NSEC.Aerobic.SRT",0.0533899076591231,0.802630073242921,"3,2"
"5069","Pump.Flow.Based.PAA.Dose + N..Basin.Outfall + TSS..mg.L. + UVT.... + CODds..mg.L. + NSEC.Effluent.NH3",0.213293840775027,0.806403111566357,"3,2"
"5070","Pump.Flow.Based.PAA.Dose + N..Basin.Outfall + TSS..mg.L. + UVT.... + CODds..mg.L. + NSEC.Effluent.NO3",0.260619107864274,0.83113737317608,"3,2"
"5071","Pump.Flow.Based.PAA.Dose + N..Basin.Outfall + TSS..mg.L. + UVT.... + CODds..mg.L. + NSEC.Effluent.OP",0.110607856435487,0.804741383042215,"3,2"
"5072","Pump.Flow.Based.PAA.Dose + N..Basin.Outfall + TSS..mg.L. + UVT.... + CODds..mg.L. + NSEC.Effluent.TSS",0.0648360152835434,0.833758927021522,"3,2"
"5073","Pump.Flow.Based.PAA.Dose + N..Basin.Outfall + TSS..mg.L. + UVT.... + CODds..mg.L. + NSEC.Effluent.NO5",0.174745748325374,0.812238287385099,"3,2"
"5074","Pump.Flow.Based.PAA.Dose + N..Basin.Outfall + TSS..mg.L. + UVT.... + CODds..mg.L. + NSEC.Effluent.Flow",0.156182001057199,0.819939016790784,"3,2"
"5075","Pump.Flow.Based.PAA.Dose + N..Basin.Outfall + TSS..mg.L. + UVT.... + SACto..1.m. + NSEC.Aerobic.SRT",0.204795633902203,0.844464619872399,"3,2"
"5076","Pump.Flow.Based.PAA.Dose + N..Basin.Outfall + TSS..mg.L. + UVT.... + SACto..1.m. + NSEC.Effluent.NH3",0.269881670727366,0.803538654888763,"3,2"
"5077","Pump.Flow.Based.PAA.Dose + N..Basin.Outfall + TSS..mg.L. + UVT.... + SACto..1.m. + NSEC.Effluent.NO3",0.191600713834909,0.810692910227853,"3,2"
"5078","Pump.Flow.Based.PAA.Dose + N..Basin.Outfall + TSS..mg.L. + UVT.... + SACto..1.m. + NSEC.Effluent.OP",0.140321723336822,0.79553134475147,"3,2"
"5079","Pump.Flow.Based.PAA.Dose + N..Basin.Outfall + TSS..mg.L. + UVT.... + SACto..1.m. + NSEC.Effluent.TSS",0.212566937618186,0.861583277266837,"3,2"
"5080","Pump.Flow.Based.PAA.Dose + N..Basin.Outfall + TSS..mg.L. + UVT.... + SACto..1.m. + NSEC.Effluent.NO5",0.227881604543264,0.833030798006078,"3,2"
"5081","Pump.Flow.Based.PAA.Dose + N..Basin.Outfall + TSS..mg.L. + UVT.... + SACto..1.m. + NSEC.Effluent.Flow",0.159339229743717,0.809292746755142,"3,2"
"5082","Pump.Flow.Based.PAA.Dose + N..Basin.Outfall + TSS..mg.L. + UVT.... + NSEC.Aerobic.SRT + NSEC.Effluent.NH3",0.322859984880263,0.835064044399769,"3,2"
"5083","Pump.Flow.Based.PAA.Dose + N..Basin.Outfall + TSS..mg.L. + UVT.... + NSEC.Aerobic.SRT + NSEC.Effluent.NO3",0.142120177894928,0.814416186157525,"3,2"
"5084","Pump.Flow.Based.PAA.Dose + N..Basin.Outfall + TSS..mg.L. + UVT.... + NSEC.Aerobic.SRT + NSEC.Effluent.OP",0.179406414764162,0.833236546908426,"3,2"
"5085","Pump.Flow.Based.PAA.Dose + N..Basin.Outfall + TSS..mg.L. + UVT.... + NSEC.Aerobic.SRT + NSEC.Effluent.TSS",0.143287040909238,0.815508124776525,"3,2"
"5086","Pump.Flow.Based.PAA.Dose + N..Basin.Outfall + TSS..mg.L. + UVT.... + NSEC.Aerobic.SRT + NSEC.Effluent.NO5",0.0882345675035769,0.810025107977213,"3,2"
"5087","Pump.Flow.Based.PAA.Dose + N..Basin.Outfall + TSS..mg.L. + UVT.... + NSEC.Aerobic.SRT + NSEC.Effluent.Flow",0.189396386103348,0.824401006648269,"3,2"
"5088","Pump.Flow.Based.PAA.Dose + N..Basin.Outfall + TSS..mg.L. + UVT.... + NSEC.Effluent.NH3 + NSEC.Effluent.NO3",0.218101162198375,0.831966522658723,"3,2"
"5089","Pump.Flow.Based.PAA.Dose + N..Basin.Outfall + TSS..mg.L. + UVT.... + NSEC.Effluent.NH3 + NSEC.Effluent.OP",0.248991374403738,0.8137225747132,"3,2"
"5090","Pump.Flow.Based.PAA.Dose + N..Basin.Outfall + TSS..mg.L. + UVT.... + NSEC.Effluent.NH3 + NSEC.Effluent.TSS",0.245854883382664,0.804876149782442,"3,2"
"5091","Pump.Flow.Based.PAA.Dose + N..Basin.Outfall + TSS..mg.L. + UVT.... + NSEC.Effluent.NH3 + NSEC.Effluent.NO5",0.134352341552778,0.816614068511338,"3,2"
"5092","Pump.Flow.Based.PAA.Dose + N..Basin.Outfall + TSS..mg.L. + UVT.... + NSEC.Effluent.NH3 + NSEC.Effluent.Flow",0.199427663030848,0.804616542500927,"3,2"
"5093","Pump.Flow.Based.PAA.Dose + N..Basin.Outfall + TSS..mg.L. + UVT.... + NSEC.Effluent.NO3 + NSEC.Effluent.OP",0.136143061842675,0.798731339576216,"3,2"
"5094","Pump.Flow.Based.PAA.Dose + N..Basin.Outfall + TSS..mg.L. + UVT.... + NSEC.Effluent.NO3 + NSEC.Effluent.TSS",0.166654442805506,0.817153661612046,"3,2"
"5095","Pump.Flow.Based.PAA.Dose + N..Basin.Outfall + TSS..mg.L. + UVT.... + NSEC.Effluent.NO3 + NSEC.Effluent.NO5",0.178604330756706,0.856028030057403,"3,2"
"5096","Pump.Flow.Based.PAA.Dose + N..Basin.Outfall + TSS..mg.L. + UVT.... + NSEC.Effluent.NO3 + NSEC.Effluent.Flow",0.281861808096851,0.827192121725601,"3,2"
"5097","Pump.Flow.Based.PAA.Dose + N..Basin.Outfall + TSS..mg.L. + UVT.... + NSEC.Effluent.OP + NSEC.Effluent.TSS",0.106521472310373,0.82250817286868,"3,2"
"5098","Pump.Flow.Based.PAA.Dose + N..Basin.Outfall + TSS..mg.L. + UVT.... + NSEC.Effluent.OP + NSEC.Effluent.NO5",0.178556895052207,0.810039829291947,"3,2"
"5099","Pump.Flow.Based.PAA.Dose + N..Basin.Outfall + TSS..mg.L. + UVT.... + NSEC.Effluent.OP + NSEC.Effluent.Flow",0.294956824192213,0.80326024315289,"3,2"
"5100","Pump.Flow.Based.PAA.Dose + N..Basin.Outfall + TSS..mg.L. + UVT.... + NSEC.Effluent.TSS + NSEC.Effluent.NO5",0.235525863849959,0.841021237213528,"3,2"
"5101","Pump.Flow.Based.PAA.Dose + N..Basin.Outfall + TSS..mg.L. + UVT.... + NSEC.Effluent.TSS + NSEC.Effluent.Flow",0.219008976705986,0.81633165086758,"3,2"
"5102","Pump.Flow.Based.PAA.Dose + N..Basin.Outfall + TSS..mg.L. + UVT.... + NSEC.Effluent.NO5 + NSEC.Effluent.Flow",0.227763655837266,0.822128233112075,"3,2"
"5103","Pump.Flow.Based.PAA.Dose + N..Basin.Outfall + TSS..mg.L. + CODds..mg.L. + SACto..1.m. + NSEC.Aerobic.SRT",0.134932770954135,0.830449607179447,"3,2"
"5104","Pump.Flow.Based.PAA.Dose + N..Basin.Outfall + TSS..mg.L. + CODds..mg.L. + SACto..1.m. + NSEC.Effluent.NH3",0.133875512279774,0.81349944445724,"3,2"
"5105","Pump.Flow.Based.PAA.Dose + N..Basin.Outfall + TSS..mg.L. + CODds..mg.L. + SACto..1.m. + NSEC.Effluent.NO3",0.142378685801988,0.831959925598438,"3,2"
"5106","Pump.Flow.Based.PAA.Dose + N..Basin.Outfall + TSS..mg.L. + CODds..mg.L. + SACto..1.m. + NSEC.Effluent.OP",0.203418179496769,0.818221023390766,"3,2"
"5107","Pump.Flow.Based.PAA.Dose + N..Basin.Outfall + TSS..mg.L. + CODds..mg.L. + SACto..1.m. + NSEC.Effluent.TSS",0.174288248467294,0.836729567413635,"3,2"
"5108","Pump.Flow.Based.PAA.Dose + N..Basin.Outfall + TSS..mg.L. + CODds..mg.L. + SACto..1.m. + NSEC.Effluent.NO5",0.183081056732105,0.841162892497508,"3,2"
"5109","Pump.Flow.Based.PAA.Dose + N..Basin.Outfall + TSS..mg.L. + CODds..mg.L. + SACto..1.m. + NSEC.Effluent.Flow",0.24357834243093,0.81747236765941,"3,2"
"5110","Pump.Flow.Based.PAA.Dose + N..Basin.Outfall + TSS..mg.L. + CODds..mg.L. + NSEC.Aerobic.SRT + NSEC.Effluent.NH3",0.2098997574076,0.827767322117611,"3,2"
"5111","Pump.Flow.Based.PAA.Dose + N..Basin.Outfall + TSS..mg.L. + CODds..mg.L. + NSEC.Aerobic.SRT + NSEC.Effluent.NO3",0.244789746510423,0.834202584444731,"3,2"
"5112","Pump.Flow.Based.PAA.Dose + N..Basin.Outfall + TSS..mg.L. + CODds..mg.L. + NSEC.Aerobic.SRT + NSEC.Effluent.OP",0.239357783248045,0.818306501223211,"3,2"
"5113","Pump.Flow.Based.PAA.Dose + N..Basin.Outfall + TSS..mg.L. + CODds..mg.L. + NSEC.Aerobic.SRT + NSEC.Effluent.TSS",0.254361904795045,0.821093342018504,"3,2"
"5114","Pump.Flow.Based.PAA.Dose + N..Basin.Outfall + TSS..mg.L. + CODds..mg.L. + NSEC.Aerobic.SRT + NSEC.Effluent.NO5",0.10587786237184,0.793251300855323,"3,2"
"5115","Pump.Flow.Based.PAA.Dose + N..Basin.Outfall + TSS..mg.L. + CODds..mg.L. + NSEC.Aerobic.SRT + NSEC.Effluent.Flow",0.237193116508359,0.825631638943114,"3,2"
"5116","Pump.Flow.Based.PAA.Dose + N..Basin.Outfall + TSS..mg.L. + CODds..mg.L. + NSEC.Effluent.NH3 + NSEC.Effluent.NO3",0.213754329182561,0.832102974542321,"3,2"
"5117","Pump.Flow.Based.PAA.Dose + N..Basin.Outfall + TSS..mg.L. + CODds..mg.L. + NSEC.Effluent.NH3 + NSEC.Effluent.OP",0.224166398710017,0.819436635533839,"3,2"
"5118","Pump.Flow.Based.PAA.Dose + N..Basin.Outfall + TSS..mg.L. + CODds..mg.L. + NSEC.Effluent.NH3 + NSEC.Effluent.TSS",0.224733508354036,0.822862727478799,"3,2"
"5119","Pump.Flow.Based.PAA.Dose + N..Basin.Outfall + TSS..mg.L. + CODds..mg.L. + NSEC.Effluent.NH3 + NSEC.Effluent.NO5",0.190923946993242,0.802368314458114,"3,2"
"5120","Pump.Flow.Based.PAA.Dose + N..Basin.Outfall + TSS..mg.L. + CODds..mg.L. + NSEC.Effluent.NH3 + NSEC.Effluent.Flow",0.144542397023232,0.790202776332041,"3,2"
"5121","Pump.Flow.Based.PAA.Dose + N..Basin.Outfall + TSS..mg.L. + CODds..mg.L. + NSEC.Effluent.NO3 + NSEC.Effluent.OP",0.257847369485005,0.824490578551086,"3,2"
"5122","Pump.Flow.Based.PAA.Dose + N..Basin.Outfall + TSS..mg.L. + CODds..mg.L. + NSEC.Effluent.NO3 + NSEC.Effluent.TSS",0.24551440632553,0.827172112804901,"3,2"
"5123","Pump.Flow.Based.PAA.Dose + N..Basin.Outfall + TSS..mg.L. + CODds..mg.L. + NSEC.Effluent.NO3 + NSEC.Effluent.NO5",0.351135229450344,0.840245425790661,"3,2"
"5124","Pump.Flow.Based.PAA.Dose + N..Basin.Outfall + TSS..mg.L. + CODds..mg.L. + NSEC.Effluent.NO3 + NSEC.Effluent.Flow",0.28914013845051,0.814882259068372,"3,2"
"5125","Pump.Flow.Based.PAA.Dose + N..Basin.Outfall + TSS..mg.L. + CODds..mg.L. + NSEC.Effluent.OP + NSEC.Effluent.TSS",0.222933108843808,0.827865751145712,"3,2"
"5126","Pump.Flow.Based.PAA.Dose + N..Basin.Outfall + TSS..mg.L. + CODds..mg.L. + NSEC.Effluent.OP + NSEC.Effluent.NO5",0.195060063498392,0.820118217628476,"3,2"
"5127","Pump.Flow.Based.PAA.Dose + N..Basin.Outfall + TSS..mg.L. + CODds..mg.L. + NSEC.Effluent.OP + NSEC.Effluent.Flow",0.251085677124151,0.80996847536287,"3,2"
"5128","Pump.Flow.Based.PAA.Dose + N..Basin.Outfall + TSS..mg.L. + CODds..mg.L. + NSEC.Effluent.TSS + NSEC.Effluent.NO5",0.193131611467481,0.843655395819791,"3,2"
"5129","Pump.Flow.Based.PAA.Dose + N..Basin.Outfall + TSS..mg.L. + CODds..mg.L. + NSEC.Effluent.TSS + NSEC.Effluent.Flow",0.23094386128534,0.824865449914885,"3,2"
"5130","Pump.Flow.Based.PAA.Dose + N..Basin.Outfall + TSS..mg.L. + CODds..mg.L. + NSEC.Effluent.NO5 + NSEC.Effluent.Flow",0.153996126485944,0.78385175490509,"3,2"
"5131","Pump.Flow.Based.PAA.Dose + N..Basin.Outfall + TSS..mg.L. + SACto..1.m. + NSEC.Aerobic.SRT + NSEC.Effluent.NH3",0.0865845675498584,0.81778190371553,"3,2"
"5132","Pump.Flow.Based.PAA.Dose + N..Basin.Outfall + TSS..mg.L. + SACto..1.m. + NSEC.Aerobic.SRT + NSEC.Effluent.NO3",0.199972443505131,0.834985083164851,"3,2"
"5133","Pump.Flow.Based.PAA.Dose + N..Basin.Outfall + TSS..mg.L. + SACto..1.m. + NSEC.Aerobic.SRT + NSEC.Effluent.OP",0.066582113208618,0.804896051042152,"3,2"
"5134","Pump.Flow.Based.PAA.Dose + N..Basin.Outfall + TSS..mg.L. + SACto..1.m. + NSEC.Aerobic.SRT + NSEC.Effluent.TSS",0.108738658049508,0.844155917531803,"3,2"
"5135","Pump.Flow.Based.PAA.Dose + N..Basin.Outfall + TSS..mg.L. + SACto..1.m. + NSEC.Aerobic.SRT + NSEC.Effluent.NO5",0.113972651075505,0.81588812466252,"3,2"
"5136","Pump.Flow.Based.PAA.Dose + N..Basin.Outfall + TSS..mg.L. + SACto..1.m. + NSEC.Aerobic.SRT + NSEC.Effluent.Flow",0.101753095488888,0.821485429022826,"3,2"
"5137","Pump.Flow.Based.PAA.Dose + N..Basin.Outfall + TSS..mg.L. + SACto..1.m. + NSEC.Effluent.NH3 + NSEC.Effluent.NO3",0.201471718249139,0.803905013063181,"3,2"
"5138","Pump.Flow.Based.PAA.Dose + N..Basin.Outfall + TSS..mg.L. + SACto..1.m. + NSEC.Effluent.NH3 + NSEC.Effluent.OP",0.230450753329971,0.809431575065617,"3,2"
"5139","Pump.Flow.Based.PAA.Dose + N..Basin.Outfall + TSS..mg.L. + SACto..1.m. + NSEC.Effluent.NH3 + NSEC.Effluent.TSS",0.0875211646594587,0.84868202615841,"3,2"
"5140","Pump.Flow.Based.PAA.Dose + N..Basin.Outfall + TSS..mg.L. + SACto..1.m. + NSEC.Effluent.NH3 + NSEC.Effluent.NO5",0.205585229993856,0.813685928995503,"3,2"
"5141","Pump.Flow.Based.PAA.Dose + N..Basin.Outfall + TSS..mg.L. + SACto..1.m. + NSEC.Effluent.NH3 + NSEC.Effluent.Flow",0.220300576103795,0.817630048041836,"3,2"
"5142","Pump.Flow.Based.PAA.Dose + N..Basin.Outfall + TSS..mg.L. + SACto..1.m. + NSEC.Effluent.NO3 + NSEC.Effluent.OP",0.274565334953131,0.821780670950432,"3,2"
"5143","Pump.Flow.Based.PAA.Dose + N..Basin.Outfall + TSS..mg.L. + SACto..1.m. + NSEC.Effluent.NO3 + NSEC.Effluent.TSS",0.211233537006919,0.83301632793305,"3,2"
"5144","Pump.Flow.Based.PAA.Dose + N..Basin.Outfall + TSS..mg.L. + SACto..1.m. + NSEC.Effluent.NO3 + NSEC.Effluent.NO5",0.144865294969658,0.832540557743393,"3,2"
"5145","Pump.Flow.Based.PAA.Dose + N..Basin.Outfall + TSS..mg.L. + SACto..1.m. + NSEC.Effluent.NO3 + NSEC.Effluent.Flow",0.216780069801555,0.828184578574817,"3,2"
"5146","Pump.Flow.Based.PAA.Dose + N..Basin.Outfall + TSS..mg.L. + SACto..1.m. + NSEC.Effluent.OP + NSEC.Effluent.TSS",0.120372943389095,0.834863526404355,"3,2"
"5147","Pump.Flow.Based.PAA.Dose + N..Basin.Outfall + TSS..mg.L. + SACto..1.m. + NSEC.Effluent.OP + NSEC.Effluent.NO5",0.124012515933033,0.794018047264809,"3,2"
"5148","Pump.Flow.Based.PAA.Dose + N..Basin.Outfall + TSS..mg.L. + SACto..1.m. + NSEC.Effluent.OP + NSEC.Effluent.Flow",0.189607320298892,0.825583470980728,"3,2"
"5149","Pump.Flow.Based.PAA.Dose + N..Basin.Outfall + TSS..mg.L. + SACto..1.m. + NSEC.Effluent.TSS + NSEC.Effluent.NO5",0.18583818096892,0.837906140861145,"3,2"
"5150","Pump.Flow.Based.PAA.Dose + N..Basin.Outfall + TSS..mg.L. + SACto..1.m. + NSEC.Effluent.TSS + NSEC.Effluent.Flow",0.107303134846539,0.822675032955569,"3,2"
"5151","Pump.Flow.Based.PAA.Dose + N..Basin.Outfall + TSS..mg.L. + SACto..1.m. + NSEC.Effluent.NO5 + NSEC.Effluent.Flow",0.124775917815031,0.799577040593084,"3,2"
"5152","Pump.Flow.Based.PAA.Dose + N..Basin.Outfall + TSS..mg.L. + NSEC.Aerobic.SRT + NSEC.Effluent.NH3 + NSEC.Effluent.NO3",0.277717262659596,0.850006083184582,"3,2"
"5153","Pump.Flow.Based.PAA.Dose + N..Basin.Outfall + TSS..mg.L. + NSEC.Aerobic.SRT + NSEC.Effluent.NH3 + NSEC.Effluent.OP",0.26888734873194,0.822475308759857,"3,2"
"5154","Pump.Flow.Based.PAA.Dose + N..Basin.Outfall + TSS..mg.L. + NSEC.Aerobic.SRT + NSEC.Effluent.NH3 + NSEC.Effluent.TSS",0.251658539195475,0.830881201182103,"3,2"
"5155","Pump.Flow.Based.PAA.Dose + N..Basin.Outfall + TSS..mg.L. + NSEC.Aerobic.SRT + NSEC.Effluent.NH3 + NSEC.Effluent.NO5",0.157620741925876,0.812930445427196,"3,2"
"5156","Pump.Flow.Based.PAA.Dose + N..Basin.Outfall + TSS..mg.L. + NSEC.Aerobic.SRT + NSEC.Effluent.NH3 + NSEC.Effluent.Flow",0.154281474367023,0.788840295380065,"3,2"
"5157","Pump.Flow.Based.PAA.Dose + N..Basin.Outfall + TSS..mg.L. + NSEC.Aerobic.SRT + NSEC.Effluent.NO3 + NSEC.Effluent.OP",0.220149100425048,0.829236114394247,"3,2"
"5158","Pump.Flow.Based.PAA.Dose + N..Basin.Outfall + TSS..mg.L. + NSEC.Aerobic.SRT + NSEC.Effluent.NO3 + NSEC.Effluent.TSS",0.274715648934768,0.856945211688177,"3,2"
"5159","Pump.Flow.Based.PAA.Dose + N..Basin.Outfall + TSS..mg.L. + NSEC.Aerobic.SRT + NSEC.Effluent.NO3 + NSEC.Effluent.NO5",0.248480274905071,0.830206111488779,"3,2"
"5160","Pump.Flow.Based.PAA.Dose + N..Basin.Outfall + TSS..mg.L. + NSEC.Aerobic.SRT + NSEC.Effluent.NO3 + NSEC.Effluent.Flow",0.313304448027956,0.848452996625526,"3,2"
"5161","Pump.Flow.Based.PAA.Dose + N..Basin.Outfall + TSS..mg.L. + NSEC.Aerobic.SRT + NSEC.Effluent.OP + NSEC.Effluent.TSS",0.266462866643967,0.809655579904266,"3,2"
"5162","Pump.Flow.Based.PAA.Dose + N..Basin.Outfall + TSS..mg.L. + NSEC.Aerobic.SRT + NSEC.Effluent.OP + NSEC.Effluent.NO5",0.296416846179798,0.837649623266776,"3,2"
"5163","Pump.Flow.Based.PAA.Dose + N..Basin.Outfall + TSS..mg.L. + NSEC.Aerobic.SRT + NSEC.Effluent.OP + NSEC.Effluent.Flow",0.277111520694386,0.81656883156037,"3,2"
"5164","Pump.Flow.Based.PAA.Dose + N..Basin.Outfall + TSS..mg.L. + NSEC.Aerobic.SRT + NSEC.Effluent.TSS + NSEC.Effluent.NO5",0.274008956646236,0.816303179004172,"3,2"
"5165","Pump.Flow.Based.PAA.Dose + N..Basin.Outfall + TSS..mg.L. + NSEC.Aerobic.SRT + NSEC.Effluent.TSS + NSEC.Effluent.Flow",0.27189582329278,0.820049191768273,"3,2"
"5166","Pump.Flow.Based.PAA.Dose + N..Basin.Outfall + TSS..mg.L. + NSEC.Aerobic.SRT + NSEC.Effluent.NO5 + NSEC.Effluent.Flow",0.196917119868483,0.803043680031544,"3,2"
"5167","Pump.Flow.Based.PAA.Dose + N..Basin.Outfall + TSS..mg.L. + NSEC.Effluent.NH3 + NSEC.Effluent.NO3 + NSEC.Effluent.OP",0.240496591869586,0.806274685295855,"3,2"
"5168","Pump.Flow.Based.PAA.Dose + N..Basin.Outfall + TSS..mg.L. + NSEC.Effluent.NH3 + NSEC.Effluent.NO3 + NSEC.Effluent.TSS",0.292892636219177,0.829804969383765,"3,2"
"5169","Pump.Flow.Based.PAA.Dose + N..Basin.Outfall + TSS..mg.L. + NSEC.Effluent.NH3 + NSEC.Effluent.NO3 + NSEC.Effluent.NO5",0.154707669719676,0.848667481787667,"3,2"
"5170","Pump.Flow.Based.PAA.Dose + N..Basin.Outfall + TSS..mg.L. + NSEC.Effluent.NH3 + NSEC.Effluent.NO3 + NSEC.Effluent.Flow",0.283191651283042,0.814606192187183,"3,2"
"5171","Pump.Flow.Based.PAA.Dose + N..Basin.Outfall + TSS..mg.L. + NSEC.Effluent.NH3 + NSEC.Effluent.OP + NSEC.Effluent.TSS",0.190944115011716,0.816408830262913,"3,2"
"5172","Pump.Flow.Based.PAA.Dose + N..Basin.Outfall + TSS..mg.L. + NSEC.Effluent.NH3 + NSEC.Effluent.OP + NSEC.Effluent.NO5",0.233041097655181,0.790893106226768,"3,2"
"5173","Pump.Flow.Based.PAA.Dose + N..Basin.Outfall + TSS..mg.L. + NSEC.Effluent.NH3 + NSEC.Effluent.OP + NSEC.Effluent.Flow",0.288324817578412,0.793569241053544,"3,2"
"5174","Pump.Flow.Based.PAA.Dose + N..Basin.Outfall + TSS..mg.L. + NSEC.Effluent.NH3 + NSEC.Effluent.TSS + NSEC.Effluent.NO5",0.256738746768129,0.815703254293056,"3,2"
"5175","Pump.Flow.Based.PAA.Dose + N..Basin.Outfall + TSS..mg.L. + NSEC.Effluent.NH3 + NSEC.Effluent.TSS + NSEC.Effluent.Flow",0.224845177664373,0.824841700894081,"3,2"
"5176","Pump.Flow.Based.PAA.Dose + N..Basin.Outfall + TSS..mg.L. + NSEC.Effluent.NH3 + NSEC.Effluent.NO5 + NSEC.Effluent.Flow",0.275012065454777,0.798526349371877,"3,2"
"5177","Pump.Flow.Based.PAA.Dose + N..Basin.Outfall + TSS..mg.L. + NSEC.Effluent.NO3 + NSEC.Effluent.OP + NSEC.Effluent.TSS",0.259832429401756,0.813807605344262,"3,2"
"5178","Pump.Flow.Based.PAA.Dose + N..Basin.Outfall + TSS..mg.L. + NSEC.Effluent.NO3 + NSEC.Effluent.OP + NSEC.Effluent.NO5",0.297370588732617,0.827004209086807,"3,2"
"5179","Pump.Flow.Based.PAA.Dose + N..Basin.Outfall + TSS..mg.L. + NSEC.Effluent.NO3 + NSEC.Effluent.OP + NSEC.Effluent.Flow",0.327003996489615,0.827923190636079,"3,2"
"5180","Pump.Flow.Based.PAA.Dose + N..Basin.Outfall + TSS..mg.L. + NSEC.Effluent.NO3 + NSEC.Effluent.TSS + NSEC.Effluent.NO5",0.217958372016414,0.841325300961575,"3,2"
"5181","Pump.Flow.Based.PAA.Dose + N..Basin.Outfall + TSS..mg.L. + NSEC.Effluent.NO3 + NSEC.Effluent.TSS + NSEC.Effluent.Flow",0.24542423189858,0.805050176228064,"3,2"
"5182","Pump.Flow.Based.PAA.Dose + N..Basin.Outfall + TSS..mg.L. + NSEC.Effluent.NO3 + NSEC.Effluent.NO5 + NSEC.Effluent.Flow",0.312402284025313,0.832645692997734,"3,2"
"5183","Pump.Flow.Based.PAA.Dose + N..Basin.Outfall + TSS..mg.L. + NSEC.Effluent.OP + NSEC.Effluent.TSS + NSEC.Effluent.NO5",0.254209881961741,0.809440215467741,"3,2"
"5184","Pump.Flow.Based.PAA.Dose + N..Basin.Outfall + TSS..mg.L. + NSEC.Effluent.OP + NSEC.Effluent.TSS + NSEC.Effluent.Flow",0.311627444183963,0.816093374495514,"3,2"
"5185","Pump.Flow.Based.PAA.Dose + N..Basin.Outfall + TSS..mg.L. + NSEC.Effluent.OP + NSEC.Effluent.NO5 + NSEC.Effluent.Flow",0.293605034054992,0.809222686135439,"3,2"
"5186","Pump.Flow.Based.PAA.Dose + N..Basin.Outfall + TSS..mg.L. + NSEC.Effluent.TSS + NSEC.Effluent.NO5 + NSEC.Effluent.Flow",0.290653642940058,0.813041538621428,"3,2"
"5187","Pump.Flow.Based.PAA.Dose + N..Basin.Outfall + UVT.... + CODds..mg.L. + SACto..1.m. + NSEC.Aerobic.SRT",0.122406712143447,0.821170236048666,"3,2"
"5188","Pump.Flow.Based.PAA.Dose + N..Basin.Outfall + UVT.... + CODds..mg.L. + SACto..1.m. + NSEC.Effluent.NH3",0.292123273833962,0.811179357486809,"3,2"
"5189","Pump.Flow.Based.PAA.Dose + N..Basin.Outfall + UVT.... + CODds..mg.L. + SACto..1.m. + NSEC.Effluent.NO3",0.106776180378478,0.81250948866687,"3,2"
"5190","Pump.Flow.Based.PAA.Dose + N..Basin.Outfall + UVT.... + CODds..mg.L. + SACto..1.m. + NSEC.Effluent.OP",0.126424744238342,0.806342981276287,"3,2"
"5191","Pump.Flow.Based.PAA.Dose + N..Basin.Outfall + UVT.... + CODds..mg.L. + SACto..1.m. + NSEC.Effluent.TSS",0.205734538580448,0.832849536317112,"3,2"
"5192","Pump.Flow.Based.PAA.Dose + N..Basin.Outfall + UVT.... + CODds..mg.L. + SACto..1.m. + NSEC.Effluent.NO5",0.202498021518363,0.822884279999758,"3,2"
"5193","Pump.Flow.Based.PAA.Dose + N..Basin.Outfall + UVT.... + CODds..mg.L. + SACto..1.m. + NSEC.Effluent.Flow",0.171847408057197,0.807446715839817,"3,2"
"5194","Pump.Flow.Based.PAA.Dose + N..Basin.Outfall + UVT.... + CODds..mg.L. + NSEC.Aerobic.SRT + NSEC.Effluent.NH3",0.184987469551068,0.812551026634775,"3,2"
"5195","Pump.Flow.Based.PAA.Dose + N..Basin.Outfall + UVT.... + CODds..mg.L. + NSEC.Aerobic.SRT + NSEC.Effluent.NO3",0.182125273168034,0.819835684493925,"3,2"
"5196","Pump.Flow.Based.PAA.Dose + N..Basin.Outfall + UVT.... + CODds..mg.L. + NSEC.Aerobic.SRT + NSEC.Effluent.OP",0.0515722205862352,0.810344782345951,"3,2"
"5197","Pump.Flow.Based.PAA.Dose + N..Basin.Outfall + UVT.... + CODds..mg.L. + NSEC.Aerobic.SRT + NSEC.Effluent.TSS",0.162009904115498,0.837388586424299,"3,2"
"5198","Pump.Flow.Based.PAA.Dose + N..Basin.Outfall + UVT.... + CODds..mg.L. + NSEC.Aerobic.SRT + NSEC.Effluent.NO5",0.181996433502728,0.828043440275101,"3,2"
"5199","Pump.Flow.Based.PAA.Dose + N..Basin.Outfall + UVT.... + CODds..mg.L. + NSEC.Aerobic.SRT + NSEC.Effluent.Flow",0.121164296824072,0.805328051911521,"3,2"
"5200","Pump.Flow.Based.PAA.Dose + N..Basin.Outfall + UVT.... + CODds..mg.L. + NSEC.Effluent.NH3 + NSEC.Effluent.NO3",0.176539630931886,0.815455165501606,"3,2"
"5201","Pump.Flow.Based.PAA.Dose + N..Basin.Outfall + UVT.... + CODds..mg.L. + NSEC.Effluent.NH3 + NSEC.Effluent.OP",0.270784462196222,0.826702970227586,"3,2"
"5202","Pump.Flow.Based.PAA.Dose + N..Basin.Outfall + UVT.... + CODds..mg.L. + NSEC.Effluent.NH3 + NSEC.Effluent.TSS",0.181799300570439,0.834705901880154,"3,2"
"5203","Pump.Flow.Based.PAA.Dose + N..Basin.Outfall + UVT.... + CODds..mg.L. + NSEC.Effluent.NH3 + NSEC.Effluent.NO5",0.218306806144019,0.811096944164913,"3,2"
"5204","Pump.Flow.Based.PAA.Dose + N..Basin.Outfall + UVT.... + CODds..mg.L. + NSEC.Effluent.NH3 + NSEC.Effluent.Flow",0.254350990736228,0.806608994755854,"3,2"
"5205","Pump.Flow.Based.PAA.Dose + N..Basin.Outfall + UVT.... + CODds..mg.L. + NSEC.Effluent.NO3 + NSEC.Effluent.OP",0.13032659435214,0.798305359307069,"3,2"
"5206","Pump.Flow.Based.PAA.Dose + N..Basin.Outfall + UVT.... + CODds..mg.L. + NSEC.Effluent.NO3 + NSEC.Effluent.TSS",0.224498012328052,0.84895908273563,"3,2"
"5207","Pump.Flow.Based.PAA.Dose + N..Basin.Outfall + UVT.... + CODds..mg.L. + NSEC.Effluent.NO3 + NSEC.Effluent.NO5",0.101578188243577,0.820137949831818,"3,2"
"5208","Pump.Flow.Based.PAA.Dose + N..Basin.Outfall + UVT.... + CODds..mg.L. + NSEC.Effluent.NO3 + NSEC.Effluent.Flow",0.206631892101295,0.811118873149195,"3,2"
"5209","Pump.Flow.Based.PAA.Dose + N..Basin.Outfall + UVT.... + CODds..mg.L. + NSEC.Effluent.OP + NSEC.Effluent.TSS",0.125832033393324,0.825162147207937,"3,2"
"5210","Pump.Flow.Based.PAA.Dose + N..Basin.Outfall + UVT.... + CODds..mg.L. + NSEC.Effluent.OP + NSEC.Effluent.NO5",0.102589473174988,0.80781203652697,"3,2"
"5211","Pump.Flow.Based.PAA.Dose + N..Basin.Outfall + UVT.... + CODds..mg.L. + NSEC.Effluent.OP + NSEC.Effluent.Flow",0.112950111637931,0.809322339207492,"3,2"
"5212","Pump.Flow.Based.PAA.Dose + N..Basin.Outfall + UVT.... + CODds..mg.L. + NSEC.Effluent.TSS + NSEC.Effluent.NO5",0.18237682509931,0.829964056414787,"3,2"
"5213","Pump.Flow.Based.PAA.Dose + N..Basin.Outfall + UVT.... + CODds..mg.L. + NSEC.Effluent.TSS + NSEC.Effluent.Flow",0.102702365776298,0.838374431853687,"3,2"
"5214","Pump.Flow.Based.PAA.Dose + N..Basin.Outfall + UVT.... + CODds..mg.L. + NSEC.Effluent.NO5 + NSEC.Effluent.Flow",0.117393138570247,0.812472959949453,"3,2"
"5215","Pump.Flow.Based.PAA.Dose + N..Basin.Outfall + UVT.... + SACto..1.m. + NSEC.Aerobic.SRT + NSEC.Effluent.NH3",0.160713454656859,0.805396887108559,"3,2"
"5216","Pump.Flow.Based.PAA.Dose + N..Basin.Outfall + UVT.... + SACto..1.m. + NSEC.Aerobic.SRT + NSEC.Effluent.NO3",0.258205402455156,0.81892020858604,"3,2"
"5217","Pump.Flow.Based.PAA.Dose + N..Basin.Outfall + UVT.... + SACto..1.m. + NSEC.Aerobic.SRT + NSEC.Effluent.OP",0.13520480622921,0.804668827510077,"3,2"
"5218","Pump.Flow.Based.PAA.Dose + N..Basin.Outfall + UVT.... + SACto..1.m. + NSEC.Aerobic.SRT + NSEC.Effluent.TSS",0.20001330730106,0.82114868497401,"3,2"
"5219","Pump.Flow.Based.PAA.Dose + N..Basin.Outfall + UVT.... + SACto..1.m. + NSEC.Aerobic.SRT + NSEC.Effluent.NO5",0.163716352536142,0.787490675097108,"3,2"
"5220","Pump.Flow.Based.PAA.Dose + N..Basin.Outfall + UVT.... + SACto..1.m. + NSEC.Aerobic.SRT + NSEC.Effluent.Flow",0.269388480138664,0.852185851821825,"3,2"
"5221","Pump.Flow.Based.PAA.Dose + N..Basin.Outfall + UVT.... + SACto..1.m. + NSEC.Effluent.NH3 + NSEC.Effluent.NO3",0.219196995052097,0.810674660583272,"3,2"
"5222","Pump.Flow.Based.PAA.Dose + N..Basin.Outfall + UVT.... + SACto..1.m. + NSEC.Effluent.NH3 + NSEC.Effluent.OP",0.237362451206502,0.799579733741957,"3,2"
"5223","Pump.Flow.Based.PAA.Dose + N..Basin.Outfall + UVT.... + SACto..1.m. + NSEC.Effluent.NH3 + NSEC.Effluent.TSS",0.312195461555052,0.819502368485239,"3,2"
"5224","Pump.Flow.Based.PAA.Dose + N..Basin.Outfall + UVT.... + SACto..1.m. + NSEC.Effluent.NH3 + NSEC.Effluent.NO5",0.231931991776904,0.80065555943251,"3,2"
"5225","Pump.Flow.Based.PAA.Dose + N..Basin.Outfall + UVT.... + SACto..1.m. + NSEC.Effluent.NH3 + NSEC.Effluent.Flow",0.256193619230801,0.808948346065184,"3,2"
"5226","Pump.Flow.Based.PAA.Dose + N..Basin.Outfall + UVT.... + SACto..1.m. + NSEC.Effluent.NO3 + NSEC.Effluent.OP",0.209780336302219,0.831057071945788,"3,2"
"5227","Pump.Flow.Based.PAA.Dose + N..Basin.Outfall + UVT.... + SACto..1.m. + NSEC.Effluent.NO3 + NSEC.Effluent.TSS",0.222614147980786,0.830129028863322,"3,2"
"5228","Pump.Flow.Based.PAA.Dose + N..Basin.Outfall + UVT.... + SACto..1.m. + NSEC.Effluent.NO3 + NSEC.Effluent.NO5",0.125558183225063,0.828548155425339,"3,2"
"5229","Pump.Flow.Based.PAA.Dose + N..Basin.Outfall + UVT.... + SACto..1.m. + NSEC.Effluent.NO3 + NSEC.Effluent.Flow",0.288994320644305,0.807121290903515,"3,2"
"5230","Pump.Flow.Based.PAA.Dose + N..Basin.Outfall + UVT.... + SACto..1.m. + NSEC.Effluent.OP + NSEC.Effluent.TSS",0.195963454505078,0.836992566938213,"3,2"
"5231","Pump.Flow.Based.PAA.Dose + N..Basin.Outfall + UVT.... + SACto..1.m. + NSEC.Effluent.OP + NSEC.Effluent.NO5",0.220773967014211,0.816654007971217,"3,2"
"5232","Pump.Flow.Based.PAA.Dose + N..Basin.Outfall + UVT.... + SACto..1.m. + NSEC.Effluent.OP + NSEC.Effluent.Flow",0.227834627145263,0.801516454958383,"3,2"
"5233","Pump.Flow.Based.PAA.Dose + N..Basin.Outfall + UVT.... + SACto..1.m. + NSEC.Effluent.TSS + NSEC.Effluent.NO5",0.194018599582803,0.8233070334184,"3,2"
"5234","Pump.Flow.Based.PAA.Dose + N..Basin.Outfall + UVT.... + SACto..1.m. + NSEC.Effluent.TSS + NSEC.Effluent.Flow",0.190794995846409,0.809031633792635,"3,2"
"5235","Pump.Flow.Based.PAA.Dose + N..Basin.Outfall + UVT.... + SACto..1.m. + NSEC.Effluent.NO5 + NSEC.Effluent.Flow",0.223504214908805,0.804714071713402,"3,2"
"5236","Pump.Flow.Based.PAA.Dose + N..Basin.Outfall + UVT.... + NSEC.Aerobic.SRT + NSEC.Effluent.NH3 + NSEC.Effluent.NO3",0.271056794380199,0.845152582007329,"3,2"
"5237","Pump.Flow.Based.PAA.Dose + N..Basin.Outfall + UVT.... + NSEC.Aerobic.SRT + NSEC.Effluent.NH3 + NSEC.Effluent.OP",0.21610169064584,0.827305966856778,"3,2"
"5238","Pump.Flow.Based.PAA.Dose + N..Basin.Outfall + UVT.... + NSEC.Aerobic.SRT + NSEC.Effluent.NH3 + NSEC.Effluent.TSS",0.13693706562159,0.830829270434179,"3,2"
"5239","Pump.Flow.Based.PAA.Dose + N..Basin.Outfall + UVT.... + NSEC.Aerobic.SRT + NSEC.Effluent.NH3 + NSEC.Effluent.NO5",0.299946137575519,0.814464266979368,"3,2"
"5240","Pump.Flow.Based.PAA.Dose + N..Basin.Outfall + UVT.... + NSEC.Aerobic.SRT + NSEC.Effluent.NH3 + NSEC.Effluent.Flow",0.188681594010842,0.835553048294787,"3,2"
"5241","Pump.Flow.Based.PAA.Dose + N..Basin.Outfall + UVT.... + NSEC.Aerobic.SRT + NSEC.Effluent.NO3 + NSEC.Effluent.OP",0.310809256071446,0.841422148090578,"3,2"
"5242","Pump.Flow.Based.PAA.Dose + N..Basin.Outfall + UVT.... + NSEC.Aerobic.SRT + NSEC.Effluent.NO3 + NSEC.Effluent.TSS",0.142218939388415,0.823866066542174,"3,2"
"5243","Pump.Flow.Based.PAA.Dose + N..Basin.Outfall + UVT.... + NSEC.Aerobic.SRT + NSEC.Effluent.NO3 + NSEC.Effluent.NO5",0.206214316349268,0.841973911234793,"3,2"
"5244","Pump.Flow.Based.PAA.Dose + N..Basin.Outfall + UVT.... + NSEC.Aerobic.SRT + NSEC.Effluent.NO3 + NSEC.Effluent.Flow",0.226819762867961,0.820907997274599,"3,2"
"5245","Pump.Flow.Based.PAA.Dose + N..Basin.Outfall + UVT.... + NSEC.Aerobic.SRT + NSEC.Effluent.OP + NSEC.Effluent.TSS",0.188855251599205,0.816953538045091,"3,2"
"5246","Pump.Flow.Based.PAA.Dose + N..Basin.Outfall + UVT.... + NSEC.Aerobic.SRT + NSEC.Effluent.OP + NSEC.Effluent.NO5",0.224841622703883,0.805316193967188,"3,2"
"5247","Pump.Flow.Based.PAA.Dose + N..Basin.Outfall + UVT.... + NSEC.Aerobic.SRT + NSEC.Effluent.OP + NSEC.Effluent.Flow",0.119462066035763,0.791243641737099,"3,2"
"5248","Pump.Flow.Based.PAA.Dose + N..Basin.Outfall + UVT.... + NSEC.Aerobic.SRT + NSEC.Effluent.TSS + NSEC.Effluent.NO5",0.228712289045431,0.828821671266133,"3,2"
"5249","Pump.Flow.Based.PAA.Dose + N..Basin.Outfall + UVT.... + NSEC.Aerobic.SRT + NSEC.Effluent.TSS + NSEC.Effluent.Flow",0.208416007020598,0.845679090364318,"3,2"
"5250","Pump.Flow.Based.PAA.Dose + N..Basin.Outfall + UVT.... + NSEC.Aerobic.SRT + NSEC.Effluent.NO5 + NSEC.Effluent.Flow",0.279471098023137,0.820236999295663,"3,2"
"5251","Pump.Flow.Based.PAA.Dose + N..Basin.Outfall + UVT.... + NSEC.Effluent.NH3 + NSEC.Effluent.NO3 + NSEC.Effluent.OP",0.21528984313896,0.800132777557427,"3,2"
"5252","Pump.Flow.Based.PAA.Dose + N..Basin.Outfall + UVT.... + NSEC.Effluent.NH3 + NSEC.Effluent.NO3 + NSEC.Effluent.TSS",0.117300966524874,0.821653668282897,"3,2"
"5253","Pump.Flow.Based.PAA.Dose + N..Basin.Outfall + UVT.... + NSEC.Effluent.NH3 + NSEC.Effluent.NO3 + NSEC.Effluent.NO5",0.176970611355933,0.81979547331119,"3,2"
"5254","Pump.Flow.Based.PAA.Dose + N..Basin.Outfall + UVT.... + NSEC.Effluent.NH3 + NSEC.Effluent.NO3 + NSEC.Effluent.Flow",0.218240866152638,0.803048841933935,"3,2"
"5255","Pump.Flow.Based.PAA.Dose + N..Basin.Outfall + UVT.... + NSEC.Effluent.NH3 + NSEC.Effluent.OP + NSEC.Effluent.TSS",0.283362416990267,0.834856593754683,"3,2"
"5256","Pump.Flow.Based.PAA.Dose + N..Basin.Outfall + UVT.... + NSEC.Effluent.NH3 + NSEC.Effluent.OP + NSEC.Effluent.NO5",0.17526527763308,0.828514718879313,"3,2"
"5257","Pump.Flow.Based.PAA.Dose + N..Basin.Outfall + UVT.... + NSEC.Effluent.NH3 + NSEC.Effluent.OP + NSEC.Effluent.Flow",0.14850759209487,0.78237166201576,"3,2"
"5258","Pump.Flow.Based.PAA.Dose + N..Basin.Outfall + UVT.... + NSEC.Effluent.NH3 + NSEC.Effluent.TSS + NSEC.Effluent.NO5",0.224290130819125,0.829307644802547,"3,2"
"5259","Pump.Flow.Based.PAA.Dose + N..Basin.Outfall + UVT.... + NSEC.Effluent.NH3 + NSEC.Effluent.TSS + NSEC.Effluent.Flow",0.216059022620749,0.810927201089778,"3,2"
"5260","Pump.Flow.Based.PAA.Dose + N..Basin.Outfall + UVT.... + NSEC.Effluent.NH3 + NSEC.Effluent.NO5 + NSEC.Effluent.Flow",0.174433319028626,0.792743692654389,"3,2"
"5261","Pump.Flow.Based.PAA.Dose + N..Basin.Outfall + UVT.... + NSEC.Effluent.NO3 + NSEC.Effluent.OP + NSEC.Effluent.TSS",0.183667749126467,0.825171372348471,"3,2"
"5262","Pump.Flow.Based.PAA.Dose + N..Basin.Outfall + UVT.... + NSEC.Effluent.NO3 + NSEC.Effluent.OP + NSEC.Effluent.NO5",0.145421587984759,0.82373676932487,"3,2"
"5263","Pump.Flow.Based.PAA.Dose + N..Basin.Outfall + UVT.... + NSEC.Effluent.NO3 + NSEC.Effluent.OP + NSEC.Effluent.Flow",0.164299043920185,0.824857500583827,"3,2"
"5264","Pump.Flow.Based.PAA.Dose + N..Basin.Outfall + UVT.... + NSEC.Effluent.NO3 + NSEC.Effluent.TSS + NSEC.Effluent.NO5",0.181742099984699,0.822862366188814,"3,2"
"5265","Pump.Flow.Based.PAA.Dose + N..Basin.Outfall + UVT.... + NSEC.Effluent.NO3 + NSEC.Effluent.TSS + NSEC.Effluent.Flow",0.175784649382441,0.834745099126122,"3,2"
"5266","Pump.Flow.Based.PAA.Dose + N..Basin.Outfall + UVT.... + NSEC.Effluent.NO3 + NSEC.Effluent.NO5 + NSEC.Effluent.Flow",0.255474499106818,0.833804630898869,"3,2"
"5267","Pump.Flow.Based.PAA.Dose + N..Basin.Outfall + UVT.... + NSEC.Effluent.OP + NSEC.Effluent.TSS + NSEC.Effluent.NO5",0.116449165800338,0.82753069578102,"3,2"
"5268","Pump.Flow.Based.PAA.Dose + N..Basin.Outfall + UVT.... + NSEC.Effluent.OP + NSEC.Effluent.TSS + NSEC.Effluent.Flow",0.287944601787776,0.861337368556811,"3,2"
"5269","Pump.Flow.Based.PAA.Dose + N..Basin.Outfall + UVT.... + NSEC.Effluent.OP + NSEC.Effluent.NO5 + NSEC.Effluent.Flow",0.256986930937854,0.840232959223238,"3,2"
"5270","Pump.Flow.Based.PAA.Dose + N..Basin.Outfall + UVT.... + NSEC.Effluent.TSS + NSEC.Effluent.NO5 + NSEC.Effluent.Flow",0.271455840461172,0.818841104260601,"3,2"
"5271","Pump.Flow.Based.PAA.Dose + N..Basin.Outfall + CODds..mg.L. + SACto..1.m. + NSEC.Aerobic.SRT + NSEC.Effluent.NH3",0.122879315166955,0.819874379403046,"3,2"
"5272","Pump.Flow.Based.PAA.Dose + N..Basin.Outfall + CODds..mg.L. + SACto..1.m. + NSEC.Aerobic.SRT + NSEC.Effluent.NO3",0.087749269208985,0.806120806610851,"3,2"
"5273","Pump.Flow.Based.PAA.Dose + N..Basin.Outfall + CODds..mg.L. + SACto..1.m. + NSEC.Aerobic.SRT + NSEC.Effluent.OP",0.214689675441192,0.836907650840947,"3,2"
"5274","Pump.Flow.Based.PAA.Dose + N..Basin.Outfall + CODds..mg.L. + SACto..1.m. + NSEC.Aerobic.SRT + NSEC.Effluent.TSS",0.0851308610691976,0.849880368726107,"3,2"
"5275","Pump.Flow.Based.PAA.Dose + N..Basin.Outfall + CODds..mg.L. + SACto..1.m. + NSEC.Aerobic.SRT + NSEC.Effluent.NO5",0.193178919029303,0.842549397800643,"3,2"
"5276","Pump.Flow.Based.PAA.Dose + N..Basin.Outfall + CODds..mg.L. + SACto..1.m. + NSEC.Aerobic.SRT + NSEC.Effluent.Flow",0.161009677221278,0.842876355459742,"3,2"
"5277","Pump.Flow.Based.PAA.Dose + N..Basin.Outfall + CODds..mg.L. + SACto..1.m. + NSEC.Effluent.NH3 + NSEC.Effluent.NO3",0.228162135432631,0.808391433517495,"3,2"
"5278","Pump.Flow.Based.PAA.Dose + N..Basin.Outfall + CODds..mg.L. + SACto..1.m. + NSEC.Effluent.NH3 + NSEC.Effluent.OP",0.129471545194873,0.811319387624628,"3,2"
"5279","Pump.Flow.Based.PAA.Dose + N..Basin.Outfall + CODds..mg.L. + SACto..1.m. + NSEC.Effluent.NH3 + NSEC.Effluent.TSS",0.192399905124152,0.83726880572751,"3,2"
"5280","Pump.Flow.Based.PAA.Dose + N..Basin.Outfall + CODds..mg.L. + SACto..1.m. + NSEC.Effluent.NH3 + NSEC.Effluent.NO5",0.237857504203107,0.82573926435224,"3,2"
"5281","Pump.Flow.Based.PAA.Dose + N..Basin.Outfall + CODds..mg.L. + SACto..1.m. + NSEC.Effluent.NH3 + NSEC.Effluent.Flow",0.109171080464778,0.818329541955902,"3,2"
"5282","Pump.Flow.Based.PAA.Dose + N..Basin.Outfall + CODds..mg.L. + SACto..1.m. + NSEC.Effluent.NO3 + NSEC.Effluent.OP",0.317338919674145,0.818080790886723,"3,2"
"5283","Pump.Flow.Based.PAA.Dose + N..Basin.Outfall + CODds..mg.L. + SACto..1.m. + NSEC.Effluent.NO3 + NSEC.Effluent.TSS",0.134484553838492,0.846030113684541,"3,2"
"5284","Pump.Flow.Based.PAA.Dose + N..Basin.Outfall + CODds..mg.L. + SACto..1.m. + NSEC.Effluent.NO3 + NSEC.Effluent.NO5",0.163487036589236,0.849037459047145,"3,2"
"5285","Pump.Flow.Based.PAA.Dose + N..Basin.Outfall + CODds..mg.L. + SACto..1.m. + NSEC.Effluent.NO3 + NSEC.Effluent.Flow",0.308160232296933,0.831595986305517,"3,2"
"5286","Pump.Flow.Based.PAA.Dose + N..Basin.Outfall + CODds..mg.L. + SACto..1.m. + NSEC.Effluent.OP + NSEC.Effluent.TSS",0.160956372375087,0.831469445257655,"3,2"
"5287","Pump.Flow.Based.PAA.Dose + N..Basin.Outfall + CODds..mg.L. + SACto..1.m. + NSEC.Effluent.OP + NSEC.Effluent.NO5",0.159367757328834,0.838736223099104,"3,2"
"5288","Pump.Flow.Based.PAA.Dose + N..Basin.Outfall + CODds..mg.L. + SACto..1.m. + NSEC.Effluent.OP + NSEC.Effluent.Flow",0.157041534207107,0.827152577612576,"3,2"
"5289","Pump.Flow.Based.PAA.Dose + N..Basin.Outfall + CODds..mg.L. + SACto..1.m. + NSEC.Effluent.TSS + NSEC.Effluent.NO5",0.154889911814391,0.835035588727704,"3,2"
"5290","Pump.Flow.Based.PAA.Dose + N..Basin.Outfall + CODds..mg.L. + SACto..1.m. + NSEC.Effluent.TSS + NSEC.Effluent.Flow",0.121506633799876,0.822915540823609,"3,2"
"5291","Pump.Flow.Based.PAA.Dose + N..Basin.Outfall + CODds..mg.L. + SACto..1.m. + NSEC.Effluent.NO5 + NSEC.Effluent.Flow",0.290148795542053,0.827695128524498,"3,2"
"5292","Pump.Flow.Based.PAA.Dose + N..Basin.Outfall + CODds..mg.L. + NSEC.Aerobic.SRT + NSEC.Effluent.NH3 + NSEC.Effluent.NO3",0.166466920219503,0.856892365113912,"3,2"
"5293","Pump.Flow.Based.PAA.Dose + N..Basin.Outfall + CODds..mg.L. + NSEC.Aerobic.SRT + NSEC.Effluent.NH3 + NSEC.Effluent.OP",0.290785875299392,0.816519440754264,"3,2"
"5294","Pump.Flow.Based.PAA.Dose + N..Basin.Outfall + CODds..mg.L. + NSEC.Aerobic.SRT + NSEC.Effluent.NH3 + NSEC.Effluent.TSS",0.232065595471705,0.825022315514738,"3,2"
"5295","Pump.Flow.Based.PAA.Dose + N..Basin.Outfall + CODds..mg.L. + NSEC.Aerobic.SRT + NSEC.Effluent.NH3 + NSEC.Effluent.NO5",0.265775605744857,0.82882213293008,"3,2"
"5296","Pump.Flow.Based.PAA.Dose + N..Basin.Outfall + CODds..mg.L. + NSEC.Aerobic.SRT + NSEC.Effluent.NH3 + NSEC.Effluent.Flow",0.223374336434436,0.818129886537477,"3,2"
"5297","Pump.Flow.Based.PAA.Dose + N..Basin.Outfall + CODds..mg.L. + NSEC.Aerobic.SRT + NSEC.Effluent.NO3 + NSEC.Effluent.OP",0.215067788913064,0.820611213302599,"3,2"
"5298","Pump.Flow.Based.PAA.Dose + N..Basin.Outfall + CODds..mg.L. + NSEC.Aerobic.SRT + NSEC.Effluent.NO3 + NSEC.Effluent.TSS",0.258878299182885,0.838289398619201,"3,2"
"5299","Pump.Flow.Based.PAA.Dose + N..Basin.Outfall + CODds..mg.L. + NSEC.Aerobic.SRT + NSEC.Effluent.NO3 + NSEC.Effluent.NO5",0.207480762388752,0.839181703401953,"3,2"
"5300","Pump.Flow.Based.PAA.Dose + N..Basin.Outfall + CODds..mg.L. + NSEC.Aerobic.SRT + NSEC.Effluent.NO3 + NSEC.Effluent.Flow",0.149674787909647,0.798072906097576,"3,2"
"5301","Pump.Flow.Based.PAA.Dose + N..Basin.Outfall + CODds..mg.L. + NSEC.Aerobic.SRT + NSEC.Effluent.OP + NSEC.Effluent.TSS",0.246735029293022,0.816533381717054,"3,2"
"5302","Pump.Flow.Based.PAA.Dose + N..Basin.Outfall + CODds..mg.L. + NSEC.Aerobic.SRT + NSEC.Effluent.OP + NSEC.Effluent.NO5",0.273987296198398,0.834713221367921,"3,2"
"5303","Pump.Flow.Based.PAA.Dose + N..Basin.Outfall + CODds..mg.L. + NSEC.Aerobic.SRT + NSEC.Effluent.OP + NSEC.Effluent.Flow",0.108448217935809,0.802172767047854,"3,2"
"5304","Pump.Flow.Based.PAA.Dose + N..Basin.Outfall + CODds..mg.L. + NSEC.Aerobic.SRT + NSEC.Effluent.TSS + NSEC.Effluent.NO5",0.28077891701012,0.835760100503299,"3,2"
"5305","Pump.Flow.Based.PAA.Dose + N..Basin.Outfall + CODds..mg.L. + NSEC.Aerobic.SRT + NSEC.Effluent.TSS + NSEC.Effluent.Flow",0.231177357733445,0.841628544098645,"3,2"
"5306","Pump.Flow.Based.PAA.Dose + N..Basin.Outfall + CODds..mg.L. + NSEC.Aerobic.SRT + NSEC.Effluent.NO5 + NSEC.Effluent.Flow",0.258215636859402,0.830402404227471,"3,2"
"5307","Pump.Flow.Based.PAA.Dose + N..Basin.Outfall + CODds..mg.L. + NSEC.Effluent.NH3 + NSEC.Effluent.NO3 + NSEC.Effluent.OP",0.2331521078459,0.788119369840196,"3,2"
"5308","Pump.Flow.Based.PAA.Dose + N..Basin.Outfall + CODds..mg.L. + NSEC.Effluent.NH3 + NSEC.Effluent.NO3 + NSEC.Effluent.TSS",0.203574188366005,0.833907570044118,"3,2"
"5309","Pump.Flow.Based.PAA.Dose + N..Basin.Outfall + CODds..mg.L. + NSEC.Effluent.NH3 + NSEC.Effluent.NO3 + NSEC.Effluent.NO5",0.133995625967374,0.838974441972412,"3,2"
"5310","Pump.Flow.Based.PAA.Dose + N..Basin.Outfall + CODds..mg.L. + NSEC.Effluent.NH3 + NSEC.Effluent.NO3 + NSEC.Effluent.Flow",0.34957113620282,0.826345312881838,"3,2"
"5311","Pump.Flow.Based.PAA.Dose + N..Basin.Outfall + CODds..mg.L. + NSEC.Effluent.NH3 + NSEC.Effluent.OP + NSEC.Effluent.TSS",0.232759928506212,0.820806794014163,"3,2"
"5312","Pump.Flow.Based.PAA.Dose + N..Basin.Outfall + CODds..mg.L. + NSEC.Effluent.NH3 + NSEC.Effluent.OP + NSEC.Effluent.NO5",0.313511168589528,0.783892594664761,"3,2"
"5313","Pump.Flow.Based.PAA.Dose + N..Basin.Outfall + CODds..mg.L. + NSEC.Effluent.NH3 + NSEC.Effluent.OP + NSEC.Effluent.Flow",0.265110283324121,0.809413123618487,"3,2"
"5314","Pump.Flow.Based.PAA.Dose + N..Basin.Outfall + CODds..mg.L. + NSEC.Effluent.NH3 + NSEC.Effluent.TSS + NSEC.Effluent.NO5",0.219926280693945,0.821103486140345,"3,2"
"5315","Pump.Flow.Based.PAA.Dose + N..Basin.Outfall + CODds..mg.L. + NSEC.Effluent.NH3 + NSEC.Effluent.TSS + NSEC.Effluent.Flow",0.246674779498735,0.814721459390254,"3,2"
"5316","Pump.Flow.Based.PAA.Dose + N..Basin.Outfall + CODds..mg.L. + NSEC.Effluent.NH3 + NSEC.Effluent.NO5 + NSEC.Effluent.Flow",0.290623766639683,0.803271530578158,"3,2"
"5317","Pump.Flow.Based.PAA.Dose + N..Basin.Outfall + CODds..mg.L. + NSEC.Effluent.NO3 + NSEC.Effluent.OP + NSEC.Effluent.TSS",0.260493504627723,0.835303092931993,"3,2"
"5318","Pump.Flow.Based.PAA.Dose + N..Basin.Outfall + CODds..mg.L. + NSEC.Effluent.NO3 + NSEC.Effluent.OP + NSEC.Effluent.NO5",0.202889344033371,0.824803817236228,"3,2"
"5319","Pump.Flow.Based.PAA.Dose + N..Basin.Outfall + CODds..mg.L. + NSEC.Effluent.NO3 + NSEC.Effluent.OP + NSEC.Effluent.Flow",0.285919030689086,0.793723675557548,"3,2"
"5320","Pump.Flow.Based.PAA.Dose + N..Basin.Outfall + CODds..mg.L. + NSEC.Effluent.NO3 + NSEC.Effluent.TSS + NSEC.Effluent.NO5",0.109753797264556,0.831591818050599,"3,2"
"5321","Pump.Flow.Based.PAA.Dose + N..Basin.Outfall + CODds..mg.L. + NSEC.Effluent.NO3 + NSEC.Effluent.TSS + NSEC.Effluent.Flow",0.192740580530258,0.812615915975931,"3,2"
"5322","Pump.Flow.Based.PAA.Dose + N..Basin.Outfall + CODds..mg.L. + NSEC.Effluent.NO3 + NSEC.Effluent.NO5 + NSEC.Effluent.Flow",0.268420817808313,0.816376357726157,"3,2"
"5323","Pump.Flow.Based.PAA.Dose + N..Basin.Outfall + CODds..mg.L. + NSEC.Effluent.OP + NSEC.Effluent.TSS + NSEC.Effluent.NO5",0.256775647111489,0.83253755932812,"3,2"
"5324","Pump.Flow.Based.PAA.Dose + N..Basin.Outfall + CODds..mg.L. + NSEC.Effluent.OP + NSEC.Effluent.TSS + NSEC.Effluent.Flow",0.243539111506815,0.825471530559976,"3,2"
"5325","Pump.Flow.Based.PAA.Dose + N..Basin.Outfall + CODds..mg.L. + NSEC.Effluent.OP + NSEC.Effluent.NO5 + NSEC.Effluent.Flow",0.279071286171493,0.827116685436481,"3,2"
"5326","Pump.Flow.Based.PAA.Dose + N..Basin.Outfall + CODds..mg.L. + NSEC.Effluent.TSS + NSEC.Effluent.NO5 + NSEC.Effluent.Flow",0.255661752055224,0.8297432255671,"3,2"
"5327","Pump.Flow.Based.PAA.Dose + N..Basin.Outfall + SACto..1.m. + NSEC.Aerobic.SRT + NSEC.Effluent.NH3 + NSEC.Effluent.NO3",0.172238179722816,0.840868977183291,"3,2"
"5328","Pump.Flow.Based.PAA.Dose + N..Basin.Outfall + SACto..1.m. + NSEC.Aerobic.SRT + NSEC.Effluent.NH3 + NSEC.Effluent.OP",0.108207418270005,0.807041739965951,"3,2"
"5329","Pump.Flow.Based.PAA.Dose + N..Basin.Outfall + SACto..1.m. + NSEC.Aerobic.SRT + NSEC.Effluent.NH3 + NSEC.Effluent.TSS",0.223800292561844,0.849425965865663,"3,2"
"5330","Pump.Flow.Based.PAA.Dose + N..Basin.Outfall + SACto..1.m. + NSEC.Aerobic.SRT + NSEC.Effluent.NH3 + NSEC.Effluent.NO5",0.23826011454896,0.831406376580965,"3,2"
"5331","Pump.Flow.Based.PAA.Dose + N..Basin.Outfall + SACto..1.m. + NSEC.Aerobic.SRT + NSEC.Effluent.NH3 + NSEC.Effluent.Flow",0.183338580175057,0.822414011094118,"3,2"
"5332","Pump.Flow.Based.PAA.Dose + N..Basin.Outfall + SACto..1.m. + NSEC.Aerobic.SRT + NSEC.Effluent.NO3 + NSEC.Effluent.OP",0.253829735270592,0.838029089786863,"3,2"
"5333","Pump.Flow.Based.PAA.Dose + N..Basin.Outfall + SACto..1.m. + NSEC.Aerobic.SRT + NSEC.Effluent.NO3 + NSEC.Effluent.TSS",0.216873268932803,0.838785268727149,"3,2"
"5334","Pump.Flow.Based.PAA.Dose + N..Basin.Outfall + SACto..1.m. + NSEC.Aerobic.SRT + NSEC.Effluent.NO3 + NSEC.Effluent.NO5",0.24382374177734,0.861958632317727,"3,2"
"5335","Pump.Flow.Based.PAA.Dose + N..Basin.Outfall + SACto..1.m. + NSEC.Aerobic.SRT + NSEC.Effluent.NO3 + NSEC.Effluent.Flow",0.251105711014799,0.86001434825016,"3,2"
"5336","Pump.Flow.Based.PAA.Dose + N..Basin.Outfall + SACto..1.m. + NSEC.Aerobic.SRT + NSEC.Effluent.OP + NSEC.Effluent.TSS",0.14787962915785,0.827571720191261,"3,2"
"5337","Pump.Flow.Based.PAA.Dose + N..Basin.Outfall + SACto..1.m. + NSEC.Aerobic.SRT + NSEC.Effluent.OP + NSEC.Effluent.NO5",0.131816214447004,0.794901335283201,"3,2"
"5338","Pump.Flow.Based.PAA.Dose + N..Basin.Outfall + SACto..1.m. + NSEC.Aerobic.SRT + NSEC.Effluent.OP + NSEC.Effluent.Flow",0.218186660292483,0.829706656581249,"3,2"
"5339","Pump.Flow.Based.PAA.Dose + N..Basin.Outfall + SACto..1.m. + NSEC.Aerobic.SRT + NSEC.Effluent.TSS + NSEC.Effluent.NO5",0.254229485497106,0.848736925459028,"3,2"
"5340","Pump.Flow.Based.PAA.Dose + N..Basin.Outfall + SACto..1.m. + NSEC.Aerobic.SRT + NSEC.Effluent.TSS + NSEC.Effluent.Flow",0.230012292806379,0.812234052461987,"3,2"
"5341","Pump.Flow.Based.PAA.Dose + N..Basin.Outfall + SACto..1.m. + NSEC.Aerobic.SRT + NSEC.Effluent.NO5 + NSEC.Effluent.Flow",0.146122701055099,0.799865464357566,"3,2"
"5342","Pump.Flow.Based.PAA.Dose + N..Basin.Outfall + SACto..1.m. + NSEC.Effluent.NH3 + NSEC.Effluent.NO3 + NSEC.Effluent.OP",0.312203597119817,0.818872556496492,"3,2"
"5343","Pump.Flow.Based.PAA.Dose + N..Basin.Outfall + SACto..1.m. + NSEC.Effluent.NH3 + NSEC.Effluent.NO3 + NSEC.Effluent.TSS",0.222960098124181,0.826126719600307,"3,2"
"5344","Pump.Flow.Based.PAA.Dose + N..Basin.Outfall + SACto..1.m. + NSEC.Effluent.NH3 + NSEC.Effluent.NO3 + NSEC.Effluent.NO5",0.149869287731923,0.823853925004181,"3,2"
"5345","Pump.Flow.Based.PAA.Dose + N..Basin.Outfall + SACto..1.m. + NSEC.Effluent.NH3 + NSEC.Effluent.NO3 + NSEC.Effluent.Flow",0.205754202469876,0.80713605538643,"3,2"
"5346","Pump.Flow.Based.PAA.Dose + N..Basin.Outfall + SACto..1.m. + NSEC.Effluent.NH3 + NSEC.Effluent.OP + NSEC.Effluent.TSS",0.212183006414069,0.833723417055436,"3,2"
"5347","Pump.Flow.Based.PAA.Dose + N..Basin.Outfall + SACto..1.m. + NSEC.Effluent.NH3 + NSEC.Effluent.OP + NSEC.Effluent.NO5",0.209027632613929,0.8080100384024,"3,2"
"5348","Pump.Flow.Based.PAA.Dose + N..Basin.Outfall + SACto..1.m. + NSEC.Effluent.NH3 + NSEC.Effluent.OP + NSEC.Effluent.Flow",0.310594623398891,0.817769911774255,"3,2"
"5349","Pump.Flow.Based.PAA.Dose + N..Basin.Outfall + SACto..1.m. + NSEC.Effluent.NH3 + NSEC.Effluent.TSS + NSEC.Effluent.NO5",0.246943883214681,0.812751777985401,"3,2"
"5350","Pump.Flow.Based.PAA.Dose + N..Basin.Outfall + SACto..1.m. + NSEC.Effluent.NH3 + NSEC.Effluent.TSS + NSEC.Effluent.Flow",0.218681117593067,0.824971808063161,"3,2"
"5351","Pump.Flow.Based.PAA.Dose + N..Basin.Outfall + SACto..1.m. + NSEC.Effluent.NH3 + NSEC.Effluent.NO5 + NSEC.Effluent.Flow",0.201689195108849,0.811329886434751,"3,2"
"5352","Pump.Flow.Based.PAA.Dose + N..Basin.Outfall + SACto..1.m. + NSEC.Effluent.NO3 + NSEC.Effluent.OP + NSEC.Effluent.TSS",0.231958706918471,0.834561469408781,"3,2"
"5353","Pump.Flow.Based.PAA.Dose + N..Basin.Outfall + SACto..1.m. + NSEC.Effluent.NO3 + NSEC.Effluent.OP + NSEC.Effluent.NO5",0.166331699758889,0.818427202782743,"3,2"
"5354","Pump.Flow.Based.PAA.Dose + N..Basin.Outfall + SACto..1.m. + NSEC.Effluent.NO3 + NSEC.Effluent.OP + NSEC.Effluent.Flow",0.240181637557345,0.813423384086043,"3,2"
"5355","Pump.Flow.Based.PAA.Dose + N..Basin.Outfall + SACto..1.m. + NSEC.Effluent.NO3 + NSEC.Effluent.TSS + NSEC.Effluent.NO5",0.226785164989012,0.823697483430112,"3,2"
"5356","Pump.Flow.Based.PAA.Dose + N..Basin.Outfall + SACto..1.m. + NSEC.Effluent.NO3 + NSEC.Effluent.TSS + NSEC.Effluent.Flow",0.221199014545684,0.831330848128458,"3,2"
"5357","Pump.Flow.Based.PAA.Dose + N..Basin.Outfall + SACto..1.m. + NSEC.Effluent.NO3 + NSEC.Effluent.NO5 + NSEC.Effluent.Flow",0.288861616914725,0.839486048099966,"3,2"
"5358","Pump.Flow.Based.PAA.Dose + N..Basin.Outfall + SACto..1.m. + NSEC.Effluent.OP + NSEC.Effluent.TSS + NSEC.Effluent.NO5",0.212105327658967,0.808688506077267,"3,2"
"5359","Pump.Flow.Based.PAA.Dose + N..Basin.Outfall + SACto..1.m. + NSEC.Effluent.OP + NSEC.Effluent.TSS + NSEC.Effluent.Flow",0.16941426380148,0.80521779663905,"3,2"
"5360","Pump.Flow.Based.PAA.Dose + N..Basin.Outfall + SACto..1.m. + NSEC.Effluent.OP + NSEC.Effluent.NO5 + NSEC.Effluent.Flow",0.233178302828318,0.827809876271665,"3,2"
"5361","Pump.Flow.Based.PAA.Dose + N..Basin.Outfall + SACto..1.m. + NSEC.Effluent.TSS + NSEC.Effluent.NO5 + NSEC.Effluent.Flow",0.200792378352081,0.839504707846134,"3,2"
"5362","Pump.Flow.Based.PAA.Dose + N..Basin.Outfall + NSEC.Aerobic.SRT + NSEC.Effluent.NH3 + NSEC.Effluent.NO3 + NSEC.Effluent.OP",0.143299171915879,0.822049900911466,"3,2"
"5363","Pump.Flow.Based.PAA.Dose + N..Basin.Outfall + NSEC.Aerobic.SRT + NSEC.Effluent.NH3 + NSEC.Effluent.NO3 + NSEC.Effluent.TSS",0.158465180728293,0.805793648976015,"3,2"
"5364","Pump.Flow.Based.PAA.Dose + N..Basin.Outfall + NSEC.Aerobic.SRT + NSEC.Effluent.NH3 + NSEC.Effluent.NO3 + NSEC.Effluent.NO5",0.242699902478825,0.834340048666661,"3,2"
"5365","Pump.Flow.Based.PAA.Dose + N..Basin.Outfall + NSEC.Aerobic.SRT + NSEC.Effluent.NH3 + NSEC.Effluent.NO3 + NSEC.Effluent.Flow",0.212710019529745,0.810244600576141,"3,2"
"5366","Pump.Flow.Based.PAA.Dose + N..Basin.Outfall + NSEC.Aerobic.SRT + NSEC.Effluent.NH3 + NSEC.Effluent.OP + NSEC.Effluent.TSS",0.219830950094208,0.798645904138776,"3,2"
"5367","Pump.Flow.Based.PAA.Dose + N..Basin.Outfall + NSEC.Aerobic.SRT + NSEC.Effluent.NH3 + NSEC.Effluent.OP + NSEC.Effluent.NO5",0.249289697202871,0.828489179466416,"3,2"
"5368","Pump.Flow.Based.PAA.Dose + N..Basin.Outfall + NSEC.Aerobic.SRT + NSEC.Effluent.NH3 + NSEC.Effluent.OP + NSEC.Effluent.Flow",0.237041616653753,0.820953974793985,"3,2"
"5369","Pump.Flow.Based.PAA.Dose + N..Basin.Outfall + NSEC.Aerobic.SRT + NSEC.Effluent.NH3 + NSEC.Effluent.TSS + NSEC.Effluent.NO5",0.260703101544075,0.826225837173168,"3,2"
"5370","Pump.Flow.Based.PAA.Dose + N..Basin.Outfall + NSEC.Aerobic.SRT + NSEC.Effluent.NH3 + NSEC.Effluent.TSS + NSEC.Effluent.Flow",0.204758440868881,0.820084027224217,"3,2"
"5371","Pump.Flow.Based.PAA.Dose + N..Basin.Outfall + NSEC.Aerobic.SRT + NSEC.Effluent.NH3 + NSEC.Effluent.NO5 + NSEC.Effluent.Flow",0.277277991421641,0.816339054060734,"3,2"
"5372","Pump.Flow.Based.PAA.Dose + N..Basin.Outfall + NSEC.Aerobic.SRT + NSEC.Effluent.NO3 + NSEC.Effluent.OP + NSEC.Effluent.TSS",0.320456684837573,0.820047677158935,"3,2"
"5373","Pump.Flow.Based.PAA.Dose + N..Basin.Outfall + NSEC.Aerobic.SRT + NSEC.Effluent.NO3 + NSEC.Effluent.OP + NSEC.Effluent.NO5",0.233702268095789,0.828436168970585,"3,2"
"5374","Pump.Flow.Based.PAA.Dose + N..Basin.Outfall + NSEC.Aerobic.SRT + NSEC.Effluent.NO3 + NSEC.Effluent.OP + NSEC.Effluent.Flow",0.196981321380967,0.805888490196571,"3,2"
"5375","Pump.Flow.Based.PAA.Dose + N..Basin.Outfall + NSEC.Aerobic.SRT + NSEC.Effluent.NO3 + NSEC.Effluent.TSS + NSEC.Effluent.NO5",0.258562340863333,0.824298003550226,"3,2"
"5376","Pump.Flow.Based.PAA.Dose + N..Basin.Outfall + NSEC.Aerobic.SRT + NSEC.Effluent.NO3 + NSEC.Effluent.TSS + NSEC.Effluent.Flow",0.289026014179397,0.836918856807696,"3,2"
"5377","Pump.Flow.Based.PAA.Dose + N..Basin.Outfall + NSEC.Aerobic.SRT + NSEC.Effluent.NO3 + NSEC.Effluent.NO5 + NSEC.Effluent.Flow",0.222401533588066,0.834954429222508,"3,2"
"5378","Pump.Flow.Based.PAA.Dose + N..Basin.Outfall + NSEC.Aerobic.SRT + NSEC.Effluent.OP + NSEC.Effluent.TSS + NSEC.Effluent.NO5",0.286693297009704,0.839255501838917,"3,2"
"5379","Pump.Flow.Based.PAA.Dose + N..Basin.Outfall + NSEC.Aerobic.SRT + NSEC.Effluent.OP + NSEC.Effluent.TSS + NSEC.Effluent.Flow",0.227741012293376,0.821604529198747,"3,2"
"5380","Pump.Flow.Based.PAA.Dose + N..Basin.Outfall + NSEC.Aerobic.SRT + NSEC.Effluent.OP + NSEC.Effluent.NO5 + NSEC.Effluent.Flow",0.281266896961833,0.825284831468617,"3,2"
"5381","Pump.Flow.Based.PAA.Dose + N..Basin.Outfall + NSEC.Aerobic.SRT + NSEC.Effluent.TSS + NSEC.Effluent.NO5 + NSEC.Effluent.Flow",0.272981061205434,0.822389119781956,"3,2"
"5382","Pump.Flow.Based.PAA.Dose + N..Basin.Outfall + NSEC.Effluent.NH3 + NSEC.Effluent.NO3 + NSEC.Effluent.OP + NSEC.Effluent.TSS",0.249924672975847,0.823676644108666,"3,2"
"5383","Pump.Flow.Based.PAA.Dose + N..Basin.Outfall + NSEC.Effluent.NH3 + NSEC.Effluent.NO3 + NSEC.Effluent.OP + NSEC.Effluent.NO5",0.27058998254682,0.824648981599361,"3,2"
"5384","Pump.Flow.Based.PAA.Dose + N..Basin.Outfall + NSEC.Effluent.NH3 + NSEC.Effluent.NO3 + NSEC.Effluent.OP + NSEC.Effluent.Flow",0.254679539620687,0.828370966212311,"3,2"
"5385","Pump.Flow.Based.PAA.Dose + N..Basin.Outfall + NSEC.Effluent.NH3 + NSEC.Effluent.NO3 + NSEC.Effluent.TSS + NSEC.Effluent.NO5",0.27829537059443,0.852346932590961,"3,2"
"5386","Pump.Flow.Based.PAA.Dose + N..Basin.Outfall + NSEC.Effluent.NH3 + NSEC.Effluent.NO3 + NSEC.Effluent.TSS + NSEC.Effluent.Flow",0.232605751842,0.811016673298628,"3,2"
"5387","Pump.Flow.Based.PAA.Dose + N..Basin.Outfall + NSEC.Effluent.NH3 + NSEC.Effluent.NO3 + NSEC.Effluent.NO5 + NSEC.Effluent.Flow",0.240686234302175,0.822401866805567,"3,2"
"5388","Pump.Flow.Based.PAA.Dose + N..Basin.Outfall + NSEC.Effluent.NH3 + NSEC.Effluent.OP + NSEC.Effluent.TSS + NSEC.Effluent.NO5",0.223145195274552,0.817751603890878,"3,2"
"5389","Pump.Flow.Based.PAA.Dose + N..Basin.Outfall + NSEC.Effluent.NH3 + NSEC.Effluent.OP + NSEC.Effluent.TSS + NSEC.Effluent.Flow",0.200332041032083,0.832421789642766,"3,2"
"5390","Pump.Flow.Based.PAA.Dose + N..Basin.Outfall + NSEC.Effluent.NH3 + NSEC.Effluent.OP + NSEC.Effluent.NO5 + NSEC.Effluent.Flow",0.284538966004051,0.796438634281942,"3,2"
"5391","Pump.Flow.Based.PAA.Dose + N..Basin.Outfall + NSEC.Effluent.NH3 + NSEC.Effluent.TSS + NSEC.Effluent.NO5 + NSEC.Effluent.Flow",0.226804909145356,0.815194088285824,"3,2"
"5392","Pump.Flow.Based.PAA.Dose + N..Basin.Outfall + NSEC.Effluent.NO3 + NSEC.Effluent.OP + NSEC.Effluent.TSS + NSEC.Effluent.NO5",0.250204017445792,0.836266378659986,"3,2"
"5393","Pump.Flow.Based.PAA.Dose + N..Basin.Outfall + NSEC.Effluent.NO3 + NSEC.Effluent.OP + NSEC.Effluent.TSS + NSEC.Effluent.Flow",0.349408765405439,0.854951823739029,"3,2"
"5394","Pump.Flow.Based.PAA.Dose + N..Basin.Outfall + NSEC.Effluent.NO3 + NSEC.Effluent.OP + NSEC.Effluent.NO5 + NSEC.Effluent.Flow",0.227527743382126,0.820464020689477,"3,2"
"5395","Pump.Flow.Based.PAA.Dose + N..Basin.Outfall + NSEC.Effluent.NO3 + NSEC.Effluent.TSS + NSEC.Effluent.NO5 + NSEC.Effluent.Flow",0.232422275413062,0.827462927985778,"3,2"
"5396","Pump.Flow.Based.PAA.Dose + N..Basin.Outfall + NSEC.Effluent.OP + NSEC.Effluent.TSS + NSEC.Effluent.NO5 + NSEC.Effluent.Flow",0.24651029238135,0.800285111115013,"3,2"
"5397","Pump.Flow.Based.PAA.Dose + CODto..mg.L. + TSS..mg.L. + UVT.... + CODds..mg.L. + SACto..1.m.",0.300576415226055,0.682955563685938,"3,2"
"5398","Pump.Flow.Based.PAA.Dose + CODto..mg.L. + TSS..mg.L. + UVT.... + CODds..mg.L. + NSEC.Aerobic.SRT",0.280744209615373,0.712563370295382,"3,2"
"5399","Pump.Flow.Based.PAA.Dose + CODto..mg.L. + TSS..mg.L. + UVT.... + CODds..mg.L. + NSEC.Effluent.NH3",0.333704385172232,0.771378828158819,"3,2"
"5400","Pump.Flow.Based.PAA.Dose + CODto..mg.L. + TSS..mg.L. + UVT.... + CODds..mg.L. + NSEC.Effluent.NO3",0.246401954531974,0.73856278243834,"3,2"
"5401","Pump.Flow.Based.PAA.Dose + CODto..mg.L. + TSS..mg.L. + UVT.... + CODds..mg.L. + NSEC.Effluent.OP",0.379998562759424,0.75148705299348,"3,2"
"5402","Pump.Flow.Based.PAA.Dose + CODto..mg.L. + TSS..mg.L. + UVT.... + CODds..mg.L. + NSEC.Effluent.TSS",0.230881630291897,0.756313724041998,"3,2"
"5403","Pump.Flow.Based.PAA.Dose + CODto..mg.L. + TSS..mg.L. + UVT.... + CODds..mg.L. + NSEC.Effluent.NO5",0.27376725809203,0.754768834197784,"3,2"
"5404","Pump.Flow.Based.PAA.Dose + CODto..mg.L. + TSS..mg.L. + UVT.... + CODds..mg.L. + NSEC.Effluent.Flow",0.129269649669722,0.81783044673977,"3,2"
"5405","Pump.Flow.Based.PAA.Dose + CODto..mg.L. + TSS..mg.L. + UVT.... + SACto..1.m. + NSEC.Aerobic.SRT",0.246554884088196,0.757865628963343,"3,2"
"5406","Pump.Flow.Based.PAA.Dose + CODto..mg.L. + TSS..mg.L. + UVT.... + SACto..1.m. + NSEC.Effluent.NH3",0.347336647023607,0.709961493747738,"3,2"
"5407","Pump.Flow.Based.PAA.Dose + CODto..mg.L. + TSS..mg.L. + UVT.... + SACto..1.m. + NSEC.Effluent.NO3",0.331430159857031,0.725464084563485,"3,2"
"5408","Pump.Flow.Based.PAA.Dose + CODto..mg.L. + TSS..mg.L. + UVT.... + SACto..1.m. + NSEC.Effluent.OP",0.255722076152473,0.732285443780245,"3,2"
"5409","Pump.Flow.Based.PAA.Dose + CODto..mg.L. + TSS..mg.L. + UVT.... + SACto..1.m. + NSEC.Effluent.TSS",0.256257359269147,0.704997277330761,"3,2"
"5410","Pump.Flow.Based.PAA.Dose + CODto..mg.L. + TSS..mg.L. + UVT.... + SACto..1.m. + NSEC.Effluent.NO5",0.317807201599307,0.706713366492578,"3,2"
"5411","Pump.Flow.Based.PAA.Dose + CODto..mg.L. + TSS..mg.L. + UVT.... + SACto..1.m. + NSEC.Effluent.Flow",0.201536920806439,0.798186613855515,"3,2"
"5412","Pump.Flow.Based.PAA.Dose + CODto..mg.L. + TSS..mg.L. + UVT.... + NSEC.Aerobic.SRT + NSEC.Effluent.NH3",0.193972692162955,0.761037556228294,"3,2"
"5413","Pump.Flow.Based.PAA.Dose + CODto..mg.L. + TSS..mg.L. + UVT.... + NSEC.Aerobic.SRT + NSEC.Effluent.NO3",0.280741112455856,0.77351599721185,"3,2"
"5414","Pump.Flow.Based.PAA.Dose + CODto..mg.L. + TSS..mg.L. + UVT.... + NSEC.Aerobic.SRT + NSEC.Effluent.OP",0.208820006481602,0.787446853859674,"3,2"
"5415","Pump.Flow.Based.PAA.Dose + CODto..mg.L. + TSS..mg.L. + UVT.... + NSEC.Aerobic.SRT + NSEC.Effluent.TSS",0.0977916758287884,0.772395924856186,"3,2"
"5416","Pump.Flow.Based.PAA.Dose + CODto..mg.L. + TSS..mg.L. + UVT.... + NSEC.Aerobic.SRT + NSEC.Effluent.NO5",0.277241395166468,0.768604155101828,"3,2"
"5417","Pump.Flow.Based.PAA.Dose + CODto..mg.L. + TSS..mg.L. + UVT.... + NSEC.Aerobic.SRT + NSEC.Effluent.Flow",0.143719151128314,0.805622212688665,"3,2"
"5418","Pump.Flow.Based.PAA.Dose + CODto..mg.L. + TSS..mg.L. + UVT.... + NSEC.Effluent.NH3 + NSEC.Effluent.NO3",0.355351886663386,0.755548427770351,"3,2"
"5419","Pump.Flow.Based.PAA.Dose + CODto..mg.L. + TSS..mg.L. + UVT.... + NSEC.Effluent.NH3 + NSEC.Effluent.OP",0.217793606537945,0.770610364807512,"3,2"
"5420","Pump.Flow.Based.PAA.Dose + CODto..mg.L. + TSS..mg.L. + UVT.... + NSEC.Effluent.NH3 + NSEC.Effluent.TSS",0.342992859210743,0.761247428788697,"3,2"
"5421","Pump.Flow.Based.PAA.Dose + CODto..mg.L. + TSS..mg.L. + UVT.... + NSEC.Effluent.NH3 + NSEC.Effluent.NO5",0.324840257550611,0.729257459791908,"3,2"
"5422","Pump.Flow.Based.PAA.Dose + CODto..mg.L. + TSS..mg.L. + UVT.... + NSEC.Effluent.NH3 + NSEC.Effluent.Flow",0.160918179364767,0.818495528307138,"3,2"
"5423","Pump.Flow.Based.PAA.Dose + CODto..mg.L. + TSS..mg.L. + UVT.... + NSEC.Effluent.NO3 + NSEC.Effluent.OP",0.295889672437999,0.745229898095171,"3,2"
"5424","Pump.Flow.Based.PAA.Dose + CODto..mg.L. + TSS..mg.L. + UVT.... + NSEC.Effluent.NO3 + NSEC.Effluent.TSS",0.302525188171938,0.789997252439298,"3,2"
"5425","Pump.Flow.Based.PAA.Dose + CODto..mg.L. + TSS..mg.L. + UVT.... + NSEC.Effluent.NO3 + NSEC.Effluent.NO5",0.410965483700445,0.788658288459211,"3,2"
"5426","Pump.Flow.Based.PAA.Dose + CODto..mg.L. + TSS..mg.L. + UVT.... + NSEC.Effluent.NO3 + NSEC.Effluent.Flow",0.14037176339394,0.83643690817049,"3,2"
"5427","Pump.Flow.Based.PAA.Dose + CODto..mg.L. + TSS..mg.L. + UVT.... + NSEC.Effluent.OP + NSEC.Effluent.TSS",0.226615502508891,0.76819234254208,"3,2"
"5428","Pump.Flow.Based.PAA.Dose + CODto..mg.L. + TSS..mg.L. + UVT.... + NSEC.Effluent.OP + NSEC.Effluent.NO5",0.412975182214844,0.779982603924314,"3,2"
"5429","Pump.Flow.Based.PAA.Dose + CODto..mg.L. + TSS..mg.L. + UVT.... + NSEC.Effluent.OP + NSEC.Effluent.Flow",0.210001632730022,0.811475122333892,"3,2"
"5430","Pump.Flow.Based.PAA.Dose + CODto..mg.L. + TSS..mg.L. + UVT.... + NSEC.Effluent.TSS + NSEC.Effluent.NO5",0.369058684957522,0.772240470194557,"3,2"
"5431","Pump.Flow.Based.PAA.Dose + CODto..mg.L. + TSS..mg.L. + UVT.... + NSEC.Effluent.TSS + NSEC.Effluent.Flow",0.239965580804735,0.802399213450102,"3,2"
"5432","Pump.Flow.Based.PAA.Dose + CODto..mg.L. + TSS..mg.L. + UVT.... + NSEC.Effluent.NO5 + NSEC.Effluent.Flow",0.226739030821358,0.799465254680756,"3,2"
"5433","Pump.Flow.Based.PAA.Dose + CODto..mg.L. + TSS..mg.L. + CODds..mg.L. + SACto..1.m. + NSEC.Aerobic.SRT",0.265089039446947,0.71602497468436,"3,2"
"5434","Pump.Flow.Based.PAA.Dose + CODto..mg.L. + TSS..mg.L. + CODds..mg.L. + SACto..1.m. + NSEC.Effluent.NH3",0.312293391971687,0.719832145134304,"3,2"
"5435","Pump.Flow.Based.PAA.Dose + CODto..mg.L. + TSS..mg.L. + CODds..mg.L. + SACto..1.m. + NSEC.Effluent.NO3",0.322591810664028,0.742266893406066,"3,2"
"5436","Pump.Flow.Based.PAA.Dose + CODto..mg.L. + TSS..mg.L. + CODds..mg.L. + SACto..1.m. + NSEC.Effluent.OP",0.268280828219413,0.744775594014807,"3,2"
"5437","Pump.Flow.Based.PAA.Dose + CODto..mg.L. + TSS..mg.L. + CODds..mg.L. + SACto..1.m. + NSEC.Effluent.TSS",0.264908795250268,0.747185624315564,"3,2"
"5438","Pump.Flow.Based.PAA.Dose + CODto..mg.L. + TSS..mg.L. + CODds..mg.L. + SACto..1.m. + NSEC.Effluent.NO5",0.299905147815119,0.733822253635076,"3,2"
"5439","Pump.Flow.Based.PAA.Dose + CODto..mg.L. + TSS..mg.L. + CODds..mg.L. + SACto..1.m. + NSEC.Effluent.Flow",0.140420381217305,0.823328460065067,"3,2"
"5440","Pump.Flow.Based.PAA.Dose + CODto..mg.L. + TSS..mg.L. + CODds..mg.L. + NSEC.Aerobic.SRT + NSEC.Effluent.NH3",0.237477466540187,0.767320413645548,"3,2"
"5441","Pump.Flow.Based.PAA.Dose + CODto..mg.L. + TSS..mg.L. + CODds..mg.L. + NSEC.Aerobic.SRT + NSEC.Effluent.NO3",0.265767958580985,0.761547805355053,"3,2"
"5442","Pump.Flow.Based.PAA.Dose + CODto..mg.L. + TSS..mg.L. + CODds..mg.L. + NSEC.Aerobic.SRT + NSEC.Effluent.OP",0.395729817180781,0.767103264368493,"3,2"
"5443","Pump.Flow.Based.PAA.Dose + CODto..mg.L. + TSS..mg.L. + CODds..mg.L. + NSEC.Aerobic.SRT + NSEC.Effluent.TSS",0.219721587710939,0.724426734614801,"3,2"
"5444","Pump.Flow.Based.PAA.Dose + CODto..mg.L. + TSS..mg.L. + CODds..mg.L. + NSEC.Aerobic.SRT + NSEC.Effluent.NO5",0.29191928829063,0.781657424875985,"3,2"
"5445","Pump.Flow.Based.PAA.Dose + CODto..mg.L. + TSS..mg.L. + CODds..mg.L. + NSEC.Aerobic.SRT + NSEC.Effluent.Flow",0.118279109985211,0.810630188519068,"3,2"
"5446","Pump.Flow.Based.PAA.Dose + CODto..mg.L. + TSS..mg.L. + CODds..mg.L. + NSEC.Effluent.NH3 + NSEC.Effluent.NO3",0.343336688253847,0.766151920539227,"3,2"
"5447","Pump.Flow.Based.PAA.Dose + CODto..mg.L. + TSS..mg.L. + CODds..mg.L. + NSEC.Effluent.NH3 + NSEC.Effluent.OP",0.253555363870978,0.775959073765646,"3,2"
"5448","Pump.Flow.Based.PAA.Dose + CODto..mg.L. + TSS..mg.L. + CODds..mg.L. + NSEC.Effluent.NH3 + NSEC.Effluent.TSS",0.155672093963226,0.764760955383638,"3,2"
"5449","Pump.Flow.Based.PAA.Dose + CODto..mg.L. + TSS..mg.L. + CODds..mg.L. + NSEC.Effluent.NH3 + NSEC.Effluent.NO5",0.344708106566374,0.749008147817933,"3,2"
"5450","Pump.Flow.Based.PAA.Dose + CODto..mg.L. + TSS..mg.L. + CODds..mg.L. + NSEC.Effluent.NH3 + NSEC.Effluent.Flow",0.166041090948087,0.839666479837616,"3,2"
"5451","Pump.Flow.Based.PAA.Dose + CODto..mg.L. + TSS..mg.L. + CODds..mg.L. + NSEC.Effluent.NO3 + NSEC.Effluent.OP",0.334203947936697,0.724041118335692,"3,2"
"5452","Pump.Flow.Based.PAA.Dose + CODto..mg.L. + TSS..mg.L. + CODds..mg.L. + NSEC.Effluent.NO3 + NSEC.Effluent.TSS",0.327213386802277,0.784581570705645,"3,2"
"5453","Pump.Flow.Based.PAA.Dose + CODto..mg.L. + TSS..mg.L. + CODds..mg.L. + NSEC.Effluent.NO3 + NSEC.Effluent.NO5",0.19556680049691,0.789368903582021,"3,2"
"5454","Pump.Flow.Based.PAA.Dose + CODto..mg.L. + TSS..mg.L. + CODds..mg.L. + NSEC.Effluent.NO3 + NSEC.Effluent.Flow",0.146520890663682,0.823423506068599,"3,2"
"5455","Pump.Flow.Based.PAA.Dose + CODto..mg.L. + TSS..mg.L. + CODds..mg.L. + NSEC.Effluent.OP + NSEC.Effluent.TSS",0.174150884447317,0.799472125861338,"3,2"
"5456","Pump.Flow.Based.PAA.Dose + CODto..mg.L. + TSS..mg.L. + CODds..mg.L. + NSEC.Effluent.OP + NSEC.Effluent.NO5",0.329703335543237,0.747705444376617,"3,2"
"5457","Pump.Flow.Based.PAA.Dose + CODto..mg.L. + TSS..mg.L. + CODds..mg.L. + NSEC.Effluent.OP + NSEC.Effluent.Flow",0.13584577633014,0.819695082262752,"3,2"
"5458","Pump.Flow.Based.PAA.Dose + CODto..mg.L. + TSS..mg.L. + CODds..mg.L. + NSEC.Effluent.TSS + NSEC.Effluent.NO5",0.388640189413904,0.790021052599725,"3,2"
"5459","Pump.Flow.Based.PAA.Dose + CODto..mg.L. + TSS..mg.L. + CODds..mg.L. + NSEC.Effluent.TSS + NSEC.Effluent.Flow",0.174260236935057,0.856614078422974,"3,2"
"5460","Pump.Flow.Based.PAA.Dose + CODto..mg.L. + TSS..mg.L. + CODds..mg.L. + NSEC.Effluent.NO5 + NSEC.Effluent.Flow",0.15714454204267,0.803594145363901,"3,2"
"5461","Pump.Flow.Based.PAA.Dose + CODto..mg.L. + TSS..mg.L. + SACto..1.m. + NSEC.Aerobic.SRT + NSEC.Effluent.NH3",0.283956724766399,0.73167931054435,"3,2"
"5462","Pump.Flow.Based.PAA.Dose + CODto..mg.L. + TSS..mg.L. + SACto..1.m. + NSEC.Aerobic.SRT + NSEC.Effluent.NO3",0.313941295419124,0.760683478226061,"3,2"
"5463","Pump.Flow.Based.PAA.Dose + CODto..mg.L. + TSS..mg.L. + SACto..1.m. + NSEC.Aerobic.SRT + NSEC.Effluent.OP",0.254531532791857,0.769637586035041,"3,2"
"5464","Pump.Flow.Based.PAA.Dose + CODto..mg.L. + TSS..mg.L. + SACto..1.m. + NSEC.Aerobic.SRT + NSEC.Effluent.TSS",0.152034128769416,0.772675510864498,"3,2"
"5465","Pump.Flow.Based.PAA.Dose + CODto..mg.L. + TSS..mg.L. + SACto..1.m. + NSEC.Aerobic.SRT + NSEC.Effluent.NO5",0.266427476927825,0.757411247960232,"3,2"
"5466","Pump.Flow.Based.PAA.Dose + CODto..mg.L. + TSS..mg.L. + SACto..1.m. + NSEC.Aerobic.SRT + NSEC.Effluent.Flow",0.168887109894397,0.803125634317345,"3,2"
"5467","Pump.Flow.Based.PAA.Dose + CODto..mg.L. + TSS..mg.L. + SACto..1.m. + NSEC.Effluent.NH3 + NSEC.Effluent.NO3",0.338767902246829,0.723460607957137,"3,2"
"5468","Pump.Flow.Based.PAA.Dose + CODto..mg.L. + TSS..mg.L. + SACto..1.m. + NSEC.Effluent.NH3 + NSEC.Effluent.OP",0.27388217094907,0.754268770361828,"3,2"
"5469","Pump.Flow.Based.PAA.Dose + CODto..mg.L. + TSS..mg.L. + SACto..1.m. + NSEC.Effluent.NH3 + NSEC.Effluent.TSS",0.427559601315416,0.813962451306188,"3,2"
"5470","Pump.Flow.Based.PAA.Dose + CODto..mg.L. + TSS..mg.L. + SACto..1.m. + NSEC.Effluent.NH3 + NSEC.Effluent.NO5",0.371813341477211,0.704497802976214,"3,2"
"5471","Pump.Flow.Based.PAA.Dose + CODto..mg.L. + TSS..mg.L. + SACto..1.m. + NSEC.Effluent.NH3 + NSEC.Effluent.Flow",0.174263668068294,0.793846619849187,"3,2"
"5472","Pump.Flow.Based.PAA.Dose + CODto..mg.L. + TSS..mg.L. + SACto..1.m. + NSEC.Effluent.NO3 + NSEC.Effluent.OP",0.347115890521088,0.742628868462102,"3,2"
"5473","Pump.Flow.Based.PAA.Dose + CODto..mg.L. + TSS..mg.L. + SACto..1.m. + NSEC.Effluent.NO3 + NSEC.Effluent.TSS",0.368179245691311,0.771275549604285,"3,2"
"5474","Pump.Flow.Based.PAA.Dose + CODto..mg.L. + TSS..mg.L. + SACto..1.m. + NSEC.Effluent.NO3 + NSEC.Effluent.NO5",0.33373557696207,0.798897343478085,"3,2"
"5475","Pump.Flow.Based.PAA.Dose + CODto..mg.L. + TSS..mg.L. + SACto..1.m. + NSEC.Effluent.NO3 + NSEC.Effluent.Flow",0.149345567647805,0.809276967362387,"3,2"
"5476","Pump.Flow.Based.PAA.Dose + CODto..mg.L. + TSS..mg.L. + SACto..1.m. + NSEC.Effluent.OP + NSEC.Effluent.TSS",0.277627337324642,0.769753096577301,"3,2"
"5477","Pump.Flow.Based.PAA.Dose + CODto..mg.L. + TSS..mg.L. + SACto..1.m. + NSEC.Effluent.OP + NSEC.Effluent.NO5",0.377208598926336,0.791205403918286,"3,2"
"5478","Pump.Flow.Based.PAA.Dose + CODto..mg.L. + TSS..mg.L. + SACto..1.m. + NSEC.Effluent.OP + NSEC.Effluent.Flow",0.238508788836675,0.804521676201308,"3,2"
"5479","Pump.Flow.Based.PAA.Dose + CODto..mg.L. + TSS..mg.L. + SACto..1.m. + NSEC.Effluent.TSS + NSEC.Effluent.NO5",0.381506272960407,0.77098998649491,"3,2"
"5480","Pump.Flow.Based.PAA.Dose + CODto..mg.L. + TSS..mg.L. + SACto..1.m. + NSEC.Effluent.TSS + NSEC.Effluent.Flow",0.121156864023541,0.797063411274838,"3,2"
"5481","Pump.Flow.Based.PAA.Dose + CODto..mg.L. + TSS..mg.L. + SACto..1.m. + NSEC.Effluent.NO5 + NSEC.Effluent.Flow",0.195206095758103,0.807904433012525,"3,2"
"5482","Pump.Flow.Based.PAA.Dose + CODto..mg.L. + TSS..mg.L. + NSEC.Aerobic.SRT + NSEC.Effluent.NH3 + NSEC.Effluent.NO3",0.292360307402288,0.759739322400197,"3,2"
"5483","Pump.Flow.Based.PAA.Dose + CODto..mg.L. + TSS..mg.L. + NSEC.Aerobic.SRT + NSEC.Effluent.NH3 + NSEC.Effluent.OP",0.2591432254833,0.790000099343274,"3,2"
"5484","Pump.Flow.Based.PAA.Dose + CODto..mg.L. + TSS..mg.L. + NSEC.Aerobic.SRT + NSEC.Effluent.NH3 + NSEC.Effluent.TSS",0.262990854882815,0.770094359890172,"3,2"
"5485","Pump.Flow.Based.PAA.Dose + CODto..mg.L. + TSS..mg.L. + NSEC.Aerobic.SRT + NSEC.Effluent.NH3 + NSEC.Effluent.NO5",0.24766102818808,0.766906040587946,"3,2"
"5486","Pump.Flow.Based.PAA.Dose + CODto..mg.L. + TSS..mg.L. + NSEC.Aerobic.SRT + NSEC.Effluent.NH3 + NSEC.Effluent.Flow",0.193948560224222,0.822082864114574,"3,2"
"5487","Pump.Flow.Based.PAA.Dose + CODto..mg.L. + TSS..mg.L. + NSEC.Aerobic.SRT + NSEC.Effluent.NO3 + NSEC.Effluent.OP",0.274705548390949,0.750418992106472,"3,2"
"5488","Pump.Flow.Based.PAA.Dose + CODto..mg.L. + TSS..mg.L. + NSEC.Aerobic.SRT + NSEC.Effluent.NO3 + NSEC.Effluent.TSS",0.24838218882085,0.771009322953773,"3,2"
"5489","Pump.Flow.Based.PAA.Dose + CODto..mg.L. + TSS..mg.L. + NSEC.Aerobic.SRT + NSEC.Effluent.NO3 + NSEC.Effluent.NO5",0.282861981468408,0.823102745004071,"3,2"
"5490","Pump.Flow.Based.PAA.Dose + CODto..mg.L. + TSS..mg.L. + NSEC.Aerobic.SRT + NSEC.Effluent.NO3 + NSEC.Effluent.Flow",0.240912050952331,0.836182055535747,"3,2"
"5491","Pump.Flow.Based.PAA.Dose + CODto..mg.L. + TSS..mg.L. + NSEC.Aerobic.SRT + NSEC.Effluent.OP + NSEC.Effluent.TSS",0.15676144093312,0.803616142363042,"3,2"
"5492","Pump.Flow.Based.PAA.Dose + CODto..mg.L. + TSS..mg.L. + NSEC.Aerobic.SRT + NSEC.Effluent.OP + NSEC.Effluent.NO5",0.229801706177367,0.749216937959725,"3,2"
"5493","Pump.Flow.Based.PAA.Dose + CODto..mg.L. + TSS..mg.L. + NSEC.Aerobic.SRT + NSEC.Effluent.OP + NSEC.Effluent.Flow",0.0967273416280994,0.811706598713145,"3,2"
"5494","Pump.Flow.Based.PAA.Dose + CODto..mg.L. + TSS..mg.L. + NSEC.Aerobic.SRT + NSEC.Effluent.TSS + NSEC.Effluent.NO5",0.228325479691973,0.768043534299068,"3,2"
"5495","Pump.Flow.Based.PAA.Dose + CODto..mg.L. + TSS..mg.L. + NSEC.Aerobic.SRT + NSEC.Effluent.TSS + NSEC.Effluent.Flow",0.0882752171015162,0.843880605411547,"3,2"
"5496","Pump.Flow.Based.PAA.Dose + CODto..mg.L. + TSS..mg.L. + NSEC.Aerobic.SRT + NSEC.Effluent.NO5 + NSEC.Effluent.Flow",0.2333185914783,0.8466551715752,"3,2"
"5497","Pump.Flow.Based.PAA.Dose + CODto..mg.L. + TSS..mg.L. + NSEC.Effluent.NH3 + NSEC.Effluent.NO3 + NSEC.Effluent.OP",0.290226670880096,0.761227073469042,"3,2"
"5498","Pump.Flow.Based.PAA.Dose + CODto..mg.L. + TSS..mg.L. + NSEC.Effluent.NH3 + NSEC.Effluent.NO3 + NSEC.Effluent.TSS",0.408722828881066,0.791664726540503,"3,2"
"5499","Pump.Flow.Based.PAA.Dose + CODto..mg.L. + TSS..mg.L. + NSEC.Effluent.NH3 + NSEC.Effluent.NO3 + NSEC.Effluent.NO5",0.375349099782769,0.803473619985695,"3,2"
"5500","Pump.Flow.Based.PAA.Dose + CODto..mg.L. + TSS..mg.L. + NSEC.Effluent.NH3 + NSEC.Effluent.NO3 + NSEC.Effluent.Flow",0.29408583584457,0.847651093908742,"3,2"
"5501","Pump.Flow.Based.PAA.Dose + CODto..mg.L. + TSS..mg.L. + NSEC.Effluent.NH3 + NSEC.Effluent.OP + NSEC.Effluent.TSS",0.334368375690217,0.791520600338288,"3,2"
"5502","Pump.Flow.Based.PAA.Dose + CODto..mg.L. + TSS..mg.L. + NSEC.Effluent.NH3 + NSEC.Effluent.OP + NSEC.Effluent.NO5",0.25104418558307,0.769084103969382,"3,2"
"5503","Pump.Flow.Based.PAA.Dose + CODto..mg.L. + TSS..mg.L. + NSEC.Effluent.NH3 + NSEC.Effluent.OP + NSEC.Effluent.Flow",0.142422178017273,0.827495363297665,"3,2"
"5504","Pump.Flow.Based.PAA.Dose + CODto..mg.L. + TSS..mg.L. + NSEC.Effluent.NH3 + NSEC.Effluent.TSS + NSEC.Effluent.NO5",0.354951889499425,0.722040226966903,"3,2"
"5505","Pump.Flow.Based.PAA.Dose + CODto..mg.L. + TSS..mg.L. + NSEC.Effluent.NH3 + NSEC.Effluent.TSS + NSEC.Effluent.Flow",0.189351357015523,0.845205984838496,"3,2"
"5506","Pump.Flow.Based.PAA.Dose + CODto..mg.L. + TSS..mg.L. + NSEC.Effluent.NH3 + NSEC.Effluent.NO5 + NSEC.Effluent.Flow",0.212808707637285,0.823347966823665,"3,2"
"5507","Pump.Flow.Based.PAA.Dose + CODto..mg.L. + TSS..mg.L. + NSEC.Effluent.NO3 + NSEC.Effluent.OP + NSEC.Effluent.TSS",0.291918216833627,0.805017132405125,"3,2"
"5508","Pump.Flow.Based.PAA.Dose + CODto..mg.L. + TSS..mg.L. + NSEC.Effluent.NO3 + NSEC.Effluent.OP + NSEC.Effluent.NO5",0.298532555290398,0.777250316564882,"3,2"
"5509","Pump.Flow.Based.PAA.Dose + CODto..mg.L. + TSS..mg.L. + NSEC.Effluent.NO3 + NSEC.Effluent.OP + NSEC.Effluent.Flow",0.178491760274619,0.819094359969803,"3,2"
"5510","Pump.Flow.Based.PAA.Dose + CODto..mg.L. + TSS..mg.L. + NSEC.Effluent.NO3 + NSEC.Effluent.TSS + NSEC.Effluent.NO5",0.327848426552859,0.772297942698524,"3,2"
"5511","Pump.Flow.Based.PAA.Dose + CODto..mg.L. + TSS..mg.L. + NSEC.Effluent.NO3 + NSEC.Effluent.TSS + NSEC.Effluent.Flow",0.238874375318261,0.836356450581408,"3,2"
"5512","Pump.Flow.Based.PAA.Dose + CODto..mg.L. + TSS..mg.L. + NSEC.Effluent.NO3 + NSEC.Effluent.NO5 + NSEC.Effluent.Flow",0.262273094042412,0.847354832515277,"3,2"
"5513","Pump.Flow.Based.PAA.Dose + CODto..mg.L. + TSS..mg.L. + NSEC.Effluent.OP + NSEC.Effluent.TSS + NSEC.Effluent.NO5",0.320730803117743,0.793721353822959,"3,2"
"5514","Pump.Flow.Based.PAA.Dose + CODto..mg.L. + TSS..mg.L. + NSEC.Effluent.OP + NSEC.Effluent.TSS + NSEC.Effluent.Flow",0.177069982447365,0.822411669801216,"3,2"
"5515","Pump.Flow.Based.PAA.Dose + CODto..mg.L. + TSS..mg.L. + NSEC.Effluent.OP + NSEC.Effluent.NO5 + NSEC.Effluent.Flow",0.174227988400402,0.809527776576463,"3,2"
"5516","Pump.Flow.Based.PAA.Dose + CODto..mg.L. + TSS..mg.L. + NSEC.Effluent.TSS + NSEC.Effluent.NO5 + NSEC.Effluent.Flow",0.214361121184295,0.828107411568729,"3,2"
"5517","Pump.Flow.Based.PAA.Dose + CODto..mg.L. + UVT.... + CODds..mg.L. + SACto..1.m. + NSEC.Aerobic.SRT",0.256790025784787,0.762596963051488,"3,2"
"5518","Pump.Flow.Based.PAA.Dose + CODto..mg.L. + UVT.... + CODds..mg.L. + SACto..1.m. + NSEC.Effluent.NH3",0.307659274821981,0.710372421564397,"3,2"
"5519","Pump.Flow.Based.PAA.Dose + CODto..mg.L. + UVT.... + CODds..mg.L. + SACto..1.m. + NSEC.Effluent.NO3",0.376084128930279,0.758317620335312,"3,2"
"5520","Pump.Flow.Based.PAA.Dose + CODto..mg.L. + UVT.... + CODds..mg.L. + SACto..1.m. + NSEC.Effluent.OP",0.259293459014424,0.734930247887304,"3,2"
"5521","Pump.Flow.Based.PAA.Dose + CODto..mg.L. + UVT.... + CODds..mg.L. + SACto..1.m. + NSEC.Effluent.TSS",0.19873233108695,0.770212167631703,"3,2"
"5522","Pump.Flow.Based.PAA.Dose + CODto..mg.L. + UVT.... + CODds..mg.L. + SACto..1.m. + NSEC.Effluent.NO5",0.297691497211702,0.705798045144285,"3,2"
"5523","Pump.Flow.Based.PAA.Dose + CODto..mg.L. + UVT.... + CODds..mg.L. + SACto..1.m. + NSEC.Effluent.Flow",0.115121852366429,0.811910083581387,"3,2"
"5524","Pump.Flow.Based.PAA.Dose + CODto..mg.L. + UVT.... + CODds..mg.L. + NSEC.Aerobic.SRT + NSEC.Effluent.NH3",0.238421195623529,0.734588125704935,"3,2"
"5525","Pump.Flow.Based.PAA.Dose + CODto..mg.L. + UVT.... + CODds..mg.L. + NSEC.Aerobic.SRT + NSEC.Effluent.NO3",0.233932717425311,0.797011247453137,"3,2"
"5526","Pump.Flow.Based.PAA.Dose + CODto..mg.L. + UVT.... + CODds..mg.L. + NSEC.Aerobic.SRT + NSEC.Effluent.OP",0.312679204339762,0.767386202673982,"3,2"
"5527","Pump.Flow.Based.PAA.Dose + CODto..mg.L. + UVT.... + CODds..mg.L. + NSEC.Aerobic.SRT + NSEC.Effluent.TSS",0.185439674917392,0.761745730148511,"3,2"
"5528","Pump.Flow.Based.PAA.Dose + CODto..mg.L. + UVT.... + CODds..mg.L. + NSEC.Aerobic.SRT + NSEC.Effluent.NO5",0.291823258016667,0.726780316548251,"3,2"
"5529","Pump.Flow.Based.PAA.Dose + CODto..mg.L. + UVT.... + CODds..mg.L. + NSEC.Aerobic.SRT + NSEC.Effluent.Flow",0.173283361698979,0.815081318288597,"3,2"
"5530","Pump.Flow.Based.PAA.Dose + CODto..mg.L. + UVT.... + CODds..mg.L. + NSEC.Effluent.NH3 + NSEC.Effluent.NO3",0.357425333104991,0.795556072634697,"3,2"
"5531","Pump.Flow.Based.PAA.Dose + CODto..mg.L. + UVT.... + CODds..mg.L. + NSEC.Effluent.NH3 + NSEC.Effluent.OP",0.356365236767317,0.759731564638639,"3,2"
"5532","Pump.Flow.Based.PAA.Dose + CODto..mg.L. + UVT.... + CODds..mg.L. + NSEC.Effluent.NH3 + NSEC.Effluent.TSS",0.383673231226405,0.770355360427749,"3,2"
"5533","Pump.Flow.Based.PAA.Dose + CODto..mg.L. + UVT.... + CODds..mg.L. + NSEC.Effluent.NH3 + NSEC.Effluent.NO5",0.184477012848455,0.721742003064378,"3,2"
"5534","Pump.Flow.Based.PAA.Dose + CODto..mg.L. + UVT.... + CODds..mg.L. + NSEC.Effluent.NH3 + NSEC.Effluent.Flow",0.138524505562395,0.814149693369337,"3,2"
"5535","Pump.Flow.Based.PAA.Dose + CODto..mg.L. + UVT.... + CODds..mg.L. + NSEC.Effluent.NO3 + NSEC.Effluent.OP",0.291365663934698,0.740849303666467,"3,2"
"5536","Pump.Flow.Based.PAA.Dose + CODto..mg.L. + UVT.... + CODds..mg.L. + NSEC.Effluent.NO3 + NSEC.Effluent.TSS",0.322718794777752,0.773222941721746,"3,2"
"5537","Pump.Flow.Based.PAA.Dose + CODto..mg.L. + UVT.... + CODds..mg.L. + NSEC.Effluent.NO3 + NSEC.Effluent.NO5",0.309949813121936,0.731163601920575,"3,2"
"5538","Pump.Flow.Based.PAA.Dose + CODto..mg.L. + UVT.... + CODds..mg.L. + NSEC.Effluent.NO3 + NSEC.Effluent.Flow",0.274973635520914,0.84564862163786,"3,2"
"5539","Pump.Flow.Based.PAA.Dose + CODto..mg.L. + UVT.... + CODds..mg.L. + NSEC.Effluent.OP + NSEC.Effluent.TSS",0.233201812890824,0.791094471870101,"3,2"
"5540","Pump.Flow.Based.PAA.Dose + CODto..mg.L. + UVT.... + CODds..mg.L. + NSEC.Effluent.OP + NSEC.Effluent.NO5",0.258254933716291,0.774763406385713,"3,2"
"5541","Pump.Flow.Based.PAA.Dose + CODto..mg.L. + UVT.... + CODds..mg.L. + NSEC.Effluent.OP + NSEC.Effluent.Flow",0.194649454773312,0.818380406499207,"3,2"
"5542","Pump.Flow.Based.PAA.Dose + CODto..mg.L. + UVT.... + CODds..mg.L. + NSEC.Effluent.TSS + NSEC.Effluent.NO5",0.27934157121854,0.756769307592349,"3,2"
"5543","Pump.Flow.Based.PAA.Dose + CODto..mg.L. + UVT.... + CODds..mg.L. + NSEC.Effluent.TSS + NSEC.Effluent.Flow",0.11791388543107,0.814694064606044,"3,2"
"5544","Pump.Flow.Based.PAA.Dose + CODto..mg.L. + UVT.... + CODds..mg.L. + NSEC.Effluent.NO5 + NSEC.Effluent.Flow",0.108123422725305,0.813158993291034,"3,2"
"5545","Pump.Flow.Based.PAA.Dose + CODto..mg.L. + UVT.... + SACto..1.m. + NSEC.Aerobic.SRT + NSEC.Effluent.NH3",0.325127938279453,0.715351460473405,"3,2"
"5546","Pump.Flow.Based.PAA.Dose + CODto..mg.L. + UVT.... + SACto..1.m. + NSEC.Aerobic.SRT + NSEC.Effluent.NO3",0.28953003658847,0.763845657045475,"3,2"
"5547","Pump.Flow.Based.PAA.Dose + CODto..mg.L. + UVT.... + SACto..1.m. + NSEC.Aerobic.SRT + NSEC.Effluent.OP",0.286450126625875,0.703526324360302,"3,2"
"5548","Pump.Flow.Based.PAA.Dose + CODto..mg.L. + UVT.... + SACto..1.m. + NSEC.Aerobic.SRT + NSEC.Effluent.TSS",0.223902364939054,0.74092210650066,"3,2"
"5549","Pump.Flow.Based.PAA.Dose + CODto..mg.L. + UVT.... + SACto..1.m. + NSEC.Aerobic.SRT + NSEC.Effluent.NO5",0.318697752976517,0.7148953141456,"3,2"
"5550","Pump.Flow.Based.PAA.Dose + CODto..mg.L. + UVT.... + SACto..1.m. + NSEC.Aerobic.SRT + NSEC.Effluent.Flow",0.263865232242248,0.843477725989569,"3,2"
"5551","Pump.Flow.Based.PAA.Dose + CODto..mg.L. + UVT.... + SACto..1.m. + NSEC.Effluent.NH3 + NSEC.Effluent.NO3",0.388950877421002,0.704121332803494,"3,2"
"5552","Pump.Flow.Based.PAA.Dose + CODto..mg.L. + UVT.... + SACto..1.m. + NSEC.Effluent.NH3 + NSEC.Effluent.OP",0.245623229789091,0.757256489195827,"3,2"
"5553","Pump.Flow.Based.PAA.Dose + CODto..mg.L. + UVT.... + SACto..1.m. + NSEC.Effluent.NH3 + NSEC.Effluent.TSS",0.340287991793909,0.745059718141082,"3,2"
"5554","Pump.Flow.Based.PAA.Dose + CODto..mg.L. + UVT.... + SACto..1.m. + NSEC.Effluent.NH3 + NSEC.Effluent.NO5",0.407995348882159,0.72819312968841,"3,2"
"5555","Pump.Flow.Based.PAA.Dose + CODto..mg.L. + UVT.... + SACto..1.m. + NSEC.Effluent.NH3 + NSEC.Effluent.Flow",0.251891496709773,0.802734908924144,"3,2"
"5556","Pump.Flow.Based.PAA.Dose + CODto..mg.L. + UVT.... + SACto..1.m. + NSEC.Effluent.NO3 + NSEC.Effluent.OP",0.355333231548383,0.754752040964129,"3,2"
"5557","Pump.Flow.Based.PAA.Dose + CODto..mg.L. + UVT.... + SACto..1.m. + NSEC.Effluent.NO3 + NSEC.Effluent.TSS",0.456431838382359,0.781757338391918,"3,2"
"5558","Pump.Flow.Based.PAA.Dose + CODto..mg.L. + UVT.... + SACto..1.m. + NSEC.Effluent.NO3 + NSEC.Effluent.NO5",0.332811628854904,0.749686048115902,"3,2"
"5559","Pump.Flow.Based.PAA.Dose + CODto..mg.L. + UVT.... + SACto..1.m. + NSEC.Effluent.NO3 + NSEC.Effluent.Flow",0.330984673335575,0.819136017446879,"3,2"
"5560","Pump.Flow.Based.PAA.Dose + CODto..mg.L. + UVT.... + SACto..1.m. + NSEC.Effluent.OP + NSEC.Effluent.TSS",0.330958370426502,0.763506657035222,"3,2"
"5561","Pump.Flow.Based.PAA.Dose + CODto..mg.L. + UVT.... + SACto..1.m. + NSEC.Effluent.OP + NSEC.Effluent.NO5",0.45652471521011,0.788728952115589,"3,2"
"5562","Pump.Flow.Based.PAA.Dose + CODto..mg.L. + UVT.... + SACto..1.m. + NSEC.Effluent.OP + NSEC.Effluent.Flow",0.227403791270598,0.812966797668492,"3,2"
"5563","Pump.Flow.Based.PAA.Dose + CODto..mg.L. + UVT.... + SACto..1.m. + NSEC.Effluent.TSS + NSEC.Effluent.NO5",0.395545725658497,0.752171268960794,"3,2"
"5564","Pump.Flow.Based.PAA.Dose + CODto..mg.L. + UVT.... + SACto..1.m. + NSEC.Effluent.TSS + NSEC.Effluent.Flow",0.217483930529557,0.798525806083329,"3,2"
"5565","Pump.Flow.Based.PAA.Dose + CODto..mg.L. + UVT.... + SACto..1.m. + NSEC.Effluent.NO5 + NSEC.Effluent.Flow",0.247752990255914,0.833977885327906,"3,2"
"5566","Pump.Flow.Based.PAA.Dose + CODto..mg.L. + UVT.... + NSEC.Aerobic.SRT + NSEC.Effluent.NH3 + NSEC.Effluent.NO3",0.299568718036413,0.75958269207407,"3,2"
"5567","Pump.Flow.Based.PAA.Dose + CODto..mg.L. + UVT.... + NSEC.Aerobic.SRT + NSEC.Effluent.NH3 + NSEC.Effluent.OP",0.216845737728144,0.796215932680425,"3,2"
"5568","Pump.Flow.Based.PAA.Dose + CODto..mg.L. + UVT.... + NSEC.Aerobic.SRT + NSEC.Effluent.NH3 + NSEC.Effluent.TSS",0.29199921628428,0.683777120683688,"3,2"
"5569","Pump.Flow.Based.PAA.Dose + CODto..mg.L. + UVT.... + NSEC.Aerobic.SRT + NSEC.Effluent.NH3 + NSEC.Effluent.NO5",0.306416245698816,0.753524064149105,"3,2"
"5570","Pump.Flow.Based.PAA.Dose + CODto..mg.L. + UVT.... + NSEC.Aerobic.SRT + NSEC.Effluent.NH3 + NSEC.Effluent.Flow",0.203966723445565,0.786179597502188,"3,2"
"5571","Pump.Flow.Based.PAA.Dose + CODto..mg.L. + UVT.... + NSEC.Aerobic.SRT + NSEC.Effluent.NO3 + NSEC.Effluent.OP",0.384115612541316,0.75873831816289,"3,2"
"5572","Pump.Flow.Based.PAA.Dose + CODto..mg.L. + UVT.... + NSEC.Aerobic.SRT + NSEC.Effluent.NO3 + NSEC.Effluent.TSS",0.29047621770353,0.758167288866355,"3,2"
"5573","Pump.Flow.Based.PAA.Dose + CODto..mg.L. + UVT.... + NSEC.Aerobic.SRT + NSEC.Effluent.NO3 + NSEC.Effluent.NO5",0.26764944474097,0.778899613794024,"3,2"
"5574","Pump.Flow.Based.PAA.Dose + CODto..mg.L. + UVT.... + NSEC.Aerobic.SRT + NSEC.Effluent.NO3 + NSEC.Effluent.Flow",0.322983887724935,0.828926248372258,"3,2"
"5575","Pump.Flow.Based.PAA.Dose + CODto..mg.L. + UVT.... + NSEC.Aerobic.SRT + NSEC.Effluent.OP + NSEC.Effluent.TSS",0.220210257876328,0.765157563082922,"3,2"
"5576","Pump.Flow.Based.PAA.Dose + CODto..mg.L. + UVT.... + NSEC.Aerobic.SRT + NSEC.Effluent.OP + NSEC.Effluent.NO5",0.281041509989139,0.761150720328015,"3,2"
"5577","Pump.Flow.Based.PAA.Dose + CODto..mg.L. + UVT.... + NSEC.Aerobic.SRT + NSEC.Effluent.OP + NSEC.Effluent.Flow",0.150163334250564,0.800703230384349,"3,2"
"5578","Pump.Flow.Based.PAA.Dose + CODto..mg.L. + UVT.... + NSEC.Aerobic.SRT + NSEC.Effluent.TSS + NSEC.Effluent.NO5",0.420413107190055,0.764876432481678,"3,2"
"5579","Pump.Flow.Based.PAA.Dose + CODto..mg.L. + UVT.... + NSEC.Aerobic.SRT + NSEC.Effluent.TSS + NSEC.Effluent.Flow",0.195601037086169,0.832659190229446,"3,2"
"5580","Pump.Flow.Based.PAA.Dose + CODto..mg.L. + UVT.... + NSEC.Aerobic.SRT + NSEC.Effluent.NO5 + NSEC.Effluent.Flow",0.192431824203255,0.869033048471386,"3,2"
"5581","Pump.Flow.Based.PAA.Dose + CODto..mg.L. + UVT.... + NSEC.Effluent.NH3 + NSEC.Effluent.NO3 + NSEC.Effluent.OP",0.28865458269297,0.758060142443773,"3,2"
"5582","Pump.Flow.Based.PAA.Dose + CODto..mg.L. + UVT.... + NSEC.Effluent.NH3 + NSEC.Effluent.NO3 + NSEC.Effluent.TSS",0.448091816007514,0.763616921466324,"3,2"
"5583","Pump.Flow.Based.PAA.Dose + CODto..mg.L. + UVT.... + NSEC.Effluent.NH3 + NSEC.Effluent.NO3 + NSEC.Effluent.NO5",0.379408660795503,0.786488830716178,"3,2"
"5584","Pump.Flow.Based.PAA.Dose + CODto..mg.L. + UVT.... + NSEC.Effluent.NH3 + NSEC.Effluent.NO3 + NSEC.Effluent.Flow",0.180123551934468,0.800180841654627,"3,2"
"5585","Pump.Flow.Based.PAA.Dose + CODto..mg.L. + UVT.... + NSEC.Effluent.NH3 + NSEC.Effluent.OP + NSEC.Effluent.TSS",0.430024648726417,0.777114198512353,"3,2"
"5586","Pump.Flow.Based.PAA.Dose + CODto..mg.L. + UVT.... + NSEC.Effluent.NH3 + NSEC.Effluent.OP + NSEC.Effluent.NO5",0.290920363994674,0.745940367368516,"3,2"
"5587","Pump.Flow.Based.PAA.Dose + CODto..mg.L. + UVT.... + NSEC.Effluent.NH3 + NSEC.Effluent.OP + NSEC.Effluent.Flow",0.190653380901286,0.828869257370407,"3,2"
"5588","Pump.Flow.Based.PAA.Dose + CODto..mg.L. + UVT.... + NSEC.Effluent.NH3 + NSEC.Effluent.TSS + NSEC.Effluent.NO5",0.445352719936671,0.801058992589416,"3,2"
"5589","Pump.Flow.Based.PAA.Dose + CODto..mg.L. + UVT.... + NSEC.Effluent.NH3 + NSEC.Effluent.TSS + NSEC.Effluent.Flow",0.253285147543642,0.814299071114281,"3,2"
"5590","Pump.Flow.Based.PAA.Dose + CODto..mg.L. + UVT.... + NSEC.Effluent.NH3 + NSEC.Effluent.NO5 + NSEC.Effluent.Flow",0.222836698523857,0.806185422383423,"3,2"
"5591","Pump.Flow.Based.PAA.Dose + CODto..mg.L. + UVT.... + NSEC.Effluent.NO3 + NSEC.Effluent.OP + NSEC.Effluent.TSS",0.469537402089403,0.78468094015226,"3,2"
"5592","Pump.Flow.Based.PAA.Dose + CODto..mg.L. + UVT.... + NSEC.Effluent.NO3 + NSEC.Effluent.OP + NSEC.Effluent.NO5",0.367841037116734,0.763219981261733,"3,2"
"5593","Pump.Flow.Based.PAA.Dose + CODto..mg.L. + UVT.... + NSEC.Effluent.NO3 + NSEC.Effluent.OP + NSEC.Effluent.Flow",0.188309226637946,0.806812952118158,"3,2"
"5594","Pump.Flow.Based.PAA.Dose + CODto..mg.L. + UVT.... + NSEC.Effluent.NO3 + NSEC.Effluent.TSS + NSEC.Effluent.NO5",0.299666480398157,0.759778779904954,"3,2"
"5595","Pump.Flow.Based.PAA.Dose + CODto..mg.L. + UVT.... + NSEC.Effluent.NO3 + NSEC.Effluent.TSS + NSEC.Effluent.Flow",0.197310427960173,0.810425201264443,"3,2"
"5596","Pump.Flow.Based.PAA.Dose + CODto..mg.L. + UVT.... + NSEC.Effluent.NO3 + NSEC.Effluent.NO5 + NSEC.Effluent.Flow",0.085818180581807,0.844506134733273,"3,2"
"5597","Pump.Flow.Based.PAA.Dose + CODto..mg.L. + UVT.... + NSEC.Effluent.OP + NSEC.Effluent.TSS + NSEC.Effluent.NO5",0.393913962874588,0.788401053773379,"3,2"
"5598","Pump.Flow.Based.PAA.Dose + CODto..mg.L. + UVT.... + NSEC.Effluent.OP + NSEC.Effluent.TSS + NSEC.Effluent.Flow",0.2553445058468,0.783207935586258,"3,2"
"5599","Pump.Flow.Based.PAA.Dose + CODto..mg.L. + UVT.... + NSEC.Effluent.OP + NSEC.Effluent.NO5 + NSEC.Effluent.Flow",0.188677777892869,0.782426025195958,"3,2"
"5600","Pump.Flow.Based.PAA.Dose + CODto..mg.L. + UVT.... + NSEC.Effluent.TSS + NSEC.Effluent.NO5 + NSEC.Effluent.Flow",0.218832032875824,0.827831798049238,"3,2"
"5601","Pump.Flow.Based.PAA.Dose + CODto..mg.L. + CODds..mg.L. + SACto..1.m. + NSEC.Aerobic.SRT + NSEC.Effluent.NH3",0.439361610080889,0.781834862828299,"3,2"
"5602","Pump.Flow.Based.PAA.Dose + CODto..mg.L. + CODds..mg.L. + SACto..1.m. + NSEC.Aerobic.SRT + NSEC.Effluent.NO3",0.280416177525321,0.740487912397369,"3,2"
"5603","Pump.Flow.Based.PAA.Dose + CODto..mg.L. + CODds..mg.L. + SACto..1.m. + NSEC.Aerobic.SRT + NSEC.Effluent.OP",0.255322448172272,0.695543051893394,"3,2"
"5604","Pump.Flow.Based.PAA.Dose + CODto..mg.L. + CODds..mg.L. + SACto..1.m. + NSEC.Aerobic.SRT + NSEC.Effluent.TSS",0.181787442178041,0.717921877474846,"3,2"
"5605","Pump.Flow.Based.PAA.Dose + CODto..mg.L. + CODds..mg.L. + SACto..1.m. + NSEC.Aerobic.SRT + NSEC.Effluent.NO5",0.217036044620261,0.780150506446454,"3,2"
"5606","Pump.Flow.Based.PAA.Dose + CODto..mg.L. + CODds..mg.L. + SACto..1.m. + NSEC.Aerobic.SRT + NSEC.Effluent.Flow",0.103349292401918,0.813763252075684,"3,2"
"5607","Pump.Flow.Based.PAA.Dose + CODto..mg.L. + CODds..mg.L. + SACto..1.m. + NSEC.Effluent.NH3 + NSEC.Effluent.NO3",0.251006309141701,0.741348281401692,"3,2"
"5608","Pump.Flow.Based.PAA.Dose + CODto..mg.L. + CODds..mg.L. + SACto..1.m. + NSEC.Effluent.NH3 + NSEC.Effluent.OP",0.377981354729186,0.796342771763135,"3,2"
"5609","Pump.Flow.Based.PAA.Dose + CODto..mg.L. + CODds..mg.L. + SACto..1.m. + NSEC.Effluent.NH3 + NSEC.Effluent.TSS",0.341132638573732,0.784188771539066,"3,2"
"5610","Pump.Flow.Based.PAA.Dose + CODto..mg.L. + CODds..mg.L. + SACto..1.m. + NSEC.Effluent.NH3 + NSEC.Effluent.NO5",0.308435764864102,0.709783074585304,"3,2"
"5611","Pump.Flow.Based.PAA.Dose + CODto..mg.L. + CODds..mg.L. + SACto..1.m. + NSEC.Effluent.NH3 + NSEC.Effluent.Flow",0.218056854699054,0.813850052906255,"3,2"
"5612","Pump.Flow.Based.PAA.Dose + CODto..mg.L. + CODds..mg.L. + SACto..1.m. + NSEC.Effluent.NO3 + NSEC.Effluent.OP",0.283626855204594,0.732714518226385,"3,2"
"5613","Pump.Flow.Based.PAA.Dose + CODto..mg.L. + CODds..mg.L. + SACto..1.m. + NSEC.Effluent.NO3 + NSEC.Effluent.TSS",0.300349195131033,0.746614864967141,"3,2"
"5614","Pump.Flow.Based.PAA.Dose + CODto..mg.L. + CODds..mg.L. + SACto..1.m. + NSEC.Effluent.NO3 + NSEC.Effluent.NO5",0.346940369945019,0.754099922377997,"3,2"
"5615","Pump.Flow.Based.PAA.Dose + CODto..mg.L. + CODds..mg.L. + SACto..1.m. + NSEC.Effluent.NO3 + NSEC.Effluent.Flow",0.235741644004789,0.842218107812036,"3,2"
"5616","Pump.Flow.Based.PAA.Dose + CODto..mg.L. + CODds..mg.L. + SACto..1.m. + NSEC.Effluent.OP + NSEC.Effluent.TSS",0.331845311583089,0.775464196685134,"3,2"
"5617","Pump.Flow.Based.PAA.Dose + CODto..mg.L. + CODds..mg.L. + SACto..1.m. + NSEC.Effluent.OP + NSEC.Effluent.NO5",0.338133417196305,0.76346398199752,"3,2"
"5618","Pump.Flow.Based.PAA.Dose + CODto..mg.L. + CODds..mg.L. + SACto..1.m. + NSEC.Effluent.OP + NSEC.Effluent.Flow",0.252558425746025,0.820919539267492,"3,2"
"5619","Pump.Flow.Based.PAA.Dose + CODto..mg.L. + CODds..mg.L. + SACto..1.m. + NSEC.Effluent.TSS + NSEC.Effluent.NO5",0.405056458312427,0.784132321260839,"3,2"
"5620","Pump.Flow.Based.PAA.Dose + CODto..mg.L. + CODds..mg.L. + SACto..1.m. + NSEC.Effluent.TSS + NSEC.Effluent.Flow",0.125222702414191,0.803941775620111,"3,2"
"5621","Pump.Flow.Based.PAA.Dose + CODto..mg.L. + CODds..mg.L. + SACto..1.m. + NSEC.Effluent.NO5 + NSEC.Effluent.Flow",0.171006256690776,0.836229767155251,"3,2"
"5622","Pump.Flow.Based.PAA.Dose + CODto..mg.L. + CODds..mg.L. + NSEC.Aerobic.SRT + NSEC.Effluent.NH3 + NSEC.Effluent.NO3",0.267610830085005,0.732716902571084,"3,2"
"5623","Pump.Flow.Based.PAA.Dose + CODto..mg.L. + CODds..mg.L. + NSEC.Aerobic.SRT + NSEC.Effluent.NH3 + NSEC.Effluent.OP",0.30578418370164,0.801435234170559,"3,2"
"5624","Pump.Flow.Based.PAA.Dose + CODto..mg.L. + CODds..mg.L. + NSEC.Aerobic.SRT + NSEC.Effluent.NH3 + NSEC.Effluent.TSS",0.274184085547977,0.735960139751367,"3,2"
"5625","Pump.Flow.Based.PAA.Dose + CODto..mg.L. + CODds..mg.L. + NSEC.Aerobic.SRT + NSEC.Effluent.NH3 + NSEC.Effluent.NO5",0.246972419827553,0.718863717840623,"3,2"
"5626","Pump.Flow.Based.PAA.Dose + CODto..mg.L. + CODds..mg.L. + NSEC.Aerobic.SRT + NSEC.Effluent.NH3 + NSEC.Effluent.Flow",0.193507260825154,0.242485348468893,"3,2"
"5627","Pump.Flow.Based.PAA.Dose + CODto..mg.L. + CODds..mg.L. + NSEC.Aerobic.SRT + NSEC.Effluent.NO3 + NSEC.Effluent.OP",0.231850657546487,0.764259819113416,"3,2"
"5628","Pump.Flow.Based.PAA.Dose + CODto..mg.L. + CODds..mg.L. + NSEC.Aerobic.SRT + NSEC.Effluent.NO3 + NSEC.Effluent.TSS",0.238031281298368,0.758211376670463,"3,2"
"5629","Pump.Flow.Based.PAA.Dose + CODto..mg.L. + CODds..mg.L. + NSEC.Aerobic.SRT + NSEC.Effluent.NO3 + NSEC.Effluent.NO5",0.339053556702199,0.777147363382706,"3,2"
"5630","Pump.Flow.Based.PAA.Dose + CODto..mg.L. + CODds..mg.L. + NSEC.Aerobic.SRT + NSEC.Effluent.NO3 + NSEC.Effluent.Flow",0.0864188388375606,0.821692711466514,"3,2"
"5631","Pump.Flow.Based.PAA.Dose + CODto..mg.L. + CODds..mg.L. + NSEC.Aerobic.SRT + NSEC.Effluent.OP + NSEC.Effluent.TSS",0.186638766915447,0.69454211637255,"3,2"
"5632","Pump.Flow.Based.PAA.Dose + CODto..mg.L. + CODds..mg.L. + NSEC.Aerobic.SRT + NSEC.Effluent.OP + NSEC.Effluent.NO5",0.268394551200373,0.756090616753852,"3,2"
"5633","Pump.Flow.Based.PAA.Dose + CODto..mg.L. + CODds..mg.L. + NSEC.Aerobic.SRT + NSEC.Effluent.OP + NSEC.Effluent.Flow",0.127639373130574,0.827053117587562,"3,2"
"5634","Pump.Flow.Based.PAA.Dose + CODto..mg.L. + CODds..mg.L. + NSEC.Aerobic.SRT + NSEC.Effluent.TSS + NSEC.Effluent.NO5",0.236011062980926,0.729690942819783,"3,2"
"5635","Pump.Flow.Based.PAA.Dose + CODto..mg.L. + CODds..mg.L. + NSEC.Aerobic.SRT + NSEC.Effluent.TSS + NSEC.Effluent.Flow",0.139066096559519,0.840774719887304,"3,2"
"5636","Pump.Flow.Based.PAA.Dose + CODto..mg.L. + CODds..mg.L. + NSEC.Aerobic.SRT + NSEC.Effluent.NO5 + NSEC.Effluent.Flow",0.0998063557641535,0.821288444860899,"3,2"
"5637","Pump.Flow.Based.PAA.Dose + CODto..mg.L. + CODds..mg.L. + NSEC.Effluent.NH3 + NSEC.Effluent.NO3 + NSEC.Effluent.OP",0.347039131266981,0.785927770328378,"3,2"
"5638","Pump.Flow.Based.PAA.Dose + CODto..mg.L. + CODds..mg.L. + NSEC.Effluent.NH3 + NSEC.Effluent.NO3 + NSEC.Effluent.TSS",0.373201880129493,0.797559534173987,"3,2"
"5639","Pump.Flow.Based.PAA.Dose + CODto..mg.L. + CODds..mg.L. + NSEC.Effluent.NH3 + NSEC.Effluent.NO3 + NSEC.Effluent.NO5",0.357817023615749,0.797437756249005,"3,2"
"5640","Pump.Flow.Based.PAA.Dose + CODto..mg.L. + CODds..mg.L. + NSEC.Effluent.NH3 + NSEC.Effluent.NO3 + NSEC.Effluent.Flow",0.0950540832287352,0.814116074493284,"3,2"
"5641","Pump.Flow.Based.PAA.Dose + CODto..mg.L. + CODds..mg.L. + NSEC.Effluent.NH3 + NSEC.Effluent.OP + NSEC.Effluent.TSS",0.412308232724077,0.758488656656883,"3,2"
"5642","Pump.Flow.Based.PAA.Dose + CODto..mg.L. + CODds..mg.L. + NSEC.Effluent.NH3 + NSEC.Effluent.OP + NSEC.Effluent.NO5",0.290068396428377,0.789537578563792,"3,2"
"5643","Pump.Flow.Based.PAA.Dose + CODto..mg.L. + CODds..mg.L. + NSEC.Effluent.NH3 + NSEC.Effluent.OP + NSEC.Effluent.Flow",0.224815586073484,0.844579137308698,"3,2"
"5644","Pump.Flow.Based.PAA.Dose + CODto..mg.L. + CODds..mg.L. + NSEC.Effluent.NH3 + NSEC.Effluent.TSS + NSEC.Effluent.NO5",0.347891465070764,0.777806879194234,"3,2"
"5645","Pump.Flow.Based.PAA.Dose + CODto..mg.L. + CODds..mg.L. + NSEC.Effluent.NH3 + NSEC.Effluent.TSS + NSEC.Effluent.Flow",0.20258358675688,0.820039737114342,"3,2"
"5646","Pump.Flow.Based.PAA.Dose + CODto..mg.L. + CODds..mg.L. + NSEC.Effluent.NH3 + NSEC.Effluent.NO5 + NSEC.Effluent.Flow",0.201159032478993,0.836386483956903,"3,2"
"5647","Pump.Flow.Based.PAA.Dose + CODto..mg.L. + CODds..mg.L. + NSEC.Effluent.NO3 + NSEC.Effluent.OP + NSEC.Effluent.TSS",0.352850252846678,0.740904663624705,"3,2"
"5648","Pump.Flow.Based.PAA.Dose + CODto..mg.L. + CODds..mg.L. + NSEC.Effluent.NO3 + NSEC.Effluent.OP + NSEC.Effluent.NO5",0.31550933111851,0.763927999941947,"3,2"
"5649","Pump.Flow.Based.PAA.Dose + CODto..mg.L. + CODds..mg.L. + NSEC.Effluent.NO3 + NSEC.Effluent.OP + NSEC.Effluent.Flow",0.328522077043769,0.844791532649523,"3,2"
"5650","Pump.Flow.Based.PAA.Dose + CODto..mg.L. + CODds..mg.L. + NSEC.Effluent.NO3 + NSEC.Effluent.TSS + NSEC.Effluent.NO5",0.273870526102988,0.796242976777691,"3,2"
"5651","Pump.Flow.Based.PAA.Dose + CODto..mg.L. + CODds..mg.L. + NSEC.Effluent.NO3 + NSEC.Effluent.TSS + NSEC.Effluent.Flow",0.160874123920908,0.843552845414206,"3,2"
"5652","Pump.Flow.Based.PAA.Dose + CODto..mg.L. + CODds..mg.L. + NSEC.Effluent.NO3 + NSEC.Effluent.NO5 + NSEC.Effluent.Flow",0.317653163958489,0.858034397627806,"3,2"
"5653","Pump.Flow.Based.PAA.Dose + CODto..mg.L. + CODds..mg.L. + NSEC.Effluent.OP + NSEC.Effluent.TSS + NSEC.Effluent.NO5",0.275154370248875,0.792557705428861,"3,2"
"5654","Pump.Flow.Based.PAA.Dose + CODto..mg.L. + CODds..mg.L. + NSEC.Effluent.OP + NSEC.Effluent.TSS + NSEC.Effluent.Flow",0.235575804561956,0.813723753425088,"3,2"
"5655","Pump.Flow.Based.PAA.Dose + CODto..mg.L. + CODds..mg.L. + NSEC.Effluent.OP + NSEC.Effluent.NO5 + NSEC.Effluent.Flow",0.206198289503167,0.823010259998767,"3,2"
"5656","Pump.Flow.Based.PAA.Dose + CODto..mg.L. + CODds..mg.L. + NSEC.Effluent.TSS + NSEC.Effluent.NO5 + NSEC.Effluent.Flow",0.33727749404588,0.866213850528461,"3,2"
"5657","Pump.Flow.Based.PAA.Dose + CODto..mg.L. + SACto..1.m. + NSEC.Aerobic.SRT + NSEC.Effluent.NH3 + NSEC.Effluent.NO3",0.253132104578018,0.807749502918011,"3,2"
"5658","Pump.Flow.Based.PAA.Dose + CODto..mg.L. + SACto..1.m. + NSEC.Aerobic.SRT + NSEC.Effluent.NH3 + NSEC.Effluent.OP",0.327540811744431,0.717189038287975,"3,2"
"5659","Pump.Flow.Based.PAA.Dose + CODto..mg.L. + SACto..1.m. + NSEC.Aerobic.SRT + NSEC.Effluent.NH3 + NSEC.Effluent.TSS",0.23681037615729,0.707073893785968,"3,2"
"5660","Pump.Flow.Based.PAA.Dose + CODto..mg.L. + SACto..1.m. + NSEC.Aerobic.SRT + NSEC.Effluent.NH3 + NSEC.Effluent.NO5",0.342546725993704,0.725473188294017,"3,2"
"5661","Pump.Flow.Based.PAA.Dose + CODto..mg.L. + SACto..1.m. + NSEC.Aerobic.SRT + NSEC.Effluent.NH3 + NSEC.Effluent.Flow",0.150427867054256,0.792792506482172,"3,2"
"5662","Pump.Flow.Based.PAA.Dose + CODto..mg.L. + SACto..1.m. + NSEC.Aerobic.SRT + NSEC.Effluent.NO3 + NSEC.Effluent.OP",0.271012225676768,0.760950067003069,"3,2"
"5663","Pump.Flow.Based.PAA.Dose + CODto..mg.L. + SACto..1.m. + NSEC.Aerobic.SRT + NSEC.Effluent.NO3 + NSEC.Effluent.TSS",0.117740456991183,0.813274919540012,"3,2"
"5664","Pump.Flow.Based.PAA.Dose + CODto..mg.L. + SACto..1.m. + NSEC.Aerobic.SRT + NSEC.Effluent.NO3 + NSEC.Effluent.NO5",0.241640477144484,0.793480205696206,"3,2"
"5665","Pump.Flow.Based.PAA.Dose + CODto..mg.L. + SACto..1.m. + NSEC.Aerobic.SRT + NSEC.Effluent.NO3 + NSEC.Effluent.Flow",0.222128594273449,0.835999414728298,"3,2"
"5666","Pump.Flow.Based.PAA.Dose + CODto..mg.L. + SACto..1.m. + NSEC.Aerobic.SRT + NSEC.Effluent.OP + NSEC.Effluent.TSS",0.239187532953702,0.780646271934027,"3,2"
"5667","Pump.Flow.Based.PAA.Dose + CODto..mg.L. + SACto..1.m. + NSEC.Aerobic.SRT + NSEC.Effluent.OP + NSEC.Effluent.NO5",0.288652615419516,0.760312054553636,"3,2"
"5668","Pump.Flow.Based.PAA.Dose + CODto..mg.L. + SACto..1.m. + NSEC.Aerobic.SRT + NSEC.Effluent.OP + NSEC.Effluent.Flow",0.146947452203882,0.803715381537092,"3,2"
"5669","Pump.Flow.Based.PAA.Dose + CODto..mg.L. + SACto..1.m. + NSEC.Aerobic.SRT + NSEC.Effluent.TSS + NSEC.Effluent.NO5",0.257431840096813,0.729094766739929,"3,2"
"5670","Pump.Flow.Based.PAA.Dose + CODto..mg.L. + SACto..1.m. + NSEC.Aerobic.SRT + NSEC.Effluent.TSS + NSEC.Effluent.Flow",0.159556213056096,0.814414445720213,"3,2"
"5671","Pump.Flow.Based.PAA.Dose + CODto..mg.L. + SACto..1.m. + NSEC.Aerobic.SRT + NSEC.Effluent.NO5 + NSEC.Effluent.Flow",0.156779692690058,0.822018827969258,"3,2"
"5672","Pump.Flow.Based.PAA.Dose + CODto..mg.L. + SACto..1.m. + NSEC.Effluent.NH3 + NSEC.Effluent.NO3 + NSEC.Effluent.OP",0.35068794355482,0.723104200697936,"3,2"
"5673","Pump.Flow.Based.PAA.Dose + CODto..mg.L. + SACto..1.m. + NSEC.Effluent.NH3 + NSEC.Effluent.NO3 + NSEC.Effluent.TSS",0.38813451147502,0.754020428099622,"3,2"
"5674","Pump.Flow.Based.PAA.Dose + CODto..mg.L. + SACto..1.m. + NSEC.Effluent.NH3 + NSEC.Effluent.NO3 + NSEC.Effluent.NO5",0.346675876978298,0.752881083207777,"3,2"
"5675","Pump.Flow.Based.PAA.Dose + CODto..mg.L. + SACto..1.m. + NSEC.Effluent.NH3 + NSEC.Effluent.NO3 + NSEC.Effluent.Flow",0.199524724836933,0.814359764000898,"3,2"
"5676","Pump.Flow.Based.PAA.Dose + CODto..mg.L. + SACto..1.m. + NSEC.Effluent.NH3 + NSEC.Effluent.OP + NSEC.Effluent.TSS",0.200741739146568,0.798763719461884,"3,2"
"5677","Pump.Flow.Based.PAA.Dose + CODto..mg.L. + SACto..1.m. + NSEC.Effluent.NH3 + NSEC.Effluent.OP + NSEC.Effluent.NO5",0.358941274997084,0.693695368523317,"3,2"
"5678","Pump.Flow.Based.PAA.Dose + CODto..mg.L. + SACto..1.m. + NSEC.Effluent.NH3 + NSEC.Effluent.OP + NSEC.Effluent.Flow",0.217413373347837,0.80050494272337,"3,2"
"5679","Pump.Flow.Based.PAA.Dose + CODto..mg.L. + SACto..1.m. + NSEC.Effluent.NH3 + NSEC.Effluent.TSS + NSEC.Effluent.NO5",0.436315743421733,0.7987554549793,"3,2"
"5680","Pump.Flow.Based.PAA.Dose + CODto..mg.L. + SACto..1.m. + NSEC.Effluent.NH3 + NSEC.Effluent.TSS + NSEC.Effluent.Flow",0.207787136737458,0.802460273064141,"3,2"
"5681","Pump.Flow.Based.PAA.Dose + CODto..mg.L. + SACto..1.m. + NSEC.Effluent.NH3 + NSEC.Effluent.NO5 + NSEC.Effluent.Flow",0.242953431153842,0.806959940708446,"3,2"
"5682","Pump.Flow.Based.PAA.Dose + CODto..mg.L. + SACto..1.m. + NSEC.Effluent.NO3 + NSEC.Effluent.OP + NSEC.Effluent.TSS",0.362894890717699,0.755008907081181,"3,2"
"5683","Pump.Flow.Based.PAA.Dose + CODto..mg.L. + SACto..1.m. + NSEC.Effluent.NO3 + NSEC.Effluent.OP + NSEC.Effluent.NO5",0.323496306857535,0.771200645787789,"3,2"
"5684","Pump.Flow.Based.PAA.Dose + CODto..mg.L. + SACto..1.m. + NSEC.Effluent.NO3 + NSEC.Effluent.OP + NSEC.Effluent.Flow",0.231860908143168,0.819996258741178,"3,2"
"5685","Pump.Flow.Based.PAA.Dose + CODto..mg.L. + SACto..1.m. + NSEC.Effluent.NO3 + NSEC.Effluent.TSS + NSEC.Effluent.NO5",0.328708757501738,0.773385240016696,"3,2"
"5686","Pump.Flow.Based.PAA.Dose + CODto..mg.L. + SACto..1.m. + NSEC.Effluent.NO3 + NSEC.Effluent.TSS + NSEC.Effluent.Flow",0.250834797555627,0.831423739178273,"3,2"
"5687","Pump.Flow.Based.PAA.Dose + CODto..mg.L. + SACto..1.m. + NSEC.Effluent.NO3 + NSEC.Effluent.NO5 + NSEC.Effluent.Flow",0.243175921890057,0.832368873521313,"3,2"
"5688","Pump.Flow.Based.PAA.Dose + CODto..mg.L. + SACto..1.m. + NSEC.Effluent.OP + NSEC.Effluent.TSS + NSEC.Effluent.NO5",0.278670547752051,0.786708779326813,"3,2"
"5689","Pump.Flow.Based.PAA.Dose + CODto..mg.L. + SACto..1.m. + NSEC.Effluent.OP + NSEC.Effluent.TSS + NSEC.Effluent.Flow",0.133382815332959,0.832811554108853,"3,2"
"5690","Pump.Flow.Based.PAA.Dose + CODto..mg.L. + SACto..1.m. + NSEC.Effluent.OP + NSEC.Effluent.NO5 + NSEC.Effluent.Flow",0.168259392022725,0.804010017946841,"3,2"
"5691","Pump.Flow.Based.PAA.Dose + CODto..mg.L. + SACto..1.m. + NSEC.Effluent.TSS + NSEC.Effluent.NO5 + NSEC.Effluent.Flow",0.306132430619216,0.837566358552852,"3,2"
"5692","Pump.Flow.Based.PAA.Dose + CODto..mg.L. + NSEC.Aerobic.SRT + NSEC.Effluent.NH3 + NSEC.Effluent.NO3 + NSEC.Effluent.OP",0.344972450436617,0.805491204957796,"3,2"
"5693","Pump.Flow.Based.PAA.Dose + CODto..mg.L. + NSEC.Aerobic.SRT + NSEC.Effluent.NH3 + NSEC.Effluent.NO3 + NSEC.Effluent.TSS",0.253121739971534,0.766403727400957,"3,2"
"5694","Pump.Flow.Based.PAA.Dose + CODto..mg.L. + NSEC.Aerobic.SRT + NSEC.Effluent.NH3 + NSEC.Effluent.NO3 + NSEC.Effluent.NO5",0.30673226835464,0.762269660643378,"3,2"
"5695","Pump.Flow.Based.PAA.Dose + CODto..mg.L. + NSEC.Aerobic.SRT + NSEC.Effluent.NH3 + NSEC.Effluent.NO3 + NSEC.Effluent.Flow",0.244769859896443,0.84254424421633,"3,2"
"5696","Pump.Flow.Based.PAA.Dose + CODto..mg.L. + NSEC.Aerobic.SRT + NSEC.Effluent.NH3 + NSEC.Effluent.OP + NSEC.Effluent.TSS",0.356922218189639,0.820532384205748,"3,2"
"5697","Pump.Flow.Based.PAA.Dose + CODto..mg.L. + NSEC.Aerobic.SRT + NSEC.Effluent.NH3 + NSEC.Effluent.OP + NSEC.Effluent.NO5",0.359273992365634,0.803142146098105,"3,2"
"5698","Pump.Flow.Based.PAA.Dose + CODto..mg.L. + NSEC.Aerobic.SRT + NSEC.Effluent.NH3 + NSEC.Effluent.OP + NSEC.Effluent.Flow",0.174085006842272,0.819632540585101,"3,2"
"5699","Pump.Flow.Based.PAA.Dose + CODto..mg.L. + NSEC.Aerobic.SRT + NSEC.Effluent.NH3 + NSEC.Effluent.TSS + NSEC.Effluent.NO5",0.263088207193096,0.768571778325606,"3,2"
"5700","Pump.Flow.Based.PAA.Dose + CODto..mg.L. + NSEC.Aerobic.SRT + NSEC.Effluent.NH3 + NSEC.Effluent.TSS + NSEC.Effluent.Flow",0.202591785102398,0.830641014332492,"3,2"
"5701","Pump.Flow.Based.PAA.Dose + CODto..mg.L. + NSEC.Aerobic.SRT + NSEC.Effluent.NH3 + NSEC.Effluent.NO5 + NSEC.Effluent.Flow",0.212105939106783,0.816729395498195,"3,2"
"5702","Pump.Flow.Based.PAA.Dose + CODto..mg.L. + NSEC.Aerobic.SRT + NSEC.Effluent.NO3 + NSEC.Effluent.OP + NSEC.Effluent.TSS",0.28272341782201,0.725180070884024,"3,2"
"5703","Pump.Flow.Based.PAA.Dose + CODto..mg.L. + NSEC.Aerobic.SRT + NSEC.Effluent.NO3 + NSEC.Effluent.OP + NSEC.Effluent.NO5",0.304145468697938,0.760096405887778,"3,2"
"5704","Pump.Flow.Based.PAA.Dose + CODto..mg.L. + NSEC.Aerobic.SRT + NSEC.Effluent.NO3 + NSEC.Effluent.OP + NSEC.Effluent.Flow",0.220167731024669,0.81486013282871,"3,2"
"5705","Pump.Flow.Based.PAA.Dose + CODto..mg.L. + NSEC.Aerobic.SRT + NSEC.Effluent.NO3 + NSEC.Effluent.TSS + NSEC.Effluent.NO5",0.244724721801504,0.756703029384702,"3,2"
"5706","Pump.Flow.Based.PAA.Dose + CODto..mg.L. + NSEC.Aerobic.SRT + NSEC.Effluent.NO3 + NSEC.Effluent.TSS + NSEC.Effluent.Flow",0.198593940478129,0.811596967646562,"3,2"
"5707","Pump.Flow.Based.PAA.Dose + CODto..mg.L. + NSEC.Aerobic.SRT + NSEC.Effluent.NO3 + NSEC.Effluent.NO5 + NSEC.Effluent.Flow",0.17860348282482,0.827655474511192,"3,2"
"5708","Pump.Flow.Based.PAA.Dose + CODto..mg.L. + NSEC.Aerobic.SRT + NSEC.Effluent.OP + NSEC.Effluent.TSS + NSEC.Effluent.NO5",0.30379973000452,0.807357650545058,"3,2"
"5709","Pump.Flow.Based.PAA.Dose + CODto..mg.L. + NSEC.Aerobic.SRT + NSEC.Effluent.OP + NSEC.Effluent.TSS + NSEC.Effluent.Flow",0.188507763380077,0.808357613410345,"3,2"
"5710","Pump.Flow.Based.PAA.Dose + CODto..mg.L. + NSEC.Aerobic.SRT + NSEC.Effluent.OP + NSEC.Effluent.NO5 + NSEC.Effluent.Flow",0.242621881522106,0.834276056447825,"3,2"
"5711","Pump.Flow.Based.PAA.Dose + CODto..mg.L. + NSEC.Aerobic.SRT + NSEC.Effluent.TSS + NSEC.Effluent.NO5 + NSEC.Effluent.Flow",0.273833519644563,0.822348402673156,"3,2"
"5712","Pump.Flow.Based.PAA.Dose + CODto..mg.L. + NSEC.Effluent.NH3 + NSEC.Effluent.NO3 + NSEC.Effluent.OP + NSEC.Effluent.TSS",0.39619781782874,0.773087393412558,"3,2"
"5713","Pump.Flow.Based.PAA.Dose + CODto..mg.L. + NSEC.Effluent.NH3 + NSEC.Effluent.NO3 + NSEC.Effluent.OP + NSEC.Effluent.NO5",0.30656398560585,0.787439898482445,"3,2"
"5714","Pump.Flow.Based.PAA.Dose + CODto..mg.L. + NSEC.Effluent.NH3 + NSEC.Effluent.NO3 + NSEC.Effluent.OP + NSEC.Effluent.Flow",0.203706035971055,0.840744631589031,"3,2"
"5715","Pump.Flow.Based.PAA.Dose + CODto..mg.L. + NSEC.Effluent.NH3 + NSEC.Effluent.NO3 + NSEC.Effluent.TSS + NSEC.Effluent.NO5",0.404614932681071,0.789330217626083,"3,2"
"5716","Pump.Flow.Based.PAA.Dose + CODto..mg.L. + NSEC.Effluent.NH3 + NSEC.Effluent.NO3 + NSEC.Effluent.TSS + NSEC.Effluent.Flow",0.216329898585667,0.82060905017075,"3,2"
"5717","Pump.Flow.Based.PAA.Dose + CODto..mg.L. + NSEC.Effluent.NH3 + NSEC.Effluent.NO3 + NSEC.Effluent.NO5 + NSEC.Effluent.Flow",0.164181812253345,0.840339495457519,"3,2"
"5718","Pump.Flow.Based.PAA.Dose + CODto..mg.L. + NSEC.Effluent.NH3 + NSEC.Effluent.OP + NSEC.Effluent.TSS + NSEC.Effluent.NO5",0.367968083458152,0.791372704990957,"3,2"
"5719","Pump.Flow.Based.PAA.Dose + CODto..mg.L. + NSEC.Effluent.NH3 + NSEC.Effluent.OP + NSEC.Effluent.TSS + NSEC.Effluent.Flow",0.230091253436045,0.838626119258493,"3,2"
"5720","Pump.Flow.Based.PAA.Dose + CODto..mg.L. + NSEC.Effluent.NH3 + NSEC.Effluent.OP + NSEC.Effluent.NO5 + NSEC.Effluent.Flow",0.200241637611576,0.797509158440364,"3,2"
"5721","Pump.Flow.Based.PAA.Dose + CODto..mg.L. + NSEC.Effluent.NH3 + NSEC.Effluent.TSS + NSEC.Effluent.NO5 + NSEC.Effluent.Flow",0.197784147337464,0.822924918839562,"3,2"
"5722","Pump.Flow.Based.PAA.Dose + CODto..mg.L. + NSEC.Effluent.NO3 + NSEC.Effluent.OP + NSEC.Effluent.TSS + NSEC.Effluent.NO5",0.377969039306756,0.770659404863966,"3,2"
"5723","Pump.Flow.Based.PAA.Dose + CODto..mg.L. + NSEC.Effluent.NO3 + NSEC.Effluent.OP + NSEC.Effluent.TSS + NSEC.Effluent.Flow",0.374361043432572,0.856215679291775,"3,2"
"5724","Pump.Flow.Based.PAA.Dose + CODto..mg.L. + NSEC.Effluent.NO3 + NSEC.Effluent.OP + NSEC.Effluent.NO5 + NSEC.Effluent.Flow",0.226134380640778,0.836328686236833,"3,2"
"5725","Pump.Flow.Based.PAA.Dose + CODto..mg.L. + NSEC.Effluent.NO3 + NSEC.Effluent.TSS + NSEC.Effluent.NO5 + NSEC.Effluent.Flow",0.20803502566379,0.837017108381967,"3,2"
"5726","Pump.Flow.Based.PAA.Dose + CODto..mg.L. + NSEC.Effluent.OP + NSEC.Effluent.TSS + NSEC.Effluent.NO5 + NSEC.Effluent.Flow",0.244910018810144,0.829856563252629,"3,2"
"5727","Pump.Flow.Based.PAA.Dose + TSS..mg.L. + UVT.... + CODds..mg.L. + SACto..1.m. + NSEC.Aerobic.SRT",0.262572919864652,0.717254705958783,"3,2"
"5728","Pump.Flow.Based.PAA.Dose + TSS..mg.L. + UVT.... + CODds..mg.L. + SACto..1.m. + NSEC.Effluent.NH3",0.318556532586413,0.702458653379902,"3,2"
"5729","Pump.Flow.Based.PAA.Dose + TSS..mg.L. + UVT.... + CODds..mg.L. + SACto..1.m. + NSEC.Effluent.NO3",0.271482069371746,0.735032788634687,"3,2"
"5730","Pump.Flow.Based.PAA.Dose + TSS..mg.L. + UVT.... + CODds..mg.L. + SACto..1.m. + NSEC.Effluent.OP",0.277581107692309,0.732527141166947,"3,2"
"5731","Pump.Flow.Based.PAA.Dose + TSS..mg.L. + UVT.... + CODds..mg.L. + SACto..1.m. + NSEC.Effluent.TSS",0.28454655621625,0.79505546931992,"3,2"
"5732","Pump.Flow.Based.PAA.Dose + TSS..mg.L. + UVT.... + CODds..mg.L. + SACto..1.m. + NSEC.Effluent.NO5",0.319715108642738,0.803018844751959,"3,2"
"5733","Pump.Flow.Based.PAA.Dose + TSS..mg.L. + UVT.... + CODds..mg.L. + SACto..1.m. + NSEC.Effluent.Flow",0.135729166038802,0.80713859112009,"3,2"
"5734","Pump.Flow.Based.PAA.Dose + TSS..mg.L. + UVT.... + CODds..mg.L. + NSEC.Aerobic.SRT + NSEC.Effluent.NH3",0.339774871903202,0.762073017318459,"3,2"
"5735","Pump.Flow.Based.PAA.Dose + TSS..mg.L. + UVT.... + CODds..mg.L. + NSEC.Aerobic.SRT + NSEC.Effluent.NO3",0.285654826165278,0.810444529013249,"3,2"
"5736","Pump.Flow.Based.PAA.Dose + TSS..mg.L. + UVT.... + CODds..mg.L. + NSEC.Aerobic.SRT + NSEC.Effluent.OP",0.367836133663304,0.789622770579124,"3,2"
"5737","Pump.Flow.Based.PAA.Dose + TSS..mg.L. + UVT.... + CODds..mg.L. + NSEC.Aerobic.SRT + NSEC.Effluent.TSS",0.195561146069098,0.687710269813775,"3,2"
"5738","Pump.Flow.Based.PAA.Dose + TSS..mg.L. + UVT.... + CODds..mg.L. + NSEC.Aerobic.SRT + NSEC.Effluent.NO5",0.314887724949877,0.748488491381313,"3,2"
"5739","Pump.Flow.Based.PAA.Dose + TSS..mg.L. + UVT.... + CODds..mg.L. + NSEC.Aerobic.SRT + NSEC.Effluent.Flow",0.120975861565653,0.829251184951028,"3,2"
"5740","Pump.Flow.Based.PAA.Dose + TSS..mg.L. + UVT.... + CODds..mg.L. + NSEC.Effluent.NH3 + NSEC.Effluent.NO3",0.281904198785301,0.72034196054671,"3,2"
"5741","Pump.Flow.Based.PAA.Dose + TSS..mg.L. + UVT.... + CODds..mg.L. + NSEC.Effluent.NH3 + NSEC.Effluent.OP",0.304477038106686,0.782946740243475,"3,2"
"5742","Pump.Flow.Based.PAA.Dose + TSS..mg.L. + UVT.... + CODds..mg.L. + NSEC.Effluent.NH3 + NSEC.Effluent.TSS",0.309941643851831,0.757194165885721,"3,2"
"5743","Pump.Flow.Based.PAA.Dose + TSS..mg.L. + UVT.... + CODds..mg.L. + NSEC.Effluent.NH3 + NSEC.Effluent.NO5",0.298416390921734,0.725036336950956,"3,2"
"5744","Pump.Flow.Based.PAA.Dose + TSS..mg.L. + UVT.... + CODds..mg.L. + NSEC.Effluent.NH3 + NSEC.Effluent.Flow",0.175190829959711,0.818280699383382,"3,2"
"5745","Pump.Flow.Based.PAA.Dose + TSS..mg.L. + UVT.... + CODds..mg.L. + NSEC.Effluent.NO3 + NSEC.Effluent.OP",0.229608259618969,0.785237859110391,"3,2"
"5746","Pump.Flow.Based.PAA.Dose + TSS..mg.L. + UVT.... + CODds..mg.L. + NSEC.Effluent.NO3 + NSEC.Effluent.TSS",0.272776620946027,0.770106984503557,"3,2"
"5747","Pump.Flow.Based.PAA.Dose + TSS..mg.L. + UVT.... + CODds..mg.L. + NSEC.Effluent.NO3 + NSEC.Effluent.NO5",0.247474716071985,0.815079213601584,"3,2"
"5748","Pump.Flow.Based.PAA.Dose + TSS..mg.L. + UVT.... + CODds..mg.L. + NSEC.Effluent.NO3 + NSEC.Effluent.Flow",0.246832917161763,0.842238063480569,"3,2"
"5749","Pump.Flow.Based.PAA.Dose + TSS..mg.L. + UVT.... + CODds..mg.L. + NSEC.Effluent.OP + NSEC.Effluent.TSS",0.279362737312556,0.771207253014552,"3,2"
"5750","Pump.Flow.Based.PAA.Dose + TSS..mg.L. + UVT.... + CODds..mg.L. + NSEC.Effluent.OP + NSEC.Effluent.NO5",0.333584270175739,0.770435290700402,"3,2"
"5751","Pump.Flow.Based.PAA.Dose + TSS..mg.L. + UVT.... + CODds..mg.L. + NSEC.Effluent.OP + NSEC.Effluent.Flow",0.0743346949657484,0.801425230744384,"3,2"
"5752","Pump.Flow.Based.PAA.Dose + TSS..mg.L. + UVT.... + CODds..mg.L. + NSEC.Effluent.TSS + NSEC.Effluent.NO5",0.250002667255703,0.763765587223461,"3,2"
"5753","Pump.Flow.Based.PAA.Dose + TSS..mg.L. + UVT.... + CODds..mg.L. + NSEC.Effluent.TSS + NSEC.Effluent.Flow",0.11364213848956,0.825337789847556,"3,2"
"5754","Pump.Flow.Based.PAA.Dose + TSS..mg.L. + UVT.... + CODds..mg.L. + NSEC.Effluent.NO5 + NSEC.Effluent.Flow",0.16078161810376,0.821640229635982,"3,2"
"5755","Pump.Flow.Based.PAA.Dose + TSS..mg.L. + UVT.... + SACto..1.m. + NSEC.Aerobic.SRT + NSEC.Effluent.NH3",0.26609098205083,0.76639811595854,"3,2"
"5756","Pump.Flow.Based.PAA.Dose + TSS..mg.L. + UVT.... + SACto..1.m. + NSEC.Aerobic.SRT + NSEC.Effluent.NO3",0.27748234827412,0.747899586817125,"3,2"
"5757","Pump.Flow.Based.PAA.Dose + TSS..mg.L. + UVT.... + SACto..1.m. + NSEC.Aerobic.SRT + NSEC.Effluent.OP",0.202906079734869,0.786797202958426,"3,2"
"5758","Pump.Flow.Based.PAA.Dose + TSS..mg.L. + UVT.... + SACto..1.m. + NSEC.Aerobic.SRT + NSEC.Effluent.TSS",0.211129576074995,0.754011298766779,"3,2"
"5759","Pump.Flow.Based.PAA.Dose + TSS..mg.L. + UVT.... + SACto..1.m. + NSEC.Aerobic.SRT + NSEC.Effluent.NO5",0.296612782027491,0.760572353724544,"3,2"
"5760","Pump.Flow.Based.PAA.Dose + TSS..mg.L. + UVT.... + SACto..1.m. + NSEC.Aerobic.SRT + NSEC.Effluent.Flow",0.187669092084462,0.837531988968651,"3,2"
"5761","Pump.Flow.Based.PAA.Dose + TSS..mg.L. + UVT.... + SACto..1.m. + NSEC.Effluent.NH3 + NSEC.Effluent.NO3",0.344442995087734,0.745767583111224,"3,2"
"5762","Pump.Flow.Based.PAA.Dose + TSS..mg.L. + UVT.... + SACto..1.m. + NSEC.Effluent.NH3 + NSEC.Effluent.OP",0.382124088265371,0.807459690945455,"3,2"
"5763","Pump.Flow.Based.PAA.Dose + TSS..mg.L. + UVT.... + SACto..1.m. + NSEC.Effluent.NH3 + NSEC.Effluent.TSS",0.406018443517524,0.782270936089204,"3,2"
"5764","Pump.Flow.Based.PAA.Dose + TSS..mg.L. + UVT.... + SACto..1.m. + NSEC.Effluent.NH3 + NSEC.Effluent.NO5",0.331111084263346,0.718483570162113,"3,2"
"5765","Pump.Flow.Based.PAA.Dose + TSS..mg.L. + UVT.... + SACto..1.m. + NSEC.Effluent.NH3 + NSEC.Effluent.Flow",0.194076077701744,0.804303900377291,"3,2"
"5766","Pump.Flow.Based.PAA.Dose + TSS..mg.L. + UVT.... + SACto..1.m. + NSEC.Effluent.NO3 + NSEC.Effluent.OP",0.268952466514644,0.762451806904089,"3,2"
"5767","Pump.Flow.Based.PAA.Dose + TSS..mg.L. + UVT.... + SACto..1.m. + NSEC.Effluent.NO3 + NSEC.Effluent.TSS",0.345353202531817,0.735785805163524,"3,2"
"5768","Pump.Flow.Based.PAA.Dose + TSS..mg.L. + UVT.... + SACto..1.m. + NSEC.Effluent.NO3 + NSEC.Effluent.NO5",0.3425322106237,0.76909120067183,"3,2"
"5769","Pump.Flow.Based.PAA.Dose + TSS..mg.L. + UVT.... + SACto..1.m. + NSEC.Effluent.NO3 + NSEC.Effluent.Flow",0.210821976041314,0.820131582802708,"3,2"
"5770","Pump.Flow.Based.PAA.Dose + TSS..mg.L. + UVT.... + SACto..1.m. + NSEC.Effluent.OP + NSEC.Effluent.TSS",0.269808253591748,0.811700127008526,"3,2"
"5771","Pump.Flow.Based.PAA.Dose + TSS..mg.L. + UVT.... + SACto..1.m. + NSEC.Effluent.OP + NSEC.Effluent.NO5",0.254031535840042,0.739268414682565,"3,2"
"5772","Pump.Flow.Based.PAA.Dose + TSS..mg.L. + UVT.... + SACto..1.m. + NSEC.Effluent.OP + NSEC.Effluent.Flow",0.175892381411303,0.813664147404429,"3,2"
"5773","Pump.Flow.Based.PAA.Dose + TSS..mg.L. + UVT.... + SACto..1.m. + NSEC.Effluent.TSS + NSEC.Effluent.NO5",0.376429926410859,0.773674253424661,"3,2"
"5774","Pump.Flow.Based.PAA.Dose + TSS..mg.L. + UVT.... + SACto..1.m. + NSEC.Effluent.TSS + NSEC.Effluent.Flow",0.109891555511251,0.817339109185993,"3,2"
"5775","Pump.Flow.Based.PAA.Dose + TSS..mg.L. + UVT.... + SACto..1.m. + NSEC.Effluent.NO5 + NSEC.Effluent.Flow",0.300926839139074,0.821808043633492,"3,2"
"5776","Pump.Flow.Based.PAA.Dose + TSS..mg.L. + UVT.... + NSEC.Aerobic.SRT + NSEC.Effluent.NH3 + NSEC.Effluent.NO3",0.278473455786934,0.769197623031583,"3,2"
"5777","Pump.Flow.Based.PAA.Dose + TSS..mg.L. + UVT.... + NSEC.Aerobic.SRT + NSEC.Effluent.NH3 + NSEC.Effluent.OP",0.259317385815209,0.768907507291816,"3,2"
"5778","Pump.Flow.Based.PAA.Dose + TSS..mg.L. + UVT.... + NSEC.Aerobic.SRT + NSEC.Effluent.NH3 + NSEC.Effluent.TSS",0.190513128237658,0.748646679672179,"3,2"
"5779","Pump.Flow.Based.PAA.Dose + TSS..mg.L. + UVT.... + NSEC.Aerobic.SRT + NSEC.Effluent.NH3 + NSEC.Effluent.NO5",0.240816110223569,0.745170024818354,"3,2"
"5780","Pump.Flow.Based.PAA.Dose + TSS..mg.L. + UVT.... + NSEC.Aerobic.SRT + NSEC.Effluent.NH3 + NSEC.Effluent.Flow",0.19021936461183,0.827930588731225,"3,2"
"5781","Pump.Flow.Based.PAA.Dose + TSS..mg.L. + UVT.... + NSEC.Aerobic.SRT + NSEC.Effluent.NO3 + NSEC.Effluent.OP",0.269289703573747,0.817497469574429,"3,2"
"5782","Pump.Flow.Based.PAA.Dose + TSS..mg.L. + UVT.... + NSEC.Aerobic.SRT + NSEC.Effluent.NO3 + NSEC.Effluent.TSS",0.244174132862667,0.771722063030084,"3,2"
"5783","Pump.Flow.Based.PAA.Dose + TSS..mg.L. + UVT.... + NSEC.Aerobic.SRT + NSEC.Effluent.NO3 + NSEC.Effluent.NO5",0.191491888775389,0.780466765854317,"3,2"
"5784","Pump.Flow.Based.PAA.Dose + TSS..mg.L. + UVT.... + NSEC.Aerobic.SRT + NSEC.Effluent.NO3 + NSEC.Effluent.Flow",0.139534392103206,0.823030211157204,"3,2"
"5785","Pump.Flow.Based.PAA.Dose + TSS..mg.L. + UVT.... + NSEC.Aerobic.SRT + NSEC.Effluent.OP + NSEC.Effluent.TSS",0.224089583741959,0.772425256403513,"3,2"
"5786","Pump.Flow.Based.PAA.Dose + TSS..mg.L. + UVT.... + NSEC.Aerobic.SRT + NSEC.Effluent.OP + NSEC.Effluent.NO5",0.171970872442369,0.802969810191823,"3,2"
"5787","Pump.Flow.Based.PAA.Dose + TSS..mg.L. + UVT.... + NSEC.Aerobic.SRT + NSEC.Effluent.OP + NSEC.Effluent.Flow",0.196053817285644,0.807919513708281,"3,2"
"5788","Pump.Flow.Based.PAA.Dose + TSS..mg.L. + UVT.... + NSEC.Aerobic.SRT + NSEC.Effluent.TSS + NSEC.Effluent.NO5",0.35581619131129,0.812389564748748,"3,2"
"5789","Pump.Flow.Based.PAA.Dose + TSS..mg.L. + UVT.... + NSEC.Aerobic.SRT + NSEC.Effluent.TSS + NSEC.Effluent.Flow",0.132705263882521,0.837407386982209,"3,2"
"5790","Pump.Flow.Based.PAA.Dose + TSS..mg.L. + UVT.... + NSEC.Aerobic.SRT + NSEC.Effluent.NO5 + NSEC.Effluent.Flow",0.204237272633956,0.822617346687791,"3,2"
"5791","Pump.Flow.Based.PAA.Dose + TSS..mg.L. + UVT.... + NSEC.Effluent.NH3 + NSEC.Effluent.NO3 + NSEC.Effluent.OP",0.293899922029359,0.747464935187247,"3,2"
"5792","Pump.Flow.Based.PAA.Dose + TSS..mg.L. + UVT.... + NSEC.Effluent.NH3 + NSEC.Effluent.NO3 + NSEC.Effluent.TSS",0.393712003924584,0.806217230616813,"3,2"
"5793","Pump.Flow.Based.PAA.Dose + TSS..mg.L. + UVT.... + NSEC.Effluent.NH3 + NSEC.Effluent.NO3 + NSEC.Effluent.NO5",0.369315490589796,0.771832863949275,"3,2"
"5794","Pump.Flow.Based.PAA.Dose + TSS..mg.L. + UVT.... + NSEC.Effluent.NH3 + NSEC.Effluent.NO3 + NSEC.Effluent.Flow",0.172717270506443,0.793685952921762,"3,2"
"5795","Pump.Flow.Based.PAA.Dose + TSS..mg.L. + UVT.... + NSEC.Effluent.NH3 + NSEC.Effluent.OP + NSEC.Effluent.TSS",0.288845571219915,0.790726870306896,"3,2"
"5796","Pump.Flow.Based.PAA.Dose + TSS..mg.L. + UVT.... + NSEC.Effluent.NH3 + NSEC.Effluent.OP + NSEC.Effluent.NO5",0.228188686178986,0.77668294001881,"3,2"
"5797","Pump.Flow.Based.PAA.Dose + TSS..mg.L. + UVT.... + NSEC.Effluent.NH3 + NSEC.Effluent.OP + NSEC.Effluent.Flow",0.219740610904341,0.812994911879419,"3,2"
"5798","Pump.Flow.Based.PAA.Dose + TSS..mg.L. + UVT.... + NSEC.Effluent.NH3 + NSEC.Effluent.TSS + NSEC.Effluent.NO5",0.353781565492681,0.771580559180256,"3,2"
"5799","Pump.Flow.Based.PAA.Dose + TSS..mg.L. + UVT.... + NSEC.Effluent.NH3 + NSEC.Effluent.TSS + NSEC.Effluent.Flow",0.171458249973383,0.822743120071462,"3,2"
"5800","Pump.Flow.Based.PAA.Dose + TSS..mg.L. + UVT.... + NSEC.Effluent.NH3 + NSEC.Effluent.NO5 + NSEC.Effluent.Flow",0.1939199140564,0.829319832266113,"3,2"
"5801","Pump.Flow.Based.PAA.Dose + TSS..mg.L. + UVT.... + NSEC.Effluent.NO3 + NSEC.Effluent.OP + NSEC.Effluent.TSS",0.334538158100145,0.725807994131178,"3,2"
"5802","Pump.Flow.Based.PAA.Dose + TSS..mg.L. + UVT.... + NSEC.Effluent.NO3 + NSEC.Effluent.OP + NSEC.Effluent.NO5",0.298801142326396,0.752928619521651,"3,2"
"5803","Pump.Flow.Based.PAA.Dose + TSS..mg.L. + UVT.... + NSEC.Effluent.NO3 + NSEC.Effluent.OP + NSEC.Effluent.Flow",0.205602069947678,0.802753915371662,"3,2"
"5804","Pump.Flow.Based.PAA.Dose + TSS..mg.L. + UVT.... + NSEC.Effluent.NO3 + NSEC.Effluent.TSS + NSEC.Effluent.NO5",0.290478027649605,0.77964092663601,"3,2"
"5805","Pump.Flow.Based.PAA.Dose + TSS..mg.L. + UVT.... + NSEC.Effluent.NO3 + NSEC.Effluent.TSS + NSEC.Effluent.Flow",0.215875670846345,0.824221150226955,"3,2"
"5806","Pump.Flow.Based.PAA.Dose + TSS..mg.L. + UVT.... + NSEC.Effluent.NO3 + NSEC.Effluent.NO5 + NSEC.Effluent.Flow",0.163292664246836,0.838542086875053,"3,2"
"5807","Pump.Flow.Based.PAA.Dose + TSS..mg.L. + UVT.... + NSEC.Effluent.OP + NSEC.Effluent.TSS + NSEC.Effluent.NO5",0.342490786041505,0.775492234105905,"3,2"
"5808","Pump.Flow.Based.PAA.Dose + TSS..mg.L. + UVT.... + NSEC.Effluent.OP + NSEC.Effluent.TSS + NSEC.Effluent.Flow",0.15128582738084,0.846252809947491,"3,2"
"5809","Pump.Flow.Based.PAA.Dose + TSS..mg.L. + UVT.... + NSEC.Effluent.OP + NSEC.Effluent.NO5 + NSEC.Effluent.Flow",0.111999142007426,0.824271233605624,"3,2"
"5810","Pump.Flow.Based.PAA.Dose + TSS..mg.L. + UVT.... + NSEC.Effluent.TSS + NSEC.Effluent.NO5 + NSEC.Effluent.Flow",0.083593199880073,0.820203159557861,"3,2"
"5811","Pump.Flow.Based.PAA.Dose + TSS..mg.L. + CODds..mg.L. + SACto..1.m. + NSEC.Aerobic.SRT + NSEC.Effluent.NH3",0.290149392592508,0.729838338393935,"3,2"
"5812","Pump.Flow.Based.PAA.Dose + TSS..mg.L. + CODds..mg.L. + SACto..1.m. + NSEC.Aerobic.SRT + NSEC.Effluent.NO3",0.232763300074442,0.742486566245115,"3,2"
"5813","Pump.Flow.Based.PAA.Dose + TSS..mg.L. + CODds..mg.L. + SACto..1.m. + NSEC.Aerobic.SRT + NSEC.Effluent.OP",0.236978860686842,0.744905840832852,"3,2"
"5814","Pump.Flow.Based.PAA.Dose + TSS..mg.L. + CODds..mg.L. + SACto..1.m. + NSEC.Aerobic.SRT + NSEC.Effluent.TSS",0.00537089121229406,0.798094535916835,"3,2"
"5815","Pump.Flow.Based.PAA.Dose + TSS..mg.L. + CODds..mg.L. + SACto..1.m. + NSEC.Aerobic.SRT + NSEC.Effluent.NO5",0.277365772273534,0.775224661860248,"3,2"
"5816","Pump.Flow.Based.PAA.Dose + TSS..mg.L. + CODds..mg.L. + SACto..1.m. + NSEC.Aerobic.SRT + NSEC.Effluent.Flow",0.142675628731324,0.819225015461298,"3,2"
"5817","Pump.Flow.Based.PAA.Dose + TSS..mg.L. + CODds..mg.L. + SACto..1.m. + NSEC.Effluent.NH3 + NSEC.Effluent.NO3",0.331202175318847,0.720244197914754,"3,2"
"5818","Pump.Flow.Based.PAA.Dose + TSS..mg.L. + CODds..mg.L. + SACto..1.m. + NSEC.Effluent.NH3 + NSEC.Effluent.OP",0.301710823140276,0.743832597663773,"3,2"
"5819","Pump.Flow.Based.PAA.Dose + TSS..mg.L. + CODds..mg.L. + SACto..1.m. + NSEC.Effluent.NH3 + NSEC.Effluent.TSS",0.291084091926072,0.749689227483898,"3,2"
"5820","Pump.Flow.Based.PAA.Dose + TSS..mg.L. + CODds..mg.L. + SACto..1.m. + NSEC.Effluent.NH3 + NSEC.Effluent.NO5",0.318747487874273,0.777056574134711,"3,2"
"5821","Pump.Flow.Based.PAA.Dose + TSS..mg.L. + CODds..mg.L. + SACto..1.m. + NSEC.Effluent.NH3 + NSEC.Effluent.Flow",0.296849554956221,0.829484147331949,"3,2"
"5822","Pump.Flow.Based.PAA.Dose + TSS..mg.L. + CODds..mg.L. + SACto..1.m. + NSEC.Effluent.NO3 + NSEC.Effluent.OP",0.306478005642419,0.724993550230264,"3,2"
"5823","Pump.Flow.Based.PAA.Dose + TSS..mg.L. + CODds..mg.L. + SACto..1.m. + NSEC.Effluent.NO3 + NSEC.Effluent.TSS",0.352570344531836,0.754799962841178,"3,2"
"5824","Pump.Flow.Based.PAA.Dose + TSS..mg.L. + CODds..mg.L. + SACto..1.m. + NSEC.Effluent.NO3 + NSEC.Effluent.NO5",0.370366863995436,0.7542952913786,"3,2"
"5825","Pump.Flow.Based.PAA.Dose + TSS..mg.L. + CODds..mg.L. + SACto..1.m. + NSEC.Effluent.NO3 + NSEC.Effluent.Flow",0.222202189982175,0.82355924362458,"3,2"
"5826","Pump.Flow.Based.PAA.Dose + TSS..mg.L. + CODds..mg.L. + SACto..1.m. + NSEC.Effluent.OP + NSEC.Effluent.TSS",0.299593610573001,0.783339623917309,"3,2"
"5827","Pump.Flow.Based.PAA.Dose + TSS..mg.L. + CODds..mg.L. + SACto..1.m. + NSEC.Effluent.OP + NSEC.Effluent.NO5",0.360115533284367,0.772704801565556,"3,2"
"5828","Pump.Flow.Based.PAA.Dose + TSS..mg.L. + CODds..mg.L. + SACto..1.m. + NSEC.Effluent.OP + NSEC.Effluent.Flow",0.121001592826582,0.831626890864423,"3,2"
"5829","Pump.Flow.Based.PAA.Dose + TSS..mg.L. + CODds..mg.L. + SACto..1.m. + NSEC.Effluent.TSS + NSEC.Effluent.NO5",0.33903583932032,0.732065496869162,"3,2"
"5830","Pump.Flow.Based.PAA.Dose + TSS..mg.L. + CODds..mg.L. + SACto..1.m. + NSEC.Effluent.TSS + NSEC.Effluent.Flow",0.191166272650914,0.840507113471286,"3,2"
"5831","Pump.Flow.Based.PAA.Dose + TSS..mg.L. + CODds..mg.L. + SACto..1.m. + NSEC.Effluent.NO5 + NSEC.Effluent.Flow",0.122320031737802,0.829518976453112,"3,2"
"5832","Pump.Flow.Based.PAA.Dose + TSS..mg.L. + CODds..mg.L. + NSEC.Aerobic.SRT + NSEC.Effluent.NH3 + NSEC.Effluent.NO3",0.189266305112933,0.788840129990287,"3,2"
"5833","Pump.Flow.Based.PAA.Dose + TSS..mg.L. + CODds..mg.L. + NSEC.Aerobic.SRT + NSEC.Effluent.NH3 + NSEC.Effluent.OP",0.352819397424274,0.76482381844144,"3,2"
"5834","Pump.Flow.Based.PAA.Dose + TSS..mg.L. + CODds..mg.L. + NSEC.Aerobic.SRT + NSEC.Effluent.NH3 + NSEC.Effluent.TSS",0.290009919225865,0.782194141372568,"3,2"
"5835","Pump.Flow.Based.PAA.Dose + TSS..mg.L. + CODds..mg.L. + NSEC.Aerobic.SRT + NSEC.Effluent.NH3 + NSEC.Effluent.NO5",0.334248966293166,0.797767250234251,"3,2"
"5836","Pump.Flow.Based.PAA.Dose + TSS..mg.L. + CODds..mg.L. + NSEC.Aerobic.SRT + NSEC.Effluent.NH3 + NSEC.Effluent.Flow",0.243286438870995,0.807366952421205,"3,2"
"5837","Pump.Flow.Based.PAA.Dose + TSS..mg.L. + CODds..mg.L. + NSEC.Aerobic.SRT + NSEC.Effluent.NO3 + NSEC.Effluent.OP",0.294651118976854,0.765203768984197,"3,2"
"5838","Pump.Flow.Based.PAA.Dose + TSS..mg.L. + CODds..mg.L. + NSEC.Aerobic.SRT + NSEC.Effluent.NO3 + NSEC.Effluent.TSS",0.262745460675641,0.774614685858679,"3,2"
"5839","Pump.Flow.Based.PAA.Dose + TSS..mg.L. + CODds..mg.L. + NSEC.Aerobic.SRT + NSEC.Effluent.NO3 + NSEC.Effluent.NO5",0.311111329158017,0.785251029796422,"3,2"
"5840","Pump.Flow.Based.PAA.Dose + TSS..mg.L. + CODds..mg.L. + NSEC.Aerobic.SRT + NSEC.Effluent.NO3 + NSEC.Effluent.Flow",0.286118792615216,0.847609861368318,"3,2"
"5841","Pump.Flow.Based.PAA.Dose + TSS..mg.L. + CODds..mg.L. + NSEC.Aerobic.SRT + NSEC.Effluent.OP + NSEC.Effluent.TSS",0.339129956045688,0.79666940419496,"3,2"
"5842","Pump.Flow.Based.PAA.Dose + TSS..mg.L. + CODds..mg.L. + NSEC.Aerobic.SRT + NSEC.Effluent.OP + NSEC.Effluent.NO5",0.302864360706364,0.783832477580453,"3,2"
"5843","Pump.Flow.Based.PAA.Dose + TSS..mg.L. + CODds..mg.L. + NSEC.Aerobic.SRT + NSEC.Effluent.OP + NSEC.Effluent.Flow",0.232549769142937,0.826210644172635,"3,2"
"5844","Pump.Flow.Based.PAA.Dose + TSS..mg.L. + CODds..mg.L. + NSEC.Aerobic.SRT + NSEC.Effluent.TSS + NSEC.Effluent.NO5",0.343844063421745,0.789691294630206,"3,2"
"5845","Pump.Flow.Based.PAA.Dose + TSS..mg.L. + CODds..mg.L. + NSEC.Aerobic.SRT + NSEC.Effluent.TSS + NSEC.Effluent.Flow",0.255028077672109,0.83575135179902,"3,2"
"5846","Pump.Flow.Based.PAA.Dose + TSS..mg.L. + CODds..mg.L. + NSEC.Aerobic.SRT + NSEC.Effluent.NO5 + NSEC.Effluent.Flow",0.258286866207443,0.858912431438253,"3,2"
"5847","Pump.Flow.Based.PAA.Dose + TSS..mg.L. + CODds..mg.L. + NSEC.Effluent.NH3 + NSEC.Effluent.NO3 + NSEC.Effluent.OP",0.357967121367404,0.78153635116706,"3,2"
"5848","Pump.Flow.Based.PAA.Dose + TSS..mg.L. + CODds..mg.L. + NSEC.Effluent.NH3 + NSEC.Effluent.NO3 + NSEC.Effluent.TSS",0.305064065137816,0.756719080599842,"3,2"
"5849","Pump.Flow.Based.PAA.Dose + TSS..mg.L. + CODds..mg.L. + NSEC.Effluent.NH3 + NSEC.Effluent.NO3 + NSEC.Effluent.NO5",0.381814618072164,0.746498649095936,"3,2"
"5850","Pump.Flow.Based.PAA.Dose + TSS..mg.L. + CODds..mg.L. + NSEC.Effluent.NH3 + NSEC.Effluent.NO3 + NSEC.Effluent.Flow",0.125174859807802,0.802911472331584,"3,2"
"5851","Pump.Flow.Based.PAA.Dose + TSS..mg.L. + CODds..mg.L. + NSEC.Effluent.NH3 + NSEC.Effluent.OP + NSEC.Effluent.TSS",0.362284922227845,0.808496913882222,"3,2"
"5852","Pump.Flow.Based.PAA.Dose + TSS..mg.L. + CODds..mg.L. + NSEC.Effluent.NH3 + NSEC.Effluent.OP + NSEC.Effluent.NO5",0.420479048396695,0.825840077803696,"3,2"
"5853","Pump.Flow.Based.PAA.Dose + TSS..mg.L. + CODds..mg.L. + NSEC.Effluent.NH3 + NSEC.Effluent.OP + NSEC.Effluent.Flow",0.125694758475963,0.799318354185991,"3,2"
"5854","Pump.Flow.Based.PAA.Dose + TSS..mg.L. + CODds..mg.L. + NSEC.Effluent.NH3 + NSEC.Effluent.TSS + NSEC.Effluent.NO5",0.358874110404806,0.757362842538167,"3,2"
"5855","Pump.Flow.Based.PAA.Dose + TSS..mg.L. + CODds..mg.L. + NSEC.Effluent.NH3 + NSEC.Effluent.TSS + NSEC.Effluent.Flow",0.237939086239713,0.825813623091577,"3,2"
"5856","Pump.Flow.Based.PAA.Dose + TSS..mg.L. + CODds..mg.L. + NSEC.Effluent.NH3 + NSEC.Effluent.NO5 + NSEC.Effluent.Flow",0.101344024919653,0.82557543908218,"3,2"
"5857","Pump.Flow.Based.PAA.Dose + TSS..mg.L. + CODds..mg.L. + NSEC.Effluent.NO3 + NSEC.Effluent.OP + NSEC.Effluent.TSS",0.337358397468398,0.773336575806719,"3,2"
"5858","Pump.Flow.Based.PAA.Dose + TSS..mg.L. + CODds..mg.L. + NSEC.Effluent.NO3 + NSEC.Effluent.OP + NSEC.Effluent.NO5",0.285520036750471,0.793915878009965,"3,2"
"5859","Pump.Flow.Based.PAA.Dose + TSS..mg.L. + CODds..mg.L. + NSEC.Effluent.NO3 + NSEC.Effluent.OP + NSEC.Effluent.Flow",0.272848565876293,0.825651872394528,"3,2"
"5860","Pump.Flow.Based.PAA.Dose + TSS..mg.L. + CODds..mg.L. + NSEC.Effluent.NO3 + NSEC.Effluent.TSS + NSEC.Effluent.NO5",0.321934538130543,0.745715170385209,"3,2"
"5861","Pump.Flow.Based.PAA.Dose + TSS..mg.L. + CODds..mg.L. + NSEC.Effluent.NO3 + NSEC.Effluent.TSS + NSEC.Effluent.Flow",0.251646458864942,0.832732833221138,"3,2"
"5862","Pump.Flow.Based.PAA.Dose + TSS..mg.L. + CODds..mg.L. + NSEC.Effluent.NO3 + NSEC.Effluent.NO5 + NSEC.Effluent.Flow",0.287618143777848,0.841455955880827,"3,2"
"5863","Pump.Flow.Based.PAA.Dose + TSS..mg.L. + CODds..mg.L. + NSEC.Effluent.OP + NSEC.Effluent.TSS + NSEC.Effluent.NO5",0.297819261423852,0.778537408159905,"3,2"
"5864","Pump.Flow.Based.PAA.Dose + TSS..mg.L. + CODds..mg.L. + NSEC.Effluent.OP + NSEC.Effluent.TSS + NSEC.Effluent.Flow",0.174466439530559,0.817659914402218,"3,2"
"5865","Pump.Flow.Based.PAA.Dose + TSS..mg.L. + CODds..mg.L. + NSEC.Effluent.OP + NSEC.Effluent.NO5 + NSEC.Effluent.Flow",0.302941746900641,0.824080007886951,"3,2"
"5866","Pump.Flow.Based.PAA.Dose + TSS..mg.L. + CODds..mg.L. + NSEC.Effluent.TSS + NSEC.Effluent.NO5 + NSEC.Effluent.Flow",0.186181992126801,0.825859908099087,"3,2"
"5867","Pump.Flow.Based.PAA.Dose + TSS..mg.L. + SACto..1.m. + NSEC.Aerobic.SRT + NSEC.Effluent.NH3 + NSEC.Effluent.NO3",0.275850392654163,0.775618361154756,"3,2"
"5868","Pump.Flow.Based.PAA.Dose + TSS..mg.L. + SACto..1.m. + NSEC.Aerobic.SRT + NSEC.Effluent.NH3 + NSEC.Effluent.OP",0.217543725467578,0.798348537251649,"3,2"
"5869","Pump.Flow.Based.PAA.Dose + TSS..mg.L. + SACto..1.m. + NSEC.Aerobic.SRT + NSEC.Effluent.NH3 + NSEC.Effluent.TSS",0.228450204821688,0.744084357760814,"3,2"
"5870","Pump.Flow.Based.PAA.Dose + TSS..mg.L. + SACto..1.m. + NSEC.Aerobic.SRT + NSEC.Effluent.NH3 + NSEC.Effluent.NO5",0.302199554400031,0.769587662310542,"3,2"
"5871","Pump.Flow.Based.PAA.Dose + TSS..mg.L. + SACto..1.m. + NSEC.Aerobic.SRT + NSEC.Effluent.NH3 + NSEC.Effluent.Flow",0.202506006314715,0.821371908188373,"3,2"
"5872","Pump.Flow.Based.PAA.Dose + TSS..mg.L. + SACto..1.m. + NSEC.Aerobic.SRT + NSEC.Effluent.NO3 + NSEC.Effluent.OP",0.279425698969237,0.808937405314207,"3,2"
"5873","Pump.Flow.Based.PAA.Dose + TSS..mg.L. + SACto..1.m. + NSEC.Aerobic.SRT + NSEC.Effluent.NO3 + NSEC.Effluent.TSS",0.245422518626031,0.760314570502143,"3,2"
"5874","Pump.Flow.Based.PAA.Dose + TSS..mg.L. + SACto..1.m. + NSEC.Aerobic.SRT + NSEC.Effluent.NO3 + NSEC.Effluent.NO5",0.251148400621144,0.755129509028037,"3,2"
"5875","Pump.Flow.Based.PAA.Dose + TSS..mg.L. + SACto..1.m. + NSEC.Aerobic.SRT + NSEC.Effluent.NO3 + NSEC.Effluent.Flow",0.214037049189193,0.827763846521374,"3,2"
"5876","Pump.Flow.Based.PAA.Dose + TSS..mg.L. + SACto..1.m. + NSEC.Aerobic.SRT + NSEC.Effluent.OP + NSEC.Effluent.TSS",0.260335631456453,0.794564558125674,"3,2"
"5877","Pump.Flow.Based.PAA.Dose + TSS..mg.L. + SACto..1.m. + NSEC.Aerobic.SRT + NSEC.Effluent.OP + NSEC.Effluent.NO5",0.24910948514917,0.762533952644566,"3,2"
"5878","Pump.Flow.Based.PAA.Dose + TSS..mg.L. + SACto..1.m. + NSEC.Aerobic.SRT + NSEC.Effluent.OP + NSEC.Effluent.Flow",0.195969731996027,0.837046358886112,"3,2"
"5879","Pump.Flow.Based.PAA.Dose + TSS..mg.L. + SACto..1.m. + NSEC.Aerobic.SRT + NSEC.Effluent.TSS + NSEC.Effluent.NO5",0.235504901355394,0.772883711753348,"3,2"
"5880","Pump.Flow.Based.PAA.Dose + TSS..mg.L. + SACto..1.m. + NSEC.Aerobic.SRT + NSEC.Effluent.TSS + NSEC.Effluent.Flow",0.14038461628547,0.837897169091172,"3,2"
"5881","Pump.Flow.Based.PAA.Dose + TSS..mg.L. + SACto..1.m. + NSEC.Aerobic.SRT + NSEC.Effluent.NO5 + NSEC.Effluent.Flow",0.216568099699531,0.850969668100559,"3,2"
"5882","Pump.Flow.Based.PAA.Dose + TSS..mg.L. + SACto..1.m. + NSEC.Effluent.NH3 + NSEC.Effluent.NO3 + NSEC.Effluent.OP",0.291987056571702,0.756410777377987,"3,2"
"5883","Pump.Flow.Based.PAA.Dose + TSS..mg.L. + SACto..1.m. + NSEC.Effluent.NH3 + NSEC.Effluent.NO3 + NSEC.Effluent.TSS",0.309715730713816,0.74248122410568,"3,2"
"5884","Pump.Flow.Based.PAA.Dose + TSS..mg.L. + SACto..1.m. + NSEC.Effluent.NH3 + NSEC.Effluent.NO3 + NSEC.Effluent.NO5",0.343823795310159,0.755095768827659,"3,2"
"5885","Pump.Flow.Based.PAA.Dose + TSS..mg.L. + SACto..1.m. + NSEC.Effluent.NH3 + NSEC.Effluent.NO3 + NSEC.Effluent.Flow",0.166634461625626,0.806912316160142,"3,2"
"5886","Pump.Flow.Based.PAA.Dose + TSS..mg.L. + SACto..1.m. + NSEC.Effluent.NH3 + NSEC.Effluent.OP + NSEC.Effluent.TSS",0.269972229014721,0.789744202439468,"3,2"
"5887","Pump.Flow.Based.PAA.Dose + TSS..mg.L. + SACto..1.m. + NSEC.Effluent.NH3 + NSEC.Effluent.OP + NSEC.Effluent.NO5",0.35629629411959,0.777727667785175,"3,2"
"5888","Pump.Flow.Based.PAA.Dose + TSS..mg.L. + SACto..1.m. + NSEC.Effluent.NH3 + NSEC.Effluent.OP + NSEC.Effluent.Flow",0.144146741105699,0.808700927504169,"3,2"
"5889","Pump.Flow.Based.PAA.Dose + TSS..mg.L. + SACto..1.m. + NSEC.Effluent.NH3 + NSEC.Effluent.TSS + NSEC.Effluent.NO5",0.387441588956026,0.781220852735946,"3,2"
"5890","Pump.Flow.Based.PAA.Dose + TSS..mg.L. + SACto..1.m. + NSEC.Effluent.NH3 + NSEC.Effluent.TSS + NSEC.Effluent.Flow",0.156207181799856,0.81840643360702,"3,2"
"5891","Pump.Flow.Based.PAA.Dose + TSS..mg.L. + SACto..1.m. + NSEC.Effluent.NH3 + NSEC.Effluent.NO5 + NSEC.Effluent.Flow",0.171203260140745,0.838473604983232,"3,2"
"5892","Pump.Flow.Based.PAA.Dose + TSS..mg.L. + SACto..1.m. + NSEC.Effluent.NO3 + NSEC.Effluent.OP + NSEC.Effluent.TSS",0.415467024014995,0.78762252482055,"3,2"
"5893","Pump.Flow.Based.PAA.Dose + TSS..mg.L. + SACto..1.m. + NSEC.Effluent.NO3 + NSEC.Effluent.OP + NSEC.Effluent.NO5",0.347932002850456,0.774956930585652,"3,2"
"5894","Pump.Flow.Based.PAA.Dose + TSS..mg.L. + SACto..1.m. + NSEC.Effluent.NO3 + NSEC.Effluent.OP + NSEC.Effluent.Flow",0.165651327938079,0.808743858298345,"3,2"
"5895","Pump.Flow.Based.PAA.Dose + TSS..mg.L. + SACto..1.m. + NSEC.Effluent.NO3 + NSEC.Effluent.TSS + NSEC.Effluent.NO5",0.245037329164153,0.799268455391582,"3,2"
"5896","Pump.Flow.Based.PAA.Dose + TSS..mg.L. + SACto..1.m. + NSEC.Effluent.NO3 + NSEC.Effluent.TSS + NSEC.Effluent.Flow",0.277344836726084,0.842900570413145,"3,2"
"5897","Pump.Flow.Based.PAA.Dose + TSS..mg.L. + SACto..1.m. + NSEC.Effluent.NO3 + NSEC.Effluent.NO5 + NSEC.Effluent.Flow",0.238104307617035,0.851076243868555,"3,2"
"5898","Pump.Flow.Based.PAA.Dose + TSS..mg.L. + SACto..1.m. + NSEC.Effluent.OP + NSEC.Effluent.TSS + NSEC.Effluent.NO5",0.299746514540681,0.790617824142119,"3,2"
"5899","Pump.Flow.Based.PAA.Dose + TSS..mg.L. + SACto..1.m. + NSEC.Effluent.OP + NSEC.Effluent.TSS + NSEC.Effluent.Flow",0.134341178773825,0.83824673276014,"3,2"
"5900","Pump.Flow.Based.PAA.Dose + TSS..mg.L. + SACto..1.m. + NSEC.Effluent.OP + NSEC.Effluent.NO5 + NSEC.Effluent.Flow",0.215382117115457,0.815546864235206,"3,2"
"5901","Pump.Flow.Based.PAA.Dose + TSS..mg.L. + SACto..1.m. + NSEC.Effluent.TSS + NSEC.Effluent.NO5 + NSEC.Effluent.Flow",0.232261265132574,0.836009675997449,"3,2"
"5902","Pump.Flow.Based.PAA.Dose + TSS..mg.L. + NSEC.Aerobic.SRT + NSEC.Effluent.NH3 + NSEC.Effluent.NO3 + NSEC.Effluent.OP",0.316297833332459,0.760764494584045,"3,2"
"5903","Pump.Flow.Based.PAA.Dose + TSS..mg.L. + NSEC.Aerobic.SRT + NSEC.Effluent.NH3 + NSEC.Effluent.NO3 + NSEC.Effluent.TSS",0.272195237260415,0.814590089413223,"3,2"
"5904","Pump.Flow.Based.PAA.Dose + TSS..mg.L. + NSEC.Aerobic.SRT + NSEC.Effluent.NH3 + NSEC.Effluent.NO3 + NSEC.Effluent.NO5",0.391388161157832,0.815931099346816,"3,2"
"5905","Pump.Flow.Based.PAA.Dose + TSS..mg.L. + NSEC.Aerobic.SRT + NSEC.Effluent.NH3 + NSEC.Effluent.NO3 + NSEC.Effluent.Flow",0.243895126811744,0.810610968039324,"3,2"
"5906","Pump.Flow.Based.PAA.Dose + TSS..mg.L. + NSEC.Aerobic.SRT + NSEC.Effluent.NH3 + NSEC.Effluent.OP + NSEC.Effluent.TSS",0.336138458352122,0.800925531713953,"3,2"
"5907","Pump.Flow.Based.PAA.Dose + TSS..mg.L. + NSEC.Aerobic.SRT + NSEC.Effluent.NH3 + NSEC.Effluent.OP + NSEC.Effluent.NO5",0.216640777683515,0.814401053056136,"3,2"
"5908","Pump.Flow.Based.PAA.Dose + TSS..mg.L. + NSEC.Aerobic.SRT + NSEC.Effluent.NH3 + NSEC.Effluent.OP + NSEC.Effluent.Flow",0.271428178339786,0.860169005645093,"3,2"
"5909","Pump.Flow.Based.PAA.Dose + TSS..mg.L. + NSEC.Aerobic.SRT + NSEC.Effluent.NH3 + NSEC.Effluent.TSS + NSEC.Effluent.NO5",0.319106519686909,0.743322704128269,"3,2"
"5910","Pump.Flow.Based.PAA.Dose + TSS..mg.L. + NSEC.Aerobic.SRT + NSEC.Effluent.NH3 + NSEC.Effluent.TSS + NSEC.Effluent.Flow",0.223736352659165,0.822101253869404,"3,2"
"5911","Pump.Flow.Based.PAA.Dose + TSS..mg.L. + NSEC.Aerobic.SRT + NSEC.Effluent.NH3 + NSEC.Effluent.NO5 + NSEC.Effluent.Flow",0.272176019067087,0.825958506539693,"3,2"
"5912","Pump.Flow.Based.PAA.Dose + TSS..mg.L. + NSEC.Aerobic.SRT + NSEC.Effluent.NO3 + NSEC.Effluent.OP + NSEC.Effluent.TSS",0.337514160919438,0.794196674954701,"3,2"
"5913","Pump.Flow.Based.PAA.Dose + TSS..mg.L. + NSEC.Aerobic.SRT + NSEC.Effluent.NO3 + NSEC.Effluent.OP + NSEC.Effluent.NO5",0.313338266795928,0.765776678751439,"3,2"
"5914","Pump.Flow.Based.PAA.Dose + TSS..mg.L. + NSEC.Aerobic.SRT + NSEC.Effluent.NO3 + NSEC.Effluent.OP + NSEC.Effluent.Flow",0.240378108618252,0.82164493295046,"3,2"
"5915","Pump.Flow.Based.PAA.Dose + TSS..mg.L. + NSEC.Aerobic.SRT + NSEC.Effluent.NO3 + NSEC.Effluent.TSS + NSEC.Effluent.NO5",0.245733831206856,0.75569547893212,"3,2"
"5916","Pump.Flow.Based.PAA.Dose + TSS..mg.L. + NSEC.Aerobic.SRT + NSEC.Effluent.NO3 + NSEC.Effluent.TSS + NSEC.Effluent.Flow",0.308456393585449,0.842471162423248,"3,2"
"5917","Pump.Flow.Based.PAA.Dose + TSS..mg.L. + NSEC.Aerobic.SRT + NSEC.Effluent.NO3 + NSEC.Effluent.NO5 + NSEC.Effluent.Flow",0.14082627939829,0.843979971529049,"3,2"
"5918","Pump.Flow.Based.PAA.Dose + TSS..mg.L. + NSEC.Aerobic.SRT + NSEC.Effluent.OP + NSEC.Effluent.TSS + NSEC.Effluent.NO5",0.27706124875694,0.778133170532734,"3,2"
"5919","Pump.Flow.Based.PAA.Dose + TSS..mg.L. + NSEC.Aerobic.SRT + NSEC.Effluent.OP + NSEC.Effluent.TSS + NSEC.Effluent.Flow",0.182877207234096,0.831753129160781,"3,2"
"5920","Pump.Flow.Based.PAA.Dose + TSS..mg.L. + NSEC.Aerobic.SRT + NSEC.Effluent.OP + NSEC.Effluent.NO5 + NSEC.Effluent.Flow",0.179958777474344,0.825518655452723,"3,2"
"5921","Pump.Flow.Based.PAA.Dose + TSS..mg.L. + NSEC.Aerobic.SRT + NSEC.Effluent.TSS + NSEC.Effluent.NO5 + NSEC.Effluent.Flow",0.326775907199726,0.83187851585323,"3,2"
"5922","Pump.Flow.Based.PAA.Dose + TSS..mg.L. + NSEC.Effluent.NH3 + NSEC.Effluent.NO3 + NSEC.Effluent.OP + NSEC.Effluent.TSS",0.364507720494309,0.746045621975513,"3,2"
"5923","Pump.Flow.Based.PAA.Dose + TSS..mg.L. + NSEC.Effluent.NH3 + NSEC.Effluent.NO3 + NSEC.Effluent.OP + NSEC.Effluent.NO5",0.353623730508179,0.786319010640985,"3,2"
"5924","Pump.Flow.Based.PAA.Dose + TSS..mg.L. + NSEC.Effluent.NH3 + NSEC.Effluent.NO3 + NSEC.Effluent.OP + NSEC.Effluent.Flow",0.182220705749829,0.81786509595621,"3,2"
"5925","Pump.Flow.Based.PAA.Dose + TSS..mg.L. + NSEC.Effluent.NH3 + NSEC.Effluent.NO3 + NSEC.Effluent.TSS + NSEC.Effluent.NO5",0.438296077431235,0.819775353380395,"3,2"
"5926","Pump.Flow.Based.PAA.Dose + TSS..mg.L. + NSEC.Effluent.NH3 + NSEC.Effluent.NO3 + NSEC.Effluent.TSS + NSEC.Effluent.Flow",0.286813069830878,0.825931084040782,"3,2"
"5927","Pump.Flow.Based.PAA.Dose + TSS..mg.L. + NSEC.Effluent.NH3 + NSEC.Effluent.NO3 + NSEC.Effluent.NO5 + NSEC.Effluent.Flow",0.200266157100653,0.833359490883646,"3,2"
"5928","Pump.Flow.Based.PAA.Dose + TSS..mg.L. + NSEC.Effluent.NH3 + NSEC.Effluent.OP + NSEC.Effluent.TSS + NSEC.Effluent.NO5",0.480947182754622,0.784858456959754,"3,2"
"5929","Pump.Flow.Based.PAA.Dose + TSS..mg.L. + NSEC.Effluent.NH3 + NSEC.Effluent.OP + NSEC.Effluent.TSS + NSEC.Effluent.Flow",0.273876063310413,0.830071898074098,"3,2"
"5930","Pump.Flow.Based.PAA.Dose + TSS..mg.L. + NSEC.Effluent.NH3 + NSEC.Effluent.OP + NSEC.Effluent.NO5 + NSEC.Effluent.Flow",0.237109809745295,0.814508288688101,"3,2"
"5931","Pump.Flow.Based.PAA.Dose + TSS..mg.L. + NSEC.Effluent.NH3 + NSEC.Effluent.TSS + NSEC.Effluent.NO5 + NSEC.Effluent.Flow",0.20972916461197,0.806117637472479,"3,2"
"5932","Pump.Flow.Based.PAA.Dose + TSS..mg.L. + NSEC.Effluent.NO3 + NSEC.Effluent.OP + NSEC.Effluent.TSS + NSEC.Effluent.NO5",0.412409918291913,0.775067372139859,"3,2"
"5933","Pump.Flow.Based.PAA.Dose + TSS..mg.L. + NSEC.Effluent.NO3 + NSEC.Effluent.OP + NSEC.Effluent.TSS + NSEC.Effluent.Flow",0.32878144013736,0.836457639672153,"3,2"
"5934","Pump.Flow.Based.PAA.Dose + TSS..mg.L. + NSEC.Effluent.NO3 + NSEC.Effluent.OP + NSEC.Effluent.NO5 + NSEC.Effluent.Flow",0.20094181138326,0.828618713344287,"3,2"
"5935","Pump.Flow.Based.PAA.Dose + TSS..mg.L. + NSEC.Effluent.NO3 + NSEC.Effluent.TSS + NSEC.Effluent.NO5 + NSEC.Effluent.Flow",0.309064245289988,0.857741052053467,"3,2"
"5936","Pump.Flow.Based.PAA.Dose + TSS..mg.L. + NSEC.Effluent.OP + NSEC.Effluent.TSS + NSEC.Effluent.NO5 + NSEC.Effluent.Flow",0.310100399303081,0.829127583141041,"3,2"
"5937","Pump.Flow.Based.PAA.Dose + UVT.... + CODds..mg.L. + SACto..1.m. + NSEC.Aerobic.SRT + NSEC.Effluent.NH3",0.313757038170599,0.745941951739619,"3,2"
"5938","Pump.Flow.Based.PAA.Dose + UVT.... + CODds..mg.L. + SACto..1.m. + NSEC.Aerobic.SRT + NSEC.Effluent.NO3",0.237843700249894,0.793164090841111,"3,2"
"5939","Pump.Flow.Based.PAA.Dose + UVT.... + CODds..mg.L. + SACto..1.m. + NSEC.Aerobic.SRT + NSEC.Effluent.OP",0.281752857880494,0.758164630942231,"3,2"
"5940","Pump.Flow.Based.PAA.Dose + UVT.... + CODds..mg.L. + SACto..1.m. + NSEC.Aerobic.SRT + NSEC.Effluent.TSS",0.252075096417687,0.71207646928459,"3,2"
"5941","Pump.Flow.Based.PAA.Dose + UVT.... + CODds..mg.L. + SACto..1.m. + NSEC.Aerobic.SRT + NSEC.Effluent.NO5",0.279654254819769,0.730635186268744,"3,2"
"5942","Pump.Flow.Based.PAA.Dose + UVT.... + CODds..mg.L. + SACto..1.m. + NSEC.Aerobic.SRT + NSEC.Effluent.Flow",0.24998705887511,0.828926319397824,"3,2"
"5943","Pump.Flow.Based.PAA.Dose + UVT.... + CODds..mg.L. + SACto..1.m. + NSEC.Effluent.NH3 + NSEC.Effluent.NO3",0.354039999971339,0.746784293496529,"3,2"
"5944","Pump.Flow.Based.PAA.Dose + UVT.... + CODds..mg.L. + SACto..1.m. + NSEC.Effluent.NH3 + NSEC.Effluent.OP",0.233020435099651,0.751535158397537,"3,2"
"5945","Pump.Flow.Based.PAA.Dose + UVT.... + CODds..mg.L. + SACto..1.m. + NSEC.Effluent.NH3 + NSEC.Effluent.TSS",0.324770818858785,0.704021553388407,"3,2"
"5946","Pump.Flow.Based.PAA.Dose + UVT.... + CODds..mg.L. + SACto..1.m. + NSEC.Effluent.NH3 + NSEC.Effluent.NO5",0.30759983664475,0.701975197438681,"3,2"
"5947","Pump.Flow.Based.PAA.Dose + UVT.... + CODds..mg.L. + SACto..1.m. + NSEC.Effluent.NH3 + NSEC.Effluent.Flow",0.166831379426989,0.793075895024773,"3,2"
"5948","Pump.Flow.Based.PAA.Dose + UVT.... + CODds..mg.L. + SACto..1.m. + NSEC.Effluent.NO3 + NSEC.Effluent.OP",0.328943670198997,0.747181595478718,"3,2"
"5949","Pump.Flow.Based.PAA.Dose + UVT.... + CODds..mg.L. + SACto..1.m. + NSEC.Effluent.NO3 + NSEC.Effluent.TSS",0.289360519487619,0.724588680184133,"3,2"
"5950","Pump.Flow.Based.PAA.Dose + UVT.... + CODds..mg.L. + SACto..1.m. + NSEC.Effluent.NO3 + NSEC.Effluent.NO5",0.461181693457848,0.821524153273214,"3,2"
"5951","Pump.Flow.Based.PAA.Dose + UVT.... + CODds..mg.L. + SACto..1.m. + NSEC.Effluent.NO3 + NSEC.Effluent.Flow",0.158844122612314,0.804077186103904,"3,2"
"5952","Pump.Flow.Based.PAA.Dose + UVT.... + CODds..mg.L. + SACto..1.m. + NSEC.Effluent.OP + NSEC.Effluent.TSS",0.306388105226296,0.75142256339241,"3,2"
"5953","Pump.Flow.Based.PAA.Dose + UVT.... + CODds..mg.L. + SACto..1.m. + NSEC.Effluent.OP + NSEC.Effluent.NO5",0.197512895124395,0.755121406687019,"3,2"
"5954","Pump.Flow.Based.PAA.Dose + UVT.... + CODds..mg.L. + SACto..1.m. + NSEC.Effluent.OP + NSEC.Effluent.Flow",0.252875204477577,0.82965651233409,"3,2"
"5955","Pump.Flow.Based.PAA.Dose + UVT.... + CODds..mg.L. + SACto..1.m. + NSEC.Effluent.TSS + NSEC.Effluent.NO5",0.356189183637564,0.760158420910064,"3,2"
"5956","Pump.Flow.Based.PAA.Dose + UVT.... + CODds..mg.L. + SACto..1.m. + NSEC.Effluent.TSS + NSEC.Effluent.Flow",0.263278412909757,0.831995273200484,"3,2"
"5957","Pump.Flow.Based.PAA.Dose + UVT.... + CODds..mg.L. + SACto..1.m. + NSEC.Effluent.NO5 + NSEC.Effluent.Flow",0.235756207277031,0.813392647539047,"3,2"
"5958","Pump.Flow.Based.PAA.Dose + UVT.... + CODds..mg.L. + NSEC.Aerobic.SRT + NSEC.Effluent.NH3 + NSEC.Effluent.NO3",0.25945577232178,0.77924147574402,"3,2"
"5959","Pump.Flow.Based.PAA.Dose + UVT.... + CODds..mg.L. + NSEC.Aerobic.SRT + NSEC.Effluent.NH3 + NSEC.Effluent.OP",0.270717279657386,0.764223151997467,"3,2"
"5960","Pump.Flow.Based.PAA.Dose + UVT.... + CODds..mg.L. + NSEC.Aerobic.SRT + NSEC.Effluent.NH3 + NSEC.Effluent.TSS",0.238356939799815,0.74901249384269,"3,2"
"5961","Pump.Flow.Based.PAA.Dose + UVT.... + CODds..mg.L. + NSEC.Aerobic.SRT + NSEC.Effluent.NH3 + NSEC.Effluent.NO5",0.199504733825955,0.717632479754839,"3,2"
"5962","Pump.Flow.Based.PAA.Dose + UVT.... + CODds..mg.L. + NSEC.Aerobic.SRT + NSEC.Effluent.NH3 + NSEC.Effluent.Flow",0.177596956833233,0.828487435810914,"3,2"
"5963","Pump.Flow.Based.PAA.Dose + UVT.... + CODds..mg.L. + NSEC.Aerobic.SRT + NSEC.Effluent.NO3 + NSEC.Effluent.OP",0.263781123551083,0.774597530586582,"3,2"
"5964","Pump.Flow.Based.PAA.Dose + UVT.... + CODds..mg.L. + NSEC.Aerobic.SRT + NSEC.Effluent.NO3 + NSEC.Effluent.TSS",0.337435737212846,0.759092209657214,"3,2"
"5965","Pump.Flow.Based.PAA.Dose + UVT.... + CODds..mg.L. + NSEC.Aerobic.SRT + NSEC.Effluent.NO3 + NSEC.Effluent.NO5",0.280097191227873,0.784690341539894,"3,2"
"5966","Pump.Flow.Based.PAA.Dose + UVT.... + CODds..mg.L. + NSEC.Aerobic.SRT + NSEC.Effluent.NO3 + NSEC.Effluent.Flow",0.221843535805681,0.859863751445263,"3,2"
"5967","Pump.Flow.Based.PAA.Dose + UVT.... + CODds..mg.L. + NSEC.Aerobic.SRT + NSEC.Effluent.OP + NSEC.Effluent.TSS",0.318792204867845,0.755784640740594,"3,2"
"5968","Pump.Flow.Based.PAA.Dose + UVT.... + CODds..mg.L. + NSEC.Aerobic.SRT + NSEC.Effluent.OP + NSEC.Effluent.NO5",0.377365657729325,0.796079116903892,"3,2"
"5969","Pump.Flow.Based.PAA.Dose + UVT.... + CODds..mg.L. + NSEC.Aerobic.SRT + NSEC.Effluent.OP + NSEC.Effluent.Flow",0.106483400425406,0.819700154883976,"3,2"
"5970","Pump.Flow.Based.PAA.Dose + UVT.... + CODds..mg.L. + NSEC.Aerobic.SRT + NSEC.Effluent.TSS + NSEC.Effluent.NO5",0.327822504129596,0.777230720938286,"3,2"
"5971","Pump.Flow.Based.PAA.Dose + UVT.... + CODds..mg.L. + NSEC.Aerobic.SRT + NSEC.Effluent.TSS + NSEC.Effluent.Flow",0.0651826742668073,0.815896011275437,"3,2"
"5972","Pump.Flow.Based.PAA.Dose + UVT.... + CODds..mg.L. + NSEC.Aerobic.SRT + NSEC.Effluent.NO5 + NSEC.Effluent.Flow",0.0990616144682859,0.831990308409215,"3,2"
"5973","Pump.Flow.Based.PAA.Dose + UVT.... + CODds..mg.L. + NSEC.Effluent.NH3 + NSEC.Effluent.NO3 + NSEC.Effluent.OP",0.272915704384557,0.724232519339281,"3,2"
"5974","Pump.Flow.Based.PAA.Dose + UVT.... + CODds..mg.L. + NSEC.Effluent.NH3 + NSEC.Effluent.NO3 + NSEC.Effluent.TSS",0.257193709412919,0.745764068459255,"3,2"
"5975","Pump.Flow.Based.PAA.Dose + UVT.... + CODds..mg.L. + NSEC.Effluent.NH3 + NSEC.Effluent.NO3 + NSEC.Effluent.NO5",0.330446570526839,0.7458274318664,"3,2"
"5976","Pump.Flow.Based.PAA.Dose + UVT.... + CODds..mg.L. + NSEC.Effluent.NH3 + NSEC.Effluent.NO3 + NSEC.Effluent.Flow",0.106485830830588,0.825229344234622,"3,2"
"5977","Pump.Flow.Based.PAA.Dose + UVT.... + CODds..mg.L. + NSEC.Effluent.NH3 + NSEC.Effluent.OP + NSEC.Effluent.TSS",0.210838183005486,0.72184305167818,"3,2"
"5978","Pump.Flow.Based.PAA.Dose + UVT.... + CODds..mg.L. + NSEC.Effluent.NH3 + NSEC.Effluent.OP + NSEC.Effluent.NO5",0.364739929658471,0.823277264058334,"3,2"
"5979","Pump.Flow.Based.PAA.Dose + UVT.... + CODds..mg.L. + NSEC.Effluent.NH3 + NSEC.Effluent.OP + NSEC.Effluent.Flow",0.208613376232017,0.813873843516866,"3,2"
"5980","Pump.Flow.Based.PAA.Dose + UVT.... + CODds..mg.L. + NSEC.Effluent.NH3 + NSEC.Effluent.TSS + NSEC.Effluent.NO5",0.246472802038959,0.750631378983178,"3,2"
"5981","Pump.Flow.Based.PAA.Dose + UVT.... + CODds..mg.L. + NSEC.Effluent.NH3 + NSEC.Effluent.TSS + NSEC.Effluent.Flow",0.166060592157923,0.82161513474217,"3,2"
"5982","Pump.Flow.Based.PAA.Dose + UVT.... + CODds..mg.L. + NSEC.Effluent.NH3 + NSEC.Effluent.NO5 + NSEC.Effluent.Flow",0.148533431914712,0.826440954826959,"3,2"
"5983","Pump.Flow.Based.PAA.Dose + UVT.... + CODds..mg.L. + NSEC.Effluent.NO3 + NSEC.Effluent.OP + NSEC.Effluent.TSS",0.264787716624912,0.754844377401285,"3,2"
"5984","Pump.Flow.Based.PAA.Dose + UVT.... + CODds..mg.L. + NSEC.Effluent.NO3 + NSEC.Effluent.OP + NSEC.Effluent.NO5",0.245055544985109,0.760698109782247,"3,2"
"5985","Pump.Flow.Based.PAA.Dose + UVT.... + CODds..mg.L. + NSEC.Effluent.NO3 + NSEC.Effluent.OP + NSEC.Effluent.Flow",0.184468117638797,0.81928125315486,"3,2"
"5986","Pump.Flow.Based.PAA.Dose + UVT.... + CODds..mg.L. + NSEC.Effluent.NO3 + NSEC.Effluent.TSS + NSEC.Effluent.NO5",0.349727814375164,0.76600449867327,"3,2"
"5987","Pump.Flow.Based.PAA.Dose + UVT.... + CODds..mg.L. + NSEC.Effluent.NO3 + NSEC.Effluent.TSS + NSEC.Effluent.Flow",0.114673516665861,0.810334771235589,"3,2"
"5988","Pump.Flow.Based.PAA.Dose + UVT.... + CODds..mg.L. + NSEC.Effluent.NO3 + NSEC.Effluent.NO5 + NSEC.Effluent.Flow",0.172395541982688,0.856153648241957,"3,2"
"5989","Pump.Flow.Based.PAA.Dose + UVT.... + CODds..mg.L. + NSEC.Effluent.OP + NSEC.Effluent.TSS + NSEC.Effluent.NO5",0.241228640703524,0.754721787389649,"3,2"
"5990","Pump.Flow.Based.PAA.Dose + UVT.... + CODds..mg.L. + NSEC.Effluent.OP + NSEC.Effluent.TSS + NSEC.Effluent.Flow",0.0770247273500959,0.813745990269534,"3,2"
"5991","Pump.Flow.Based.PAA.Dose + UVT.... + CODds..mg.L. + NSEC.Effluent.OP + NSEC.Effluent.NO5 + NSEC.Effluent.Flow",0.147706162224062,0.847076946065735,"3,2"
"5992","Pump.Flow.Based.PAA.Dose + UVT.... + CODds..mg.L. + NSEC.Effluent.TSS + NSEC.Effluent.NO5 + NSEC.Effluent.Flow",0.17454234036721,0.840610552510147,"3,2"
"5993","Pump.Flow.Based.PAA.Dose + UVT.... + SACto..1.m. + NSEC.Aerobic.SRT + NSEC.Effluent.NH3 + NSEC.Effluent.NO3",0.304974318688425,0.756551705111168,"3,2"
"5994","Pump.Flow.Based.PAA.Dose + UVT.... + SACto..1.m. + NSEC.Aerobic.SRT + NSEC.Effluent.NH3 + NSEC.Effluent.OP",0.341562891297575,0.799852871553133,"3,2"
"5995","Pump.Flow.Based.PAA.Dose + UVT.... + SACto..1.m. + NSEC.Aerobic.SRT + NSEC.Effluent.NH3 + NSEC.Effluent.TSS",0.229372468298601,0.765212562679044,"3,2"
"5996","Pump.Flow.Based.PAA.Dose + UVT.... + SACto..1.m. + NSEC.Aerobic.SRT + NSEC.Effluent.NH3 + NSEC.Effluent.NO5",0.310834431429028,0.718893564089421,"3,2"
"5997","Pump.Flow.Based.PAA.Dose + UVT.... + SACto..1.m. + NSEC.Aerobic.SRT + NSEC.Effluent.NH3 + NSEC.Effluent.Flow",0.106376075823221,0.833731166435669,"3,2"
"5998","Pump.Flow.Based.PAA.Dose + UVT.... + SACto..1.m. + NSEC.Aerobic.SRT + NSEC.Effluent.NO3 + NSEC.Effluent.OP",0.35428503613724,0.736548004827277,"3,2"
"5999","Pump.Flow.Based.PAA.Dose + UVT.... + SACto..1.m. + NSEC.Aerobic.SRT + NSEC.Effluent.NO3 + NSEC.Effluent.TSS",0.27904832742029,0.775550398407169,"3,2"
"6000","Pump.Flow.Based.PAA.Dose + UVT.... + SACto..1.m. + NSEC.Aerobic.SRT + NSEC.Effluent.NO3 + NSEC.Effluent.NO5",0.287039058205346,0.76094250929223,"3,2"
"6001","Pump.Flow.Based.PAA.Dose + UVT.... + SACto..1.m. + NSEC.Aerobic.SRT + NSEC.Effluent.NO3 + NSEC.Effluent.Flow",0.241103417949393,0.816663625766064,"3,2"
"6002","Pump.Flow.Based.PAA.Dose + UVT.... + SACto..1.m. + NSEC.Aerobic.SRT + NSEC.Effluent.OP + NSEC.Effluent.TSS",0.254406803345665,0.739351355436272,"3,2"
"6003","Pump.Flow.Based.PAA.Dose + UVT.... + SACto..1.m. + NSEC.Aerobic.SRT + NSEC.Effluent.OP + NSEC.Effluent.NO5",0.294218441989468,0.786097561898567,"3,2"
"6004","Pump.Flow.Based.PAA.Dose + UVT.... + SACto..1.m. + NSEC.Aerobic.SRT + NSEC.Effluent.OP + NSEC.Effluent.Flow",0.24114833979678,0.832802417932469,"3,2"
"6005","Pump.Flow.Based.PAA.Dose + UVT.... + SACto..1.m. + NSEC.Aerobic.SRT + NSEC.Effluent.TSS + NSEC.Effluent.NO5",0.279298803593666,0.756570739586631,"3,2"
"6006","Pump.Flow.Based.PAA.Dose + UVT.... + SACto..1.m. + NSEC.Aerobic.SRT + NSEC.Effluent.TSS + NSEC.Effluent.Flow",0.240937867640337,0.808458446740158,"3,2"
"6007","Pump.Flow.Based.PAA.Dose + UVT.... + SACto..1.m. + NSEC.Aerobic.SRT + NSEC.Effluent.NO5 + NSEC.Effluent.Flow",0.250433099008947,0.838226481188125,"3,2"
"6008","Pump.Flow.Based.PAA.Dose + UVT.... + SACto..1.m. + NSEC.Effluent.NH3 + NSEC.Effluent.NO3 + NSEC.Effluent.OP",0.305855657956786,0.770632401339336,"3,2"
"6009","Pump.Flow.Based.PAA.Dose + UVT.... + SACto..1.m. + NSEC.Effluent.NH3 + NSEC.Effluent.NO3 + NSEC.Effluent.TSS",0.402715334448582,0.77802293613964,"3,2"
"6010","Pump.Flow.Based.PAA.Dose + UVT.... + SACto..1.m. + NSEC.Effluent.NH3 + NSEC.Effluent.NO3 + NSEC.Effluent.NO5",0.373138369611139,0.78760711114948,"3,2"
"6011","Pump.Flow.Based.PAA.Dose + UVT.... + SACto..1.m. + NSEC.Effluent.NH3 + NSEC.Effluent.NO3 + NSEC.Effluent.Flow",0.170140084643637,0.801621036941536,"3,2"
"6012","Pump.Flow.Based.PAA.Dose + UVT.... + SACto..1.m. + NSEC.Effluent.NH3 + NSEC.Effluent.OP + NSEC.Effluent.TSS",0.301752782059078,0.774811279049466,"3,2"
"6013","Pump.Flow.Based.PAA.Dose + UVT.... + SACto..1.m. + NSEC.Effluent.NH3 + NSEC.Effluent.OP + NSEC.Effluent.NO5",0.276519367157776,0.771140909775775,"3,2"
"6014","Pump.Flow.Based.PAA.Dose + UVT.... + SACto..1.m. + NSEC.Effluent.NH3 + NSEC.Effluent.OP + NSEC.Effluent.Flow",0.167599884767401,0.832884074416109,"3,2"
"6015","Pump.Flow.Based.PAA.Dose + UVT.... + SACto..1.m. + NSEC.Effluent.NH3 + NSEC.Effluent.TSS + NSEC.Effluent.NO5",0.351380546927757,0.761883467934508,"3,2"
"6016","Pump.Flow.Based.PAA.Dose + UVT.... + SACto..1.m. + NSEC.Effluent.NH3 + NSEC.Effluent.TSS + NSEC.Effluent.Flow",0.218890202060541,0.801415578043543,"3,2"
"6017","Pump.Flow.Based.PAA.Dose + UVT.... + SACto..1.m. + NSEC.Effluent.NH3 + NSEC.Effluent.NO5 + NSEC.Effluent.Flow",0.174689489796613,0.807776022514031,"3,2"
"6018","Pump.Flow.Based.PAA.Dose + UVT.... + SACto..1.m. + NSEC.Effluent.NO3 + NSEC.Effluent.OP + NSEC.Effluent.TSS",0.321724508064696,0.746136939218251,"3,2"
"6019","Pump.Flow.Based.PAA.Dose + UVT.... + SACto..1.m. + NSEC.Effluent.NO3 + NSEC.Effluent.OP + NSEC.Effluent.NO5",0.194321727838245,0.0082270379756152,"3,2"
"6020","Pump.Flow.Based.PAA.Dose + UVT.... + SACto..1.m. + NSEC.Effluent.NO3 + NSEC.Effluent.OP + NSEC.Effluent.Flow",0.212027398601443,0.829939530842208,"3,2"
"6021","Pump.Flow.Based.PAA.Dose + UVT.... + SACto..1.m. + NSEC.Effluent.NO3 + NSEC.Effluent.TSS + NSEC.Effluent.NO5",0.357920537465013,0.766277790700264,"3,2"
"6022","Pump.Flow.Based.PAA.Dose + UVT.... + SACto..1.m. + NSEC.Effluent.NO3 + NSEC.Effluent.TSS + NSEC.Effluent.Flow",0.194724636437724,0.832461719662546,"3,2"
"6023","Pump.Flow.Based.PAA.Dose + UVT.... + SACto..1.m. + NSEC.Effluent.NO3 + NSEC.Effluent.NO5 + NSEC.Effluent.Flow",0.189660995401299,0.814214853422224,"3,2"
"6024","Pump.Flow.Based.PAA.Dose + UVT.... + SACto..1.m. + NSEC.Effluent.OP + NSEC.Effluent.TSS + NSEC.Effluent.NO5",0.399239035808331,0.791708354795348,"3,2"
"6025","Pump.Flow.Based.PAA.Dose + UVT.... + SACto..1.m. + NSEC.Effluent.OP + NSEC.Effluent.TSS + NSEC.Effluent.Flow",0.194120790094845,0.0092872731254672,"3,2"
"6026","Pump.Flow.Based.PAA.Dose + UVT.... + SACto..1.m. + NSEC.Effluent.OP + NSEC.Effluent.NO5 + NSEC.Effluent.Flow",0.172091695624014,0.801917717295049,"3,2"
"6027","Pump.Flow.Based.PAA.Dose + UVT.... + SACto..1.m. + NSEC.Effluent.TSS + NSEC.Effluent.NO5 + NSEC.Effluent.Flow",0.227537686241158,0.826227895687505,"3,2"
"6028","Pump.Flow.Based.PAA.Dose + UVT.... + NSEC.Aerobic.SRT + NSEC.Effluent.NH3 + NSEC.Effluent.NO3 + NSEC.Effluent.OP",0.289886623491591,0.787552701338842,"3,2"
"6029","Pump.Flow.Based.PAA.Dose + UVT.... + NSEC.Aerobic.SRT + NSEC.Effluent.NH3 + NSEC.Effluent.NO3 + NSEC.Effluent.TSS",0.242004757786813,0.729197925284386,"3,2"
"6030","Pump.Flow.Based.PAA.Dose + UVT.... + NSEC.Aerobic.SRT + NSEC.Effluent.NH3 + NSEC.Effluent.NO3 + NSEC.Effluent.NO5",0.294576900506953,0.748399508654695,"3,2"
"6031","Pump.Flow.Based.PAA.Dose + UVT.... + NSEC.Aerobic.SRT + NSEC.Effluent.NH3 + NSEC.Effluent.NO3 + NSEC.Effluent.Flow",0.21696044959422,0.838485670132989,"3,2"
"6032","Pump.Flow.Based.PAA.Dose + UVT.... + NSEC.Aerobic.SRT + NSEC.Effluent.NH3 + NSEC.Effluent.OP + NSEC.Effluent.TSS",0.346696959869177,0.763800180209373,"3,2"
"6033","Pump.Flow.Based.PAA.Dose + UVT.... + NSEC.Aerobic.SRT + NSEC.Effluent.NH3 + NSEC.Effluent.OP + NSEC.Effluent.NO5",0.323817451105032,0.768868365565736,"3,2"
"6034","Pump.Flow.Based.PAA.Dose + UVT.... + NSEC.Aerobic.SRT + NSEC.Effluent.NH3 + NSEC.Effluent.OP + NSEC.Effluent.Flow",0.223943813796862,0.799506183277962,"3,2"
"6035","Pump.Flow.Based.PAA.Dose + UVT.... + NSEC.Aerobic.SRT + NSEC.Effluent.NH3 + NSEC.Effluent.TSS + NSEC.Effluent.NO5",0.268725945278354,0.760643917539558,"3,2"
"6036","Pump.Flow.Based.PAA.Dose + UVT.... + NSEC.Aerobic.SRT + NSEC.Effluent.NH3 + NSEC.Effluent.TSS + NSEC.Effluent.Flow",0.205307210229856,0.822043338682247,"3,2"
"6037","Pump.Flow.Based.PAA.Dose + UVT.... + NSEC.Aerobic.SRT + NSEC.Effluent.NH3 + NSEC.Effluent.NO5 + NSEC.Effluent.Flow",0.224678657090492,0.838328273915695,"3,2"
"6038","Pump.Flow.Based.PAA.Dose + UVT.... + NSEC.Aerobic.SRT + NSEC.Effluent.NO3 + NSEC.Effluent.OP + NSEC.Effluent.TSS",0.2571268288402,0.729599886177548,"3,2"
"6039","Pump.Flow.Based.PAA.Dose + UVT.... + NSEC.Aerobic.SRT + NSEC.Effluent.NO3 + NSEC.Effluent.OP + NSEC.Effluent.NO5",0.271479056053078,0.790479704129781,"3,2"
"6040","Pump.Flow.Based.PAA.Dose + UVT.... + NSEC.Aerobic.SRT + NSEC.Effluent.NO3 + NSEC.Effluent.OP + NSEC.Effluent.Flow",0.284223525143502,0.840833000363895,"3,2"
"6041","Pump.Flow.Based.PAA.Dose + UVT.... + NSEC.Aerobic.SRT + NSEC.Effluent.NO3 + NSEC.Effluent.TSS + NSEC.Effluent.NO5",0.275495604911015,0.737824028028948,"3,2"
"6042","Pump.Flow.Based.PAA.Dose + UVT.... + NSEC.Aerobic.SRT + NSEC.Effluent.NO3 + NSEC.Effluent.TSS + NSEC.Effluent.Flow",0.320491779398453,0.819937907525127,"3,2"
"6043","Pump.Flow.Based.PAA.Dose + UVT.... + NSEC.Aerobic.SRT + NSEC.Effluent.NO3 + NSEC.Effluent.NO5 + NSEC.Effluent.Flow",0.187442083207501,0.823327507578445,"3,2"
"6044","Pump.Flow.Based.PAA.Dose + UVT.... + NSEC.Aerobic.SRT + NSEC.Effluent.OP + NSEC.Effluent.TSS + NSEC.Effluent.NO5",0.223152529278924,0.781916744009455,"3,2"
"6045","Pump.Flow.Based.PAA.Dose + UVT.... + NSEC.Aerobic.SRT + NSEC.Effluent.OP + NSEC.Effluent.TSS + NSEC.Effluent.Flow",0.251586602712358,0.815170946339697,"3,2"
"6046","Pump.Flow.Based.PAA.Dose + UVT.... + NSEC.Aerobic.SRT + NSEC.Effluent.OP + NSEC.Effluent.NO5 + NSEC.Effluent.Flow",0.225691791488681,0.826607521554068,"3,2"
"6047","Pump.Flow.Based.PAA.Dose + UVT.... + NSEC.Aerobic.SRT + NSEC.Effluent.TSS + NSEC.Effluent.NO5 + NSEC.Effluent.Flow",0.156395584196425,0.800223685761979,"3,2"
"6048","Pump.Flow.Based.PAA.Dose + UVT.... + NSEC.Effluent.NH3 + NSEC.Effluent.NO3 + NSEC.Effluent.OP + NSEC.Effluent.TSS",0.440687876128588,0.758793954430174,"3,2"
"6049","Pump.Flow.Based.PAA.Dose + UVT.... + NSEC.Effluent.NH3 + NSEC.Effluent.NO3 + NSEC.Effluent.OP + NSEC.Effluent.NO5",0.33728378228037,0.747426362177961,"3,2"
"6050","Pump.Flow.Based.PAA.Dose + UVT.... + NSEC.Effluent.NH3 + NSEC.Effluent.NO3 + NSEC.Effluent.OP + NSEC.Effluent.Flow",0.211176428338245,0.840900042486481,"3,2"
"6051","Pump.Flow.Based.PAA.Dose + UVT.... + NSEC.Effluent.NH3 + NSEC.Effluent.NO3 + NSEC.Effluent.TSS + NSEC.Effluent.NO5",0.365169950018429,0.73633454328804,"3,2"
"6052","Pump.Flow.Based.PAA.Dose + UVT.... + NSEC.Effluent.NH3 + NSEC.Effluent.NO3 + NSEC.Effluent.TSS + NSEC.Effluent.Flow",0.200155163822794,0.813036981442714,"3,2"
"6053","Pump.Flow.Based.PAA.Dose + UVT.... + NSEC.Effluent.NH3 + NSEC.Effluent.NO3 + NSEC.Effluent.NO5 + NSEC.Effluent.Flow",0.205021876185352,0.831439945286195,"3,2"
"6054","Pump.Flow.Based.PAA.Dose + UVT.... + NSEC.Effluent.NH3 + NSEC.Effluent.OP + NSEC.Effluent.TSS + NSEC.Effluent.NO5",0.329828867501388,0.775349109611186,"3,2"
"6055","Pump.Flow.Based.PAA.Dose + UVT.... + NSEC.Effluent.NH3 + NSEC.Effluent.OP + NSEC.Effluent.TSS + NSEC.Effluent.Flow",0.240626067230218,0.827509726789668,"3,2"
"6056","Pump.Flow.Based.PAA.Dose + UVT.... + NSEC.Effluent.NH3 + NSEC.Effluent.OP + NSEC.Effluent.NO5 + NSEC.Effluent.Flow",0.182052187769759,0.840997396669386,"3,2"
"6057","Pump.Flow.Based.PAA.Dose + UVT.... + NSEC.Effluent.NH3 + NSEC.Effluent.TSS + NSEC.Effluent.NO5 + NSEC.Effluent.Flow",0.157540319954879,0.819952823199517,"3,2"
"6058","Pump.Flow.Based.PAA.Dose + UVT.... + NSEC.Effluent.NO3 + NSEC.Effluent.OP + NSEC.Effluent.TSS + NSEC.Effluent.NO5",0.282136742062838,0.76245346485473,"3,2"
"6059","Pump.Flow.Based.PAA.Dose + UVT.... + NSEC.Effluent.NO3 + NSEC.Effluent.OP + NSEC.Effluent.TSS + NSEC.Effluent.Flow",0.232810297043111,0.837819591026762,"3,2"
"6060","Pump.Flow.Based.PAA.Dose + UVT.... + NSEC.Effluent.NO3 + NSEC.Effluent.OP + NSEC.Effluent.NO5 + NSEC.Effluent.Flow",0.164930023299398,0.817207156431293,"3,2"
"6061","Pump.Flow.Based.PAA.Dose + UVT.... + NSEC.Effluent.NO3 + NSEC.Effluent.TSS + NSEC.Effluent.NO5 + NSEC.Effluent.Flow",0.23014029394338,0.825137918165463,"3,2"
"6062","Pump.Flow.Based.PAA.Dose + UVT.... + NSEC.Effluent.OP + NSEC.Effluent.TSS + NSEC.Effluent.NO5 + NSEC.Effluent.Flow",0.182427623073742,0.816375335171687,"3,2"
"6063","Pump.Flow.Based.PAA.Dose + CODds..mg.L. + SACto..1.m. + NSEC.Aerobic.SRT + NSEC.Effluent.NH3 + NSEC.Effluent.NO3",0.254355354126186,0.728783735751023,"3,2"
"6064","Pump.Flow.Based.PAA.Dose + CODds..mg.L. + SACto..1.m. + NSEC.Aerobic.SRT + NSEC.Effluent.NH3 + NSEC.Effluent.OP",0.308597055233318,0.786476228063734,"3,2"
"6065","Pump.Flow.Based.PAA.Dose + CODds..mg.L. + SACto..1.m. + NSEC.Aerobic.SRT + NSEC.Effluent.NH3 + NSEC.Effluent.TSS",0.246410805596995,0.750169621663846,"3,2"
"6066","Pump.Flow.Based.PAA.Dose + CODds..mg.L. + SACto..1.m. + NSEC.Aerobic.SRT + NSEC.Effluent.NH3 + NSEC.Effluent.NO5",0.162586031184107,0.814785400415279,"3,2"
"6067","Pump.Flow.Based.PAA.Dose + CODds..mg.L. + SACto..1.m. + NSEC.Aerobic.SRT + NSEC.Effluent.NH3 + NSEC.Effluent.Flow",0.141619833889333,0.824925622770578,"3,2"
"6068","Pump.Flow.Based.PAA.Dose + CODds..mg.L. + SACto..1.m. + NSEC.Aerobic.SRT + NSEC.Effluent.NO3 + NSEC.Effluent.OP",0.286655162531686,0.730167828007221,"3,2"
"6069","Pump.Flow.Based.PAA.Dose + CODds..mg.L. + SACto..1.m. + NSEC.Aerobic.SRT + NSEC.Effluent.NO3 + NSEC.Effluent.TSS",0.288182419170535,0.720160557398643,"3,2"
"6070","Pump.Flow.Based.PAA.Dose + CODds..mg.L. + SACto..1.m. + NSEC.Aerobic.SRT + NSEC.Effluent.NO3 + NSEC.Effluent.NO5",0.258175475177482,0.73330302525709,"3,2"
"6071","Pump.Flow.Based.PAA.Dose + CODds..mg.L. + SACto..1.m. + NSEC.Aerobic.SRT + NSEC.Effluent.NO3 + NSEC.Effluent.Flow",0.181247087284046,0.850590448484967,"3,2"
"6072","Pump.Flow.Based.PAA.Dose + CODds..mg.L. + SACto..1.m. + NSEC.Aerobic.SRT + NSEC.Effluent.OP + NSEC.Effluent.TSS",0.175800962045048,0.796088486697138,"3,2"
"6073","Pump.Flow.Based.PAA.Dose + CODds..mg.L. + SACto..1.m. + NSEC.Aerobic.SRT + NSEC.Effluent.OP + NSEC.Effluent.NO5",0.346370193565589,0.758793666413892,"3,2"
"6074","Pump.Flow.Based.PAA.Dose + CODds..mg.L. + SACto..1.m. + NSEC.Aerobic.SRT + NSEC.Effluent.OP + NSEC.Effluent.Flow",0.128944138918171,0.813763779424223,"3,2"
"6075","Pump.Flow.Based.PAA.Dose + CODds..mg.L. + SACto..1.m. + NSEC.Aerobic.SRT + NSEC.Effluent.TSS + NSEC.Effluent.NO5",0.313096494259642,0.755407539906424,"3,2"
"6076","Pump.Flow.Based.PAA.Dose + CODds..mg.L. + SACto..1.m. + NSEC.Aerobic.SRT + NSEC.Effluent.TSS + NSEC.Effluent.Flow",0.153144909260724,0.821140568143154,"3,2"
"6077","Pump.Flow.Based.PAA.Dose + CODds..mg.L. + SACto..1.m. + NSEC.Aerobic.SRT + NSEC.Effluent.NO5 + NSEC.Effluent.Flow",0.249274156318018,0.856171792682852,"3,2"
"6078","Pump.Flow.Based.PAA.Dose + CODds..mg.L. + SACto..1.m. + NSEC.Effluent.NH3 + NSEC.Effluent.NO3 + NSEC.Effluent.OP",0.318591588384188,0.78371566545801,"3,2"
"6079","Pump.Flow.Based.PAA.Dose + CODds..mg.L. + SACto..1.m. + NSEC.Effluent.NH3 + NSEC.Effluent.NO3 + NSEC.Effluent.TSS",0.332107541007203,0.759573851567147,"3,2"
"6080","Pump.Flow.Based.PAA.Dose + CODds..mg.L. + SACto..1.m. + NSEC.Effluent.NH3 + NSEC.Effluent.NO3 + NSEC.Effluent.NO5",0.321431296122327,0.733744115103803,"3,2"
"6081","Pump.Flow.Based.PAA.Dose + CODds..mg.L. + SACto..1.m. + NSEC.Effluent.NH3 + NSEC.Effluent.NO3 + NSEC.Effluent.Flow",0.156511373615374,0.815929780793023,"3,2"
"6082","Pump.Flow.Based.PAA.Dose + CODds..mg.L. + SACto..1.m. + NSEC.Effluent.NH3 + NSEC.Effluent.OP + NSEC.Effluent.TSS",0.268171282824365,0.762893989724223,"3,2"
"6083","Pump.Flow.Based.PAA.Dose + CODds..mg.L. + SACto..1.m. + NSEC.Effluent.NH3 + NSEC.Effluent.OP + NSEC.Effluent.NO5",0.371777123361315,0.825043955875055,"3,2"
"6084","Pump.Flow.Based.PAA.Dose + CODds..mg.L. + SACto..1.m. + NSEC.Effluent.NH3 + NSEC.Effluent.OP + NSEC.Effluent.Flow",0.0878201373298602,0.810720157715381,"3,2"
"6085","Pump.Flow.Based.PAA.Dose + CODds..mg.L. + SACto..1.m. + NSEC.Effluent.NH3 + NSEC.Effluent.TSS + NSEC.Effluent.NO5",0.284685919545546,0.800155283604459,"3,2"
"6086","Pump.Flow.Based.PAA.Dose + CODds..mg.L. + SACto..1.m. + NSEC.Effluent.NH3 + NSEC.Effluent.TSS + NSEC.Effluent.Flow",0.0830527946121191,0.821258121601623,"3,2"
"6087","Pump.Flow.Based.PAA.Dose + CODds..mg.L. + SACto..1.m. + NSEC.Effluent.NH3 + NSEC.Effluent.NO5 + NSEC.Effluent.Flow",0.153422049439143,0.809634182899481,"3,2"
"6088","Pump.Flow.Based.PAA.Dose + CODds..mg.L. + SACto..1.m. + NSEC.Effluent.NO3 + NSEC.Effluent.OP + NSEC.Effluent.TSS",0.304206781918269,0.732260305360025,"3,2"
"6089","Pump.Flow.Based.PAA.Dose + CODds..mg.L. + SACto..1.m. + NSEC.Effluent.NO3 + NSEC.Effluent.OP + NSEC.Effluent.NO5",0.307846420959248,0.777694194930428,"3,2"
"6090","Pump.Flow.Based.PAA.Dose + CODds..mg.L. + SACto..1.m. + NSEC.Effluent.NO3 + NSEC.Effluent.OP + NSEC.Effluent.Flow",0.281336522137371,0.838272792675473,"3,2"
"6091","Pump.Flow.Based.PAA.Dose + CODds..mg.L. + SACto..1.m. + NSEC.Effluent.NO3 + NSEC.Effluent.TSS + NSEC.Effluent.NO5",0.307333393298559,0.749751546149891,"3,2"
"6092","Pump.Flow.Based.PAA.Dose + CODds..mg.L. + SACto..1.m. + NSEC.Effluent.NO3 + NSEC.Effluent.TSS + NSEC.Effluent.Flow",0.219546353082999,0.844442053819476,"3,2"
"6093","Pump.Flow.Based.PAA.Dose + CODds..mg.L. + SACto..1.m. + NSEC.Effluent.NO3 + NSEC.Effluent.NO5 + NSEC.Effluent.Flow",0.109967670906037,0.822462303559581,"3,2"
"6094","Pump.Flow.Based.PAA.Dose + CODds..mg.L. + SACto..1.m. + NSEC.Effluent.OP + NSEC.Effluent.TSS + NSEC.Effluent.NO5",0.282278170305758,0.771788858844351,"3,2"
"6095","Pump.Flow.Based.PAA.Dose + CODds..mg.L. + SACto..1.m. + NSEC.Effluent.OP + NSEC.Effluent.TSS + NSEC.Effluent.Flow",0.143036138110329,0.803735778858281,"3,2"
"6096","Pump.Flow.Based.PAA.Dose + CODds..mg.L. + SACto..1.m. + NSEC.Effluent.OP + NSEC.Effluent.NO5 + NSEC.Effluent.Flow",0.187812534531331,0.838766995276394,"3,2"
"6097","Pump.Flow.Based.PAA.Dose + CODds..mg.L. + SACto..1.m. + NSEC.Effluent.TSS + NSEC.Effluent.NO5 + NSEC.Effluent.Flow",0.16649673822945,0.839976138097948,"3,2"
"6098","Pump.Flow.Based.PAA.Dose + CODds..mg.L. + NSEC.Aerobic.SRT + NSEC.Effluent.NH3 + NSEC.Effluent.NO3 + NSEC.Effluent.OP",0.301343651317998,0.766451543045218,"3,2"
"6099","Pump.Flow.Based.PAA.Dose + CODds..mg.L. + NSEC.Aerobic.SRT + NSEC.Effluent.NH3 + NSEC.Effluent.NO3 + NSEC.Effluent.TSS",0.218670690457075,0.746920013819494,"3,2"
"6100","Pump.Flow.Based.PAA.Dose + CODds..mg.L. + NSEC.Aerobic.SRT + NSEC.Effluent.NH3 + NSEC.Effluent.NO3 + NSEC.Effluent.NO5",0.107358753067179,0.807658357300721,"3,2"
"6101","Pump.Flow.Based.PAA.Dose + CODds..mg.L. + NSEC.Aerobic.SRT + NSEC.Effluent.NH3 + NSEC.Effluent.NO3 + NSEC.Effluent.Flow",0.189277032154211,0.832075839549618,"3,2"
"6102","Pump.Flow.Based.PAA.Dose + CODds..mg.L. + NSEC.Aerobic.SRT + NSEC.Effluent.NH3 + NSEC.Effluent.OP + NSEC.Effluent.TSS",0.231451141816708,0.782426762657752,"3,2"
"6103","Pump.Flow.Based.PAA.Dose + CODds..mg.L. + NSEC.Aerobic.SRT + NSEC.Effluent.NH3 + NSEC.Effluent.OP + NSEC.Effluent.NO5",0.294730633957349,0.812314203520396,"3,2"
"6104","Pump.Flow.Based.PAA.Dose + CODds..mg.L. + NSEC.Aerobic.SRT + NSEC.Effluent.NH3 + NSEC.Effluent.OP + NSEC.Effluent.Flow",0.23701166764434,0.822866193877303,"3,2"
"6105","Pump.Flow.Based.PAA.Dose + CODds..mg.L. + NSEC.Aerobic.SRT + NSEC.Effluent.NH3 + NSEC.Effluent.TSS + NSEC.Effluent.NO5",0.284303075990211,0.745533323955274,"3,2"
"6106","Pump.Flow.Based.PAA.Dose + CODds..mg.L. + NSEC.Aerobic.SRT + NSEC.Effluent.NH3 + NSEC.Effluent.TSS + NSEC.Effluent.Flow",0.126627620012082,0.817061800529846,"3,2"
"6107","Pump.Flow.Based.PAA.Dose + CODds..mg.L. + NSEC.Aerobic.SRT + NSEC.Effluent.NH3 + NSEC.Effluent.NO5 + NSEC.Effluent.Flow",0.206460306944173,0.839491452793752,"3,2"
"6108","Pump.Flow.Based.PAA.Dose + CODds..mg.L. + NSEC.Aerobic.SRT + NSEC.Effluent.NO3 + NSEC.Effluent.OP + NSEC.Effluent.TSS",0.270524323590039,0.745221938956256,"3,2"
"6109","Pump.Flow.Based.PAA.Dose + CODds..mg.L. + NSEC.Aerobic.SRT + NSEC.Effluent.NO3 + NSEC.Effluent.OP + NSEC.Effluent.NO5",0.296030218649481,0.768683187941579,"3,2"
"6110","Pump.Flow.Based.PAA.Dose + CODds..mg.L. + NSEC.Aerobic.SRT + NSEC.Effluent.NO3 + NSEC.Effluent.OP + NSEC.Effluent.Flow",0.241565655557273,0.820984079725668,"3,2"
"6111","Pump.Flow.Based.PAA.Dose + CODds..mg.L. + NSEC.Aerobic.SRT + NSEC.Effluent.NO3 + NSEC.Effluent.TSS + NSEC.Effluent.NO5",0.253340258386163,0.751031592244993,"3,2"
"6112","Pump.Flow.Based.PAA.Dose + CODds..mg.L. + NSEC.Aerobic.SRT + NSEC.Effluent.NO3 + NSEC.Effluent.TSS + NSEC.Effluent.Flow",0.285527313075053,0.845791856623344,"3,2"
"6113","Pump.Flow.Based.PAA.Dose + CODds..mg.L. + NSEC.Aerobic.SRT + NSEC.Effluent.NO3 + NSEC.Effluent.NO5 + NSEC.Effluent.Flow",0.208620124608548,0.834183858915353,"3,2"
"6114","Pump.Flow.Based.PAA.Dose + CODds..mg.L. + NSEC.Aerobic.SRT + NSEC.Effluent.OP + NSEC.Effluent.TSS + NSEC.Effluent.NO5",0.282566415766415,0.785702691291049,"3,2"
"6115","Pump.Flow.Based.PAA.Dose + CODds..mg.L. + NSEC.Aerobic.SRT + NSEC.Effluent.OP + NSEC.Effluent.TSS + NSEC.Effluent.Flow",0.157238567291384,0.799455592793092,"3,2"
"6116","Pump.Flow.Based.PAA.Dose + CODds..mg.L. + NSEC.Aerobic.SRT + NSEC.Effluent.OP + NSEC.Effluent.NO5 + NSEC.Effluent.Flow",0.2780490128838,0.810161190029399,"3,2"
"6117","Pump.Flow.Based.PAA.Dose + CODds..mg.L. + NSEC.Aerobic.SRT + NSEC.Effluent.TSS + NSEC.Effluent.NO5 + NSEC.Effluent.Flow",0.287218825511797,0.839087041513926,"3,2"
"6118","Pump.Flow.Based.PAA.Dose + CODds..mg.L. + NSEC.Effluent.NH3 + NSEC.Effluent.NO3 + NSEC.Effluent.OP + NSEC.Effluent.TSS",0.350934039360084,0.742915668743148,"3,2"
"6119","Pump.Flow.Based.PAA.Dose + CODds..mg.L. + NSEC.Effluent.NH3 + NSEC.Effluent.NO3 + NSEC.Effluent.OP + NSEC.Effluent.NO5",0.35413563070765,0.75733007177797,"3,2"
"6120","Pump.Flow.Based.PAA.Dose + CODds..mg.L. + NSEC.Effluent.NH3 + NSEC.Effluent.NO3 + NSEC.Effluent.OP + NSEC.Effluent.Flow",0.258009159830126,0.79053739898495,"3,2"
"6121","Pump.Flow.Based.PAA.Dose + CODds..mg.L. + NSEC.Effluent.NH3 + NSEC.Effluent.NO3 + NSEC.Effluent.TSS + NSEC.Effluent.NO5",0.319215991334483,0.760566837942822,"3,2"
"6122","Pump.Flow.Based.PAA.Dose + CODds..mg.L. + NSEC.Effluent.NH3 + NSEC.Effluent.NO3 + NSEC.Effluent.TSS + NSEC.Effluent.Flow",0.171827403885895,0.821249513899638,"3,2"
"6123","Pump.Flow.Based.PAA.Dose + CODds..mg.L. + NSEC.Effluent.NH3 + NSEC.Effluent.NO3 + NSEC.Effluent.NO5 + NSEC.Effluent.Flow",0.214166929672754,0.829503078693386,"3,2"
"6124","Pump.Flow.Based.PAA.Dose + CODds..mg.L. + NSEC.Effluent.NH3 + NSEC.Effluent.OP + NSEC.Effluent.TSS + NSEC.Effluent.NO5",0.298502373989523,0.752361052262384,"3,2"
"6125","Pump.Flow.Based.PAA.Dose + CODds..mg.L. + NSEC.Effluent.NH3 + NSEC.Effluent.OP + NSEC.Effluent.TSS + NSEC.Effluent.Flow",0.210851620619798,0.821502345488782,"3,2"
"6126","Pump.Flow.Based.PAA.Dose + CODds..mg.L. + NSEC.Effluent.NH3 + NSEC.Effluent.OP + NSEC.Effluent.NO5 + NSEC.Effluent.Flow",0.301022886003305,0.834271564899843,"3,2"
"6127","Pump.Flow.Based.PAA.Dose + CODds..mg.L. + NSEC.Effluent.NH3 + NSEC.Effluent.TSS + NSEC.Effluent.NO5 + NSEC.Effluent.Flow",0.191027587726573,0.827917462403768,"3,2"
"6128","Pump.Flow.Based.PAA.Dose + CODds..mg.L. + NSEC.Effluent.NO3 + NSEC.Effluent.OP + NSEC.Effluent.TSS + NSEC.Effluent.NO5",0.29212020293672,0.765658683530116,"3,2"
"6129","Pump.Flow.Based.PAA.Dose + CODds..mg.L. + NSEC.Effluent.NO3 + NSEC.Effluent.OP + NSEC.Effluent.TSS + NSEC.Effluent.Flow",0.23288257032756,0.801903748923138,"3,2"
"6130","Pump.Flow.Based.PAA.Dose + CODds..mg.L. + NSEC.Effluent.NO3 + NSEC.Effluent.OP + NSEC.Effluent.NO5 + NSEC.Effluent.Flow",0.200878651552644,0.823428457148504,"3,2"
"6131","Pump.Flow.Based.PAA.Dose + CODds..mg.L. + NSEC.Effluent.NO3 + NSEC.Effluent.TSS + NSEC.Effluent.NO5 + NSEC.Effluent.Flow",0.200697181346011,0.812005788402252,"3,2"
"6132","Pump.Flow.Based.PAA.Dose + CODds..mg.L. + NSEC.Effluent.OP + NSEC.Effluent.TSS + NSEC.Effluent.NO5 + NSEC.Effluent.Flow",0.267601133200216,0.821748907888362,"3,2"
"6133","Pump.Flow.Based.PAA.Dose + SACto..1.m. + NSEC.Aerobic.SRT + NSEC.Effluent.NH3 + NSEC.Effluent.NO3 + NSEC.Effluent.OP",0.303660559289208,0.746006805920523,"3,2"
"6134","Pump.Flow.Based.PAA.Dose + SACto..1.m. + NSEC.Aerobic.SRT + NSEC.Effluent.NH3 + NSEC.Effluent.NO3 + NSEC.Effluent.TSS",0.299936366177622,0.762818389926024,"3,2"
"6135","Pump.Flow.Based.PAA.Dose + SACto..1.m. + NSEC.Aerobic.SRT + NSEC.Effluent.NH3 + NSEC.Effluent.NO3 + NSEC.Effluent.NO5",0.335104005122093,0.757699740727651,"3,2"
"6136","Pump.Flow.Based.PAA.Dose + SACto..1.m. + NSEC.Aerobic.SRT + NSEC.Effluent.NH3 + NSEC.Effluent.NO3 + NSEC.Effluent.Flow",0.275883114952609,0.835375032294256,"3,2"
"6137","Pump.Flow.Based.PAA.Dose + SACto..1.m. + NSEC.Aerobic.SRT + NSEC.Effluent.NH3 + NSEC.Effluent.OP + NSEC.Effluent.TSS",0.290308838724518,0.801745273993777,"3,2"
"6138","Pump.Flow.Based.PAA.Dose + SACto..1.m. + NSEC.Aerobic.SRT + NSEC.Effluent.NH3 + NSEC.Effluent.OP + NSEC.Effluent.NO5",0.286897866912238,0.780045340849786,"3,2"
"6139","Pump.Flow.Based.PAA.Dose + SACto..1.m. + NSEC.Aerobic.SRT + NSEC.Effluent.NH3 + NSEC.Effluent.OP + NSEC.Effluent.Flow",0.20778766332671,0.812014310612994,"3,2"
"6140","Pump.Flow.Based.PAA.Dose + SACto..1.m. + NSEC.Aerobic.SRT + NSEC.Effluent.NH3 + NSEC.Effluent.TSS + NSEC.Effluent.NO5",0.294018456500221,0.761804939964749,"3,2"
"6141","Pump.Flow.Based.PAA.Dose + SACto..1.m. + NSEC.Aerobic.SRT + NSEC.Effluent.NH3 + NSEC.Effluent.TSS + NSEC.Effluent.Flow",0.159399353711329,0.801244839005961,"3,2"
"6142","Pump.Flow.Based.PAA.Dose + SACto..1.m. + NSEC.Aerobic.SRT + NSEC.Effluent.NH3 + NSEC.Effluent.NO5 + NSEC.Effluent.Flow",0.156566460354604,0.813350761943844,"3,2"
"6143","Pump.Flow.Based.PAA.Dose + SACto..1.m. + NSEC.Aerobic.SRT + NSEC.Effluent.NO3 + NSEC.Effluent.OP + NSEC.Effluent.TSS",0.292525786286211,0.813663012670677,"3,2"
"6144","Pump.Flow.Based.PAA.Dose + SACto..1.m. + NSEC.Aerobic.SRT + NSEC.Effluent.NO3 + NSEC.Effluent.OP + NSEC.Effluent.NO5",0.312046601965405,0.803556355520247,"3,2"
"6145","Pump.Flow.Based.PAA.Dose + SACto..1.m. + NSEC.Aerobic.SRT + NSEC.Effluent.NO3 + NSEC.Effluent.OP + NSEC.Effluent.Flow",0.192448426334113,0.842664811053221,"3,2"
"6146","Pump.Flow.Based.PAA.Dose + SACto..1.m. + NSEC.Aerobic.SRT + NSEC.Effluent.NO3 + NSEC.Effluent.TSS + NSEC.Effluent.NO5",0.259128315442817,0.737682216768417,"3,2"
"6147","Pump.Flow.Based.PAA.Dose + SACto..1.m. + NSEC.Aerobic.SRT + NSEC.Effluent.NO3 + NSEC.Effluent.TSS + NSEC.Effluent.Flow",0.244563128273247,0.824982818129191,"3,2"
"6148","Pump.Flow.Based.PAA.Dose + SACto..1.m. + NSEC.Aerobic.SRT + NSEC.Effluent.NO3 + NSEC.Effluent.NO5 + NSEC.Effluent.Flow",0.163693826637808,0.856018587930582,"3,2"
"6149","Pump.Flow.Based.PAA.Dose + SACto..1.m. + NSEC.Aerobic.SRT + NSEC.Effluent.OP + NSEC.Effluent.TSS + NSEC.Effluent.NO5",0.191573265249638,0.802109525312065,"3,2"
"6150","Pump.Flow.Based.PAA.Dose + SACto..1.m. + NSEC.Aerobic.SRT + NSEC.Effluent.OP + NSEC.Effluent.TSS + NSEC.Effluent.Flow",0.123552162975697,0.790129702059144,"3,2"
"6151","Pump.Flow.Based.PAA.Dose + SACto..1.m. + NSEC.Aerobic.SRT + NSEC.Effluent.OP + NSEC.Effluent.NO5 + NSEC.Effluent.Flow",0.24017010494805,0.850353446226789,"3,2"
"6152","Pump.Flow.Based.PAA.Dose + SACto..1.m. + NSEC.Aerobic.SRT + NSEC.Effluent.TSS + NSEC.Effluent.NO5 + NSEC.Effluent.Flow",0.285607140048413,0.832656146237646,"3,2"
"6153","Pump.Flow.Based.PAA.Dose + SACto..1.m. + NSEC.Effluent.NH3 + NSEC.Effluent.NO3 + NSEC.Effluent.OP + NSEC.Effluent.TSS",0.434594467867277,0.79516894750042,"3,2"
"6154","Pump.Flow.Based.PAA.Dose + SACto..1.m. + NSEC.Effluent.NH3 + NSEC.Effluent.NO3 + NSEC.Effluent.OP + NSEC.Effluent.NO5",0.340840451932925,0.777878605657813,"3,2"
"6155","Pump.Flow.Based.PAA.Dose + SACto..1.m. + NSEC.Effluent.NH3 + NSEC.Effluent.NO3 + NSEC.Effluent.OP + NSEC.Effluent.Flow",0.171962793247721,0.798171622271854,"3,2"
"6156","Pump.Flow.Based.PAA.Dose + SACto..1.m. + NSEC.Effluent.NH3 + NSEC.Effluent.NO3 + NSEC.Effluent.TSS + NSEC.Effluent.NO5",0.366850476112906,0.734199489507339,"3,2"
"6157","Pump.Flow.Based.PAA.Dose + SACto..1.m. + NSEC.Effluent.NH3 + NSEC.Effluent.NO3 + NSEC.Effluent.TSS + NSEC.Effluent.Flow",0.171976175592663,0.83708799517592,"3,2"
"6158","Pump.Flow.Based.PAA.Dose + SACto..1.m. + NSEC.Effluent.NH3 + NSEC.Effluent.NO3 + NSEC.Effluent.NO5 + NSEC.Effluent.Flow",0.16380629701901,0.827528362417316,"3,2"
"6159","Pump.Flow.Based.PAA.Dose + SACto..1.m. + NSEC.Effluent.NH3 + NSEC.Effluent.OP + NSEC.Effluent.TSS + NSEC.Effluent.NO5",0.419177159837843,0.791776205397588,"3,2"
"6160","Pump.Flow.Based.PAA.Dose + SACto..1.m. + NSEC.Effluent.NH3 + NSEC.Effluent.OP + NSEC.Effluent.TSS + NSEC.Effluent.Flow",0.167615263457825,0.812401255610853,"3,2"
"6161","Pump.Flow.Based.PAA.Dose + SACto..1.m. + NSEC.Effluent.NH3 + NSEC.Effluent.OP + NSEC.Effluent.NO5 + NSEC.Effluent.Flow",0.218085797656641,0.838541657109723,"3,2"
"6162","Pump.Flow.Based.PAA.Dose + SACto..1.m. + NSEC.Effluent.NH3 + NSEC.Effluent.TSS + NSEC.Effluent.NO5 + NSEC.Effluent.Flow",0.219528922302036,0.81866113216425,"3,2"
"6163","Pump.Flow.Based.PAA.Dose + SACto..1.m. + NSEC.Effluent.NO3 + NSEC.Effluent.OP + NSEC.Effluent.TSS + NSEC.Effluent.NO5",0.37406055170797,0.766713267550946,"3,2"
"6164","Pump.Flow.Based.PAA.Dose + SACto..1.m. + NSEC.Effluent.NO3 + NSEC.Effluent.OP + NSEC.Effluent.TSS + NSEC.Effluent.Flow",0.206106247710736,0.853435688460079,"3,2"
"6165","Pump.Flow.Based.PAA.Dose + SACto..1.m. + NSEC.Effluent.NO3 + NSEC.Effluent.OP + NSEC.Effluent.NO5 + NSEC.Effluent.Flow",0.233136752190805,0.830638258155338,"3,2"
"6166","Pump.Flow.Based.PAA.Dose + SACto..1.m. + NSEC.Effluent.NO3 + NSEC.Effluent.TSS + NSEC.Effluent.NO5 + NSEC.Effluent.Flow",0.200131848634572,0.819546365113295,"3,2"
"6167","Pump.Flow.Based.PAA.Dose + SACto..1.m. + NSEC.Effluent.OP + NSEC.Effluent.TSS + NSEC.Effluent.NO5 + NSEC.Effluent.Flow",0.227993656971477,0.821507365291291,"3,2"
"6168","Pump.Flow.Based.PAA.Dose + NSEC.Aerobic.SRT + NSEC.Effluent.NH3 + NSEC.Effluent.NO3 + NSEC.Effluent.OP + NSEC.Effluent.TSS",0.325922506432632,0.759207170947056,"3,2"
"6169","Pump.Flow.Based.PAA.Dose + NSEC.Aerobic.SRT + NSEC.Effluent.NH3 + NSEC.Effluent.NO3 + NSEC.Effluent.OP + NSEC.Effluent.NO5",0.312412251668351,0.820211255798963,"3,2"
"6170","Pump.Flow.Based.PAA.Dose + NSEC.Aerobic.SRT + NSEC.Effluent.NH3 + NSEC.Effluent.NO3 + NSEC.Effluent.OP + NSEC.Effluent.Flow",0.236167336211573,0.817006943928069,"3,2"
"6171","Pump.Flow.Based.PAA.Dose + NSEC.Aerobic.SRT + NSEC.Effluent.NH3 + NSEC.Effluent.NO3 + NSEC.Effluent.TSS + NSEC.Effluent.NO5",0.276321609306855,0.769731850237992,"3,2"
"6172","Pump.Flow.Based.PAA.Dose + NSEC.Aerobic.SRT + NSEC.Effluent.NH3 + NSEC.Effluent.NO3 + NSEC.Effluent.TSS + NSEC.Effluent.Flow",0.25001253720797,0.823935445483556,"3,2"
"6173","Pump.Flow.Based.PAA.Dose + NSEC.Aerobic.SRT + NSEC.Effluent.NH3 + NSEC.Effluent.NO3 + NSEC.Effluent.NO5 + NSEC.Effluent.Flow",0.0491525358033003,0.843122788247573,"3,2"
"6174","Pump.Flow.Based.PAA.Dose + NSEC.Aerobic.SRT + NSEC.Effluent.NH3 + NSEC.Effluent.OP + NSEC.Effluent.TSS + NSEC.Effluent.NO5",0.27750959102321,0.787708085912701,"3,2"
"6175","Pump.Flow.Based.PAA.Dose + NSEC.Aerobic.SRT + NSEC.Effluent.NH3 + NSEC.Effluent.OP + NSEC.Effluent.TSS + NSEC.Effluent.Flow",0.283670828687055,0.822541815639566,"3,2"
"6176","Pump.Flow.Based.PAA.Dose + NSEC.Aerobic.SRT + NSEC.Effluent.NH3 + NSEC.Effluent.OP + NSEC.Effluent.NO5 + NSEC.Effluent.Flow",0.219383605731544,0.844761487192034,"3,2"
"6177","Pump.Flow.Based.PAA.Dose + NSEC.Aerobic.SRT + NSEC.Effluent.NH3 + NSEC.Effluent.TSS + NSEC.Effluent.NO5 + NSEC.Effluent.Flow",0.276016527306843,0.832022137493635,"3,2"
"6178","Pump.Flow.Based.PAA.Dose + NSEC.Aerobic.SRT + NSEC.Effluent.NO3 + NSEC.Effluent.OP + NSEC.Effluent.TSS + NSEC.Effluent.NO5",0.236350318933579,0.806770785785002,"3,2"
"6179","Pump.Flow.Based.PAA.Dose + NSEC.Aerobic.SRT + NSEC.Effluent.NO3 + NSEC.Effluent.OP + NSEC.Effluent.TSS + NSEC.Effluent.Flow",0.271810268530045,0.818661841628654,"3,2"
"6180","Pump.Flow.Based.PAA.Dose + NSEC.Aerobic.SRT + NSEC.Effluent.NO3 + NSEC.Effluent.OP + NSEC.Effluent.NO5 + NSEC.Effluent.Flow",0.186280573140085,0.850103693158939,"3,2"
"6181","Pump.Flow.Based.PAA.Dose + NSEC.Aerobic.SRT + NSEC.Effluent.NO3 + NSEC.Effluent.TSS + NSEC.Effluent.NO5 + NSEC.Effluent.Flow",0.227630405425011,0.827412026348959,"3,2"
"6182","Pump.Flow.Based.PAA.Dose + NSEC.Aerobic.SRT + NSEC.Effluent.OP + NSEC.Effluent.TSS + NSEC.Effluent.NO5 + NSEC.Effluent.Flow",0.254525188372098,0.815057844715401,"3,2"
"6183","Pump.Flow.Based.PAA.Dose + NSEC.Effluent.NH3 + NSEC.Effluent.NO3 + NSEC.Effluent.OP + NSEC.Effluent.TSS + NSEC.Effluent.NO5",0.381326524882095,0.794607194418694,"3,2"
"6184","Pump.Flow.Based.PAA.Dose + NSEC.Effluent.NH3 + NSEC.Effluent.NO3 + NSEC.Effluent.OP + NSEC.Effluent.TSS + NSEC.Effluent.Flow",0.204169827067602,0.851666062770821,"3,2"
"6185","Pump.Flow.Based.PAA.Dose + NSEC.Effluent.NH3 + NSEC.Effluent.NO3 + NSEC.Effluent.OP + NSEC.Effluent.NO5 + NSEC.Effluent.Flow",0.263348375750033,0.832188470359512,"3,2"
"6186","Pump.Flow.Based.PAA.Dose + NSEC.Effluent.NH3 + NSEC.Effluent.NO3 + NSEC.Effluent.TSS + NSEC.Effluent.NO5 + NSEC.Effluent.Flow",0.181661935608652,0.845717203879999,"3,2"
"6187","Pump.Flow.Based.PAA.Dose + NSEC.Effluent.NH3 + NSEC.Effluent.OP + NSEC.Effluent.TSS + NSEC.Effluent.NO5 + NSEC.Effluent.Flow",0.236447500603301,0.807322138398335,"3,2"
"6188","Pump.Flow.Based.PAA.Dose + NSEC.Effluent.NO3 + NSEC.Effluent.OP + NSEC.Effluent.TSS + NSEC.Effluent.NO5 + NSEC.Effluent.Flow",0.241023933674283,0.825506052134934,"3,2"
"6189","N..Eff..TSS.Conc. + Temp..of.NSEC.Main.Ch. + Temp..of.the.Atmos. + Secondary.Effluent.Flow + N..Basin.Outfall + CODto..mg.L.",0.122172489173212,0.451850666891458,"3,2"
"6190","N..Eff..TSS.Conc. + Temp..of.NSEC.Main.Ch. + Temp..of.the.Atmos. + Secondary.Effluent.Flow + N..Basin.Outfall + TSS..mg.L.",0.00970604187712532,0.51976379143897,"3,2"
"6191","N..Eff..TSS.Conc. + Temp..of.NSEC.Main.Ch. + Temp..of.the.Atmos. + Secondary.Effluent.Flow + N..Basin.Outfall + UVT....",0.0555504987012103,0.583152931923278,"3,2"
"6192","N..Eff..TSS.Conc. + Temp..of.NSEC.Main.Ch. + Temp..of.the.Atmos. + Secondary.Effluent.Flow + N..Basin.Outfall + CODds..mg.L.",0.0850060910638679,0.603801234888504,"3,2"
"6193","N..Eff..TSS.Conc. + Temp..of.NSEC.Main.Ch. + Temp..of.the.Atmos. + Secondary.Effluent.Flow + N..Basin.Outfall + SACto..1.m.",0.0538734213638981,0.576592671395635,"3,2"
"6194","N..Eff..TSS.Conc. + Temp..of.NSEC.Main.Ch. + Temp..of.the.Atmos. + Secondary.Effluent.Flow + N..Basin.Outfall + NSEC.Aerobic.SRT",0.209904710544437,0.713508943741185,"3,2"
"6195","N..Eff..TSS.Conc. + Temp..of.NSEC.Main.Ch. + Temp..of.the.Atmos. + Secondary.Effluent.Flow + N..Basin.Outfall + NSEC.Effluent.NH3",0.304706172156991,0.605232623615179,"3,2"
"6196","N..Eff..TSS.Conc. + Temp..of.NSEC.Main.Ch. + Temp..of.the.Atmos. + Secondary.Effluent.Flow + N..Basin.Outfall + NSEC.Effluent.NO3",0.193266736986726,0.158225016905385,"3,2"
"6197","N..Eff..TSS.Conc. + Temp..of.NSEC.Main.Ch. + Temp..of.the.Atmos. + Secondary.Effluent.Flow + N..Basin.Outfall + NSEC.Effluent.OP",0.295069195829602,0.646701703316144,"3,2"
"6198","N..Eff..TSS.Conc. + Temp..of.NSEC.Main.Ch. + Temp..of.the.Atmos. + Secondary.Effluent.Flow + N..Basin.Outfall + NSEC.Effluent.TSS",0.0066181232782192,0.373191966026543,"3,2"
"6199","N..Eff..TSS.Conc. + Temp..of.NSEC.Main.Ch. + Temp..of.the.Atmos. + Secondary.Effluent.Flow + N..Basin.Outfall + NSEC.Effluent.NO5",0.111045118481446,0.438256684531497,"3,2"
"6200","N..Eff..TSS.Conc. + Temp..of.NSEC.Main.Ch. + Temp..of.the.Atmos. + Secondary.Effluent.Flow + N..Basin.Outfall + NSEC.Effluent.Flow",0.118003392409804,0.428613520780801,"3,2"
"6201","N..Eff..TSS.Conc. + Temp..of.NSEC.Main.Ch. + Temp..of.the.Atmos. + Secondary.Effluent.Flow + CODto..mg.L. + TSS..mg.L.",0.265743889554193,0.704349938937578,"3,2"
"6202","N..Eff..TSS.Conc. + Temp..of.NSEC.Main.Ch. + Temp..of.the.Atmos. + Secondary.Effluent.Flow + CODto..mg.L. + UVT....",0.0436080958672058,0.664317749388111,"3,2"
"6203","N..Eff..TSS.Conc. + Temp..of.NSEC.Main.Ch. + Temp..of.the.Atmos. + Secondary.Effluent.Flow + CODto..mg.L. + CODds..mg.L.",0.276320302000126,0.689534386085545,"3,2"
"6204","N..Eff..TSS.Conc. + Temp..of.NSEC.Main.Ch. + Temp..of.the.Atmos. + Secondary.Effluent.Flow + CODto..mg.L. + SACto..1.m.",0.224179096965146,0.74064334919574,"3,2"
"6205","N..Eff..TSS.Conc. + Temp..of.NSEC.Main.Ch. + Temp..of.the.Atmos. + Secondary.Effluent.Flow + CODto..mg.L. + NSEC.Aerobic.SRT",0.00569913092372909,0.467057627760163,"3,2"
"6206","N..Eff..TSS.Conc. + Temp..of.NSEC.Main.Ch. + Temp..of.the.Atmos. + Secondary.Effluent.Flow + CODto..mg.L. + NSEC.Effluent.NH3",0.0777041926081212,0.575968641620506,"3,2"
"6207","N..Eff..TSS.Conc. + Temp..of.NSEC.Main.Ch. + Temp..of.the.Atmos. + Secondary.Effluent.Flow + CODto..mg.L. + NSEC.Effluent.NO3",0.0786140350453717,0.532550985724253,"3,2"
"6208","N..Eff..TSS.Conc. + Temp..of.NSEC.Main.Ch. + Temp..of.the.Atmos. + Secondary.Effluent.Flow + CODto..mg.L. + NSEC.Effluent.OP",0.0247605837738454,0.737944559758949,"3,2"
"6209","N..Eff..TSS.Conc. + Temp..of.NSEC.Main.Ch. + Temp..of.the.Atmos. + Secondary.Effluent.Flow + CODto..mg.L. + NSEC.Effluent.TSS",0.18103320090569,0.545925067833654,"3,2"
"6210","N..Eff..TSS.Conc. + Temp..of.NSEC.Main.Ch. + Temp..of.the.Atmos. + Secondary.Effluent.Flow + CODto..mg.L. + NSEC.Effluent.NO5",0.23716768408401,0.547484939911086,"3,2"
"6211","N..Eff..TSS.Conc. + Temp..of.NSEC.Main.Ch. + Temp..of.the.Atmos. + Secondary.Effluent.Flow + CODto..mg.L. + NSEC.Effluent.Flow",0.230894407338329,0.630448215693205,"3,2"
"6212","N..Eff..TSS.Conc. + Temp..of.NSEC.Main.Ch. + Temp..of.the.Atmos. + Secondary.Effluent.Flow + TSS..mg.L. + UVT....",0.117732771488403,0.711094512830358,"3,2"
"6213","N..Eff..TSS.Conc. + Temp..of.NSEC.Main.Ch. + Temp..of.the.Atmos. + Secondary.Effluent.Flow + TSS..mg.L. + CODds..mg.L.",0.117264536241081,0.626181430753908,"3,2"
"6214","N..Eff..TSS.Conc. + Temp..of.NSEC.Main.Ch. + Temp..of.the.Atmos. + Secondary.Effluent.Flow + TSS..mg.L. + SACto..1.m.",0.227506018634146,0.746777236399674,"3,2"
"6215","N..Eff..TSS.Conc. + Temp..of.NSEC.Main.Ch. + Temp..of.the.Atmos. + Secondary.Effluent.Flow + TSS..mg.L. + NSEC.Aerobic.SRT",0.00315575903323895,0.490011440235919,"3,2"
"6216","N..Eff..TSS.Conc. + Temp..of.NSEC.Main.Ch. + Temp..of.the.Atmos. + Secondary.Effluent.Flow + TSS..mg.L. + NSEC.Effluent.NH3",0.12657113228512,0.582190425977753,"3,2"
"6217","N..Eff..TSS.Conc. + Temp..of.NSEC.Main.Ch. + Temp..of.the.Atmos. + Secondary.Effluent.Flow + TSS..mg.L. + NSEC.Effluent.NO3",0.0346866454185002,0.777995986204868,"3,2"
"6218","N..Eff..TSS.Conc. + Temp..of.NSEC.Main.Ch. + Temp..of.the.Atmos. + Secondary.Effluent.Flow + TSS..mg.L. + NSEC.Effluent.OP",0.124750848682132,0.644765922196101,"3,2"
"6219","N..Eff..TSS.Conc. + Temp..of.NSEC.Main.Ch. + Temp..of.the.Atmos. + Secondary.Effluent.Flow + TSS..mg.L. + NSEC.Effluent.TSS",0.262061777386021,0.536113515889284,"3,2"
"6220","N..Eff..TSS.Conc. + Temp..of.NSEC.Main.Ch. + Temp..of.the.Atmos. + Secondary.Effluent.Flow + TSS..mg.L. + NSEC.Effluent.NO5",0.178167423715286,0.705098176466079,"3,2"
"6221","N..Eff..TSS.Conc. + Temp..of.NSEC.Main.Ch. + Temp..of.the.Atmos. + Secondary.Effluent.Flow + TSS..mg.L. + NSEC.Effluent.Flow",0.126557182785047,0.693112998524758,"3,2"
"6222","N..Eff..TSS.Conc. + Temp..of.NSEC.Main.Ch. + Temp..of.the.Atmos. + Secondary.Effluent.Flow + UVT.... + CODds..mg.L.",0.14805155818718,0.744735674549993,"3,2"
"6223","N..Eff..TSS.Conc. + Temp..of.NSEC.Main.Ch. + Temp..of.the.Atmos. + Secondary.Effluent.Flow + UVT.... + SACto..1.m.",0.0841069034366906,0.571896574040653,"3,2"
"6224","N..Eff..TSS.Conc. + Temp..of.NSEC.Main.Ch. + Temp..of.the.Atmos. + Secondary.Effluent.Flow + UVT.... + NSEC.Aerobic.SRT",0.00489314826702736,0.780508819878311,"3,2"
"6225","N..Eff..TSS.Conc. + Temp..of.NSEC.Main.Ch. + Temp..of.the.Atmos. + Secondary.Effluent.Flow + UVT.... + NSEC.Effluent.NH3",0.000720516124875115,0.713259118846929,"3,2"
"6226","N..Eff..TSS.Conc. + Temp..of.NSEC.Main.Ch. + Temp..of.the.Atmos. + Secondary.Effluent.Flow + UVT.... + NSEC.Effluent.NO3",0.0905335890551435,0.646479383438734,"3,2"
"6227","N..Eff..TSS.Conc. + Temp..of.NSEC.Main.Ch. + Temp..of.the.Atmos. + Secondary.Effluent.Flow + UVT.... + NSEC.Effluent.OP",0.329712990560711,0.601882370050688,"3,2"
"6228","N..Eff..TSS.Conc. + Temp..of.NSEC.Main.Ch. + Temp..of.the.Atmos. + Secondary.Effluent.Flow + UVT.... + NSEC.Effluent.TSS",0.201256821784792,0.68045298320964,"3,2"
"6229","N..Eff..TSS.Conc. + Temp..of.NSEC.Main.Ch. + Temp..of.the.Atmos. + Secondary.Effluent.Flow + UVT.... + NSEC.Effluent.NO5",0.0613933398145861,0.67180108097723,"3,2"
"6230","N..Eff..TSS.Conc. + Temp..of.NSEC.Main.Ch. + Temp..of.the.Atmos. + Secondary.Effluent.Flow + UVT.... + NSEC.Effluent.Flow",0.0288719177399712,0.623154986361426,"3,2"
"6231","N..Eff..TSS.Conc. + Temp..of.NSEC.Main.Ch. + Temp..of.the.Atmos. + Secondary.Effluent.Flow + CODds..mg.L. + SACto..1.m.",0.133530193897845,0.755597290338745,"3,2"
"6232","N..Eff..TSS.Conc. + Temp..of.NSEC.Main.Ch. + Temp..of.the.Atmos. + Secondary.Effluent.Flow + CODds..mg.L. + NSEC.Aerobic.SRT",0.286785525890904,0.802175760027546,"3,2"
"6233","N..Eff..TSS.Conc. + Temp..of.NSEC.Main.Ch. + Temp..of.the.Atmos. + Secondary.Effluent.Flow + CODds..mg.L. + NSEC.Effluent.NH3",0.095091216299902,0.625326832728283,"3,2"
"6234","N..Eff..TSS.Conc. + Temp..of.NSEC.Main.Ch. + Temp..of.the.Atmos. + Secondary.Effluent.Flow + CODds..mg.L. + NSEC.Effluent.NO3",0.221492141928002,0.600012831799557,"3,2"
"6235","N..Eff..TSS.Conc. + Temp..of.NSEC.Main.Ch. + Temp..of.the.Atmos. + Secondary.Effluent.Flow + CODds..mg.L. + NSEC.Effluent.OP",0.0407434473815633,0.665473469171688,"3,2"
"6236","N..Eff..TSS.Conc. + Temp..of.NSEC.Main.Ch. + Temp..of.the.Atmos. + Secondary.Effluent.Flow + CODds..mg.L. + NSEC.Effluent.TSS",0.195019730919228,0.709646638612364,"3,2"
"6237","N..Eff..TSS.Conc. + Temp..of.NSEC.Main.Ch. + Temp..of.the.Atmos. + Secondary.Effluent.Flow + CODds..mg.L. + NSEC.Effluent.NO5",0.147581764150554,0.620320329427837,"3,2"
"6238","N..Eff..TSS.Conc. + Temp..of.NSEC.Main.Ch. + Temp..of.the.Atmos. + Secondary.Effluent.Flow + CODds..mg.L. + NSEC.Effluent.Flow",0.10309426466635,0.639841181190806,"3,2"
"6239","N..Eff..TSS.Conc. + Temp..of.NSEC.Main.Ch. + Temp..of.the.Atmos. + Secondary.Effluent.Flow + SACto..1.m. + NSEC.Aerobic.SRT",0.0120920149160013,0.808037927957661,"3,2"
"6240","N..Eff..TSS.Conc. + Temp..of.NSEC.Main.Ch. + Temp..of.the.Atmos. + Secondary.Effluent.Flow + SACto..1.m. + NSEC.Effluent.NH3",0.0169934646435277,0.659825064860254,"3,2"
"6241","N..Eff..TSS.Conc. + Temp..of.NSEC.Main.Ch. + Temp..of.the.Atmos. + Secondary.Effluent.Flow + SACto..1.m. + NSEC.Effluent.NO3",0.0440145666677099,0.650809339265235,"3,2"
"6242","N..Eff..TSS.Conc. + Temp..of.NSEC.Main.Ch. + Temp..of.the.Atmos. + Secondary.Effluent.Flow + SACto..1.m. + NSEC.Effluent.OP",0.183238270267273,0.00204670922506609,"3,2"
"6243","N..Eff..TSS.Conc. + Temp..of.NSEC.Main.Ch. + Temp..of.the.Atmos. + Secondary.Effluent.Flow + SACto..1.m. + NSEC.Effluent.TSS",0.227960050213778,0.589707740268368,"3,2"
"6244","N..Eff..TSS.Conc. + Temp..of.NSEC.Main.Ch. + Temp..of.the.Atmos. + Secondary.Effluent.Flow + SACto..1.m. + NSEC.Effluent.NO5",0.380127839866765,0.651536039940219,"3,2"
"6245","N..Eff..TSS.Conc. + Temp..of.NSEC.Main.Ch. + Temp..of.the.Atmos. + Secondary.Effluent.Flow + SACto..1.m. + NSEC.Effluent.Flow",0.18632967084416,0.551975305923357,"3,2"
"6246","N..Eff..TSS.Conc. + Temp..of.NSEC.Main.Ch. + Temp..of.the.Atmos. + Secondary.Effluent.Flow + NSEC.Aerobic.SRT + NSEC.Effluent.NH3",0.0212369391225753,0.415034273737646,"3,2"
"6247","N..Eff..TSS.Conc. + Temp..of.NSEC.Main.Ch. + Temp..of.the.Atmos. + Secondary.Effluent.Flow + NSEC.Aerobic.SRT + NSEC.Effluent.NO3",0.362011985597002,0.643317559868084,"3,2"
"6248","N..Eff..TSS.Conc. + Temp..of.NSEC.Main.Ch. + Temp..of.the.Atmos. + Secondary.Effluent.Flow + NSEC.Aerobic.SRT + NSEC.Effluent.OP",0.0900747202436287,0.624929967836571,"3,2"
"6249","N..Eff..TSS.Conc. + Temp..of.NSEC.Main.Ch. + Temp..of.the.Atmos. + Secondary.Effluent.Flow + NSEC.Aerobic.SRT + NSEC.Effluent.TSS",0.151072741839411,0.789467506988254,"3,2"
"6250","N..Eff..TSS.Conc. + Temp..of.NSEC.Main.Ch. + Temp..of.the.Atmos. + Secondary.Effluent.Flow + NSEC.Aerobic.SRT + NSEC.Effluent.NO5",0.0151844751137611,0.400651579563442,"3,2"
"6251","N..Eff..TSS.Conc. + Temp..of.NSEC.Main.Ch. + Temp..of.the.Atmos. + Secondary.Effluent.Flow + NSEC.Aerobic.SRT + NSEC.Effluent.Flow",0.000686972698468624,0.415940594278346,"3,2"
"6252","N..Eff..TSS.Conc. + Temp..of.NSEC.Main.Ch. + Temp..of.the.Atmos. + Secondary.Effluent.Flow + NSEC.Effluent.NH3 + NSEC.Effluent.NO3",0.0655749105957575,0.618849960293931,"3,2"
"6253","N..Eff..TSS.Conc. + Temp..of.NSEC.Main.Ch. + Temp..of.the.Atmos. + Secondary.Effluent.Flow + NSEC.Effluent.NH3 + NSEC.Effluent.OP",0.463912121708621,0.723177565623351,"3,2"
"6254","N..Eff..TSS.Conc. + Temp..of.NSEC.Main.Ch. + Temp..of.the.Atmos. + Secondary.Effluent.Flow + NSEC.Effluent.NH3 + NSEC.Effluent.TSS",0.0153710715737723,0.369712796432037,"3,2"
"6255","N..Eff..TSS.Conc. + Temp..of.NSEC.Main.Ch. + Temp..of.the.Atmos. + Secondary.Effluent.Flow + NSEC.Effluent.NH3 + NSEC.Effluent.NO5",0.257924964929133,0.49886023431919,"3,2"
"6256","N..Eff..TSS.Conc. + Temp..of.NSEC.Main.Ch. + Temp..of.the.Atmos. + Secondary.Effluent.Flow + NSEC.Effluent.NH3 + NSEC.Effluent.Flow",0.182562410709321,0.70692512728885,"3,2"
"6257","N..Eff..TSS.Conc. + Temp..of.NSEC.Main.Ch. + Temp..of.the.Atmos. + Secondary.Effluent.Flow + NSEC.Effluent.NO3 + NSEC.Effluent.OP",0.257163401914977,0.626094460827489,"3,2"
"6258","N..Eff..TSS.Conc. + Temp..of.NSEC.Main.Ch. + Temp..of.the.Atmos. + Secondary.Effluent.Flow + NSEC.Effluent.NO3 + NSEC.Effluent.TSS",0.224195210952338,0.525867240188811,"3,2"
"6259","N..Eff..TSS.Conc. + Temp..of.NSEC.Main.Ch. + Temp..of.the.Atmos. + Secondary.Effluent.Flow + NSEC.Effluent.NO3 + NSEC.Effluent.NO5",0.14734910403426,0.645135294253287,"3,2"
"6260","N..Eff..TSS.Conc. + Temp..of.NSEC.Main.Ch. + Temp..of.the.Atmos. + Secondary.Effluent.Flow + NSEC.Effluent.NO3 + NSEC.Effluent.Flow",0.0799386035393459,0.556712166551207,"3,2"
"6261","N..Eff..TSS.Conc. + Temp..of.NSEC.Main.Ch. + Temp..of.the.Atmos. + Secondary.Effluent.Flow + NSEC.Effluent.OP + NSEC.Effluent.TSS",0.124729377376591,0.58090696772605,"3,2"
"6262","N..Eff..TSS.Conc. + Temp..of.NSEC.Main.Ch. + Temp..of.the.Atmos. + Secondary.Effluent.Flow + NSEC.Effluent.OP + NSEC.Effluent.NO5",0.154693470173284,0.672016202761969,"3,2"
"6263","N..Eff..TSS.Conc. + Temp..of.NSEC.Main.Ch. + Temp..of.the.Atmos. + Secondary.Effluent.Flow + NSEC.Effluent.OP + NSEC.Effluent.Flow",0.0945836294456583,0.565731173497118,"3,2"
"6264","N..Eff..TSS.Conc. + Temp..of.NSEC.Main.Ch. + Temp..of.the.Atmos. + Secondary.Effluent.Flow + NSEC.Effluent.TSS + NSEC.Effluent.NO5",0.0519243271879346,0.572920727458533,"3,2"
"6265","N..Eff..TSS.Conc. + Temp..of.NSEC.Main.Ch. + Temp..of.the.Atmos. + Secondary.Effluent.Flow + NSEC.Effluent.TSS + NSEC.Effluent.Flow",0.00764514088873902,0.379630716261704,"3,2"
"6266","N..Eff..TSS.Conc. + Temp..of.NSEC.Main.Ch. + Temp..of.the.Atmos. + Secondary.Effluent.Flow + NSEC.Effluent.NO5 + NSEC.Effluent.Flow",0.0832284223154856,0.422422404665625,"3,2"
"6267","N..Eff..TSS.Conc. + Temp..of.NSEC.Main.Ch. + Temp..of.the.Atmos. + N..Basin.Outfall + CODto..mg.L. + TSS..mg.L.",0.231236482253129,0.71491282908803,"3,2"
"6268","N..Eff..TSS.Conc. + Temp..of.NSEC.Main.Ch. + Temp..of.the.Atmos. + N..Basin.Outfall + CODto..mg.L. + UVT....",0.0567440088085176,0.712569304862176,"3,2"
"6269","N..Eff..TSS.Conc. + Temp..of.NSEC.Main.Ch. + Temp..of.the.Atmos. + N..Basin.Outfall + CODto..mg.L. + CODds..mg.L.",0.212497653647972,0.650605199143715,"3,2"
"6270","N..Eff..TSS.Conc. + Temp..of.NSEC.Main.Ch. + Temp..of.the.Atmos. + N..Basin.Outfall + CODto..mg.L. + SACto..1.m.",0.0471672741831912,0.738411630256876,"3,2"
"6271","N..Eff..TSS.Conc. + Temp..of.NSEC.Main.Ch. + Temp..of.the.Atmos. + N..Basin.Outfall + CODto..mg.L. + NSEC.Aerobic.SRT",0.345547143461835,0.796753698028164,"3,2"
"6272","N..Eff..TSS.Conc. + Temp..of.NSEC.Main.Ch. + Temp..of.the.Atmos. + N..Basin.Outfall + CODto..mg.L. + NSEC.Effluent.NH3",0.190860854622274,0.541101524097429,"3,2"
"6273","N..Eff..TSS.Conc. + Temp..of.NSEC.Main.Ch. + Temp..of.the.Atmos. + N..Basin.Outfall + CODto..mg.L. + NSEC.Effluent.NO3",0.218211809760145,0.631933846902456,"3,2"
"6274","N..Eff..TSS.Conc. + Temp..of.NSEC.Main.Ch. + Temp..of.the.Atmos. + N..Basin.Outfall + CODto..mg.L. + NSEC.Effluent.OP",0.176720141204558,0.604540996506303,"3,2"
"6275","N..Eff..TSS.Conc. + Temp..of.NSEC.Main.Ch. + Temp..of.the.Atmos. + N..Basin.Outfall + CODto..mg.L. + NSEC.Effluent.TSS",0.168628816263669,0.589548921512719,"3,2"
"6276","N..Eff..TSS.Conc. + Temp..of.NSEC.Main.Ch. + Temp..of.the.Atmos. + N..Basin.Outfall + CODto..mg.L. + NSEC.Effluent.NO5",0.0760071137163891,0.521037160290678,"3,2"
"6277","N..Eff..TSS.Conc. + Temp..of.NSEC.Main.Ch. + Temp..of.the.Atmos. + N..Basin.Outfall + CODto..mg.L. + NSEC.Effluent.Flow",0.0865783386081991,0.625818014650588,"3,2"
"6278","N..Eff..TSS.Conc. + Temp..of.NSEC.Main.Ch. + Temp..of.the.Atmos. + N..Basin.Outfall + TSS..mg.L. + UVT....",0.220196203119976,0.744900711593554,"3,2"
"6279","N..Eff..TSS.Conc. + Temp..of.NSEC.Main.Ch. + Temp..of.the.Atmos. + N..Basin.Outfall + TSS..mg.L. + CODds..mg.L.",0.0813599974695072,0.626007190853896,"3,2"
"6280","N..Eff..TSS.Conc. + Temp..of.NSEC.Main.Ch. + Temp..of.the.Atmos. + N..Basin.Outfall + TSS..mg.L. + SACto..1.m.",0.0446741819200707,0.783724275180419,"3,2"
"6281","N..Eff..TSS.Conc. + Temp..of.NSEC.Main.Ch. + Temp..of.the.Atmos. + N..Basin.Outfall + TSS..mg.L. + NSEC.Aerobic.SRT",0.030249009816925,0.406895052555714,"3,2"
"6282","N..Eff..TSS.Conc. + Temp..of.NSEC.Main.Ch. + Temp..of.the.Atmos. + N..Basin.Outfall + TSS..mg.L. + NSEC.Effluent.NH3",0.00280135359838307,0.465447495741034,"3,2"
"6283","N..Eff..TSS.Conc. + Temp..of.NSEC.Main.Ch. + Temp..of.the.Atmos. + N..Basin.Outfall + TSS..mg.L. + NSEC.Effluent.NO3",0.0753936860307598,0.508411978233906,"3,2"
"6284","N..Eff..TSS.Conc. + Temp..of.NSEC.Main.Ch. + Temp..of.the.Atmos. + N..Basin.Outfall + TSS..mg.L. + NSEC.Effluent.OP",0.106902593719616,0.601948830277387,"3,2"
"6285","N..Eff..TSS.Conc. + Temp..of.NSEC.Main.Ch. + Temp..of.the.Atmos. + N..Basin.Outfall + TSS..mg.L. + NSEC.Effluent.TSS",0.0889384085228504,0.62850595464243,"3,2"
"6286","N..Eff..TSS.Conc. + Temp..of.NSEC.Main.Ch. + Temp..of.the.Atmos. + N..Basin.Outfall + TSS..mg.L. + NSEC.Effluent.NO5",0.123164013065327,0.564366436480866,"3,2"
"6287","N..Eff..TSS.Conc. + Temp..of.NSEC.Main.Ch. + Temp..of.the.Atmos. + N..Basin.Outfall + TSS..mg.L. + NSEC.Effluent.Flow",0.08635344651972,0.584558691589039,"3,2"
"6288","N..Eff..TSS.Conc. + Temp..of.NSEC.Main.Ch. + Temp..of.the.Atmos. + N..Basin.Outfall + UVT.... + CODds..mg.L.",0.0637671665327169,0.693451060359016,"3,2"
"6289","N..Eff..TSS.Conc. + Temp..of.NSEC.Main.Ch. + Temp..of.the.Atmos. + N..Basin.Outfall + UVT.... + SACto..1.m.",0.123976461014662,0.561007039553707,"3,2"
"6290","N..Eff..TSS.Conc. + Temp..of.NSEC.Main.Ch. + Temp..of.the.Atmos. + N..Basin.Outfall + UVT.... + NSEC.Aerobic.SRT",0.00517471910647038,0.737057089368932,"3,2"
"6291","N..Eff..TSS.Conc. + Temp..of.NSEC.Main.Ch. + Temp..of.the.Atmos. + N..Basin.Outfall + UVT.... + NSEC.Effluent.NH3",0.0833097137389009,0.622591075241626,"3,2"
"6292","N..Eff..TSS.Conc. + Temp..of.NSEC.Main.Ch. + Temp..of.the.Atmos. + N..Basin.Outfall + UVT.... + NSEC.Effluent.NO3",0.021453805355959,0.599499212786715,"3,2"
"6293","N..Eff..TSS.Conc. + Temp..of.NSEC.Main.Ch. + Temp..of.the.Atmos. + N..Basin.Outfall + UVT.... + NSEC.Effluent.OP",0.115765170916567,0.506409260436471,"3,2"
"6294","N..Eff..TSS.Conc. + Temp..of.NSEC.Main.Ch. + Temp..of.the.Atmos. + N..Basin.Outfall + UVT.... + NSEC.Effluent.TSS",0.370282043011687,0.690726394692541,"3,2"
"6295","N..Eff..TSS.Conc. + Temp..of.NSEC.Main.Ch. + Temp..of.the.Atmos. + N..Basin.Outfall + UVT.... + NSEC.Effluent.NO5",0.038223919264246,0.643500508074506,"3,2"
"6296","N..Eff..TSS.Conc. + Temp..of.NSEC.Main.Ch. + Temp..of.the.Atmos. + N..Basin.Outfall + UVT.... + NSEC.Effluent.Flow",0.103259762045515,0.551143740887435,"3,2"
"6297","N..Eff..TSS.Conc. + Temp..of.NSEC.Main.Ch. + Temp..of.the.Atmos. + N..Basin.Outfall + CODds..mg.L. + SACto..1.m.",0.255195639430728,0.694551462007999,"3,2"
"6298","N..Eff..TSS.Conc. + Temp..of.NSEC.Main.Ch. + Temp..of.the.Atmos. + N..Basin.Outfall + CODds..mg.L. + NSEC.Aerobic.SRT",0.336515685385392,0.79584960832312,"3,2"
"6299","N..Eff..TSS.Conc. + Temp..of.NSEC.Main.Ch. + Temp..of.the.Atmos. + N..Basin.Outfall + CODds..mg.L. + NSEC.Effluent.NH3",0.0203802227114589,0.65129383523735,"3,2"
"6300","N..Eff..TSS.Conc. + Temp..of.NSEC.Main.Ch. + Temp..of.the.Atmos. + N..Basin.Outfall + CODds..mg.L. + NSEC.Effluent.NO3",0.194184440391609,0.614953737348628,"3,2"
"6301","N..Eff..TSS.Conc. + Temp..of.NSEC.Main.Ch. + Temp..of.the.Atmos. + N..Basin.Outfall + CODds..mg.L. + NSEC.Effluent.OP",0.0472850523518629,0.636584457718327,"3,2"
"6302","N..Eff..TSS.Conc. + Temp..of.NSEC.Main.Ch. + Temp..of.the.Atmos. + N..Basin.Outfall + CODds..mg.L. + NSEC.Effluent.TSS",0.0343185577177594,0.65844289856042,"3,2"
"6303","N..Eff..TSS.Conc. + Temp..of.NSEC.Main.Ch. + Temp..of.the.Atmos. + N..Basin.Outfall + CODds..mg.L. + NSEC.Effluent.NO5",0.0753067253302837,0.628754844997211,"3,2"
"6304","N..Eff..TSS.Conc. + Temp..of.NSEC.Main.Ch. + Temp..of.the.Atmos. + N..Basin.Outfall + CODds..mg.L. + NSEC.Effluent.Flow",0.0701326963221953,0.645071189107522,"3,2"
"6305","N..Eff..TSS.Conc. + Temp..of.NSEC.Main.Ch. + Temp..of.the.Atmos. + N..Basin.Outfall + SACto..1.m. + NSEC.Aerobic.SRT",0.280725630538803,0.764963714740684,"3,2"
"6306","N..Eff..TSS.Conc. + Temp..of.NSEC.Main.Ch. + Temp..of.the.Atmos. + N..Basin.Outfall + SACto..1.m. + NSEC.Effluent.NH3",0.172474364062187,0.554791268414947,"3,2"
"6307","N..Eff..TSS.Conc. + Temp..of.NSEC.Main.Ch. + Temp..of.the.Atmos. + N..Basin.Outfall + SACto..1.m. + NSEC.Effluent.NO3",0.219319616619972,0.577316058828668,"3,2"
"6308","N..Eff..TSS.Conc. + Temp..of.NSEC.Main.Ch. + Temp..of.the.Atmos. + N..Basin.Outfall + SACto..1.m. + NSEC.Effluent.OP",0.0756877545534209,0.668584445871325,"3,2"
"6309","N..Eff..TSS.Conc. + Temp..of.NSEC.Main.Ch. + Temp..of.the.Atmos. + N..Basin.Outfall + SACto..1.m. + NSEC.Effluent.TSS",0.135679295449152,0.557285193162284,"3,2"
"6310","N..Eff..TSS.Conc. + Temp..of.NSEC.Main.Ch. + Temp..of.the.Atmos. + N..Basin.Outfall + SACto..1.m. + NSEC.Effluent.NO5",0.0295735743594805,0.60614874506056,"3,2"
"6311","N..Eff..TSS.Conc. + Temp..of.NSEC.Main.Ch. + Temp..of.the.Atmos. + N..Basin.Outfall + SACto..1.m. + NSEC.Effluent.Flow",0.241418422704577,0.57503727226605,"3,2"
"6312","N..Eff..TSS.Conc. + Temp..of.NSEC.Main.Ch. + Temp..of.the.Atmos. + N..Basin.Outfall + NSEC.Aerobic.SRT + NSEC.Effluent.NH3",0.209611949492549,0.631327796967771,"3,2"
"6313","N..Eff..TSS.Conc. + Temp..of.NSEC.Main.Ch. + Temp..of.the.Atmos. + N..Basin.Outfall + NSEC.Aerobic.SRT + NSEC.Effluent.NO3",0.318924065133005,0.762125968634278,"3,2"
"6314","N..Eff..TSS.Conc. + Temp..of.NSEC.Main.Ch. + Temp..of.the.Atmos. + N..Basin.Outfall + NSEC.Aerobic.SRT + NSEC.Effluent.OP",0.29585898317017,0.714623945845657,"3,2"
"6315","N..Eff..TSS.Conc. + Temp..of.NSEC.Main.Ch. + Temp..of.the.Atmos. + N..Basin.Outfall + NSEC.Aerobic.SRT + NSEC.Effluent.TSS",0.310581993811417,0.766679603601031,"3,2"
"6316","N..Eff..TSS.Conc. + Temp..of.NSEC.Main.Ch. + Temp..of.the.Atmos. + N..Basin.Outfall + NSEC.Aerobic.SRT + NSEC.Effluent.NO5",0.00721322910900879,0.395103926830806,"3,2"
"6317","N..Eff..TSS.Conc. + Temp..of.NSEC.Main.Ch. + Temp..of.the.Atmos. + N..Basin.Outfall + NSEC.Aerobic.SRT + NSEC.Effluent.Flow",0.391936968645847,0.757194702102474,"3,2"
"6318","N..Eff..TSS.Conc. + Temp..of.NSEC.Main.Ch. + Temp..of.the.Atmos. + N..Basin.Outfall + NSEC.Effluent.NH3 + NSEC.Effluent.NO3",0.0190269258379612,0.585414828542722,"3,2"
"6319","N..Eff..TSS.Conc. + Temp..of.NSEC.Main.Ch. + Temp..of.the.Atmos. + N..Basin.Outfall + NSEC.Effluent.NH3 + NSEC.Effluent.OP",0.0940039755712496,0.512084181601115,"3,2"
"6320","N..Eff..TSS.Conc. + Temp..of.NSEC.Main.Ch. + Temp..of.the.Atmos. + N..Basin.Outfall + NSEC.Effluent.NH3 + NSEC.Effluent.TSS",0.107417439852672,0.492717472890149,"3,2"
"6321","N..Eff..TSS.Conc. + Temp..of.NSEC.Main.Ch. + Temp..of.the.Atmos. + N..Basin.Outfall + NSEC.Effluent.NH3 + NSEC.Effluent.NO5",0.111750665254464,0.635378979792615,"3,2"
"6322","N..Eff..TSS.Conc. + Temp..of.NSEC.Main.Ch. + Temp..of.the.Atmos. + N..Basin.Outfall + NSEC.Effluent.NH3 + NSEC.Effluent.Flow",0.0922032666470063,0.512997682466486,"3,2"
"6323","N..Eff..TSS.Conc. + Temp..of.NSEC.Main.Ch. + Temp..of.the.Atmos. + N..Basin.Outfall + NSEC.Effluent.NO3 + NSEC.Effluent.OP",0.156098750651484,0.600104927534589,"3,2"
"6324","N..Eff..TSS.Conc. + Temp..of.NSEC.Main.Ch. + Temp..of.the.Atmos. + N..Basin.Outfall + NSEC.Effluent.NO3 + NSEC.Effluent.TSS",0.301393558105842,0.593468785745629,"3,2"
"6325","N..Eff..TSS.Conc. + Temp..of.NSEC.Main.Ch. + Temp..of.the.Atmos. + N..Basin.Outfall + NSEC.Effluent.NO3 + NSEC.Effluent.NO5",0.193731238596621,0.517233304768155,"3,2"
"6326","N..Eff..TSS.Conc. + Temp..of.NSEC.Main.Ch. + Temp..of.the.Atmos. + N..Basin.Outfall + NSEC.Effluent.NO3 + NSEC.Effluent.Flow",0.197384638777749,0.667836700529186,"3,2"
"6327","N..Eff..TSS.Conc. + Temp..of.NSEC.Main.Ch. + Temp..of.the.Atmos. + N..Basin.Outfall + NSEC.Effluent.OP + NSEC.Effluent.TSS",0.01232131677899,0.559819817240913,"3,2"
"6328","N..Eff..TSS.Conc. + Temp..of.NSEC.Main.Ch. + Temp..of.the.Atmos. + N..Basin.Outfall + NSEC.Effluent.OP + NSEC.Effluent.NO5",0.129971788738245,0.572664189763416,"3,2"
"6329","N..Eff..TSS.Conc. + Temp..of.NSEC.Main.Ch. + Temp..of.the.Atmos. + N..Basin.Outfall + NSEC.Effluent.OP + NSEC.Effluent.Flow",0.116021829580795,0.567594525261919,"3,2"
"6330","N..Eff..TSS.Conc. + Temp..of.NSEC.Main.Ch. + Temp..of.the.Atmos. + N..Basin.Outfall + NSEC.Effluent.TSS + NSEC.Effluent.NO5",0.179943945137625,0.474273599737534,"3,2"
"6331","N..Eff..TSS.Conc. + Temp..of.NSEC.Main.Ch. + Temp..of.the.Atmos. + N..Basin.Outfall + NSEC.Effluent.TSS + NSEC.Effluent.Flow",0.193716825873882,0.119894983087034,"3,2"
"6332","N..Eff..TSS.Conc. + Temp..of.NSEC.Main.Ch. + Temp..of.the.Atmos. + N..Basin.Outfall + NSEC.Effluent.NO5 + NSEC.Effluent.Flow",0.14425806046167,0.45799428344852,"3,2"
"6333","N..Eff..TSS.Conc. + Temp..of.NSEC.Main.Ch. + Temp..of.the.Atmos. + CODto..mg.L. + TSS..mg.L. + UVT....",0.0211994467837662,0.697826970717661,"3,2"
"6334","N..Eff..TSS.Conc. + Temp..of.NSEC.Main.Ch. + Temp..of.the.Atmos. + CODto..mg.L. + TSS..mg.L. + CODds..mg.L.",0.13110331172309,0.67154574507477,"3,2"
"6335","N..Eff..TSS.Conc. + Temp..of.NSEC.Main.Ch. + Temp..of.the.Atmos. + CODto..mg.L. + TSS..mg.L. + SACto..1.m.",0.0513231686906253,0.723982152212801,"3,2"
"6336","N..Eff..TSS.Conc. + Temp..of.NSEC.Main.Ch. + Temp..of.the.Atmos. + CODto..mg.L. + TSS..mg.L. + NSEC.Aerobic.SRT",0.291622939519781,0.772209197590571,"3,2"
"6337","N..Eff..TSS.Conc. + Temp..of.NSEC.Main.Ch. + Temp..of.the.Atmos. + CODto..mg.L. + TSS..mg.L. + NSEC.Effluent.NH3",0.0293899007267098,0.680248442852053,"3,2"
"6338","N..Eff..TSS.Conc. + Temp..of.NSEC.Main.Ch. + Temp..of.the.Atmos. + CODto..mg.L. + TSS..mg.L. + NSEC.Effluent.NO3",0.0434140915700532,0.707736884025474,"3,2"
"6339","N..Eff..TSS.Conc. + Temp..of.NSEC.Main.Ch. + Temp..of.the.Atmos. + CODto..mg.L. + TSS..mg.L. + NSEC.Effluent.OP",0.0219171807093059,0.661654619330656,"3,2"
"6340","N..Eff..TSS.Conc. + Temp..of.NSEC.Main.Ch. + Temp..of.the.Atmos. + CODto..mg.L. + TSS..mg.L. + NSEC.Effluent.TSS",0.122408912194127,0.671857594156607,"3,2"
"6341","N..Eff..TSS.Conc. + Temp..of.NSEC.Main.Ch. + Temp..of.the.Atmos. + CODto..mg.L. + TSS..mg.L. + NSEC.Effluent.NO5",0.138171183217208,0.760187497779586,"3,2"
"6342","N..Eff..TSS.Conc. + Temp..of.NSEC.Main.Ch. + Temp..of.the.Atmos. + CODto..mg.L. + TSS..mg.L. + NSEC.Effluent.Flow",0.278001621254896,0.718338377442914,"3,2"
"6343","N..Eff..TSS.Conc. + Temp..of.NSEC.Main.Ch. + Temp..of.the.Atmos. + CODto..mg.L. + UVT.... + CODds..mg.L.",0.0337445213330678,0.7146458773913,"3,2"
"6344","N..Eff..TSS.Conc. + Temp..of.NSEC.Main.Ch. + Temp..of.the.Atmos. + CODto..mg.L. + UVT.... + SACto..1.m.",0.0329827835562986,0.742551152483091,"3,2"
"6345","N..Eff..TSS.Conc. + Temp..of.NSEC.Main.Ch. + Temp..of.the.Atmos. + CODto..mg.L. + UVT.... + NSEC.Aerobic.SRT",0.0967644084018056,0.658755307783328,"3,2"
"6346","N..Eff..TSS.Conc. + Temp..of.NSEC.Main.Ch. + Temp..of.the.Atmos. + CODto..mg.L. + UVT.... + NSEC.Effluent.NH3",0.0763473642837993,0.711002640564922,"3,2"
"6347","N..Eff..TSS.Conc. + Temp..of.NSEC.Main.Ch. + Temp..of.the.Atmos. + CODto..mg.L. + UVT.... + NSEC.Effluent.NO3",0.0130098333138422,0.669048927811026,"3,2"
"6348","N..Eff..TSS.Conc. + Temp..of.NSEC.Main.Ch. + Temp..of.the.Atmos. + CODto..mg.L. + UVT.... + NSEC.Effluent.OP",0.0231120163074978,0.741843607232683,"3,2"
"6349","N..Eff..TSS.Conc. + Temp..of.NSEC.Main.Ch. + Temp..of.the.Atmos. + CODto..mg.L. + UVT.... + NSEC.Effluent.TSS",0.19101649202991,0.729940422896274,"3,2"
"6350","N..Eff..TSS.Conc. + Temp..of.NSEC.Main.Ch. + Temp..of.the.Atmos. + CODto..mg.L. + UVT.... + NSEC.Effluent.NO5",0.260867536870415,0.628842353426609,"3,2"
"6351","N..Eff..TSS.Conc. + Temp..of.NSEC.Main.Ch. + Temp..of.the.Atmos. + CODto..mg.L. + UVT.... + NSEC.Effluent.Flow",0.0569425062801991,0.739007030322598,"3,2"
"6352","N..Eff..TSS.Conc. + Temp..of.NSEC.Main.Ch. + Temp..of.the.Atmos. + CODto..mg.L. + CODds..mg.L. + SACto..1.m.",0.243482038226858,0.740192179619706,"3,2"
"6353","N..Eff..TSS.Conc. + Temp..of.NSEC.Main.Ch. + Temp..of.the.Atmos. + CODto..mg.L. + CODds..mg.L. + NSEC.Aerobic.SRT",0.331391819800299,0.770177058815256,"3,2"
"6354","N..Eff..TSS.Conc. + Temp..of.NSEC.Main.Ch. + Temp..of.the.Atmos. + CODto..mg.L. + CODds..mg.L. + NSEC.Effluent.NH3",0.0673495148196146,0.572925199048358,"3,2"
"6355","N..Eff..TSS.Conc. + Temp..of.NSEC.Main.Ch. + Temp..of.the.Atmos. + CODto..mg.L. + CODds..mg.L. + NSEC.Effluent.NO3",0.23515313395785,0.59164046615053,"3,2"
"6356","N..Eff..TSS.Conc. + Temp..of.NSEC.Main.Ch. + Temp..of.the.Atmos. + CODto..mg.L. + CODds..mg.L. + NSEC.Effluent.OP",0.181988446052592,0.607275867180689,"3,2"
"6357","N..Eff..TSS.Conc. + Temp..of.NSEC.Main.Ch. + Temp..of.the.Atmos. + CODto..mg.L. + CODds..mg.L. + NSEC.Effluent.TSS",0.0575382342052646,0.631133456263566,"3,2"
"6358","N..Eff..TSS.Conc. + Temp..of.NSEC.Main.Ch. + Temp..of.the.Atmos. + CODto..mg.L. + CODds..mg.L. + NSEC.Effluent.NO5",0.153984766830245,0.610114696078576,"3,2"
"6359","N..Eff..TSS.Conc. + Temp..of.NSEC.Main.Ch. + Temp..of.the.Atmos. + CODto..mg.L. + CODds..mg.L. + NSEC.Effluent.Flow",0.216322801939422,0.670804577689906,"3,2"
"6360","N..Eff..TSS.Conc. + Temp..of.NSEC.Main.Ch. + Temp..of.the.Atmos. + CODto..mg.L. + SACto..1.m. + NSEC.Aerobic.SRT",0.20973259015997,0.728352911095891,"3,2"
"6361","N..Eff..TSS.Conc. + Temp..of.NSEC.Main.Ch. + Temp..of.the.Atmos. + CODto..mg.L. + SACto..1.m. + NSEC.Effluent.NH3",0.0426577194151756,0.721574404262346,"3,2"
"6362","N..Eff..TSS.Conc. + Temp..of.NSEC.Main.Ch. + Temp..of.the.Atmos. + CODto..mg.L. + SACto..1.m. + NSEC.Effluent.NO3",0.0702944979536384,0.697198158761946,"3,2"
"6363","N..Eff..TSS.Conc. + Temp..of.NSEC.Main.Ch. + Temp..of.the.Atmos. + CODto..mg.L. + SACto..1.m. + NSEC.Effluent.OP",0.0768534621768397,0.76594870778537,"3,2"
"6364","N..Eff..TSS.Conc. + Temp..of.NSEC.Main.Ch. + Temp..of.the.Atmos. + CODto..mg.L. + SACto..1.m. + NSEC.Effluent.TSS",0.0822807741501479,0.684751277846282,"3,2"
"6365","N..Eff..TSS.Conc. + Temp..of.NSEC.Main.Ch. + Temp..of.the.Atmos. + CODto..mg.L. + SACto..1.m. + NSEC.Effluent.NO5",0.175665556039786,0.708646048958695,"3,2"
"6366","N..Eff..TSS.Conc. + Temp..of.NSEC.Main.Ch. + Temp..of.the.Atmos. + CODto..mg.L. + SACto..1.m. + NSEC.Effluent.Flow",0.105909580251763,0.784354678853974,"3,2"
"6367","N..Eff..TSS.Conc. + Temp..of.NSEC.Main.Ch. + Temp..of.the.Atmos. + CODto..mg.L. + NSEC.Aerobic.SRT + NSEC.Effluent.NH3",0.0818588836955629,0.577463664909099,"3,2"
"6368","N..Eff..TSS.Conc. + Temp..of.NSEC.Main.Ch. + Temp..of.the.Atmos. + CODto..mg.L. + NSEC.Aerobic.SRT + NSEC.Effluent.NO3",0.276026658792053,0.747238883428246,"3,2"
"6369","N..Eff..TSS.Conc. + Temp..of.NSEC.Main.Ch. + Temp..of.the.Atmos. + CODto..mg.L. + NSEC.Aerobic.SRT + NSEC.Effluent.OP",0.398756556996295,0.746512447325623,"3,2"
"6370","N..Eff..TSS.Conc. + Temp..of.NSEC.Main.Ch. + Temp..of.the.Atmos. + CODto..mg.L. + NSEC.Aerobic.SRT + NSEC.Effluent.TSS",0.163055233490937,0.560981616779056,"3,2"
"6371","N..Eff..TSS.Conc. + Temp..of.NSEC.Main.Ch. + Temp..of.the.Atmos. + CODto..mg.L. + NSEC.Aerobic.SRT + NSEC.Effluent.NO5",0.0351435691284629,0.744276463485289,"3,2"
"6372","N..Eff..TSS.Conc. + Temp..of.NSEC.Main.Ch. + Temp..of.the.Atmos. + CODto..mg.L. + NSEC.Aerobic.SRT + NSEC.Effluent.Flow",0.299018785326348,0.748781462298979,"3,2"
"6373","N..Eff..TSS.Conc. + Temp..of.NSEC.Main.Ch. + Temp..of.the.Atmos. + CODto..mg.L. + NSEC.Effluent.NH3 + NSEC.Effluent.NO3",0.0568355705073453,0.59982117985251,"3,2"
"6374","N..Eff..TSS.Conc. + Temp..of.NSEC.Main.Ch. + Temp..of.the.Atmos. + CODto..mg.L. + NSEC.Effluent.NH3 + NSEC.Effluent.OP",0.664537046682109,0.678543873516442,"3,2"
"6375","N..Eff..TSS.Conc. + Temp..of.NSEC.Main.Ch. + Temp..of.the.Atmos. + CODto..mg.L. + NSEC.Effluent.NH3 + NSEC.Effluent.TSS",0.0033638236929896,0.62790012506632,"3,2"
"6376","N..Eff..TSS.Conc. + Temp..of.NSEC.Main.Ch. + Temp..of.the.Atmos. + CODto..mg.L. + NSEC.Effluent.NH3 + NSEC.Effluent.NO5",0.0900778389803825,0.395191229093798,"3,2"
"6377","N..Eff..TSS.Conc. + Temp..of.NSEC.Main.Ch. + Temp..of.the.Atmos. + CODto..mg.L. + NSEC.Effluent.NH3 + NSEC.Effluent.Flow",0.0791633775918024,0.398845366294628,"3,2"
"6378","N..Eff..TSS.Conc. + Temp..of.NSEC.Main.Ch. + Temp..of.the.Atmos. + CODto..mg.L. + NSEC.Effluent.NO3 + NSEC.Effluent.OP",0.065148623406678,0.637479130425394,"3,2"
"6379","N..Eff..TSS.Conc. + Temp..of.NSEC.Main.Ch. + Temp..of.the.Atmos. + CODto..mg.L. + NSEC.Effluent.NO3 + NSEC.Effluent.TSS",0.318886544461937,0.637723716580293,"3,2"
"6380","N..Eff..TSS.Conc. + Temp..of.NSEC.Main.Ch. + Temp..of.the.Atmos. + CODto..mg.L. + NSEC.Effluent.NO3 + NSEC.Effluent.NO5",0.0995779194723552,0.59396365778644,"3,2"
"6381","N..Eff..TSS.Conc. + Temp..of.NSEC.Main.Ch. + Temp..of.the.Atmos. + CODto..mg.L. + NSEC.Effluent.NO3 + NSEC.Effluent.Flow",0.197837923228454,0.563517704115504,"3,2"
"6382","N..Eff..TSS.Conc. + Temp..of.NSEC.Main.Ch. + Temp..of.the.Atmos. + CODto..mg.L. + NSEC.Effluent.OP + NSEC.Effluent.TSS",0.0852550767498268,0.636991748237853,"3,2"
"6383","N..Eff..TSS.Conc. + Temp..of.NSEC.Main.Ch. + Temp..of.the.Atmos. + CODto..mg.L. + NSEC.Effluent.OP + NSEC.Effluent.NO5",0.104408771566288,0.690048751380655,"3,2"
"6384","N..Eff..TSS.Conc. + Temp..of.NSEC.Main.Ch. + Temp..of.the.Atmos. + CODto..mg.L. + NSEC.Effluent.OP + NSEC.Effluent.Flow",0.171371566312013,0.707973224947129,"3,2"
"6385","N..Eff..TSS.Conc. + Temp..of.NSEC.Main.Ch. + Temp..of.the.Atmos. + CODto..mg.L. + NSEC.Effluent.TSS + NSEC.Effluent.NO5",0.0120392454344382,0.641733584986156,"3,2"
"6386","N..Eff..TSS.Conc. + Temp..of.NSEC.Main.Ch. + Temp..of.the.Atmos. + CODto..mg.L. + NSEC.Effluent.TSS + NSEC.Effluent.Flow",0.0849336899032735,0.435304065939618,"3,2"
"6387","N..Eff..TSS.Conc. + Temp..of.NSEC.Main.Ch. + Temp..of.the.Atmos. + CODto..mg.L. + NSEC.Effluent.NO5 + NSEC.Effluent.Flow",0.00761981437342385,0.609748426981711,"3,2"
"6388","N..Eff..TSS.Conc. + Temp..of.NSEC.Main.Ch. + Temp..of.the.Atmos. + TSS..mg.L. + UVT.... + CODds..mg.L.",0.189299304362413,0.753645861980567,"3,2"
"6389","N..Eff..TSS.Conc. + Temp..of.NSEC.Main.Ch. + Temp..of.the.Atmos. + TSS..mg.L. + UVT.... + SACto..1.m.",0.0328252655853838,0.740656286307859,"3,2"
"6390","N..Eff..TSS.Conc. + Temp..of.NSEC.Main.Ch. + Temp..of.the.Atmos. + TSS..mg.L. + UVT.... + NSEC.Aerobic.SRT",0.0125481664056113,0.685318488682612,"3,2"
"6391","N..Eff..TSS.Conc. + Temp..of.NSEC.Main.Ch. + Temp..of.the.Atmos. + TSS..mg.L. + UVT.... + NSEC.Effluent.NH3",0.134780410998468,0.733852288277701,"3,2"
"6392","N..Eff..TSS.Conc. + Temp..of.NSEC.Main.Ch. + Temp..of.the.Atmos. + TSS..mg.L. + UVT.... + NSEC.Effluent.NO3",0.032700505075268,0.758391605571836,"3,2"
"6393","N..Eff..TSS.Conc. + Temp..of.NSEC.Main.Ch. + Temp..of.the.Atmos. + TSS..mg.L. + UVT.... + NSEC.Effluent.OP",0.0139967629658828,0.727468723448633,"3,2"
"6394","N..Eff..TSS.Conc. + Temp..of.NSEC.Main.Ch. + Temp..of.the.Atmos. + TSS..mg.L. + UVT.... + NSEC.Effluent.TSS",0.0469151467532281,0.708703482500045,"3,2"
"6395","N..Eff..TSS.Conc. + Temp..of.NSEC.Main.Ch. + Temp..of.the.Atmos. + TSS..mg.L. + UVT.... + NSEC.Effluent.NO5",0.0602272166793743,0.704668255922043,"3,2"
"6396","N..Eff..TSS.Conc. + Temp..of.NSEC.Main.Ch. + Temp..of.the.Atmos. + TSS..mg.L. + UVT.... + NSEC.Effluent.Flow",0.0282248263472604,0.726136167087593,"3,2"
"6397","N..Eff..TSS.Conc. + Temp..of.NSEC.Main.Ch. + Temp..of.the.Atmos. + TSS..mg.L. + CODds..mg.L. + SACto..1.m.",0.026128209882863,0.703411785903304,"3,2"
"6398","N..Eff..TSS.Conc. + Temp..of.NSEC.Main.Ch. + Temp..of.the.Atmos. + TSS..mg.L. + CODds..mg.L. + NSEC.Aerobic.SRT",0.264185530698108,0.754053303307935,"3,2"
"6399","N..Eff..TSS.Conc. + Temp..of.NSEC.Main.Ch. + Temp..of.the.Atmos. + TSS..mg.L. + CODds..mg.L. + NSEC.Effluent.NH3",0.0168858029031649,0.536351150518845,"3,2"
"6400","N..Eff..TSS.Conc. + Temp..of.NSEC.Main.Ch. + Temp..of.the.Atmos. + TSS..mg.L. + CODds..mg.L. + NSEC.Effluent.NO3",0.182212275064349,0.61401926944187,"3,2"
"6401","N..Eff..TSS.Conc. + Temp..of.NSEC.Main.Ch. + Temp..of.the.Atmos. + TSS..mg.L. + CODds..mg.L. + NSEC.Effluent.OP",0.120657634658588,0.596322025721954,"3,2"
"6402","N..Eff..TSS.Conc. + Temp..of.NSEC.Main.Ch. + Temp..of.the.Atmos. + TSS..mg.L. + CODds..mg.L. + NSEC.Effluent.TSS",0.0555266236367657,0.552279731771838,"3,2"
"6403","N..Eff..TSS.Conc. + Temp..of.NSEC.Main.Ch. + Temp..of.the.Atmos. + TSS..mg.L. + CODds..mg.L. + NSEC.Effluent.NO5",0.162719952846464,0.661460096465997,"3,2"
"6404","N..Eff..TSS.Conc. + Temp..of.NSEC.Main.Ch. + Temp..of.the.Atmos. + TSS..mg.L. + CODds..mg.L. + NSEC.Effluent.Flow",0.118196326879843,0.607438133491945,"3,2"
"6405","N..Eff..TSS.Conc. + Temp..of.NSEC.Main.Ch. + Temp..of.the.Atmos. + TSS..mg.L. + SACto..1.m. + NSEC.Aerobic.SRT",0.195211035184365,0.00054165583029663,"3,2"
"6406","N..Eff..TSS.Conc. + Temp..of.NSEC.Main.Ch. + Temp..of.the.Atmos. + TSS..mg.L. + SACto..1.m. + NSEC.Effluent.NH3",0.114196338139892,0.677409484481322,"3,2"
"6407","N..Eff..TSS.Conc. + Temp..of.NSEC.Main.Ch. + Temp..of.the.Atmos. + TSS..mg.L. + SACto..1.m. + NSEC.Effluent.NO3",0.0488326065451792,0.733746647785389,"3,2"
"6408","N..Eff..TSS.Conc. + Temp..of.NSEC.Main.Ch. + Temp..of.the.Atmos. + TSS..mg.L. + SACto..1.m. + NSEC.Effluent.OP",0.119445159209312,0.762854368296766,"3,2"
"6409","N..Eff..TSS.Conc. + Temp..of.NSEC.Main.Ch. + Temp..of.the.Atmos. + TSS..mg.L. + SACto..1.m. + NSEC.Effluent.TSS",0.13405488282288,0.716737230764336,"3,2"
"6410","N..Eff..TSS.Conc. + Temp..of.NSEC.Main.Ch. + Temp..of.the.Atmos. + TSS..mg.L. + SACto..1.m. + NSEC.Effluent.NO5",0.0477805322348979,0.731826300605683,"3,2"
"6411","N..Eff..TSS.Conc. + Temp..of.NSEC.Main.Ch. + Temp..of.the.Atmos. + TSS..mg.L. + SACto..1.m. + NSEC.Effluent.Flow",0.204125776208922,0.795155570509995,"3,2"
"6412","N..Eff..TSS.Conc. + Temp..of.NSEC.Main.Ch. + Temp..of.the.Atmos. + TSS..mg.L. + NSEC.Aerobic.SRT + NSEC.Effluent.NH3",0.170812148962192,0.606332082027167,"3,2"
"6413","N..Eff..TSS.Conc. + Temp..of.NSEC.Main.Ch. + Temp..of.the.Atmos. + TSS..mg.L. + NSEC.Aerobic.SRT + NSEC.Effluent.NO3",0.337009495159668,0.715580642150717,"3,2"
"6414","N..Eff..TSS.Conc. + Temp..of.NSEC.Main.Ch. + Temp..of.the.Atmos. + TSS..mg.L. + NSEC.Aerobic.SRT + NSEC.Effluent.OP",0.29626918148553,0.606408868274109,"3,2"
"6415","N..Eff..TSS.Conc. + Temp..of.NSEC.Main.Ch. + Temp..of.the.Atmos. + TSS..mg.L. + NSEC.Aerobic.SRT + NSEC.Effluent.TSS",0.17172252745501,0.78634238136665,"3,2"
"6416","N..Eff..TSS.Conc. + Temp..of.NSEC.Main.Ch. + Temp..of.the.Atmos. + TSS..mg.L. + NSEC.Aerobic.SRT + NSEC.Effluent.NO5",0.416824697326412,0.689920154396475,"3,2"
"6417","N..Eff..TSS.Conc. + Temp..of.NSEC.Main.Ch. + Temp..of.the.Atmos. + TSS..mg.L. + NSEC.Aerobic.SRT + NSEC.Effluent.Flow",0.0327451168636219,0.400529967248034,"3,2"
"6418","N..Eff..TSS.Conc. + Temp..of.NSEC.Main.Ch. + Temp..of.the.Atmos. + TSS..mg.L. + NSEC.Effluent.NH3 + NSEC.Effluent.NO3",0.0829104151070506,0.481814536626076,"3,2"
"6419","N..Eff..TSS.Conc. + Temp..of.NSEC.Main.Ch. + Temp..of.the.Atmos. + TSS..mg.L. + NSEC.Effluent.NH3 + NSEC.Effluent.OP",0.0815143993851715,0.539744820629584,"3,2"
"6420","N..Eff..TSS.Conc. + Temp..of.NSEC.Main.Ch. + Temp..of.the.Atmos. + TSS..mg.L. + NSEC.Effluent.NH3 + NSEC.Effluent.TSS",0.187757256829904,0.455751995853309,"3,2"
"6421","N..Eff..TSS.Conc. + Temp..of.NSEC.Main.Ch. + Temp..of.the.Atmos. + TSS..mg.L. + NSEC.Effluent.NH3 + NSEC.Effluent.NO5",0.108630276616897,0.49283639428525,"3,2"
"6422","N..Eff..TSS.Conc. + Temp..of.NSEC.Main.Ch. + Temp..of.the.Atmos. + TSS..mg.L. + NSEC.Effluent.NH3 + NSEC.Effluent.Flow",0.0414830591330824,0.657338721009782,"3,2"
"6423","N..Eff..TSS.Conc. + Temp..of.NSEC.Main.Ch. + Temp..of.the.Atmos. + TSS..mg.L. + NSEC.Effluent.NO3 + NSEC.Effluent.OP",0.299207532663754,0.660668173583617,"3,2"
"6424","N..Eff..TSS.Conc. + Temp..of.NSEC.Main.Ch. + Temp..of.the.Atmos. + TSS..mg.L. + NSEC.Effluent.NO3 + NSEC.Effluent.TSS",0.0650690637020781,0.644474561590661,"3,2"
"6425","N..Eff..TSS.Conc. + Temp..of.NSEC.Main.Ch. + Temp..of.the.Atmos. + TSS..mg.L. + NSEC.Effluent.NO3 + NSEC.Effluent.NO5",0.0830633976762796,0.714588023909596,"3,2"
"6426","N..Eff..TSS.Conc. + Temp..of.NSEC.Main.Ch. + Temp..of.the.Atmos. + TSS..mg.L. + NSEC.Effluent.NO3 + NSEC.Effluent.Flow",0.226685084685685,0.688875303540107,"3,2"
"6427","N..Eff..TSS.Conc. + Temp..of.NSEC.Main.Ch. + Temp..of.the.Atmos. + TSS..mg.L. + NSEC.Effluent.OP + NSEC.Effluent.TSS",0.256366939538211,0.631958925782515,"3,2"
"6428","N..Eff..TSS.Conc. + Temp..of.NSEC.Main.Ch. + Temp..of.the.Atmos. + TSS..mg.L. + NSEC.Effluent.OP + NSEC.Effluent.NO5",0.167966870915619,0.60685197453811,"3,2"
"6429","N..Eff..TSS.Conc. + Temp..of.NSEC.Main.Ch. + Temp..of.the.Atmos. + TSS..mg.L. + NSEC.Effluent.OP + NSEC.Effluent.Flow",0.0763631068281705,0.677827846126756,"3,2"
"6430","N..Eff..TSS.Conc. + Temp..of.NSEC.Main.Ch. + Temp..of.the.Atmos. + TSS..mg.L. + NSEC.Effluent.TSS + NSEC.Effluent.NO5",0.0589576147133879,0.48482828494153,"3,2"
"6431","N..Eff..TSS.Conc. + Temp..of.NSEC.Main.Ch. + Temp..of.the.Atmos. + TSS..mg.L. + NSEC.Effluent.TSS + NSEC.Effluent.Flow",0.0532351188017903,0.598677137152072,"3,2"
"6432","N..Eff..TSS.Conc. + Temp..of.NSEC.Main.Ch. + Temp..of.the.Atmos. + TSS..mg.L. + NSEC.Effluent.NO5 + NSEC.Effluent.Flow",0.0908124932254917,0.452624483421671,"3,2"
"6433","N..Eff..TSS.Conc. + Temp..of.NSEC.Main.Ch. + Temp..of.the.Atmos. + UVT.... + CODds..mg.L. + SACto..1.m.",0.202664987392364,0.685070278388459,"3,2"
"6434","N..Eff..TSS.Conc. + Temp..of.NSEC.Main.Ch. + Temp..of.the.Atmos. + UVT.... + CODds..mg.L. + NSEC.Aerobic.SRT",0.0596439894244065,0.693463688831157,"3,2"
"6435","N..Eff..TSS.Conc. + Temp..of.NSEC.Main.Ch. + Temp..of.the.Atmos. + UVT.... + CODds..mg.L. + NSEC.Effluent.NH3",0.0258385094784157,0.617961025245318,"3,2"
"6436","N..Eff..TSS.Conc. + Temp..of.NSEC.Main.Ch. + Temp..of.the.Atmos. + UVT.... + CODds..mg.L. + NSEC.Effluent.NO3",0.132610675057604,0.696975888986896,"3,2"
"6437","N..Eff..TSS.Conc. + Temp..of.NSEC.Main.Ch. + Temp..of.the.Atmos. + UVT.... + CODds..mg.L. + NSEC.Effluent.OP",0.115930411985434,0.621562359085324,"3,2"
"6438","N..Eff..TSS.Conc. + Temp..of.NSEC.Main.Ch. + Temp..of.the.Atmos. + UVT.... + CODds..mg.L. + NSEC.Effluent.TSS",0.0321049194147749,0.661781901331941,"3,2"
"6439","N..Eff..TSS.Conc. + Temp..of.NSEC.Main.Ch. + Temp..of.the.Atmos. + UVT.... + CODds..mg.L. + NSEC.Effluent.NO5",0.271785056426266,0.616023259428424,"3,2"
"6440","N..Eff..TSS.Conc. + Temp..of.NSEC.Main.Ch. + Temp..of.the.Atmos. + UVT.... + CODds..mg.L. + NSEC.Effluent.Flow",0.136264199589298,0.703823850429751,"3,2"
"6441","N..Eff..TSS.Conc. + Temp..of.NSEC.Main.Ch. + Temp..of.the.Atmos. + UVT.... + SACto..1.m. + NSEC.Aerobic.SRT",0.167339889343433,0.73512337693895,"3,2"
"6442","N..Eff..TSS.Conc. + Temp..of.NSEC.Main.Ch. + Temp..of.the.Atmos. + UVT.... + SACto..1.m. + NSEC.Effluent.NH3",0.105126342588262,0.488887825416719,"3,2"
"6443","N..Eff..TSS.Conc. + Temp..of.NSEC.Main.Ch. + Temp..of.the.Atmos. + UVT.... + SACto..1.m. + NSEC.Effluent.NO3",0.0257521672703231,0.571711266167585,"3,2"
"6444","N..Eff..TSS.Conc. + Temp..of.NSEC.Main.Ch. + Temp..of.the.Atmos. + UVT.... + SACto..1.m. + NSEC.Effluent.OP",0.0459798184212423,0.453179483591464,"3,2"
"6445","N..Eff..TSS.Conc. + Temp..of.NSEC.Main.Ch. + Temp..of.the.Atmos. + UVT.... + SACto..1.m. + NSEC.Effluent.TSS",0.397809479796223,0.558577637286941,"3,2"
"6446","N..Eff..TSS.Conc. + Temp..of.NSEC.Main.Ch. + Temp..of.the.Atmos. + UVT.... + SACto..1.m. + NSEC.Effluent.NO5",0.229692935321317,0.53354229060966,"3,2"
"6447","N..Eff..TSS.Conc. + Temp..of.NSEC.Main.Ch. + Temp..of.the.Atmos. + UVT.... + SACto..1.m. + NSEC.Effluent.Flow",0.0580895141739841,0.573672656506998,"3,2"
"6448","N..Eff..TSS.Conc. + Temp..of.NSEC.Main.Ch. + Temp..of.the.Atmos. + UVT.... + NSEC.Aerobic.SRT + NSEC.Effluent.NH3",0.165968416473146,0.754933886755938,"3,2"
"6449","N..Eff..TSS.Conc. + Temp..of.NSEC.Main.Ch. + Temp..of.the.Atmos. + UVT.... + NSEC.Aerobic.SRT + NSEC.Effluent.NO3",0.096359523173992,0.746780764692314,"3,2"
"6450","N..Eff..TSS.Conc. + Temp..of.NSEC.Main.Ch. + Temp..of.the.Atmos. + UVT.... + NSEC.Aerobic.SRT + NSEC.Effluent.OP",0.15608809412801,0.677116034314892,"3,2"
"6451","N..Eff..TSS.Conc. + Temp..of.NSEC.Main.Ch. + Temp..of.the.Atmos. + UVT.... + NSEC.Aerobic.SRT + NSEC.Effluent.TSS",0.17426881916743,0.793492753147088,"3,2"
"6452","N..Eff..TSS.Conc. + Temp..of.NSEC.Main.Ch. + Temp..of.the.Atmos. + UVT.... + NSEC.Aerobic.SRT + NSEC.Effluent.NO5",0.00766973226117251,0.688147148992564,"3,2"
"6453","N..Eff..TSS.Conc. + Temp..of.NSEC.Main.Ch. + Temp..of.the.Atmos. + UVT.... + NSEC.Aerobic.SRT + NSEC.Effluent.Flow",0.0116181784270442,0.766239523954591,"3,2"
"6454","N..Eff..TSS.Conc. + Temp..of.NSEC.Main.Ch. + Temp..of.the.Atmos. + UVT.... + NSEC.Effluent.NH3 + NSEC.Effluent.NO3",0.270288590424555,0.596941731974842,"3,2"
"6455","N..Eff..TSS.Conc. + Temp..of.NSEC.Main.Ch. + Temp..of.the.Atmos. + UVT.... + NSEC.Effluent.NH3 + NSEC.Effluent.OP",0.0560507761497644,0.489452904606624,"3,2"
"6456","N..Eff..TSS.Conc. + Temp..of.NSEC.Main.Ch. + Temp..of.the.Atmos. + UVT.... + NSEC.Effluent.NH3 + NSEC.Effluent.TSS",0.112894553843452,0.482451343271192,"3,2"
"6457","N..Eff..TSS.Conc. + Temp..of.NSEC.Main.Ch. + Temp..of.the.Atmos. + UVT.... + NSEC.Effluent.NH3 + NSEC.Effluent.NO5",0.0701010390425603,0.518181480037608,"3,2"
"6458","N..Eff..TSS.Conc. + Temp..of.NSEC.Main.Ch. + Temp..of.the.Atmos. + UVT.... + NSEC.Effluent.NH3 + NSEC.Effluent.Flow",0.297716035835954,0.629072307487361,"3,2"
"6459","N..Eff..TSS.Conc. + Temp..of.NSEC.Main.Ch. + Temp..of.the.Atmos. + UVT.... + NSEC.Effluent.NO3 + NSEC.Effluent.OP",0.320773299443922,0.632376731559665,"3,2"
"6460","N..Eff..TSS.Conc. + Temp..of.NSEC.Main.Ch. + Temp..of.the.Atmos. + UVT.... + NSEC.Effluent.NO3 + NSEC.Effluent.TSS",0.0480297455571534,0.538448509400506,"3,2"
"6461","N..Eff..TSS.Conc. + Temp..of.NSEC.Main.Ch. + Temp..of.the.Atmos. + UVT.... + NSEC.Effluent.NO3 + NSEC.Effluent.NO5",0.0770448992228014,0.468899608351315,"3,2"
"6462","N..Eff..TSS.Conc. + Temp..of.NSEC.Main.Ch. + Temp..of.the.Atmos. + UVT.... + NSEC.Effluent.NO3 + NSEC.Effluent.Flow",0.219368330557599,0.595831380467491,"3,2"
"6463","N..Eff..TSS.Conc. + Temp..of.NSEC.Main.Ch. + Temp..of.the.Atmos. + UVT.... + NSEC.Effluent.OP + NSEC.Effluent.TSS",0.32363074367193,0.666074386174027,"3,2"
"6464","N..Eff..TSS.Conc. + Temp..of.NSEC.Main.Ch. + Temp..of.the.Atmos. + UVT.... + NSEC.Effluent.OP + NSEC.Effluent.NO5",0.0475575288236199,0.60134163735152,"3,2"
"6465","N..Eff..TSS.Conc. + Temp..of.NSEC.Main.Ch. + Temp..of.the.Atmos. + UVT.... + NSEC.Effluent.OP + NSEC.Effluent.Flow",0.292980015491456,0.700419086326637,"3,2"
"6466","N..Eff..TSS.Conc. + Temp..of.NSEC.Main.Ch. + Temp..of.the.Atmos. + UVT.... + NSEC.Effluent.TSS + NSEC.Effluent.NO5",0.0965595625774243,0.540586894179521,"3,2"
"6467","N..Eff..TSS.Conc. + Temp..of.NSEC.Main.Ch. + Temp..of.the.Atmos. + UVT.... + NSEC.Effluent.TSS + NSEC.Effluent.Flow",0.239663610851932,0.662358029167096,"3,2"
"6468","N..Eff..TSS.Conc. + Temp..of.NSEC.Main.Ch. + Temp..of.the.Atmos. + UVT.... + NSEC.Effluent.NO5 + NSEC.Effluent.Flow",0.156083027409617,0.67014529148906,"3,2"
"6469","N..Eff..TSS.Conc. + Temp..of.NSEC.Main.Ch. + Temp..of.the.Atmos. + CODds..mg.L. + SACto..1.m. + NSEC.Aerobic.SRT",0.350325657191984,0.753989081728721,"3,2"
"6470","N..Eff..TSS.Conc. + Temp..of.NSEC.Main.Ch. + Temp..of.the.Atmos. + CODds..mg.L. + SACto..1.m. + NSEC.Effluent.NH3",0.0581252775598751,0.616103298016653,"3,2"
"6471","N..Eff..TSS.Conc. + Temp..of.NSEC.Main.Ch. + Temp..of.the.Atmos. + CODds..mg.L. + SACto..1.m. + NSEC.Effluent.NO3",0.23952251860879,0.731843318057867,"3,2"
"6472","N..Eff..TSS.Conc. + Temp..of.NSEC.Main.Ch. + Temp..of.the.Atmos. + CODds..mg.L. + SACto..1.m. + NSEC.Effluent.OP",0.0859649108274663,0.629924281695789,"3,2"
"6473","N..Eff..TSS.Conc. + Temp..of.NSEC.Main.Ch. + Temp..of.the.Atmos. + CODds..mg.L. + SACto..1.m. + NSEC.Effluent.TSS",0.100638791760991,0.585651112890663,"3,2"
"6474","N..Eff..TSS.Conc. + Temp..of.NSEC.Main.Ch. + Temp..of.the.Atmos. + CODds..mg.L. + SACto..1.m. + NSEC.Effluent.NO5",0.231039376363744,0.626749818995831,"3,2"
"6475","N..Eff..TSS.Conc. + Temp..of.NSEC.Main.Ch. + Temp..of.the.Atmos. + CODds..mg.L. + SACto..1.m. + NSEC.Effluent.Flow",0.167950442559775,0.676065118979314,"3,2"
"6476","N..Eff..TSS.Conc. + Temp..of.NSEC.Main.Ch. + Temp..of.the.Atmos. + CODds..mg.L. + NSEC.Aerobic.SRT + NSEC.Effluent.NH3",0.045831425233136,0.673596990215723,"3,2"
"6477","N..Eff..TSS.Conc. + Temp..of.NSEC.Main.Ch. + Temp..of.the.Atmos. + CODds..mg.L. + NSEC.Aerobic.SRT + NSEC.Effluent.NO3",0.430694519049444,0.776171303719888,"3,2"
"6478","N..Eff..TSS.Conc. + Temp..of.NSEC.Main.Ch. + Temp..of.the.Atmos. + CODds..mg.L. + NSEC.Aerobic.SRT + NSEC.Effluent.OP",0.384207810825977,0.731566627848979,"3,2"
"6479","N..Eff..TSS.Conc. + Temp..of.NSEC.Main.Ch. + Temp..of.the.Atmos. + CODds..mg.L. + NSEC.Aerobic.SRT + NSEC.Effluent.TSS",0.233197244902823,0.643682414689199,"3,2"
"6480","N..Eff..TSS.Conc. + Temp..of.NSEC.Main.Ch. + Temp..of.the.Atmos. + CODds..mg.L. + NSEC.Aerobic.SRT + NSEC.Effluent.NO5",0.255359348893592,0.676461885624985,"3,2"
"6481","N..Eff..TSS.Conc. + Temp..of.NSEC.Main.Ch. + Temp..of.the.Atmos. + CODds..mg.L. + NSEC.Aerobic.SRT + NSEC.Effluent.Flow",0.318131244276642,0.807107384146597,"3,2"
"6482","N..Eff..TSS.Conc. + Temp..of.NSEC.Main.Ch. + Temp..of.the.Atmos. + CODds..mg.L. + NSEC.Effluent.NH3 + NSEC.Effluent.NO3",0.126394026602254,0.71026081869215,"3,2"
"6483","N..Eff..TSS.Conc. + Temp..of.NSEC.Main.Ch. + Temp..of.the.Atmos. + CODds..mg.L. + NSEC.Effluent.NH3 + NSEC.Effluent.OP",0.0760685672734667,0.648016040432034,"3,2"
"6484","N..Eff..TSS.Conc. + Temp..of.NSEC.Main.Ch. + Temp..of.the.Atmos. + CODds..mg.L. + NSEC.Effluent.NH3 + NSEC.Effluent.TSS",0.197458336137819,0.728880160836218,"3,2"
"6485","N..Eff..TSS.Conc. + Temp..of.NSEC.Main.Ch. + Temp..of.the.Atmos. + CODds..mg.L. + NSEC.Effluent.NH3 + NSEC.Effluent.NO5",0.120674160815944,0.630617610553548,"3,2"
"6486","N..Eff..TSS.Conc. + Temp..of.NSEC.Main.Ch. + Temp..of.the.Atmos. + CODds..mg.L. + NSEC.Effluent.NH3 + NSEC.Effluent.Flow",0.0768097476060561,0.616787039959345,"3,2"
"6487","N..Eff..TSS.Conc. + Temp..of.NSEC.Main.Ch. + Temp..of.the.Atmos. + CODds..mg.L. + NSEC.Effluent.NO3 + NSEC.Effluent.OP",0.19688689822891,0.698615983667936,"3,2"
"6488","N..Eff..TSS.Conc. + Temp..of.NSEC.Main.Ch. + Temp..of.the.Atmos. + CODds..mg.L. + NSEC.Effluent.NO3 + NSEC.Effluent.TSS",0.118579640811949,0.584650282106827,"3,2"
"6489","N..Eff..TSS.Conc. + Temp..of.NSEC.Main.Ch. + Temp..of.the.Atmos. + CODds..mg.L. + NSEC.Effluent.NO3 + NSEC.Effluent.NO5",0.0693418736825104,0.660703792789905,"3,2"
"6490","N..Eff..TSS.Conc. + Temp..of.NSEC.Main.Ch. + Temp..of.the.Atmos. + CODds..mg.L. + NSEC.Effluent.NO3 + NSEC.Effluent.Flow",0.223235545212443,0.671639527585618,"3,2"
"6491","N..Eff..TSS.Conc. + Temp..of.NSEC.Main.Ch. + Temp..of.the.Atmos. + CODds..mg.L. + NSEC.Effluent.OP + NSEC.Effluent.TSS",0.0515424590499376,0.569858843122164,"3,2"
"6492","N..Eff..TSS.Conc. + Temp..of.NSEC.Main.Ch. + Temp..of.the.Atmos. + CODds..mg.L. + NSEC.Effluent.OP + NSEC.Effluent.NO5",0.229361449898319,0.596706524039164,"3,2"
"6493","N..Eff..TSS.Conc. + Temp..of.NSEC.Main.Ch. + Temp..of.the.Atmos. + CODds..mg.L. + NSEC.Effluent.OP + NSEC.Effluent.Flow",0.002423267047164,0.640888010419075,"3,2"
"6494","N..Eff..TSS.Conc. + Temp..of.NSEC.Main.Ch. + Temp..of.the.Atmos. + CODds..mg.L. + NSEC.Effluent.TSS + NSEC.Effluent.NO5",0.0241272156820664,0.532187883807775,"3,2"
"6495","N..Eff..TSS.Conc. + Temp..of.NSEC.Main.Ch. + Temp..of.the.Atmos. + CODds..mg.L. + NSEC.Effluent.TSS + NSEC.Effluent.Flow",0.0390751915099437,0.612651740324684,"3,2"
"6496","N..Eff..TSS.Conc. + Temp..of.NSEC.Main.Ch. + Temp..of.the.Atmos. + CODds..mg.L. + NSEC.Effluent.NO5 + NSEC.Effluent.Flow",0.235099400671138,0.6259335369775,"3,2"
"6497","N..Eff..TSS.Conc. + Temp..of.NSEC.Main.Ch. + Temp..of.the.Atmos. + SACto..1.m. + NSEC.Aerobic.SRT + NSEC.Effluent.NH3",0.132011039569468,0.750291113252563,"3,2"
"6498","N..Eff..TSS.Conc. + Temp..of.NSEC.Main.Ch. + Temp..of.the.Atmos. + SACto..1.m. + NSEC.Aerobic.SRT + NSEC.Effluent.NO3",0.199544222370757,0.758407189875991,"3,2"
"6499","N..Eff..TSS.Conc. + Temp..of.NSEC.Main.Ch. + Temp..of.the.Atmos. + SACto..1.m. + NSEC.Aerobic.SRT + NSEC.Effluent.OP",0.0179515696103127,0.623562226875089,"3,2"
"6500","N..Eff..TSS.Conc. + Temp..of.NSEC.Main.Ch. + Temp..of.the.Atmos. + SACto..1.m. + NSEC.Aerobic.SRT + NSEC.Effluent.TSS",0.00646482517256786,0.695387895541876,"3,2"
"6501","N..Eff..TSS.Conc. + Temp..of.NSEC.Main.Ch. + Temp..of.the.Atmos. + SACto..1.m. + NSEC.Aerobic.SRT + NSEC.Effluent.NO5",0.245629240622613,0.725189805936091,"3,2"
"6502","N..Eff..TSS.Conc. + Temp..of.NSEC.Main.Ch. + Temp..of.the.Atmos. + SACto..1.m. + NSEC.Aerobic.SRT + NSEC.Effluent.Flow",0.2933207566712,0.802003663712721,"3,2"
"6503","N..Eff..TSS.Conc. + Temp..of.NSEC.Main.Ch. + Temp..of.the.Atmos. + SACto..1.m. + NSEC.Effluent.NH3 + NSEC.Effluent.NO3",0.112901427257925,0.441559495592737,"3,2"
"6504","N..Eff..TSS.Conc. + Temp..of.NSEC.Main.Ch. + Temp..of.the.Atmos. + SACto..1.m. + NSEC.Effluent.NH3 + NSEC.Effluent.OP",0.119985429096982,0.670734705753271,"3,2"
"6505","N..Eff..TSS.Conc. + Temp..of.NSEC.Main.Ch. + Temp..of.the.Atmos. + SACto..1.m. + NSEC.Effluent.NH3 + NSEC.Effluent.TSS",0.0580131996127222,0.552783123205205,"3,2"
"6506","N..Eff..TSS.Conc. + Temp..of.NSEC.Main.Ch. + Temp..of.the.Atmos. + SACto..1.m. + NSEC.Effluent.NH3 + NSEC.Effluent.NO5",0.0303635743467816,0.613429977707606,"3,2"
"6507","N..Eff..TSS.Conc. + Temp..of.NSEC.Main.Ch. + Temp..of.the.Atmos. + SACto..1.m. + NSEC.Effluent.NH3 + NSEC.Effluent.Flow",0.0115558337982158,0.621327706298333,"3,2"
"6508","N..Eff..TSS.Conc. + Temp..of.NSEC.Main.Ch. + Temp..of.the.Atmos. + SACto..1.m. + NSEC.Effluent.NO3 + NSEC.Effluent.OP",0.0635820034396799,0.559507983996392,"3,2"
"6509","N..Eff..TSS.Conc. + Temp..of.NSEC.Main.Ch. + Temp..of.the.Atmos. + SACto..1.m. + NSEC.Effluent.NO3 + NSEC.Effluent.TSS",0.155909847709601,0.575267302564143,"3,2"
"6510","N..Eff..TSS.Conc. + Temp..of.NSEC.Main.Ch. + Temp..of.the.Atmos. + SACto..1.m. + NSEC.Effluent.NO3 + NSEC.Effluent.NO5",0.193174956140648,0.0650587070603077,"3,2"
"6511","N..Eff..TSS.Conc. + Temp..of.NSEC.Main.Ch. + Temp..of.the.Atmos. + SACto..1.m. + NSEC.Effluent.NO3 + NSEC.Effluent.Flow",0.241916386431952,0.728493868567608,"3,2"
"6512","N..Eff..TSS.Conc. + Temp..of.NSEC.Main.Ch. + Temp..of.the.Atmos. + SACto..1.m. + NSEC.Effluent.OP + NSEC.Effluent.TSS",0.138638008333815,0.539981887186394,"3,2"
"6513","N..Eff..TSS.Conc. + Temp..of.NSEC.Main.Ch. + Temp..of.the.Atmos. + SACto..1.m. + NSEC.Effluent.OP + NSEC.Effluent.NO5",0.0415035830975981,0.653854377982121,"3,2"
"6514","N..Eff..TSS.Conc. + Temp..of.NSEC.Main.Ch. + Temp..of.the.Atmos. + SACto..1.m. + NSEC.Effluent.OP + NSEC.Effluent.Flow",0.207341752833495,0.622908964537039,"3,2"
"6515","N..Eff..TSS.Conc. + Temp..of.NSEC.Main.Ch. + Temp..of.the.Atmos. + SACto..1.m. + NSEC.Effluent.TSS + NSEC.Effluent.NO5",0.0469215173229631,0.539913230392892,"3,2"
"6516","N..Eff..TSS.Conc. + Temp..of.NSEC.Main.Ch. + Temp..of.the.Atmos. + SACto..1.m. + NSEC.Effluent.TSS + NSEC.Effluent.Flow",0.128538722256189,0.538910310195915,"3,2"
"6517","N..Eff..TSS.Conc. + Temp..of.NSEC.Main.Ch. + Temp..of.the.Atmos. + SACto..1.m. + NSEC.Effluent.NO5 + NSEC.Effluent.Flow",0.236764694436125,0.57282469406901,"3,2"
"6518","N..Eff..TSS.Conc. + Temp..of.NSEC.Main.Ch. + Temp..of.the.Atmos. + NSEC.Aerobic.SRT + NSEC.Effluent.NH3 + NSEC.Effluent.NO3",0.39923258977255,0.75365355296536,"3,2"
"6519","N..Eff..TSS.Conc. + Temp..of.NSEC.Main.Ch. + Temp..of.the.Atmos. + NSEC.Aerobic.SRT + NSEC.Effluent.NH3 + NSEC.Effluent.OP",0.338209035285642,0.74415377811886,"3,2"
"6520","N..Eff..TSS.Conc. + Temp..of.NSEC.Main.Ch. + Temp..of.the.Atmos. + NSEC.Aerobic.SRT + NSEC.Effluent.NH3 + NSEC.Effluent.TSS",0.000264551898762733,0.410484214601342,"3,2"
"6521","N..Eff..TSS.Conc. + Temp..of.NSEC.Main.Ch. + Temp..of.the.Atmos. + NSEC.Aerobic.SRT + NSEC.Effluent.NH3 + NSEC.Effluent.NO5",0.160914923242556,0.724915036536885,"3,2"
"6522","N..Eff..TSS.Conc. + Temp..of.NSEC.Main.Ch. + Temp..of.the.Atmos. + NSEC.Aerobic.SRT + NSEC.Effluent.NH3 + NSEC.Effluent.Flow",0.297717426785424,0.728061609443931,"3,2"
"6523","N..Eff..TSS.Conc. + Temp..of.NSEC.Main.Ch. + Temp..of.the.Atmos. + NSEC.Aerobic.SRT + NSEC.Effluent.NO3 + NSEC.Effluent.OP",0.0719452722509466,0.62481576574644,"3,2"
"6524","N..Eff..TSS.Conc. + Temp..of.NSEC.Main.Ch. + Temp..of.the.Atmos. + NSEC.Aerobic.SRT + NSEC.Effluent.NO3 + NSEC.Effluent.TSS",0.171121968392772,0.663739375939658,"3,2"
"6525","N..Eff..TSS.Conc. + Temp..of.NSEC.Main.Ch. + Temp..of.the.Atmos. + NSEC.Aerobic.SRT + NSEC.Effluent.NO3 + NSEC.Effluent.NO5",0.122684451955678,0.720223846243114,"3,2"
"6526","N..Eff..TSS.Conc. + Temp..of.NSEC.Main.Ch. + Temp..of.the.Atmos. + NSEC.Aerobic.SRT + NSEC.Effluent.NO3 + NSEC.Effluent.Flow",0.294729736376108,0.686780617154018,"3,2"
"6527","N..Eff..TSS.Conc. + Temp..of.NSEC.Main.Ch. + Temp..of.the.Atmos. + NSEC.Aerobic.SRT + NSEC.Effluent.OP + NSEC.Effluent.TSS",0.193689870230631,0.160976050454151,"3,2"
"6528","N..Eff..TSS.Conc. + Temp..of.NSEC.Main.Ch. + Temp..of.the.Atmos. + NSEC.Aerobic.SRT + NSEC.Effluent.OP + NSEC.Effluent.NO5",0.225337705052291,0.749966789748123,"3,2"
"6529","N..Eff..TSS.Conc. + Temp..of.NSEC.Main.Ch. + Temp..of.the.Atmos. + NSEC.Aerobic.SRT + NSEC.Effluent.OP + NSEC.Effluent.Flow",0.0756202875077947,0.694175409008155,"3,2"
"6530","N..Eff..TSS.Conc. + Temp..of.NSEC.Main.Ch. + Temp..of.the.Atmos. + NSEC.Aerobic.SRT + NSEC.Effluent.TSS + NSEC.Effluent.NO5",0.200397400161121,0.766035986558817,"3,2"
"6531","N..Eff..TSS.Conc. + Temp..of.NSEC.Main.Ch. + Temp..of.the.Atmos. + NSEC.Aerobic.SRT + NSEC.Effluent.TSS + NSEC.Effluent.Flow",0.317964565151978,0.752249612249018,"3,2"
"6532","N..Eff..TSS.Conc. + Temp..of.NSEC.Main.Ch. + Temp..of.the.Atmos. + NSEC.Aerobic.SRT + NSEC.Effluent.NO5 + NSEC.Effluent.Flow",0.333030175663159,0.731397552465454,"3,2"
"6533","N..Eff..TSS.Conc. + Temp..of.NSEC.Main.Ch. + Temp..of.the.Atmos. + NSEC.Effluent.NH3 + NSEC.Effluent.NO3 + NSEC.Effluent.OP",0.0191207708948715,0.552759995675657,"3,2"
"6534","N..Eff..TSS.Conc. + Temp..of.NSEC.Main.Ch. + Temp..of.the.Atmos. + NSEC.Effluent.NH3 + NSEC.Effluent.NO3 + NSEC.Effluent.TSS",0.0563202977823942,0.556641833381775,"3,2"
"6535","N..Eff..TSS.Conc. + Temp..of.NSEC.Main.Ch. + Temp..of.the.Atmos. + NSEC.Effluent.NH3 + NSEC.Effluent.NO3 + NSEC.Effluent.NO5",0.415538774506211,0.647204853657933,"3,2"
"6536","N..Eff..TSS.Conc. + Temp..of.NSEC.Main.Ch. + Temp..of.the.Atmos. + NSEC.Effluent.NH3 + NSEC.Effluent.NO3 + NSEC.Effluent.Flow",0.316513074459844,0.668211049461144,"3,2"
"6537","N..Eff..TSS.Conc. + Temp..of.NSEC.Main.Ch. + Temp..of.the.Atmos. + NSEC.Effluent.NH3 + NSEC.Effluent.OP + NSEC.Effluent.TSS",0.0647735490326171,0.297064565613743,"3,2"
"6538","N..Eff..TSS.Conc. + Temp..of.NSEC.Main.Ch. + Temp..of.the.Atmos. + NSEC.Effluent.NH3 + NSEC.Effluent.OP + NSEC.Effluent.NO5",0.0419388109019017,0.504792302770243,"3,2"
"6539","N..Eff..TSS.Conc. + Temp..of.NSEC.Main.Ch. + Temp..of.the.Atmos. + NSEC.Effluent.NH3 + NSEC.Effluent.OP + NSEC.Effluent.Flow",0.00854815857736191,0.557348654469854,"3,2"
"6540","N..Eff..TSS.Conc. + Temp..of.NSEC.Main.Ch. + Temp..of.the.Atmos. + NSEC.Effluent.NH3 + NSEC.Effluent.TSS + NSEC.Effluent.NO5",0.313131987569452,0.652335746131628,"3,2"
"6541","N..Eff..TSS.Conc. + Temp..of.NSEC.Main.Ch. + Temp..of.the.Atmos. + NSEC.Effluent.NH3 + NSEC.Effluent.TSS + NSEC.Effluent.Flow",0.0794209266945796,0.532729163847483,"3,2"
"6542","N..Eff..TSS.Conc. + Temp..of.NSEC.Main.Ch. + Temp..of.the.Atmos. + NSEC.Effluent.NH3 + NSEC.Effluent.NO5 + NSEC.Effluent.Flow",0.138425177864546,0.609278506525368,"3,2"
"6543","N..Eff..TSS.Conc. + Temp..of.NSEC.Main.Ch. + Temp..of.the.Atmos. + NSEC.Effluent.NO3 + NSEC.Effluent.OP + NSEC.Effluent.TSS",0.199325706210538,0.515617094013898,"3,2"
"6544","N..Eff..TSS.Conc. + Temp..of.NSEC.Main.Ch. + Temp..of.the.Atmos. + NSEC.Effluent.NO3 + NSEC.Effluent.OP + NSEC.Effluent.NO5",0.4147635211953,0.690964096734539,"3,2"
"6545","N..Eff..TSS.Conc. + Temp..of.NSEC.Main.Ch. + Temp..of.the.Atmos. + NSEC.Effluent.NO3 + NSEC.Effluent.OP + NSEC.Effluent.Flow",0.226183432037291,0.681552434417745,"3,2"
"6546","N..Eff..TSS.Conc. + Temp..of.NSEC.Main.Ch. + Temp..of.the.Atmos. + NSEC.Effluent.NO3 + NSEC.Effluent.TSS + NSEC.Effluent.NO5",0.15110118555092,0.650876380362788,"3,2"
"6547","N..Eff..TSS.Conc. + Temp..of.NSEC.Main.Ch. + Temp..of.the.Atmos. + NSEC.Effluent.NO3 + NSEC.Effluent.TSS + NSEC.Effluent.Flow",0.108157243635719,0.533880411022119,"3,2"
"6548","N..Eff..TSS.Conc. + Temp..of.NSEC.Main.Ch. + Temp..of.the.Atmos. + NSEC.Effluent.NO3 + NSEC.Effluent.NO5 + NSEC.Effluent.Flow",0.174025490906222,0.661819016745989,"3,2"
"6549","N..Eff..TSS.Conc. + Temp..of.NSEC.Main.Ch. + Temp..of.the.Atmos. + NSEC.Effluent.OP + NSEC.Effluent.TSS + NSEC.Effluent.NO5",0.0552357008170512,0.60850188955617,"3,2"
"6550","N..Eff..TSS.Conc. + Temp..of.NSEC.Main.Ch. + Temp..of.the.Atmos. + NSEC.Effluent.OP + NSEC.Effluent.TSS + NSEC.Effluent.Flow",0.0404414198671166,0.598909646367313,"3,2"
"6551","N..Eff..TSS.Conc. + Temp..of.NSEC.Main.Ch. + Temp..of.the.Atmos. + NSEC.Effluent.OP + NSEC.Effluent.NO5 + NSEC.Effluent.Flow",0.118950008826145,0.567580473117411,"3,2"
"6552","N..Eff..TSS.Conc. + Temp..of.NSEC.Main.Ch. + Temp..of.the.Atmos. + NSEC.Effluent.TSS + NSEC.Effluent.NO5 + NSEC.Effluent.Flow",0.0847409131106422,0.517841971252749,"3,2"
"6553","N..Eff..TSS.Conc. + Temp..of.NSEC.Main.Ch. + Secondary.Effluent.Flow + N..Basin.Outfall + CODto..mg.L. + TSS..mg.L.",0.0852281283364116,0.670654484705793,"3,2"
"6554","N..Eff..TSS.Conc. + Temp..of.NSEC.Main.Ch. + Secondary.Effluent.Flow + N..Basin.Outfall + CODto..mg.L. + UVT....",0.0358421654446843,0.642868815366393,"3,2"
"6555","N..Eff..TSS.Conc. + Temp..of.NSEC.Main.Ch. + Secondary.Effluent.Flow + N..Basin.Outfall + CODto..mg.L. + CODds..mg.L.",0.0454982573193763,0.66649527447239,"3,2"
"6556","N..Eff..TSS.Conc. + Temp..of.NSEC.Main.Ch. + Secondary.Effluent.Flow + N..Basin.Outfall + CODto..mg.L. + SACto..1.m.",0.141843595237898,0.604663364398765,"3,2"
"6557","N..Eff..TSS.Conc. + Temp..of.NSEC.Main.Ch. + Secondary.Effluent.Flow + N..Basin.Outfall + CODto..mg.L. + NSEC.Aerobic.SRT",0.0528459230530625,0.730603519929358,"3,2"
"6558","N..Eff..TSS.Conc. + Temp..of.NSEC.Main.Ch. + Secondary.Effluent.Flow + N..Basin.Outfall + CODto..mg.L. + NSEC.Effluent.NH3",0.175297726703461,0.568412880522312,"3,2"
"6559","N..Eff..TSS.Conc. + Temp..of.NSEC.Main.Ch. + Secondary.Effluent.Flow + N..Basin.Outfall + CODto..mg.L. + NSEC.Effluent.NO3",0.135339564258918,0.575992715526276,"3,2"
"6560","N..Eff..TSS.Conc. + Temp..of.NSEC.Main.Ch. + Secondary.Effluent.Flow + N..Basin.Outfall + CODto..mg.L. + NSEC.Effluent.OP",0.0810040070759501,0.586439315879234,"3,2"
"6561","N..Eff..TSS.Conc. + Temp..of.NSEC.Main.Ch. + Secondary.Effluent.Flow + N..Basin.Outfall + CODto..mg.L. + NSEC.Effluent.TSS",0.272662817078152,0.508713866227691,"3,2"
"6562","N..Eff..TSS.Conc. + Temp..of.NSEC.Main.Ch. + Secondary.Effluent.Flow + N..Basin.Outfall + CODto..mg.L. + NSEC.Effluent.NO5",0.0603396919823662,0.457448820922809,"3,2"
"6563","N..Eff..TSS.Conc. + Temp..of.NSEC.Main.Ch. + Secondary.Effluent.Flow + N..Basin.Outfall + CODto..mg.L. + NSEC.Effluent.Flow",0.764996084701121,0.641105817905534,"3,2"
"6564","N..Eff..TSS.Conc. + Temp..of.NSEC.Main.Ch. + Secondary.Effluent.Flow + N..Basin.Outfall + TSS..mg.L. + UVT....",0.0545430683543311,0.717955254470972,"3,2"
"6565","N..Eff..TSS.Conc. + Temp..of.NSEC.Main.Ch. + Secondary.Effluent.Flow + N..Basin.Outfall + TSS..mg.L. + CODds..mg.L.",0.0950464621912328,0.698337937462164,"3,2"
"6566","N..Eff..TSS.Conc. + Temp..of.NSEC.Main.Ch. + Secondary.Effluent.Flow + N..Basin.Outfall + TSS..mg.L. + SACto..1.m.",0.180514405203196,0.629658613269971,"3,2"
"6567","N..Eff..TSS.Conc. + Temp..of.NSEC.Main.Ch. + Secondary.Effluent.Flow + N..Basin.Outfall + TSS..mg.L. + NSEC.Aerobic.SRT",0.00603263448463043,0.482956058942681,"3,2"
"6568","N..Eff..TSS.Conc. + Temp..of.NSEC.Main.Ch. + Secondary.Effluent.Flow + N..Basin.Outfall + TSS..mg.L. + NSEC.Effluent.NH3",0.0507139734015907,0.410182597419131,"3,2"
"6569","N..Eff..TSS.Conc. + Temp..of.NSEC.Main.Ch. + Secondary.Effluent.Flow + N..Basin.Outfall + TSS..mg.L. + NSEC.Effluent.NO3",0.0121822905256384,0.427001369616908,"3,2"
"6570","N..Eff..TSS.Conc. + Temp..of.NSEC.Main.Ch. + Secondary.Effluent.Flow + N..Basin.Outfall + TSS..mg.L. + NSEC.Effluent.OP",0.178080621620317,0.611525696280752,"3,2"
"6571","N..Eff..TSS.Conc. + Temp..of.NSEC.Main.Ch. + Secondary.Effluent.Flow + N..Basin.Outfall + TSS..mg.L. + NSEC.Effluent.TSS",0.253886023687126,0.519151080375265,"3,2"
"6572","N..Eff..TSS.Conc. + Temp..of.NSEC.Main.Ch. + Secondary.Effluent.Flow + N..Basin.Outfall + TSS..mg.L. + NSEC.Effluent.NO5",0.134562698495637,0.617779099770207,"3,2"
"6573","N..Eff..TSS.Conc. + Temp..of.NSEC.Main.Ch. + Secondary.Effluent.Flow + N..Basin.Outfall + TSS..mg.L. + NSEC.Effluent.Flow",0.0525667487824177,0.505047726074885,"3,2"
"6574","N..Eff..TSS.Conc. + Temp..of.NSEC.Main.Ch. + Secondary.Effluent.Flow + N..Basin.Outfall + UVT.... + CODds..mg.L.",0.121290825111022,0.706021650762302,"3,2"
"6575","N..Eff..TSS.Conc. + Temp..of.NSEC.Main.Ch. + Secondary.Effluent.Flow + N..Basin.Outfall + UVT.... + SACto..1.m.",0.00531598433946079,0.493062517002003,"3,2"
"6576","N..Eff..TSS.Conc. + Temp..of.NSEC.Main.Ch. + Secondary.Effluent.Flow + N..Basin.Outfall + UVT.... + NSEC.Aerobic.SRT",0.0847466602087197,0.75605303520542,"3,2"
"6577","N..Eff..TSS.Conc. + Temp..of.NSEC.Main.Ch. + Secondary.Effluent.Flow + N..Basin.Outfall + UVT.... + NSEC.Effluent.NH3",0.0549284467904003,0.565370136901503,"3,2"
"6578","N..Eff..TSS.Conc. + Temp..of.NSEC.Main.Ch. + Secondary.Effluent.Flow + N..Basin.Outfall + UVT.... + NSEC.Effluent.NO3",0.0441506928543038,0.5891471688258,"3,2"
"6579","N..Eff..TSS.Conc. + Temp..of.NSEC.Main.Ch. + Secondary.Effluent.Flow + N..Basin.Outfall + UVT.... + NSEC.Effluent.OP",0.00472170941137207,0.673787988806334,"3,2"
"6580","N..Eff..TSS.Conc. + Temp..of.NSEC.Main.Ch. + Secondary.Effluent.Flow + N..Basin.Outfall + UVT.... + NSEC.Effluent.TSS",0.243815391247287,0.626145263839947,"3,2"
"6581","N..Eff..TSS.Conc. + Temp..of.NSEC.Main.Ch. + Secondary.Effluent.Flow + N..Basin.Outfall + UVT.... + NSEC.Effluent.NO5",0.0866165700863428,0.39109991602299,"3,2"
"6582","N..Eff..TSS.Conc. + Temp..of.NSEC.Main.Ch. + Secondary.Effluent.Flow + N..Basin.Outfall + UVT.... + NSEC.Effluent.Flow",0.0509207865797676,0.476114703723041,"3,2"
"6583","N..Eff..TSS.Conc. + Temp..of.NSEC.Main.Ch. + Secondary.Effluent.Flow + N..Basin.Outfall + CODds..mg.L. + SACto..1.m.",0.0429669170157658,0.71536492335649,"3,2"
"6584","N..Eff..TSS.Conc. + Temp..of.NSEC.Main.Ch. + Secondary.Effluent.Flow + N..Basin.Outfall + CODds..mg.L. + NSEC.Aerobic.SRT",0.335068267990576,0.741173309707971,"3,2"
"6585","N..Eff..TSS.Conc. + Temp..of.NSEC.Main.Ch. + Secondary.Effluent.Flow + N..Basin.Outfall + CODds..mg.L. + NSEC.Effluent.NH3",0.117129737154991,0.565787615256936,"3,2"
"6586","N..Eff..TSS.Conc. + Temp..of.NSEC.Main.Ch. + Secondary.Effluent.Flow + N..Basin.Outfall + CODds..mg.L. + NSEC.Effluent.NO3",0.178119766452494,0.615214898136768,"3,2"
"6587","N..Eff..TSS.Conc. + Temp..of.NSEC.Main.Ch. + Secondary.Effluent.Flow + N..Basin.Outfall + CODds..mg.L. + NSEC.Effluent.OP",0.079741513263996,0.630116302268642,"3,2"
"6588","N..Eff..TSS.Conc. + Temp..of.NSEC.Main.Ch. + Secondary.Effluent.Flow + N..Basin.Outfall + CODds..mg.L. + NSEC.Effluent.TSS",0.038084255379722,0.565156346196325,"3,2"
"6589","N..Eff..TSS.Conc. + Temp..of.NSEC.Main.Ch. + Secondary.Effluent.Flow + N..Basin.Outfall + CODds..mg.L. + NSEC.Effluent.NO5",0.171866667882629,0.64254621823547,"3,2"
"6590","N..Eff..TSS.Conc. + Temp..of.NSEC.Main.Ch. + Secondary.Effluent.Flow + N..Basin.Outfall + CODds..mg.L. + NSEC.Effluent.Flow",0.0830627360172358,0.683991180252124,"3,2"
"6591","N..Eff..TSS.Conc. + Temp..of.NSEC.Main.Ch. + Secondary.Effluent.Flow + N..Basin.Outfall + SACto..1.m. + NSEC.Aerobic.SRT",0.147583026678923,0.777603175171305,"3,2"
"6592","N..Eff..TSS.Conc. + Temp..of.NSEC.Main.Ch. + Secondary.Effluent.Flow + N..Basin.Outfall + SACto..1.m. + NSEC.Effluent.NH3",0.0728835431439145,0.474929058520542,"3,2"
"6593","N..Eff..TSS.Conc. + Temp..of.NSEC.Main.Ch. + Secondary.Effluent.Flow + N..Basin.Outfall + SACto..1.m. + NSEC.Effluent.NO3",0.108330766690685,0.551070389697028,"3,2"
"6594","N..Eff..TSS.Conc. + Temp..of.NSEC.Main.Ch. + Secondary.Effluent.Flow + N..Basin.Outfall + SACto..1.m. + NSEC.Effluent.OP",0.164035477554607,0.677496593838343,"3,2"
"6595","N..Eff..TSS.Conc. + Temp..of.NSEC.Main.Ch. + Secondary.Effluent.Flow + N..Basin.Outfall + SACto..1.m. + NSEC.Effluent.TSS",0.0829049161105864,0.469373498698288,"3,2"
"6596","N..Eff..TSS.Conc. + Temp..of.NSEC.Main.Ch. + Secondary.Effluent.Flow + N..Basin.Outfall + SACto..1.m. + NSEC.Effluent.NO5",0.00244607134868202,0.552317933718377,"3,2"
"6597","N..Eff..TSS.Conc. + Temp..of.NSEC.Main.Ch. + Secondary.Effluent.Flow + N..Basin.Outfall + SACto..1.m. + NSEC.Effluent.Flow",0.0637625950278811,0.609983155879742,"3,2"
"6598","N..Eff..TSS.Conc. + Temp..of.NSEC.Main.Ch. + Secondary.Effluent.Flow + N..Basin.Outfall + NSEC.Aerobic.SRT + NSEC.Effluent.NH3",0.249707684527648,0.681890546872589,"3,2"
"6599","N..Eff..TSS.Conc. + Temp..of.NSEC.Main.Ch. + Secondary.Effluent.Flow + N..Basin.Outfall + NSEC.Aerobic.SRT + NSEC.Effluent.NO3",0.207937488579591,0.712000812953198,"3,2"
"6600","N..Eff..TSS.Conc. + Temp..of.NSEC.Main.Ch. + Secondary.Effluent.Flow + N..Basin.Outfall + NSEC.Aerobic.SRT + NSEC.Effluent.OP",0.146055846535313,0.710172823255199,"3,2"
"6601","N..Eff..TSS.Conc. + Temp..of.NSEC.Main.Ch. + Secondary.Effluent.Flow + N..Basin.Outfall + NSEC.Aerobic.SRT + NSEC.Effluent.TSS",0.00619138883838133,0.397176547540282,"3,2"
"6602","N..Eff..TSS.Conc. + Temp..of.NSEC.Main.Ch. + Secondary.Effluent.Flow + N..Basin.Outfall + NSEC.Aerobic.SRT + NSEC.Effluent.NO5",0.287049557747356,0.70278235237064,"3,2"
"6603","N..Eff..TSS.Conc. + Temp..of.NSEC.Main.Ch. + Secondary.Effluent.Flow + N..Basin.Outfall + NSEC.Aerobic.SRT + NSEC.Effluent.Flow",0.00360327151427464,0.448386225675825,"3,2"
"6604","N..Eff..TSS.Conc. + Temp..of.NSEC.Main.Ch. + Secondary.Effluent.Flow + N..Basin.Outfall + NSEC.Effluent.NH3 + NSEC.Effluent.NO3",0.00613584030138581,0.398333636999779,"3,2"
"6605","N..Eff..TSS.Conc. + Temp..of.NSEC.Main.Ch. + Secondary.Effluent.Flow + N..Basin.Outfall + NSEC.Effluent.NH3 + NSEC.Effluent.OP",0.0169983325186018,0.472047854479484,"3,2"
"6606","N..Eff..TSS.Conc. + Temp..of.NSEC.Main.Ch. + Secondary.Effluent.Flow + N..Basin.Outfall + NSEC.Effluent.NH3 + NSEC.Effluent.TSS",0.0498039974983897,0.408097909074102,"3,2"
"6607","N..Eff..TSS.Conc. + Temp..of.NSEC.Main.Ch. + Secondary.Effluent.Flow + N..Basin.Outfall + NSEC.Effluent.NH3 + NSEC.Effluent.NO5",0.0102586091933663,0.370928978793029,"3,2"
"6608","N..Eff..TSS.Conc. + Temp..of.NSEC.Main.Ch. + Secondary.Effluent.Flow + N..Basin.Outfall + NSEC.Effluent.NH3 + NSEC.Effluent.Flow",0.0630013974312695,0.485668856289037,"3,2"
"6609","N..Eff..TSS.Conc. + Temp..of.NSEC.Main.Ch. + Secondary.Effluent.Flow + N..Basin.Outfall + NSEC.Effluent.NO3 + NSEC.Effluent.OP",0.0867209369665096,0.558631372193383,"3,2"
"6610","N..Eff..TSS.Conc. + Temp..of.NSEC.Main.Ch. + Secondary.Effluent.Flow + N..Basin.Outfall + NSEC.Effluent.NO3 + NSEC.Effluent.TSS",0.0106497714803311,0.415603160164504,"3,2"
"6611","N..Eff..TSS.Conc. + Temp..of.NSEC.Main.Ch. + Secondary.Effluent.Flow + N..Basin.Outfall + NSEC.Effluent.NO3 + NSEC.Effluent.NO5",0.0175630847732058,0.377992605564667,"3,2"
"6612","N..Eff..TSS.Conc. + Temp..of.NSEC.Main.Ch. + Secondary.Effluent.Flow + N..Basin.Outfall + NSEC.Effluent.NO3 + NSEC.Effluent.Flow",0.120613083617796,0.43908305742716,"3,2"
"6613","N..Eff..TSS.Conc. + Temp..of.NSEC.Main.Ch. + Secondary.Effluent.Flow + N..Basin.Outfall + NSEC.Effluent.OP + NSEC.Effluent.TSS",0.103281016742327,0.611044985109751,"3,2"
"6614","N..Eff..TSS.Conc. + Temp..of.NSEC.Main.Ch. + Secondary.Effluent.Flow + N..Basin.Outfall + NSEC.Effluent.OP + NSEC.Effluent.NO5",0.0721653343489863,0.546185583862633,"3,2"
"6615","N..Eff..TSS.Conc. + Temp..of.NSEC.Main.Ch. + Secondary.Effluent.Flow + N..Basin.Outfall + NSEC.Effluent.OP + NSEC.Effluent.Flow",0.003226370542595,0.536670313146716,"3,2"
"6616","N..Eff..TSS.Conc. + Temp..of.NSEC.Main.Ch. + Secondary.Effluent.Flow + N..Basin.Outfall + NSEC.Effluent.TSS + NSEC.Effluent.NO5",0.181211270741801,0.460638808031272,"3,2"
"6617","N..Eff..TSS.Conc. + Temp..of.NSEC.Main.Ch. + Secondary.Effluent.Flow + N..Basin.Outfall + NSEC.Effluent.TSS + NSEC.Effluent.Flow",0.0926600065701115,0.464579463996123,"3,2"
"6618","N..Eff..TSS.Conc. + Temp..of.NSEC.Main.Ch. + Secondary.Effluent.Flow + N..Basin.Outfall + NSEC.Effluent.NO5 + NSEC.Effluent.Flow",0.0645611019226804,0.460816309778157,"3,2"
"6619","N..Eff..TSS.Conc. + Temp..of.NSEC.Main.Ch. + Secondary.Effluent.Flow + CODto..mg.L. + TSS..mg.L. + UVT....",0.0356678855671153,0.6766774381617,"3,2"
"6620","N..Eff..TSS.Conc. + Temp..of.NSEC.Main.Ch. + Secondary.Effluent.Flow + CODto..mg.L. + TSS..mg.L. + CODds..mg.L.",0.0966939190447431,0.720810735699763,"3,2"
"6621","N..Eff..TSS.Conc. + Temp..of.NSEC.Main.Ch. + Secondary.Effluent.Flow + CODto..mg.L. + TSS..mg.L. + SACto..1.m.",0.216091455220716,0.691638421221822,"3,2"
"6622","N..Eff..TSS.Conc. + Temp..of.NSEC.Main.Ch. + Secondary.Effluent.Flow + CODto..mg.L. + TSS..mg.L. + NSEC.Aerobic.SRT",0.283803543789509,0.801796044241731,"3,2"
"6623","N..Eff..TSS.Conc. + Temp..of.NSEC.Main.Ch. + Secondary.Effluent.Flow + CODto..mg.L. + TSS..mg.L. + NSEC.Effluent.NH3",0.275776549465513,0.761698100100731,"3,2"
"6624","N..Eff..TSS.Conc. + Temp..of.NSEC.Main.Ch. + Secondary.Effluent.Flow + CODto..mg.L. + TSS..mg.L. + NSEC.Effluent.NO3",0.350670059518447,0.731595388054893,"3,2"
"6625","N..Eff..TSS.Conc. + Temp..of.NSEC.Main.Ch. + Secondary.Effluent.Flow + CODto..mg.L. + TSS..mg.L. + NSEC.Effluent.OP",0.142586126545258,0.759558120966732,"3,2"
"6626","N..Eff..TSS.Conc. + Temp..of.NSEC.Main.Ch. + Secondary.Effluent.Flow + CODto..mg.L. + TSS..mg.L. + NSEC.Effluent.TSS",0.0863839869121725,0.564271549073284,"3,2"
"6627","N..Eff..TSS.Conc. + Temp..of.NSEC.Main.Ch. + Secondary.Effluent.Flow + CODto..mg.L. + TSS..mg.L. + NSEC.Effluent.NO5",0.210729512486562,0.766555996503751,"3,2"
"6628","N..Eff..TSS.Conc. + Temp..of.NSEC.Main.Ch. + Secondary.Effluent.Flow + CODto..mg.L. + TSS..mg.L. + NSEC.Effluent.Flow",0.0170644914832447,0.713042564150054,"3,2"
"6629","N..Eff..TSS.Conc. + Temp..of.NSEC.Main.Ch. + Secondary.Effluent.Flow + CODto..mg.L. + UVT.... + CODds..mg.L.",0.160306000788064,0.734590049023425,"3,2"
"6630","N..Eff..TSS.Conc. + Temp..of.NSEC.Main.Ch. + Secondary.Effluent.Flow + CODto..mg.L. + UVT.... + SACto..1.m.",0.0117050879968863,0.606531523233723,"3,2"
"6631","N..Eff..TSS.Conc. + Temp..of.NSEC.Main.Ch. + Secondary.Effluent.Flow + CODto..mg.L. + UVT.... + NSEC.Aerobic.SRT",0.0761125509263754,0.795533157443076,"3,2"
"6632","N..Eff..TSS.Conc. + Temp..of.NSEC.Main.Ch. + Secondary.Effluent.Flow + CODto..mg.L. + UVT.... + NSEC.Effluent.NH3",0.00859067733421437,0.649066819517833,"3,2"
"6633","N..Eff..TSS.Conc. + Temp..of.NSEC.Main.Ch. + Secondary.Effluent.Flow + CODto..mg.L. + UVT.... + NSEC.Effluent.NO3",0.086411552263524,0.582021605527348,"3,2"
"6634","N..Eff..TSS.Conc. + Temp..of.NSEC.Main.Ch. + Secondary.Effluent.Flow + CODto..mg.L. + UVT.... + NSEC.Effluent.OP",0.382368925483574,0.747227497889448,"3,2"
"6635","N..Eff..TSS.Conc. + Temp..of.NSEC.Main.Ch. + Secondary.Effluent.Flow + CODto..mg.L. + UVT.... + NSEC.Effluent.TSS",0.00472153747419357,0.702298436869889,"3,2"
"6636","N..Eff..TSS.Conc. + Temp..of.NSEC.Main.Ch. + Secondary.Effluent.Flow + CODto..mg.L. + UVT.... + NSEC.Effluent.NO5",0.220261861588454,0.693040126140281,"3,2"
"6637","N..Eff..TSS.Conc. + Temp..of.NSEC.Main.Ch. + Secondary.Effluent.Flow + CODto..mg.L. + UVT.... + NSEC.Effluent.Flow",0.00465521381981149,0.651488100527069,"3,2"
"6638","N..Eff..TSS.Conc. + Temp..of.NSEC.Main.Ch. + Secondary.Effluent.Flow + CODto..mg.L. + CODds..mg.L. + SACto..1.m.",0.141144026909473,0.66333961109383,"3,2"
"6639","N..Eff..TSS.Conc. + Temp..of.NSEC.Main.Ch. + Secondary.Effluent.Flow + CODto..mg.L. + CODds..mg.L. + NSEC.Aerobic.SRT",0.059356537158449,0.786024428203922,"3,2"
"6640","N..Eff..TSS.Conc. + Temp..of.NSEC.Main.Ch. + Secondary.Effluent.Flow + CODto..mg.L. + CODds..mg.L. + NSEC.Effluent.NH3",0.28425018245296,0.687899981502428,"3,2"
"6641","N..Eff..TSS.Conc. + Temp..of.NSEC.Main.Ch. + Secondary.Effluent.Flow + CODto..mg.L. + CODds..mg.L. + NSEC.Effluent.NO3",0.146841154844839,0.69100479131987,"3,2"
"6642","N..Eff..TSS.Conc. + Temp..of.NSEC.Main.Ch. + Secondary.Effluent.Flow + CODto..mg.L. + CODds..mg.L. + NSEC.Effluent.OP",0.241519998766092,0.708077475837795,"3,2"
"6643","N..Eff..TSS.Conc. + Temp..of.NSEC.Main.Ch. + Secondary.Effluent.Flow + CODto..mg.L. + CODds..mg.L. + NSEC.Effluent.TSS",0.131561144371017,0.683874797026962,"3,2"
"6644","N..Eff..TSS.Conc. + Temp..of.NSEC.Main.Ch. + Secondary.Effluent.Flow + CODto..mg.L. + CODds..mg.L. + NSEC.Effluent.NO5",0.0027873304893733,0.700003590592459,"3,2"
"6645","N..Eff..TSS.Conc. + Temp..of.NSEC.Main.Ch. + Secondary.Effluent.Flow + CODto..mg.L. + CODds..mg.L. + NSEC.Effluent.Flow",0.0334986298170563,0.718308224129273,"3,2"
"6646","N..Eff..TSS.Conc. + Temp..of.NSEC.Main.Ch. + Secondary.Effluent.Flow + CODto..mg.L. + SACto..1.m. + NSEC.Aerobic.SRT",0.233283796364595,0.794548903654303,"3,2"
"6647","N..Eff..TSS.Conc. + Temp..of.NSEC.Main.Ch. + Secondary.Effluent.Flow + CODto..mg.L. + SACto..1.m. + NSEC.Effluent.NH3",0.0920992279640931,0.624490651853511,"3,2"
"6648","N..Eff..TSS.Conc. + Temp..of.NSEC.Main.Ch. + Secondary.Effluent.Flow + CODto..mg.L. + SACto..1.m. + NSEC.Effluent.NO3",0.0603092316438119,0.56371281918165,"3,2"
"6649","N..Eff..TSS.Conc. + Temp..of.NSEC.Main.Ch. + Secondary.Effluent.Flow + CODto..mg.L. + SACto..1.m. + NSEC.Effluent.OP",0.096455471224818,0.76868479100981,"3,2"
"6650","N..Eff..TSS.Conc. + Temp..of.NSEC.Main.Ch. + Secondary.Effluent.Flow + CODto..mg.L. + SACto..1.m. + NSEC.Effluent.TSS",0.28967092242265,0.632497501486737,"3,2"
"6651","N..Eff..TSS.Conc. + Temp..of.NSEC.Main.Ch. + Secondary.Effluent.Flow + CODto..mg.L. + SACto..1.m. + NSEC.Effluent.NO5",0.0728487084132015,0.541749731580081,"3,2"
"6652","N..Eff..TSS.Conc. + Temp..of.NSEC.Main.Ch. + Secondary.Effluent.Flow + CODto..mg.L. + SACto..1.m. + NSEC.Effluent.Flow",0.0858819555553061,0.655620609529917,"3,2"
"6653","N..Eff..TSS.Conc. + Temp..of.NSEC.Main.Ch. + Secondary.Effluent.Flow + CODto..mg.L. + NSEC.Aerobic.SRT + NSEC.Effluent.NH3",0.0590080253164498,0.690383494364516,"3,2"
"6654","N..Eff..TSS.Conc. + Temp..of.NSEC.Main.Ch. + Secondary.Effluent.Flow + CODto..mg.L. + NSEC.Aerobic.SRT + NSEC.Effluent.NO3",0.000101888037134401,0.456257560913421,"3,2"
"6655","N..Eff..TSS.Conc. + Temp..of.NSEC.Main.Ch. + Secondary.Effluent.Flow + CODto..mg.L. + NSEC.Aerobic.SRT + NSEC.Effluent.OP",0.183433289877085,0.778337074621919,"3,2"
"6656","N..Eff..TSS.Conc. + Temp..of.NSEC.Main.Ch. + Secondary.Effluent.Flow + CODto..mg.L. + NSEC.Aerobic.SRT + NSEC.Effluent.TSS",0.00842790276160721,0.449829608606473,"3,2"
"6657","N..Eff..TSS.Conc. + Temp..of.NSEC.Main.Ch. + Secondary.Effluent.Flow + CODto..mg.L. + NSEC.Aerobic.SRT + NSEC.Effluent.NO5",0.0845637032573354,0.67627899197695,"3,2"
"6658","N..Eff..TSS.Conc. + Temp..of.NSEC.Main.Ch. + Secondary.Effluent.Flow + CODto..mg.L. + NSEC.Aerobic.SRT + NSEC.Effluent.Flow",0.00421507095532259,0.428464945506591,"3,2"
"6659","N..Eff..TSS.Conc. + Temp..of.NSEC.Main.Ch. + Secondary.Effluent.Flow + CODto..mg.L. + NSEC.Effluent.NH3 + NSEC.Effluent.NO3",0.212906154875039,0.516392914604716,"3,2"
"6660","N..Eff..TSS.Conc. + Temp..of.NSEC.Main.Ch. + Secondary.Effluent.Flow + CODto..mg.L. + NSEC.Effluent.NH3 + NSEC.Effluent.OP",0.0645834429352317,0.737490055178135,"3,2"
"6661","N..Eff..TSS.Conc. + Temp..of.NSEC.Main.Ch. + Secondary.Effluent.Flow + CODto..mg.L. + NSEC.Effluent.NH3 + NSEC.Effluent.TSS",0.193260734294436,0.594430332435135,"3,2"
"6662","N..Eff..TSS.Conc. + Temp..of.NSEC.Main.Ch. + Secondary.Effluent.Flow + CODto..mg.L. + NSEC.Effluent.NH3 + NSEC.Effluent.NO5",0.0501770852459971,0.426275257842269,"3,2"
"6663","N..Eff..TSS.Conc. + Temp..of.NSEC.Main.Ch. + Secondary.Effluent.Flow + CODto..mg.L. + NSEC.Effluent.NH3 + NSEC.Effluent.Flow",0.00669017237744551,0.46170663575075,"3,2"
"6664","N..Eff..TSS.Conc. + Temp..of.NSEC.Main.Ch. + Secondary.Effluent.Flow + CODto..mg.L. + NSEC.Effluent.NO3 + NSEC.Effluent.OP",0.0559755952940026,0.734786456922147,"3,2"
"6665","N..Eff..TSS.Conc. + Temp..of.NSEC.Main.Ch. + Secondary.Effluent.Flow + CODto..mg.L. + NSEC.Effluent.NO3 + NSEC.Effluent.TSS",0.110477457647761,0.512942784408607,"3,2"
"6666","N..Eff..TSS.Conc. + Temp..of.NSEC.Main.Ch. + Secondary.Effluent.Flow + CODto..mg.L. + NSEC.Effluent.NO3 + NSEC.Effluent.NO5",0.11194803027393,0.460554057721571,"3,2"
"6667","N..Eff..TSS.Conc. + Temp..of.NSEC.Main.Ch. + Secondary.Effluent.Flow + CODto..mg.L. + NSEC.Effluent.NO3 + NSEC.Effluent.Flow",0.0524001410783703,0.495874584814488,"3,2"
"6668","N..Eff..TSS.Conc. + Temp..of.NSEC.Main.Ch. + Secondary.Effluent.Flow + CODto..mg.L. + NSEC.Effluent.OP + NSEC.Effluent.TSS",0.014365076040745,0.713190671407383,"3,2"
"6669","N..Eff..TSS.Conc. + Temp..of.NSEC.Main.Ch. + Secondary.Effluent.Flow + CODto..mg.L. + NSEC.Effluent.OP + NSEC.Effluent.NO5",0.116995650510749,0.562083009338752,"3,2"
"6670","N..Eff..TSS.Conc. + Temp..of.NSEC.Main.Ch. + Secondary.Effluent.Flow + CODto..mg.L. + NSEC.Effluent.OP + NSEC.Effluent.Flow",0.0675121090741975,0.708034800490739,"3,2"
"6671","N..Eff..TSS.Conc. + Temp..of.NSEC.Main.Ch. + Secondary.Effluent.Flow + CODto..mg.L. + NSEC.Effluent.TSS + NSEC.Effluent.NO5",0.0329990558117235,0.512572575631023,"3,2"
"6672","N..Eff..TSS.Conc. + Temp..of.NSEC.Main.Ch. + Secondary.Effluent.Flow + CODto..mg.L. + NSEC.Effluent.TSS + NSEC.Effluent.Flow",0.0736053099627156,0.580853198476146,"3,2"
"6673","N..Eff..TSS.Conc. + Temp..of.NSEC.Main.Ch. + Secondary.Effluent.Flow + CODto..mg.L. + NSEC.Effluent.NO5 + NSEC.Effluent.Flow",0.304573533961189,0.577028367837503,"3,2"
"6674","N..Eff..TSS.Conc. + Temp..of.NSEC.Main.Ch. + Secondary.Effluent.Flow + TSS..mg.L. + UVT.... + CODds..mg.L.",0.177921303057769,0.727574996694624,"3,2"
"6675","N..Eff..TSS.Conc. + Temp..of.NSEC.Main.Ch. + Secondary.Effluent.Flow + TSS..mg.L. + UVT.... + SACto..1.m.",0.102065384308259,0.730834426691341,"3,2"
"6676","N..Eff..TSS.Conc. + Temp..of.NSEC.Main.Ch. + Secondary.Effluent.Flow + TSS..mg.L. + UVT.... + NSEC.Aerobic.SRT",0.127560633918561,0.733796658391087,"3,2"
"6677","N..Eff..TSS.Conc. + Temp..of.NSEC.Main.Ch. + Secondary.Effluent.Flow + TSS..mg.L. + UVT.... + NSEC.Effluent.NH3",0.135622328098289,0.706706037684357,"3,2"
"6678","N..Eff..TSS.Conc. + Temp..of.NSEC.Main.Ch. + Secondary.Effluent.Flow + TSS..mg.L. + UVT.... + NSEC.Effluent.NO3",0.00466986645231371,0.730614401838005,"3,2"
"6679","N..Eff..TSS.Conc. + Temp..of.NSEC.Main.Ch. + Secondary.Effluent.Flow + TSS..mg.L. + UVT.... + NSEC.Effluent.OP",0.0292146805029163,0.716609428807413,"3,2"
"6680","N..Eff..TSS.Conc. + Temp..of.NSEC.Main.Ch. + Secondary.Effluent.Flow + TSS..mg.L. + UVT.... + NSEC.Effluent.TSS",0.0901214541697675,0.724468861712122,"3,2"
"6681","N..Eff..TSS.Conc. + Temp..of.NSEC.Main.Ch. + Secondary.Effluent.Flow + TSS..mg.L. + UVT.... + NSEC.Effluent.NO5",0.0536530479239612,0.740198076008403,"3,2"
"6682","N..Eff..TSS.Conc. + Temp..of.NSEC.Main.Ch. + Secondary.Effluent.Flow + TSS..mg.L. + UVT.... + NSEC.Effluent.Flow",0.236276691510181,0.635045378085684,"3,2"
"6683","N..Eff..TSS.Conc. + Temp..of.NSEC.Main.Ch. + Secondary.Effluent.Flow + TSS..mg.L. + CODds..mg.L. + SACto..1.m.",0.072808838721993,0.715459650648352,"3,2"
"6684","N..Eff..TSS.Conc. + Temp..of.NSEC.Main.Ch. + Secondary.Effluent.Flow + TSS..mg.L. + CODds..mg.L. + NSEC.Aerobic.SRT",0.0127439718066582,0.832402614009022,"3,2"
"6685","N..Eff..TSS.Conc. + Temp..of.NSEC.Main.Ch. + Secondary.Effluent.Flow + TSS..mg.L. + CODds..mg.L. + NSEC.Effluent.NH3",0.202992120812152,0.698950177997977,"3,2"
"6686","N..Eff..TSS.Conc. + Temp..of.NSEC.Main.Ch. + Secondary.Effluent.Flow + TSS..mg.L. + CODds..mg.L. + NSEC.Effluent.NO3",0.0676714755862902,0.62129449620728,"3,2"
"6687","N..Eff..TSS.Conc. + Temp..of.NSEC.Main.Ch. + Secondary.Effluent.Flow + TSS..mg.L. + CODds..mg.L. + NSEC.Effluent.OP",0.225116630600027,0.707868997485227,"3,2"
"6688","N..Eff..TSS.Conc. + Temp..of.NSEC.Main.Ch. + Secondary.Effluent.Flow + TSS..mg.L. + CODds..mg.L. + NSEC.Effluent.TSS",0.166563953127801,0.60989865579927,"3,2"
"6689","N..Eff..TSS.Conc. + Temp..of.NSEC.Main.Ch. + Secondary.Effluent.Flow + TSS..mg.L. + CODds..mg.L. + NSEC.Effluent.NO5",0.0612632138561304,0.635735874436391,"3,2"
"6690","N..Eff..TSS.Conc. + Temp..of.NSEC.Main.Ch. + Secondary.Effluent.Flow + TSS..mg.L. + CODds..mg.L. + NSEC.Effluent.Flow",0.145284882798237,0.601358653633572,"3,2"
"6691","N..Eff..TSS.Conc. + Temp..of.NSEC.Main.Ch. + Secondary.Effluent.Flow + TSS..mg.L. + SACto..1.m. + NSEC.Aerobic.SRT",0.287432218530654,0.777107541419308,"3,2"
"6692","N..Eff..TSS.Conc. + Temp..of.NSEC.Main.Ch. + Secondary.Effluent.Flow + TSS..mg.L. + SACto..1.m. + NSEC.Effluent.NH3",0.0533058518843477,0.730435678329466,"3,2"
"6693","N..Eff..TSS.Conc. + Temp..of.NSEC.Main.Ch. + Secondary.Effluent.Flow + TSS..mg.L. + SACto..1.m. + NSEC.Effluent.NO3",0.13713800898857,0.64915041757139,"3,2"
"6694","N..Eff..TSS.Conc. + Temp..of.NSEC.Main.Ch. + Secondary.Effluent.Flow + TSS..mg.L. + SACto..1.m. + NSEC.Effluent.OP",0.172667821935999,0.70131748714209,"3,2"
"6695","N..Eff..TSS.Conc. + Temp..of.NSEC.Main.Ch. + Secondary.Effluent.Flow + TSS..mg.L. + SACto..1.m. + NSEC.Effluent.TSS",0.131720552446199,0.71691895616415,"3,2"
"6696","N..Eff..TSS.Conc. + Temp..of.NSEC.Main.Ch. + Secondary.Effluent.Flow + TSS..mg.L. + SACto..1.m. + NSEC.Effluent.NO5",0.316364098411777,0.748929163487335,"3,2"
"6697","N..Eff..TSS.Conc. + Temp..of.NSEC.Main.Ch. + Secondary.Effluent.Flow + TSS..mg.L. + SACto..1.m. + NSEC.Effluent.Flow",0.0486045794443604,0.691404641324107,"3,2"
"6698","N..Eff..TSS.Conc. + Temp..of.NSEC.Main.Ch. + Secondary.Effluent.Flow + TSS..mg.L. + NSEC.Aerobic.SRT + NSEC.Effluent.NH3",0.229793541807904,0.737400773608262,"3,2"
"6699","N..Eff..TSS.Conc. + Temp..of.NSEC.Main.Ch. + Secondary.Effluent.Flow + TSS..mg.L. + NSEC.Aerobic.SRT + NSEC.Effluent.NO3",0.139165683340678,0.757768983106205,"3,2"
"6700","N..Eff..TSS.Conc. + Temp..of.NSEC.Main.Ch. + Secondary.Effluent.Flow + TSS..mg.L. + NSEC.Aerobic.SRT + NSEC.Effluent.OP",0.0311257042325128,0.623274745020042,"3,2"
"6701","N..Eff..TSS.Conc. + Temp..of.NSEC.Main.Ch. + Secondary.Effluent.Flow + TSS..mg.L. + NSEC.Aerobic.SRT + NSEC.Effluent.TSS",0.218558989656449,0.687729965696444,"3,2"
"6702","N..Eff..TSS.Conc. + Temp..of.NSEC.Main.Ch. + Secondary.Effluent.Flow + TSS..mg.L. + NSEC.Aerobic.SRT + NSEC.Effluent.NO5",0.00344515336770002,0.488575430181492,"3,2"
"6703","N..Eff..TSS.Conc. + Temp..of.NSEC.Main.Ch. + Secondary.Effluent.Flow + TSS..mg.L. + NSEC.Aerobic.SRT + NSEC.Effluent.Flow",0.102599102286018,0.768379462284574,"3,2"
"6704","N..Eff..TSS.Conc. + Temp..of.NSEC.Main.Ch. + Secondary.Effluent.Flow + TSS..mg.L. + NSEC.Effluent.NH3 + NSEC.Effluent.NO3",0.382154273699666,0.60105564912964,"3,2"
"6705","N..Eff..TSS.Conc. + Temp..of.NSEC.Main.Ch. + Secondary.Effluent.Flow + TSS..mg.L. + NSEC.Effluent.NH3 + NSEC.Effluent.OP",0.17108546977019,0.682768986009137,"3,2"
"6706","N..Eff..TSS.Conc. + Temp..of.NSEC.Main.Ch. + Secondary.Effluent.Flow + TSS..mg.L. + NSEC.Effluent.NH3 + NSEC.Effluent.TSS",0.157452172022823,0.517587858646481,"3,2"
"6707","N..Eff..TSS.Conc. + Temp..of.NSEC.Main.Ch. + Secondary.Effluent.Flow + TSS..mg.L. + NSEC.Effluent.NH3 + NSEC.Effluent.NO5",0.0215814845462599,0.47014185599598,"3,2"
"6708","N..Eff..TSS.Conc. + Temp..of.NSEC.Main.Ch. + Secondary.Effluent.Flow + TSS..mg.L. + NSEC.Effluent.NH3 + NSEC.Effluent.Flow",0.00413863490668476,0.445847913384028,"3,2"
"6709","N..Eff..TSS.Conc. + Temp..of.NSEC.Main.Ch. + Secondary.Effluent.Flow + TSS..mg.L. + NSEC.Effluent.NO3 + NSEC.Effluent.OP",0.0974802913591486,0.560100210341142,"3,2"
"6710","N..Eff..TSS.Conc. + Temp..of.NSEC.Main.Ch. + Secondary.Effluent.Flow + TSS..mg.L. + NSEC.Effluent.NO3 + NSEC.Effluent.TSS",0.0519194912573662,0.489154294326877,"3,2"
"6711","N..Eff..TSS.Conc. + Temp..of.NSEC.Main.Ch. + Secondary.Effluent.Flow + TSS..mg.L. + NSEC.Effluent.NO3 + NSEC.Effluent.NO5",0.0414091896023066,0.470568637740164,"3,2"
"6712","N..Eff..TSS.Conc. + Temp..of.NSEC.Main.Ch. + Secondary.Effluent.Flow + TSS..mg.L. + NSEC.Effluent.NO3 + NSEC.Effluent.Flow",0.0247916112147939,0.459374787914598,"3,2"
"6713","N..Eff..TSS.Conc. + Temp..of.NSEC.Main.Ch. + Secondary.Effluent.Flow + TSS..mg.L. + NSEC.Effluent.OP + NSEC.Effluent.TSS",0.0378181984085182,0.562621849266841,"3,2"
"6714","N..Eff..TSS.Conc. + Temp..of.NSEC.Main.Ch. + Secondary.Effluent.Flow + TSS..mg.L. + NSEC.Effluent.OP + NSEC.Effluent.NO5",0.172918278215258,0.742428768526033,"3,2"
"6715","N..Eff..TSS.Conc. + Temp..of.NSEC.Main.Ch. + Secondary.Effluent.Flow + TSS..mg.L. + NSEC.Effluent.OP + NSEC.Effluent.Flow",0.0928519136362587,0.621376547128768,"3,2"
"6716","N..Eff..TSS.Conc. + Temp..of.NSEC.Main.Ch. + Secondary.Effluent.Flow + TSS..mg.L. + NSEC.Effluent.TSS + NSEC.Effluent.NO5",0.0671344696403053,0.445865523513672,"3,2"
"6717","N..Eff..TSS.Conc. + Temp..of.NSEC.Main.Ch. + Secondary.Effluent.Flow + TSS..mg.L. + NSEC.Effluent.TSS + NSEC.Effluent.Flow",0.0264515245855592,0.46458404902361,"3,2"
"6718","N..Eff..TSS.Conc. + Temp..of.NSEC.Main.Ch. + Secondary.Effluent.Flow + TSS..mg.L. + NSEC.Effluent.NO5 + NSEC.Effluent.Flow",0.113606079366636,0.53740257543438,"3,2"
"6719","N..Eff..TSS.Conc. + Temp..of.NSEC.Main.Ch. + Secondary.Effluent.Flow + UVT.... + CODds..mg.L. + SACto..1.m.",0.0161296791563794,0.716786742091941,"3,2"
"6720","N..Eff..TSS.Conc. + Temp..of.NSEC.Main.Ch. + Secondary.Effluent.Flow + UVT.... + CODds..mg.L. + NSEC.Aerobic.SRT",0.1692916300122,0.759092175329488,"3,2"
"6721","N..Eff..TSS.Conc. + Temp..of.NSEC.Main.Ch. + Secondary.Effluent.Flow + UVT.... + CODds..mg.L. + NSEC.Effluent.NH3",0.204537569100148,0.770520472718377,"3,2"
"6722","N..Eff..TSS.Conc. + Temp..of.NSEC.Main.Ch. + Secondary.Effluent.Flow + UVT.... + CODds..mg.L. + NSEC.Effluent.NO3",0.134660397491573,0.768028494964583,"3,2"
"6723","N..Eff..TSS.Conc. + Temp..of.NSEC.Main.Ch. + Secondary.Effluent.Flow + UVT.... + CODds..mg.L. + NSEC.Effluent.OP",0.00167816197588078,0.693641366437179,"3,2"
"6724","N..Eff..TSS.Conc. + Temp..of.NSEC.Main.Ch. + Secondary.Effluent.Flow + UVT.... + CODds..mg.L. + NSEC.Effluent.TSS",0.0754364378116752,0.699684959444791,"3,2"
"6725","N..Eff..TSS.Conc. + Temp..of.NSEC.Main.Ch. + Secondary.Effluent.Flow + UVT.... + CODds..mg.L. + NSEC.Effluent.NO5",0.0263137834415894,0.733664816480172,"3,2"
"6726","N..Eff..TSS.Conc. + Temp..of.NSEC.Main.Ch. + Secondary.Effluent.Flow + UVT.... + CODds..mg.L. + NSEC.Effluent.Flow",0.461852667926915,0.760141089900701,"3,2"
"6727","N..Eff..TSS.Conc. + Temp..of.NSEC.Main.Ch. + Secondary.Effluent.Flow + UVT.... + SACto..1.m. + NSEC.Aerobic.SRT",0.247340687586737,0.737517930113952,"3,2"
"6728","N..Eff..TSS.Conc. + Temp..of.NSEC.Main.Ch. + Secondary.Effluent.Flow + UVT.... + SACto..1.m. + NSEC.Effluent.NH3",0.0862305785870023,0.486526727397769,"3,2"
"6729","N..Eff..TSS.Conc. + Temp..of.NSEC.Main.Ch. + Secondary.Effluent.Flow + UVT.... + SACto..1.m. + NSEC.Effluent.NO3",0.35117798576159,0.544569444512778,"3,2"
"6730","N..Eff..TSS.Conc. + Temp..of.NSEC.Main.Ch. + Secondary.Effluent.Flow + UVT.... + SACto..1.m. + NSEC.Effluent.OP",0.198677505907566,0.685483084254756,"3,2"
"6731","N..Eff..TSS.Conc. + Temp..of.NSEC.Main.Ch. + Secondary.Effluent.Flow + UVT.... + SACto..1.m. + NSEC.Effluent.TSS",0.0879521020344765,0.505102736713205,"3,2"
"6732","N..Eff..TSS.Conc. + Temp..of.NSEC.Main.Ch. + Secondary.Effluent.Flow + UVT.... + SACto..1.m. + NSEC.Effluent.NO5",0.137496664749647,0.595022009367381,"3,2"
"6733","N..Eff..TSS.Conc. + Temp..of.NSEC.Main.Ch. + Secondary.Effluent.Flow + UVT.... + SACto..1.m. + NSEC.Effluent.Flow",0.0681797294272184,0.488123111467285,"3,2"
"6734","N..Eff..TSS.Conc. + Temp..of.NSEC.Main.Ch. + Secondary.Effluent.Flow + UVT.... + NSEC.Aerobic.SRT + NSEC.Effluent.NH3",0.0750638455044412,0.75889592083166,"3,2"
"6735","N..Eff..TSS.Conc. + Temp..of.NSEC.Main.Ch. + Secondary.Effluent.Flow + UVT.... + NSEC.Aerobic.SRT + NSEC.Effluent.NO3",0.140791087286189,0.777204127189259,"3,2"
"6736","N..Eff..TSS.Conc. + Temp..of.NSEC.Main.Ch. + Secondary.Effluent.Flow + UVT.... + NSEC.Aerobic.SRT + NSEC.Effluent.OP",0.20682495021754,0.763522704529096,"3,2"
"6737","N..Eff..TSS.Conc. + Temp..of.NSEC.Main.Ch. + Secondary.Effluent.Flow + UVT.... + NSEC.Aerobic.SRT + NSEC.Effluent.TSS",0.0032719037597877,0.418902072686051,"3,2"
"6738","N..Eff..TSS.Conc. + Temp..of.NSEC.Main.Ch. + Secondary.Effluent.Flow + UVT.... + NSEC.Aerobic.SRT + NSEC.Effluent.NO5",0.282560451592595,0.770750803068144,"3,2"
"6739","N..Eff..TSS.Conc. + Temp..of.NSEC.Main.Ch. + Secondary.Effluent.Flow + UVT.... + NSEC.Aerobic.SRT + NSEC.Effluent.Flow",0.423653380785498,0.806749213221829,"3,2"
"6740","N..Eff..TSS.Conc. + Temp..of.NSEC.Main.Ch. + Secondary.Effluent.Flow + UVT.... + NSEC.Effluent.NH3 + NSEC.Effluent.NO3",0.0124231946203115,0.577132288694461,"3,2"
"6741","N..Eff..TSS.Conc. + Temp..of.NSEC.Main.Ch. + Secondary.Effluent.Flow + UVT.... + NSEC.Effluent.NH3 + NSEC.Effluent.OP",0.122247730980304,0.703087538986217,"3,2"
"6742","N..Eff..TSS.Conc. + Temp..of.NSEC.Main.Ch. + Secondary.Effluent.Flow + UVT.... + NSEC.Effluent.NH3 + NSEC.Effluent.TSS",0.0223293473014936,0.306792889062179,"3,2"
"6743","N..Eff..TSS.Conc. + Temp..of.NSEC.Main.Ch. + Secondary.Effluent.Flow + UVT.... + NSEC.Effluent.NH3 + NSEC.Effluent.NO5",0.0902065856641165,0.664711553031989,"3,2"
"6744","N..Eff..TSS.Conc. + Temp..of.NSEC.Main.Ch. + Secondary.Effluent.Flow + UVT.... + NSEC.Effluent.NH3 + NSEC.Effluent.Flow",0.103507695042534,0.541061189575003,"3,2"
"6745","N..Eff..TSS.Conc. + Temp..of.NSEC.Main.Ch. + Secondary.Effluent.Flow + UVT.... + NSEC.Effluent.NO3 + NSEC.Effluent.OP",0.165982430682033,0.688033453529345,"3,2"
"6746","N..Eff..TSS.Conc. + Temp..of.NSEC.Main.Ch. + Secondary.Effluent.Flow + UVT.... + NSEC.Effluent.NO3 + NSEC.Effluent.TSS",0.131708752249338,0.628952557726958,"3,2"
"6747","N..Eff..TSS.Conc. + Temp..of.NSEC.Main.Ch. + Secondary.Effluent.Flow + UVT.... + NSEC.Effluent.NO3 + NSEC.Effluent.NO5",0.0463535135868485,0.610713834004465,"3,2"
"6748","N..Eff..TSS.Conc. + Temp..of.NSEC.Main.Ch. + Secondary.Effluent.Flow + UVT.... + NSEC.Effluent.NO3 + NSEC.Effluent.Flow",0.150839748511834,0.6881503187332,"3,2"
"6749","N..Eff..TSS.Conc. + Temp..of.NSEC.Main.Ch. + Secondary.Effluent.Flow + UVT.... + NSEC.Effluent.OP + NSEC.Effluent.TSS",0.0697223896343111,0.627128758936016,"3,2"
"6750","N..Eff..TSS.Conc. + Temp..of.NSEC.Main.Ch. + Secondary.Effluent.Flow + UVT.... + NSEC.Effluent.OP + NSEC.Effluent.NO5",0.0582781882061558,0.664126907573701,"3,2"
"6751","N..Eff..TSS.Conc. + Temp..of.NSEC.Main.Ch. + Secondary.Effluent.Flow + UVT.... + NSEC.Effluent.OP + NSEC.Effluent.Flow",0.0534539289098599,0.617541585256189,"3,2"
"6752","N..Eff..TSS.Conc. + Temp..of.NSEC.Main.Ch. + Secondary.Effluent.Flow + UVT.... + NSEC.Effluent.TSS + NSEC.Effluent.NO5",0.0753473284759891,0.670751149340744,"3,2"
"6753","N..Eff..TSS.Conc. + Temp..of.NSEC.Main.Ch. + Secondary.Effluent.Flow + UVT.... + NSEC.Effluent.TSS + NSEC.Effluent.Flow",0.200425539868716,0.59746610601201,"3,2"
"6754","N..Eff..TSS.Conc. + Temp..of.NSEC.Main.Ch. + Secondary.Effluent.Flow + UVT.... + NSEC.Effluent.NO5 + NSEC.Effluent.Flow",0.192520712682797,0.0131994656711873,"3,2"
"6755","N..Eff..TSS.Conc. + Temp..of.NSEC.Main.Ch. + Secondary.Effluent.Flow + CODds..mg.L. + SACto..1.m. + NSEC.Aerobic.SRT",0.0669261065491069,0.795841319777258,"3,2"
"6756","N..Eff..TSS.Conc. + Temp..of.NSEC.Main.Ch. + Secondary.Effluent.Flow + CODds..mg.L. + SACto..1.m. + NSEC.Effluent.NH3",0.247872122917645,0.686232013568757,"3,2"
"6757","N..Eff..TSS.Conc. + Temp..of.NSEC.Main.Ch. + Secondary.Effluent.Flow + CODds..mg.L. + SACto..1.m. + NSEC.Effluent.NO3",0.163667724771993,0.750526893888135,"3,2"
"6758","N..Eff..TSS.Conc. + Temp..of.NSEC.Main.Ch. + Secondary.Effluent.Flow + CODds..mg.L. + SACto..1.m. + NSEC.Effluent.OP",0.0991098462188407,0.715304017176332,"3,2"
"6759","N..Eff..TSS.Conc. + Temp..of.NSEC.Main.Ch. + Secondary.Effluent.Flow + CODds..mg.L. + SACto..1.m. + NSEC.Effluent.TSS",0.213919489987231,0.725105088551128,"3,2"
"6760","N..Eff..TSS.Conc. + Temp..of.NSEC.Main.Ch. + Secondary.Effluent.Flow + CODds..mg.L. + SACto..1.m. + NSEC.Effluent.NO5",0.241254684712373,0.706516789986121,"3,2"
"6761","N..Eff..TSS.Conc. + Temp..of.NSEC.Main.Ch. + Secondary.Effluent.Flow + CODds..mg.L. + SACto..1.m. + NSEC.Effluent.Flow",0.109389160694039,0.671750585339088,"3,2"
"6762","N..Eff..TSS.Conc. + Temp..of.NSEC.Main.Ch. + Secondary.Effluent.Flow + CODds..mg.L. + NSEC.Aerobic.SRT + NSEC.Effluent.NH3",0.289715878998739,0.72207233446307,"3,2"
"6763","N..Eff..TSS.Conc. + Temp..of.NSEC.Main.Ch. + Secondary.Effluent.Flow + CODds..mg.L. + NSEC.Aerobic.SRT + NSEC.Effluent.NO3",0.283947003292013,0.741636801991619,"3,2"
"6764","N..Eff..TSS.Conc. + Temp..of.NSEC.Main.Ch. + Secondary.Effluent.Flow + CODds..mg.L. + NSEC.Aerobic.SRT + NSEC.Effluent.OP",0.280511561297825,0.797334969802711,"3,2"
"6765","N..Eff..TSS.Conc. + Temp..of.NSEC.Main.Ch. + Secondary.Effluent.Flow + CODds..mg.L. + NSEC.Aerobic.SRT + NSEC.Effluent.TSS",0.252561935094734,0.753879812081685,"3,2"
"6766","N..Eff..TSS.Conc. + Temp..of.NSEC.Main.Ch. + Secondary.Effluent.Flow + CODds..mg.L. + NSEC.Aerobic.SRT + NSEC.Effluent.NO5",0.30289380592437,0.779834830327026,"3,2"
"6767","N..Eff..TSS.Conc. + Temp..of.NSEC.Main.Ch. + Secondary.Effluent.Flow + CODds..mg.L. + NSEC.Aerobic.SRT + NSEC.Effluent.Flow",0.0405605833391938,0.760047840158093,"3,2"
"6768","N..Eff..TSS.Conc. + Temp..of.NSEC.Main.Ch. + Secondary.Effluent.Flow + CODds..mg.L. + NSEC.Effluent.NH3 + NSEC.Effluent.NO3",0.208730805281748,0.573859828163735,"3,2"
"6769","N..Eff..TSS.Conc. + Temp..of.NSEC.Main.Ch. + Secondary.Effluent.Flow + CODds..mg.L. + NSEC.Effluent.NH3 + NSEC.Effluent.OP",0.0164893794786831,0.696318780246014,"3,2"
"6770","N..Eff..TSS.Conc. + Temp..of.NSEC.Main.Ch. + Secondary.Effluent.Flow + CODds..mg.L. + NSEC.Effluent.NH3 + NSEC.Effluent.TSS",0.129268646996636,0.641856606086933,"3,2"
"6771","N..Eff..TSS.Conc. + Temp..of.NSEC.Main.Ch. + Secondary.Effluent.Flow + CODds..mg.L. + NSEC.Effluent.NH3 + NSEC.Effluent.NO5",0.00716007102785454,0.656068626124993,"3,2"
"6772","N..Eff..TSS.Conc. + Temp..of.NSEC.Main.Ch. + Secondary.Effluent.Flow + CODds..mg.L. + NSEC.Effluent.NH3 + NSEC.Effluent.Flow",0.0270637473361268,0.60069735982163,"3,2"
"6773","N..Eff..TSS.Conc. + Temp..of.NSEC.Main.Ch. + Secondary.Effluent.Flow + CODds..mg.L. + NSEC.Effluent.NO3 + NSEC.Effluent.OP",0.0188412247809864,0.657537184023162,"3,2"
"6774","N..Eff..TSS.Conc. + Temp..of.NSEC.Main.Ch. + Secondary.Effluent.Flow + CODds..mg.L. + NSEC.Effluent.NO3 + NSEC.Effluent.TSS",0.149022358338341,0.654448932929786,"3,2"
"6775","N..Eff..TSS.Conc. + Temp..of.NSEC.Main.Ch. + Secondary.Effluent.Flow + CODds..mg.L. + NSEC.Effluent.NO3 + NSEC.Effluent.NO5",0.0309095989227379,0.651425893742418,"3,2"
"6776","N..Eff..TSS.Conc. + Temp..of.NSEC.Main.Ch. + Secondary.Effluent.Flow + CODds..mg.L. + NSEC.Effluent.NO3 + NSEC.Effluent.Flow",0.189347179519266,0.69895378298948,"3,2"
"6777","N..Eff..TSS.Conc. + Temp..of.NSEC.Main.Ch. + Secondary.Effluent.Flow + CODds..mg.L. + NSEC.Effluent.OP + NSEC.Effluent.TSS",0.0228695884092351,0.638296264008476,"3,2"
"6778","N..Eff..TSS.Conc. + Temp..of.NSEC.Main.Ch. + Secondary.Effluent.Flow + CODds..mg.L. + NSEC.Effluent.OP + NSEC.Effluent.NO5",0.113410474756593,0.635612367839557,"3,2"
"6779","N..Eff..TSS.Conc. + Temp..of.NSEC.Main.Ch. + Secondary.Effluent.Flow + CODds..mg.L. + NSEC.Effluent.OP + NSEC.Effluent.Flow",0.0567995943442376,0.634742019866038,"3,2"
"6780","N..Eff..TSS.Conc. + Temp..of.NSEC.Main.Ch. + Secondary.Effluent.Flow + CODds..mg.L. + NSEC.Effluent.TSS + NSEC.Effluent.NO5",0.153868351809245,0.57521109364255,"3,2"
"6781","N..Eff..TSS.Conc. + Temp..of.NSEC.Main.Ch. + Secondary.Effluent.Flow + CODds..mg.L. + NSEC.Effluent.TSS + NSEC.Effluent.Flow",0.0473927509149163,0.626792719813597,"3,2"
"6782","N..Eff..TSS.Conc. + Temp..of.NSEC.Main.Ch. + Secondary.Effluent.Flow + CODds..mg.L. + NSEC.Effluent.NO5 + NSEC.Effluent.Flow",0.100268296076965,0.57830292391428,"3,2"
"6783","N..Eff..TSS.Conc. + Temp..of.NSEC.Main.Ch. + Secondary.Effluent.Flow + SACto..1.m. + NSEC.Aerobic.SRT + NSEC.Effluent.NH3",0.0710330189871504,0.552248021760851,"3,2"
"6784","N..Eff..TSS.Conc. + Temp..of.NSEC.Main.Ch. + Secondary.Effluent.Flow + SACto..1.m. + NSEC.Aerobic.SRT + NSEC.Effluent.NO3",0.0659012850142182,0.502335402640295,"3,2"
"6785","N..Eff..TSS.Conc. + Temp..of.NSEC.Main.Ch. + Secondary.Effluent.Flow + SACto..1.m. + NSEC.Aerobic.SRT + NSEC.Effluent.OP",0.109239773109473,0.721410486036066,"3,2"
"6786","N..Eff..TSS.Conc. + Temp..of.NSEC.Main.Ch. + Secondary.Effluent.Flow + SACto..1.m. + NSEC.Aerobic.SRT + NSEC.Effluent.TSS",0.103974155101977,0.640514764596379,"3,2"
"6787","N..Eff..TSS.Conc. + Temp..of.NSEC.Main.Ch. + Secondary.Effluent.Flow + SACto..1.m. + NSEC.Aerobic.SRT + NSEC.Effluent.NO5",0.322678467154058,0.815427670965047,"3,2"
"6788","N..Eff..TSS.Conc. + Temp..of.NSEC.Main.Ch. + Secondary.Effluent.Flow + SACto..1.m. + NSEC.Aerobic.SRT + NSEC.Effluent.Flow",0.076284726764889,0.771128945639386,"3,2"
"6789","N..Eff..TSS.Conc. + Temp..of.NSEC.Main.Ch. + Secondary.Effluent.Flow + SACto..1.m. + NSEC.Effluent.NH3 + NSEC.Effluent.NO3",0.063980807997307,0.633861495593745,"3,2"
"6790","N..Eff..TSS.Conc. + Temp..of.NSEC.Main.Ch. + Secondary.Effluent.Flow + SACto..1.m. + NSEC.Effluent.NH3 + NSEC.Effluent.OP",0.347370988175417,0.657755891209209,"3,2"
"6791","N..Eff..TSS.Conc. + Temp..of.NSEC.Main.Ch. + Secondary.Effluent.Flow + SACto..1.m. + NSEC.Effluent.NH3 + NSEC.Effluent.TSS",0.0784566057153473,0.476377152841569,"3,2"
"6792","N..Eff..TSS.Conc. + Temp..of.NSEC.Main.Ch. + Secondary.Effluent.Flow + SACto..1.m. + NSEC.Effluent.NH3 + NSEC.Effluent.NO5",0.121787183561164,0.450980083229511,"3,2"
"6793","N..Eff..TSS.Conc. + Temp..of.NSEC.Main.Ch. + Secondary.Effluent.Flow + SACto..1.m. + NSEC.Effluent.NH3 + NSEC.Effluent.Flow",0.0283551083710591,0.594696407193209,"3,2"
"6794","N..Eff..TSS.Conc. + Temp..of.NSEC.Main.Ch. + Secondary.Effluent.Flow + SACto..1.m. + NSEC.Effluent.NO3 + NSEC.Effluent.OP",0.183422699373004,0.608800730257883,"3,2"
"6795","N..Eff..TSS.Conc. + Temp..of.NSEC.Main.Ch. + Secondary.Effluent.Flow + SACto..1.m. + NSEC.Effluent.NO3 + NSEC.Effluent.TSS",0.14170904358991,0.575096222462054,"3,2"
"6796","N..Eff..TSS.Conc. + Temp..of.NSEC.Main.Ch. + Secondary.Effluent.Flow + SACto..1.m. + NSEC.Effluent.NO3 + NSEC.Effluent.NO5",0.125395176521829,0.522720843707261,"3,2"
"6797","N..Eff..TSS.Conc. + Temp..of.NSEC.Main.Ch. + Secondary.Effluent.Flow + SACto..1.m. + NSEC.Effluent.NO3 + NSEC.Effluent.Flow",0.156714502309891,0.537394543677661,"3,2"
"6798","N..Eff..TSS.Conc. + Temp..of.NSEC.Main.Ch. + Secondary.Effluent.Flow + SACto..1.m. + NSEC.Effluent.OP + NSEC.Effluent.TSS",0.0771306673732222,0.596834254788281,"3,2"
"6799","N..Eff..TSS.Conc. + Temp..of.NSEC.Main.Ch. + Secondary.Effluent.Flow + SACto..1.m. + NSEC.Effluent.OP + NSEC.Effluent.NO5",0.236516058205165,0.65029349873059,"3,2"
"6800","N..Eff..TSS.Conc. + Temp..of.NSEC.Main.Ch. + Secondary.Effluent.Flow + SACto..1.m. + NSEC.Effluent.OP + NSEC.Effluent.Flow",0.02221934417338,0.669966350268501,"3,2"
"6801","N..Eff..TSS.Conc. + Temp..of.NSEC.Main.Ch. + Secondary.Effluent.Flow + SACto..1.m. + NSEC.Effluent.TSS + NSEC.Effluent.NO5",0.129722763288834,0.542372128539958,"3,2"
"6802","N..Eff..TSS.Conc. + Temp..of.NSEC.Main.Ch. + Secondary.Effluent.Flow + SACto..1.m. + NSEC.Effluent.TSS + NSEC.Effluent.Flow",0.0518053503152809,0.352198203933652,"3,2"
"6803","N..Eff..TSS.Conc. + Temp..of.NSEC.Main.Ch. + Secondary.Effluent.Flow + SACto..1.m. + NSEC.Effluent.NO5 + NSEC.Effluent.Flow",0.307705401353422,0.592754144526629,"3,2"
"6804","N..Eff..TSS.Conc. + Temp..of.NSEC.Main.Ch. + Secondary.Effluent.Flow + NSEC.Aerobic.SRT + NSEC.Effluent.NH3 + NSEC.Effluent.NO3",0.292984310500282,0.739810310221184,"3,2"
"6805","N..Eff..TSS.Conc. + Temp..of.NSEC.Main.Ch. + Secondary.Effluent.Flow + NSEC.Aerobic.SRT + NSEC.Effluent.NH3 + NSEC.Effluent.OP",0.0247327899595586,0.661756096737053,"3,2"
"6806","N..Eff..TSS.Conc. + Temp..of.NSEC.Main.Ch. + Secondary.Effluent.Flow + NSEC.Aerobic.SRT + NSEC.Effluent.NH3 + NSEC.Effluent.TSS",0.0567469235092324,0.545863120055443,"3,2"
"6807","N..Eff..TSS.Conc. + Temp..of.NSEC.Main.Ch. + Secondary.Effluent.Flow + NSEC.Aerobic.SRT + NSEC.Effluent.NH3 + NSEC.Effluent.NO5",0.00918392793380884,0.445446088152478,"3,2"
"6808","N..Eff..TSS.Conc. + Temp..of.NSEC.Main.Ch. + Secondary.Effluent.Flow + NSEC.Aerobic.SRT + NSEC.Effluent.NH3 + NSEC.Effluent.Flow",0.241725818363645,0.677648245383379,"3,2"
"6809","N..Eff..TSS.Conc. + Temp..of.NSEC.Main.Ch. + Secondary.Effluent.Flow + NSEC.Aerobic.SRT + NSEC.Effluent.NO3 + NSEC.Effluent.OP",0.227696302898854,0.741146731075818,"3,2"
"6810","N..Eff..TSS.Conc. + Temp..of.NSEC.Main.Ch. + Secondary.Effluent.Flow + NSEC.Aerobic.SRT + NSEC.Effluent.NO3 + NSEC.Effluent.TSS",0.149545863022065,0.696311617849026,"3,2"
"6811","N..Eff..TSS.Conc. + Temp..of.NSEC.Main.Ch. + Secondary.Effluent.Flow + NSEC.Aerobic.SRT + NSEC.Effluent.NO3 + NSEC.Effluent.NO5",0.00145377417893955,0.446057019384899,"3,2"
"6812","N..Eff..TSS.Conc. + Temp..of.NSEC.Main.Ch. + Secondary.Effluent.Flow + NSEC.Aerobic.SRT + NSEC.Effluent.NO3 + NSEC.Effluent.Flow",0.00747404152227871,0.424571888387677,"3,2"
"6813","N..Eff..TSS.Conc. + Temp..of.NSEC.Main.Ch. + Secondary.Effluent.Flow + NSEC.Aerobic.SRT + NSEC.Effluent.OP + NSEC.Effluent.TSS",0.14647438458789,0.725620757796769,"3,2"
"6814","N..Eff..TSS.Conc. + Temp..of.NSEC.Main.Ch. + Secondary.Effluent.Flow + NSEC.Aerobic.SRT + NSEC.Effluent.OP + NSEC.Effluent.NO5",0.178840521246005,0.746554177917038,"3,2"
"6815","N..Eff..TSS.Conc. + Temp..of.NSEC.Main.Ch. + Secondary.Effluent.Flow + NSEC.Aerobic.SRT + NSEC.Effluent.OP + NSEC.Effluent.Flow",0.0500446604204192,0.591129856668931,"3,2"
"6816","N..Eff..TSS.Conc. + Temp..of.NSEC.Main.Ch. + Secondary.Effluent.Flow + NSEC.Aerobic.SRT + NSEC.Effluent.TSS + NSEC.Effluent.NO5",0.15383065650804,0.625061007451157,"3,2"
"6817","N..Eff..TSS.Conc. + Temp..of.NSEC.Main.Ch. + Secondary.Effluent.Flow + NSEC.Aerobic.SRT + NSEC.Effluent.TSS + NSEC.Effluent.Flow",0.0116000286240339,0.467971236587906,"3,2"
"6818","N..Eff..TSS.Conc. + Temp..of.NSEC.Main.Ch. + Secondary.Effluent.Flow + NSEC.Aerobic.SRT + NSEC.Effluent.NO5 + NSEC.Effluent.Flow",0.27513606427641,0.72098425578212,"3,2"
"6819","N..Eff..TSS.Conc. + Temp..of.NSEC.Main.Ch. + Secondary.Effluent.Flow + NSEC.Effluent.NH3 + NSEC.Effluent.NO3 + NSEC.Effluent.OP",0.179470543189117,0.576831849831317,"3,2"
"6820","N..Eff..TSS.Conc. + Temp..of.NSEC.Main.Ch. + Secondary.Effluent.Flow + NSEC.Effluent.NH3 + NSEC.Effluent.NO3 + NSEC.Effluent.TSS",0.0710847002753698,0.458004049149465,"3,2"
"6821","N..Eff..TSS.Conc. + Temp..of.NSEC.Main.Ch. + Secondary.Effluent.Flow + NSEC.Effluent.NH3 + NSEC.Effluent.NO3 + NSEC.Effluent.NO5",0.0526052363045069,0.404729341169537,"3,2"
"6822","N..Eff..TSS.Conc. + Temp..of.NSEC.Main.Ch. + Secondary.Effluent.Flow + NSEC.Effluent.NH3 + NSEC.Effluent.NO3 + NSEC.Effluent.Flow",0.341601330052677,0.529747339531664,"3,2"
"6823","N..Eff..TSS.Conc. + Temp..of.NSEC.Main.Ch. + Secondary.Effluent.Flow + NSEC.Effluent.NH3 + NSEC.Effluent.OP + NSEC.Effluent.TSS",0.00724074032137079,0.46347290358377,"3,2"
"6824","N..Eff..TSS.Conc. + Temp..of.NSEC.Main.Ch. + Secondary.Effluent.Flow + NSEC.Effluent.NH3 + NSEC.Effluent.OP + NSEC.Effluent.NO5",0.0909101872464393,0.572182133403581,"3,2"
"6825","N..Eff..TSS.Conc. + Temp..of.NSEC.Main.Ch. + Secondary.Effluent.Flow + NSEC.Effluent.NH3 + NSEC.Effluent.OP + NSEC.Effluent.Flow",0.0376823392023651,0.543541873711524,"3,2"
"6826","N..Eff..TSS.Conc. + Temp..of.NSEC.Main.Ch. + Secondary.Effluent.Flow + NSEC.Effluent.NH3 + NSEC.Effluent.TSS + NSEC.Effluent.NO5",0.00925580647689483,0.42702515478462,"3,2"
"6827","N..Eff..TSS.Conc. + Temp..of.NSEC.Main.Ch. + Secondary.Effluent.Flow + NSEC.Effluent.NH3 + NSEC.Effluent.TSS + NSEC.Effluent.Flow",0.0083159216766282,0.331522804807946,"3,2"
"6828","N..Eff..TSS.Conc. + Temp..of.NSEC.Main.Ch. + Secondary.Effluent.Flow + NSEC.Effluent.NH3 + NSEC.Effluent.NO5 + NSEC.Effluent.Flow",0.124292594698664,0.522138863550372,"3,2"
"6829","N..Eff..TSS.Conc. + Temp..of.NSEC.Main.Ch. + Secondary.Effluent.Flow + NSEC.Effluent.NO3 + NSEC.Effluent.OP + NSEC.Effluent.TSS",0.193351809467822,0.00110239556059182,"3,2"
"6830","N..Eff..TSS.Conc. + Temp..of.NSEC.Main.Ch. + Secondary.Effluent.Flow + NSEC.Effluent.NO3 + NSEC.Effluent.OP + NSEC.Effluent.NO5",0.043483018187451,0.566863162109382,"3,2"
"6831","N..Eff..TSS.Conc. + Temp..of.NSEC.Main.Ch. + Secondary.Effluent.Flow + NSEC.Effluent.NO3 + NSEC.Effluent.OP + NSEC.Effluent.Flow",0.116150042852393,0.54145174942321,"3,2"
"6832","N..Eff..TSS.Conc. + Temp..of.NSEC.Main.Ch. + Secondary.Effluent.Flow + NSEC.Effluent.NO3 + NSEC.Effluent.TSS + NSEC.Effluent.NO5",0.313761832634196,0.565729552496532,"3,2"
"6833","N..Eff..TSS.Conc. + Temp..of.NSEC.Main.Ch. + Secondary.Effluent.Flow + NSEC.Effluent.NO3 + NSEC.Effluent.TSS + NSEC.Effluent.Flow",0.0120301856239706,0.353701006702074,"3,2"
"6834","N..Eff..TSS.Conc. + Temp..of.NSEC.Main.Ch. + Secondary.Effluent.Flow + NSEC.Effluent.NO3 + NSEC.Effluent.NO5 + NSEC.Effluent.Flow",0.189537804270659,0.571025216982627,"3,2"
"6835","N..Eff..TSS.Conc. + Temp..of.NSEC.Main.Ch. + Secondary.Effluent.Flow + NSEC.Effluent.OP + NSEC.Effluent.TSS + NSEC.Effluent.NO5",0.0864802507223439,0.546896601069557,"3,2"
"6836","N..Eff..TSS.Conc. + Temp..of.NSEC.Main.Ch. + Secondary.Effluent.Flow + NSEC.Effluent.OP + NSEC.Effluent.TSS + NSEC.Effluent.Flow",0.125727913998213,0.548564799173628,"3,2"
"6837","N..Eff..TSS.Conc. + Temp..of.NSEC.Main.Ch. + Secondary.Effluent.Flow + NSEC.Effluent.OP + NSEC.Effluent.NO5 + NSEC.Effluent.Flow",0.034141130673933,0.550576093417668,"3,2"
"6838","N..Eff..TSS.Conc. + Temp..of.NSEC.Main.Ch. + Secondary.Effluent.Flow + NSEC.Effluent.TSS + NSEC.Effluent.NO5 + NSEC.Effluent.Flow",0.193166521204182,0.491529574780736,"3,2"
"6839","N..Eff..TSS.Conc. + Temp..of.NSEC.Main.Ch. + N..Basin.Outfall + CODto..mg.L. + TSS..mg.L. + UVT....",0.0814356820073046,0.726404032147905,"3,2"
"6840","N..Eff..TSS.Conc. + Temp..of.NSEC.Main.Ch. + N..Basin.Outfall + CODto..mg.L. + TSS..mg.L. + CODds..mg.L.",0.145348980327813,0.70756326743919,"3,2"
"6841","N..Eff..TSS.Conc. + Temp..of.NSEC.Main.Ch. + N..Basin.Outfall + CODto..mg.L. + TSS..mg.L. + SACto..1.m.",0.0713837358369913,0.701095019810096,"3,2"
"6842","N..Eff..TSS.Conc. + Temp..of.NSEC.Main.Ch. + N..Basin.Outfall + CODto..mg.L. + TSS..mg.L. + NSEC.Aerobic.SRT",0.0108356734449377,0.806787903185069,"3,2"
"6843","N..Eff..TSS.Conc. + Temp..of.NSEC.Main.Ch. + N..Basin.Outfall + CODto..mg.L. + TSS..mg.L. + NSEC.Effluent.NH3",0.302358776827335,0.719150881559137,"3,2"
"6844","N..Eff..TSS.Conc. + Temp..of.NSEC.Main.Ch. + N..Basin.Outfall + CODto..mg.L. + TSS..mg.L. + NSEC.Effluent.NO3",0.132122860870002,0.700228245527755,"3,2"
"6845","N..Eff..TSS.Conc. + Temp..of.NSEC.Main.Ch. + N..Basin.Outfall + CODto..mg.L. + TSS..mg.L. + NSEC.Effluent.OP",0.189830938433874,0.723122531162174,"3,2"
"6846","N..Eff..TSS.Conc. + Temp..of.NSEC.Main.Ch. + N..Basin.Outfall + CODto..mg.L. + TSS..mg.L. + NSEC.Effluent.TSS",0.0716190257373777,0.585966584059427,"3,2"
"6847","N..Eff..TSS.Conc. + Temp..of.NSEC.Main.Ch. + N..Basin.Outfall + CODto..mg.L. + TSS..mg.L. + NSEC.Effluent.NO5",0.375950959215392,0.742223611192935,"3,2"
"6848","N..Eff..TSS.Conc. + Temp..of.NSEC.Main.Ch. + N..Basin.Outfall + CODto..mg.L. + TSS..mg.L. + NSEC.Effluent.Flow",0.182248414983464,0.729058369345183,"3,2"
"6849","N..Eff..TSS.Conc. + Temp..of.NSEC.Main.Ch. + N..Basin.Outfall + CODto..mg.L. + UVT.... + CODds..mg.L.",0.0420999871519196,0.686077189462545,"3,2"
"6850","N..Eff..TSS.Conc. + Temp..of.NSEC.Main.Ch. + N..Basin.Outfall + CODto..mg.L. + UVT.... + SACto..1.m.",0.0574273046673424,0.668299404711577,"3,2"
"6851","N..Eff..TSS.Conc. + Temp..of.NSEC.Main.Ch. + N..Basin.Outfall + CODto..mg.L. + UVT.... + NSEC.Aerobic.SRT",0.0494686235554587,0.778422460964171,"3,2"
"6852","N..Eff..TSS.Conc. + Temp..of.NSEC.Main.Ch. + N..Basin.Outfall + CODto..mg.L. + UVT.... + NSEC.Effluent.NH3",0.668547388287462,0.707297783056191,"3,2"
"6853","N..Eff..TSS.Conc. + Temp..of.NSEC.Main.Ch. + N..Basin.Outfall + CODto..mg.L. + UVT.... + NSEC.Effluent.NO3",0.0289732652332417,0.737773798776104,"3,2"
"6854","N..Eff..TSS.Conc. + Temp..of.NSEC.Main.Ch. + N..Basin.Outfall + CODto..mg.L. + UVT.... + NSEC.Effluent.OP",0.46848972138661,0.733779945657346,"3,2"
"6855","N..Eff..TSS.Conc. + Temp..of.NSEC.Main.Ch. + N..Basin.Outfall + CODto..mg.L. + UVT.... + NSEC.Effluent.TSS",0.11099296451329,0.630198551543494,"3,2"
"6856","N..Eff..TSS.Conc. + Temp..of.NSEC.Main.Ch. + N..Basin.Outfall + CODto..mg.L. + UVT.... + NSEC.Effluent.NO5",0.154968635039506,0.648400708086474,"3,2"
"6857","N..Eff..TSS.Conc. + Temp..of.NSEC.Main.Ch. + N..Basin.Outfall + CODto..mg.L. + UVT.... + NSEC.Effluent.Flow",0.124491270420799,0.650196839398248,"3,2"
"6858","N..Eff..TSS.Conc. + Temp..of.NSEC.Main.Ch. + N..Basin.Outfall + CODto..mg.L. + CODds..mg.L. + SACto..1.m.",0.0765567906566897,0.720154223591467,"3,2"
"6859","N..Eff..TSS.Conc. + Temp..of.NSEC.Main.Ch. + N..Basin.Outfall + CODto..mg.L. + CODds..mg.L. + NSEC.Aerobic.SRT",0.0958396084554751,0.778140632527942,"3,2"
"6860","N..Eff..TSS.Conc. + Temp..of.NSEC.Main.Ch. + N..Basin.Outfall + CODto..mg.L. + CODds..mg.L. + NSEC.Effluent.NH3",0.0344933219728512,0.686011918899956,"3,2"
"6861","N..Eff..TSS.Conc. + Temp..of.NSEC.Main.Ch. + N..Basin.Outfall + CODto..mg.L. + CODds..mg.L. + NSEC.Effluent.NO3",0.139041116656181,0.724836663992448,"3,2"
"6862","N..Eff..TSS.Conc. + Temp..of.NSEC.Main.Ch. + N..Basin.Outfall + CODto..mg.L. + CODds..mg.L. + NSEC.Effluent.OP",0.24749952587804,0.766442292475289,"3,2"
"6863","N..Eff..TSS.Conc. + Temp..of.NSEC.Main.Ch. + N..Basin.Outfall + CODto..mg.L. + CODds..mg.L. + NSEC.Effluent.TSS",0.0534469943060438,0.687836034414314,"3,2"
"6864","N..Eff..TSS.Conc. + Temp..of.NSEC.Main.Ch. + N..Basin.Outfall + CODto..mg.L. + CODds..mg.L. + NSEC.Effluent.NO5",0.199786407109773,0.691455689769428,"3,2"
"6865","N..Eff..TSS.Conc. + Temp..of.NSEC.Main.Ch. + N..Basin.Outfall + CODto..mg.L. + CODds..mg.L. + NSEC.Effluent.Flow",0.113211373046227,0.629550145811364,"3,2"
"6866","N..Eff..TSS.Conc. + Temp..of.NSEC.Main.Ch. + N..Basin.Outfall + CODto..mg.L. + SACto..1.m. + NSEC.Aerobic.SRT",0.0102047671042511,0.630140732245561,"3,2"
"6867","N..Eff..TSS.Conc. + Temp..of.NSEC.Main.Ch. + N..Basin.Outfall + CODto..mg.L. + SACto..1.m. + NSEC.Effluent.NH3",0.0144953825409906,0.611005348227063,"3,2"
"6868","N..Eff..TSS.Conc. + Temp..of.NSEC.Main.Ch. + N..Basin.Outfall + CODto..mg.L. + SACto..1.m. + NSEC.Effluent.NO3",0.0941794494697066,0.633783127441709,"3,2"
"6869","N..Eff..TSS.Conc. + Temp..of.NSEC.Main.Ch. + N..Basin.Outfall + CODto..mg.L. + SACto..1.m. + NSEC.Effluent.OP",0.320815639520132,0.724314179929089,"3,2"
"6870","N..Eff..TSS.Conc. + Temp..of.NSEC.Main.Ch. + N..Basin.Outfall + CODto..mg.L. + SACto..1.m. + NSEC.Effluent.TSS",0.269767702774041,0.620510106278717,"3,2"
"6871","N..Eff..TSS.Conc. + Temp..of.NSEC.Main.Ch. + N..Basin.Outfall + CODto..mg.L. + SACto..1.m. + NSEC.Effluent.NO5",0.0509172853029702,0.641569383453328,"3,2"
"6872","N..Eff..TSS.Conc. + Temp..of.NSEC.Main.Ch. + N..Basin.Outfall + CODto..mg.L. + SACto..1.m. + NSEC.Effluent.Flow",0.0703834712892317,0.594064678583793,"3,2"
"6873","N..Eff..TSS.Conc. + Temp..of.NSEC.Main.Ch. + N..Basin.Outfall + CODto..mg.L. + NSEC.Aerobic.SRT + NSEC.Effluent.NH3",0.00627349766568885,0.437225267480367,"3,2"
"6874","N..Eff..TSS.Conc. + Temp..of.NSEC.Main.Ch. + N..Basin.Outfall + CODto..mg.L. + NSEC.Aerobic.SRT + NSEC.Effluent.NO3",0.130083783607554,0.530915491174514,"3,2"
"6875","N..Eff..TSS.Conc. + Temp..of.NSEC.Main.Ch. + N..Basin.Outfall + CODto..mg.L. + NSEC.Aerobic.SRT + NSEC.Effluent.OP",0.100264659569609,0.660868969892746,"3,2"
"6876","N..Eff..TSS.Conc. + Temp..of.NSEC.Main.Ch. + N..Basin.Outfall + CODto..mg.L. + NSEC.Aerobic.SRT + NSEC.Effluent.TSS",0.148593226190004,0.766931005233489,"3,2"
"6877","N..Eff..TSS.Conc. + Temp..of.NSEC.Main.Ch. + N..Basin.Outfall + CODto..mg.L. + NSEC.Aerobic.SRT + NSEC.Effluent.NO5",0.118072791325356,0.756377849421525,"3,2"
"6878","N..Eff..TSS.Conc. + Temp..of.NSEC.Main.Ch. + N..Basin.Outfall + CODto..mg.L. + NSEC.Aerobic.SRT + NSEC.Effluent.Flow",0.0558594055973867,0.757630059714818,"3,2"
"6879","N..Eff..TSS.Conc. + Temp..of.NSEC.Main.Ch. + N..Basin.Outfall + CODto..mg.L. + NSEC.Effluent.NH3 + NSEC.Effluent.NO3",0.0540849599042463,0.544312527889139,"3,2"
"6880","N..Eff..TSS.Conc. + Temp..of.NSEC.Main.Ch. + N..Basin.Outfall + CODto..mg.L. + NSEC.Effluent.NH3 + NSEC.Effluent.OP",0.227851244854551,0.610190520005086,"3,2"
"6881","N..Eff..TSS.Conc. + Temp..of.NSEC.Main.Ch. + N..Basin.Outfall + CODto..mg.L. + NSEC.Effluent.NH3 + NSEC.Effluent.TSS",0.0634276846471533,0.554739921461309,"3,2"
"6882","N..Eff..TSS.Conc. + Temp..of.NSEC.Main.Ch. + N..Basin.Outfall + CODto..mg.L. + NSEC.Effluent.NH3 + NSEC.Effluent.NO5",0.0780885648907148,0.513580430455489,"3,2"
"6883","N..Eff..TSS.Conc. + Temp..of.NSEC.Main.Ch. + N..Basin.Outfall + CODto..mg.L. + NSEC.Effluent.NH3 + NSEC.Effluent.Flow",0.111134826934556,0.523259108324883,"3,2"
"6884","N..Eff..TSS.Conc. + Temp..of.NSEC.Main.Ch. + N..Basin.Outfall + CODto..mg.L. + NSEC.Effluent.NO3 + NSEC.Effluent.OP",0.0980491969503756,0.55639001167382,"3,2"
"6885","N..Eff..TSS.Conc. + Temp..of.NSEC.Main.Ch. + N..Basin.Outfall + CODto..mg.L. + NSEC.Effluent.NO3 + NSEC.Effluent.TSS",0.23934783120151,0.492512942102221,"3,2"
"6886","N..Eff..TSS.Conc. + Temp..of.NSEC.Main.Ch. + N..Basin.Outfall + CODto..mg.L. + NSEC.Effluent.NO3 + NSEC.Effluent.NO5",0.114408413660905,0.512443634475279,"3,2"
"6887","N..Eff..TSS.Conc. + Temp..of.NSEC.Main.Ch. + N..Basin.Outfall + CODto..mg.L. + NSEC.Effluent.NO3 + NSEC.Effluent.Flow",0.0779912528980227,0.504493952774621,"3,2"
"6888","N..Eff..TSS.Conc. + Temp..of.NSEC.Main.Ch. + N..Basin.Outfall + CODto..mg.L. + NSEC.Effluent.OP + NSEC.Effluent.TSS",0.20817090794741,0.637001576198072,"3,2"
"6889","N..Eff..TSS.Conc. + Temp..of.NSEC.Main.Ch. + N..Basin.Outfall + CODto..mg.L. + NSEC.Effluent.OP + NSEC.Effluent.NO5",0.160775894374462,0.724714274786447,"3,2"
"6890","N..Eff..TSS.Conc. + Temp..of.NSEC.Main.Ch. + N..Basin.Outfall + CODto..mg.L. + NSEC.Effluent.OP + NSEC.Effluent.Flow",0.0816307668765768,0.688251037507051,"3,2"
"6891","N..Eff..TSS.Conc. + Temp..of.NSEC.Main.Ch. + N..Basin.Outfall + CODto..mg.L. + NSEC.Effluent.TSS + NSEC.Effluent.NO5",0.259372572354693,0.521274766830018,"3,2"
"6892","N..Eff..TSS.Conc. + Temp..of.NSEC.Main.Ch. + N..Basin.Outfall + CODto..mg.L. + NSEC.Effluent.TSS + NSEC.Effluent.Flow",0.27886997862081,0.561928460756526,"3,2"
"6893","N..Eff..TSS.Conc. + Temp..of.NSEC.Main.Ch. + N..Basin.Outfall + CODto..mg.L. + NSEC.Effluent.NO5 + NSEC.Effluent.Flow",0.0531702782960841,0.425821468225015,"3,2"
"6894","N..Eff..TSS.Conc. + Temp..of.NSEC.Main.Ch. + N..Basin.Outfall + TSS..mg.L. + UVT.... + CODds..mg.L.",0.00942575033595916,0.700178755897085,"3,2"
"6895","N..Eff..TSS.Conc. + Temp..of.NSEC.Main.Ch. + N..Basin.Outfall + TSS..mg.L. + UVT.... + SACto..1.m.",0.14246978761149,0.721396421850756,"3,2"
"6896","N..Eff..TSS.Conc. + Temp..of.NSEC.Main.Ch. + N..Basin.Outfall + TSS..mg.L. + UVT.... + NSEC.Aerobic.SRT",0.0577078039270031,0.794861094972379,"3,2"
"6897","N..Eff..TSS.Conc. + Temp..of.NSEC.Main.Ch. + N..Basin.Outfall + TSS..mg.L. + UVT.... + NSEC.Effluent.NH3",0.177095529885112,0.714272346074269,"3,2"
"6898","N..Eff..TSS.Conc. + Temp..of.NSEC.Main.Ch. + N..Basin.Outfall + TSS..mg.L. + UVT.... + NSEC.Effluent.NO3",0.12926867775997,0.73705463233558,"3,2"
"6899","N..Eff..TSS.Conc. + Temp..of.NSEC.Main.Ch. + N..Basin.Outfall + TSS..mg.L. + UVT.... + NSEC.Effluent.OP",0.0352282576657714,0.778538298624875,"3,2"
"6900","N..Eff..TSS.Conc. + Temp..of.NSEC.Main.Ch. + N..Basin.Outfall + TSS..mg.L. + UVT.... + NSEC.Effluent.TSS",0.0856290825557973,0.732455496549259,"3,2"
"6901","N..Eff..TSS.Conc. + Temp..of.NSEC.Main.Ch. + N..Basin.Outfall + TSS..mg.L. + UVT.... + NSEC.Effluent.NO5",0.258963734466716,0.708731484813969,"3,2"
"6902","N..Eff..TSS.Conc. + Temp..of.NSEC.Main.Ch. + N..Basin.Outfall + TSS..mg.L. + UVT.... + NSEC.Effluent.Flow",0.292632930145643,0.777619352730049,"3,2"
"6903","N..Eff..TSS.Conc. + Temp..of.NSEC.Main.Ch. + N..Basin.Outfall + TSS..mg.L. + CODds..mg.L. + SACto..1.m.",0.0277698503434765,0.715545075519151,"3,2"
"6904","N..Eff..TSS.Conc. + Temp..of.NSEC.Main.Ch. + N..Basin.Outfall + TSS..mg.L. + CODds..mg.L. + NSEC.Aerobic.SRT",0.0566495946079493,0.679136321971328,"3,2"
"6905","N..Eff..TSS.Conc. + Temp..of.NSEC.Main.Ch. + N..Basin.Outfall + TSS..mg.L. + CODds..mg.L. + NSEC.Effluent.NH3",0.102344135333344,0.699475078064095,"3,2"
"6906","N..Eff..TSS.Conc. + Temp..of.NSEC.Main.Ch. + N..Basin.Outfall + TSS..mg.L. + CODds..mg.L. + NSEC.Effluent.NO3",0.395421976749723,0.735194563566546,"3,2"
"6907","N..Eff..TSS.Conc. + Temp..of.NSEC.Main.Ch. + N..Basin.Outfall + TSS..mg.L. + CODds..mg.L. + NSEC.Effluent.OP",0.123693826295472,0.67053992074828,"3,2"
"6908","N..Eff..TSS.Conc. + Temp..of.NSEC.Main.Ch. + N..Basin.Outfall + TSS..mg.L. + CODds..mg.L. + NSEC.Effluent.TSS",0.182420460437235,0.634538720047352,"3,2"
"6909","N..Eff..TSS.Conc. + Temp..of.NSEC.Main.Ch. + N..Basin.Outfall + TSS..mg.L. + CODds..mg.L. + NSEC.Effluent.NO5",0.0678720575773029,0.632468901906792,"3,2"
"6910","N..Eff..TSS.Conc. + Temp..of.NSEC.Main.Ch. + N..Basin.Outfall + TSS..mg.L. + CODds..mg.L. + NSEC.Effluent.Flow",0.0602486839143839,0.619780318211116,"3,2"
"6911","N..Eff..TSS.Conc. + Temp..of.NSEC.Main.Ch. + N..Basin.Outfall + TSS..mg.L. + SACto..1.m. + NSEC.Aerobic.SRT",0.122753241180127,0.802283657247805,"3,2"
"6912","N..Eff..TSS.Conc. + Temp..of.NSEC.Main.Ch. + N..Basin.Outfall + TSS..mg.L. + SACto..1.m. + NSEC.Effluent.NH3",0.0190877542402021,0.760668765231492,"3,2"
"6913","N..Eff..TSS.Conc. + Temp..of.NSEC.Main.Ch. + N..Basin.Outfall + TSS..mg.L. + SACto..1.m. + NSEC.Effluent.NO3",0.0727456826176187,0.593832461780351,"3,2"
"6914","N..Eff..TSS.Conc. + Temp..of.NSEC.Main.Ch. + N..Basin.Outfall + TSS..mg.L. + SACto..1.m. + NSEC.Effluent.OP",0.0355000739372944,0.765365126511993,"3,2"
"6915","N..Eff..TSS.Conc. + Temp..of.NSEC.Main.Ch. + N..Basin.Outfall + TSS..mg.L. + SACto..1.m. + NSEC.Effluent.TSS",0.0162056119631444,0.722859161500854,"3,2"
"6916","N..Eff..TSS.Conc. + Temp..of.NSEC.Main.Ch. + N..Basin.Outfall + TSS..mg.L. + SACto..1.m. + NSEC.Effluent.NO5",0.215455830102897,0.74235493742157,"3,2"
"6917","N..Eff..TSS.Conc. + Temp..of.NSEC.Main.Ch. + N..Basin.Outfall + TSS..mg.L. + SACto..1.m. + NSEC.Effluent.Flow",0.0221707283625188,0.707660761156545,"3,2"
"6918","N..Eff..TSS.Conc. + Temp..of.NSEC.Main.Ch. + N..Basin.Outfall + TSS..mg.L. + NSEC.Aerobic.SRT + NSEC.Effluent.NH3",0.169031894708449,0.64404141161498,"3,2"
"6919","N..Eff..TSS.Conc. + Temp..of.NSEC.Main.Ch. + N..Basin.Outfall + TSS..mg.L. + NSEC.Aerobic.SRT + NSEC.Effluent.NO3",0.00936493036380437,0.467001039782912,"3,2"
"6920","N..Eff..TSS.Conc. + Temp..of.NSEC.Main.Ch. + N..Basin.Outfall + TSS..mg.L. + NSEC.Aerobic.SRT + NSEC.Effluent.OP",0.152841984802758,0.747252925534614,"3,2"
"6921","N..Eff..TSS.Conc. + Temp..of.NSEC.Main.Ch. + N..Basin.Outfall + TSS..mg.L. + NSEC.Aerobic.SRT + NSEC.Effluent.TSS",0.0999538254424177,0.741176907042724,"3,2"
"6922","N..Eff..TSS.Conc. + Temp..of.NSEC.Main.Ch. + N..Basin.Outfall + TSS..mg.L. + NSEC.Aerobic.SRT + NSEC.Effluent.NO5",0.0095336094052263,0.48109340070592,"3,2"
"6923","N..Eff..TSS.Conc. + Temp..of.NSEC.Main.Ch. + N..Basin.Outfall + TSS..mg.L. + NSEC.Aerobic.SRT + NSEC.Effluent.Flow",0.273250593556622,0.710517766715265,"3,2"
"6924","N..Eff..TSS.Conc. + Temp..of.NSEC.Main.Ch. + N..Basin.Outfall + TSS..mg.L. + NSEC.Effluent.NH3 + NSEC.Effluent.NO3",0.0429944208578381,0.483610887837891,"3,2"
"6925","N..Eff..TSS.Conc. + Temp..of.NSEC.Main.Ch. + N..Basin.Outfall + TSS..mg.L. + NSEC.Effluent.NH3 + NSEC.Effluent.OP",0.364020824208719,0.719683275849639,"3,2"
"6926","N..Eff..TSS.Conc. + Temp..of.NSEC.Main.Ch. + N..Basin.Outfall + TSS..mg.L. + NSEC.Effluent.NH3 + NSEC.Effluent.TSS",0.199252473941642,0.543155245746711,"3,2"
"6927","N..Eff..TSS.Conc. + Temp..of.NSEC.Main.Ch. + N..Basin.Outfall + TSS..mg.L. + NSEC.Effluent.NH3 + NSEC.Effluent.NO5",0.0175228478738965,0.449957728023635,"3,2"
"6928","N..Eff..TSS.Conc. + Temp..of.NSEC.Main.Ch. + N..Basin.Outfall + TSS..mg.L. + NSEC.Effluent.NH3 + NSEC.Effluent.Flow",0.00892280058551576,0.513489139872214,"3,2"
"6929","N..Eff..TSS.Conc. + Temp..of.NSEC.Main.Ch. + N..Basin.Outfall + TSS..mg.L. + NSEC.Effluent.NO3 + NSEC.Effluent.OP",0.311836550061243,0.619628577041787,"3,2"
"6930","N..Eff..TSS.Conc. + Temp..of.NSEC.Main.Ch. + N..Basin.Outfall + TSS..mg.L. + NSEC.Effluent.NO3 + NSEC.Effluent.TSS",0.0528737924545701,0.433335687017015,"3,2"
"6931","N..Eff..TSS.Conc. + Temp..of.NSEC.Main.Ch. + N..Basin.Outfall + TSS..mg.L. + NSEC.Effluent.NO3 + NSEC.Effluent.NO5",0.163486337680732,0.594143639351289,"3,2"
"6932","N..Eff..TSS.Conc. + Temp..of.NSEC.Main.Ch. + N..Basin.Outfall + TSS..mg.L. + NSEC.Effluent.NO3 + NSEC.Effluent.Flow",0.148638475765393,0.553989272141032,"3,2"
"6933","N..Eff..TSS.Conc. + Temp..of.NSEC.Main.Ch. + N..Basin.Outfall + TSS..mg.L. + NSEC.Effluent.OP + NSEC.Effluent.TSS",0.113783463835137,0.594905353276979,"3,2"
"6934","N..Eff..TSS.Conc. + Temp..of.NSEC.Main.Ch. + N..Basin.Outfall + TSS..mg.L. + NSEC.Effluent.OP + NSEC.Effluent.NO5",0.206092779470664,0.615925192415863,"3,2"
"6935","N..Eff..TSS.Conc. + Temp..of.NSEC.Main.Ch. + N..Basin.Outfall + TSS..mg.L. + NSEC.Effluent.OP + NSEC.Effluent.Flow",0.072901843722895,0.653838471946967,"3,2"
"6936","N..Eff..TSS.Conc. + Temp..of.NSEC.Main.Ch. + N..Basin.Outfall + TSS..mg.L. + NSEC.Effluent.TSS + NSEC.Effluent.NO5",0.0169682569061962,0.442175015496606,"3,2"
"6937","N..Eff..TSS.Conc. + Temp..of.NSEC.Main.Ch. + N..Basin.Outfall + TSS..mg.L. + NSEC.Effluent.TSS + NSEC.Effluent.Flow",0.0166027759420628,0.453572922020018,"3,2"
"6938","N..Eff..TSS.Conc. + Temp..of.NSEC.Main.Ch. + N..Basin.Outfall + TSS..mg.L. + NSEC.Effluent.NO5 + NSEC.Effluent.Flow",0.128801780023282,0.588956765589638,"3,2"
"6939","N..Eff..TSS.Conc. + Temp..of.NSEC.Main.Ch. + N..Basin.Outfall + UVT.... + CODds..mg.L. + SACto..1.m.",0.0515979129324284,0.679272137459104,"3,2"
"6940","N..Eff..TSS.Conc. + Temp..of.NSEC.Main.Ch. + N..Basin.Outfall + UVT.... + CODds..mg.L. + NSEC.Aerobic.SRT",0.0514697411268823,0.810388640320113,"3,2"
"6941","N..Eff..TSS.Conc. + Temp..of.NSEC.Main.Ch. + N..Basin.Outfall + UVT.... + CODds..mg.L. + NSEC.Effluent.NH3",0.0835608957661895,0.693475173841876,"3,2"
"6942","N..Eff..TSS.Conc. + Temp..of.NSEC.Main.Ch. + N..Basin.Outfall + UVT.... + CODds..mg.L. + NSEC.Effluent.NO3",0.148594936679853,0.66764801356139,"3,2"
"6943","N..Eff..TSS.Conc. + Temp..of.NSEC.Main.Ch. + N..Basin.Outfall + UVT.... + CODds..mg.L. + NSEC.Effluent.OP",0.0532351381711114,0.739762178473842,"3,2"
"6944","N..Eff..TSS.Conc. + Temp..of.NSEC.Main.Ch. + N..Basin.Outfall + UVT.... + CODds..mg.L. + NSEC.Effluent.TSS",0.205396755911276,0.677559938342094,"3,2"
"6945","N..Eff..TSS.Conc. + Temp..of.NSEC.Main.Ch. + N..Basin.Outfall + UVT.... + CODds..mg.L. + NSEC.Effluent.NO5",0.212579152842324,0.708020663240226,"3,2"
"6946","N..Eff..TSS.Conc. + Temp..of.NSEC.Main.Ch. + N..Basin.Outfall + UVT.... + CODds..mg.L. + NSEC.Effluent.Flow",0.231688160573527,0.66238027120056,"3,2"
"6947","N..Eff..TSS.Conc. + Temp..of.NSEC.Main.Ch. + N..Basin.Outfall + UVT.... + SACto..1.m. + NSEC.Aerobic.SRT",0.127519928634773,0.612207029987752,"3,2"
"6948","N..Eff..TSS.Conc. + Temp..of.NSEC.Main.Ch. + N..Basin.Outfall + UVT.... + SACto..1.m. + NSEC.Effluent.NH3",0.0502339945022874,0.528252312823302,"3,2"
"6949","N..Eff..TSS.Conc. + Temp..of.NSEC.Main.Ch. + N..Basin.Outfall + UVT.... + SACto..1.m. + NSEC.Effluent.NO3",0.185255434185834,0.585860996529578,"3,2"
"6950","N..Eff..TSS.Conc. + Temp..of.NSEC.Main.Ch. + N..Basin.Outfall + UVT.... + SACto..1.m. + NSEC.Effluent.OP",0.380311449138446,0.713980270432971,"3,2"
"6951","N..Eff..TSS.Conc. + Temp..of.NSEC.Main.Ch. + N..Basin.Outfall + UVT.... + SACto..1.m. + NSEC.Effluent.TSS",0.0295241141216076,0.519875157416441,"3,2"
"6952","N..Eff..TSS.Conc. + Temp..of.NSEC.Main.Ch. + N..Basin.Outfall + UVT.... + SACto..1.m. + NSEC.Effluent.NO5",0.312083545602018,0.626057539908831,"3,2"
"6953","N..Eff..TSS.Conc. + Temp..of.NSEC.Main.Ch. + N..Basin.Outfall + UVT.... + SACto..1.m. + NSEC.Effluent.Flow",0.105588640719408,0.52905160311134,"3,2"
"6954","N..Eff..TSS.Conc. + Temp..of.NSEC.Main.Ch. + N..Basin.Outfall + UVT.... + NSEC.Aerobic.SRT + NSEC.Effluent.NH3",0.00430744184371989,0.446363676182671,"3,2"
"6955","N..Eff..TSS.Conc. + Temp..of.NSEC.Main.Ch. + N..Basin.Outfall + UVT.... + NSEC.Aerobic.SRT + NSEC.Effluent.NO3",0.0909231375960222,0.719814598721435,"3,2"
"6956","N..Eff..TSS.Conc. + Temp..of.NSEC.Main.Ch. + N..Basin.Outfall + UVT.... + NSEC.Aerobic.SRT + NSEC.Effluent.OP",0.216397334840998,0.735401429641009,"3,2"
"6957","N..Eff..TSS.Conc. + Temp..of.NSEC.Main.Ch. + N..Basin.Outfall + UVT.... + NSEC.Aerobic.SRT + NSEC.Effluent.TSS",0.426526011132216,0.817809143973891,"3,2"
"6958","N..Eff..TSS.Conc. + Temp..of.NSEC.Main.Ch. + N..Basin.Outfall + UVT.... + NSEC.Aerobic.SRT + NSEC.Effluent.NO5",0.0752398018185716,0.76549472838927,"3,2"
"6959","N..Eff..TSS.Conc. + Temp..of.NSEC.Main.Ch. + N..Basin.Outfall + UVT.... + NSEC.Aerobic.SRT + NSEC.Effluent.Flow",0.0276893906476148,0.769337839102409,"3,2"
"6960","N..Eff..TSS.Conc. + Temp..of.NSEC.Main.Ch. + N..Basin.Outfall + UVT.... + NSEC.Effluent.NH3 + NSEC.Effluent.NO3",0.133190523697703,0.64809893508358,"3,2"
"6961","N..Eff..TSS.Conc. + Temp..of.NSEC.Main.Ch. + N..Basin.Outfall + UVT.... + NSEC.Effluent.NH3 + NSEC.Effluent.OP",0.118026348416639,0.656459045955393,"3,2"
"6962","N..Eff..TSS.Conc. + Temp..of.NSEC.Main.Ch. + N..Basin.Outfall + UVT.... + NSEC.Effluent.NH3 + NSEC.Effluent.TSS",0.156931198346221,0.580344466832564,"3,2"
"6963","N..Eff..TSS.Conc. + Temp..of.NSEC.Main.Ch. + N..Basin.Outfall + UVT.... + NSEC.Effluent.NH3 + NSEC.Effluent.NO5",0.142317868180347,0.651319580999897,"3,2"
"6964","N..Eff..TSS.Conc. + Temp..of.NSEC.Main.Ch. + N..Basin.Outfall + UVT.... + NSEC.Effluent.NH3 + NSEC.Effluent.Flow",0.137241115838162,0.521471770334604,"3,2"
"6965","N..Eff..TSS.Conc. + Temp..of.NSEC.Main.Ch. + N..Basin.Outfall + UVT.... + NSEC.Effluent.NO3 + NSEC.Effluent.OP",0.043258261024514,0.695916471438651,"3,2"
"6966","N..Eff..TSS.Conc. + Temp..of.NSEC.Main.Ch. + N..Basin.Outfall + UVT.... + NSEC.Effluent.NO3 + NSEC.Effluent.TSS",0.0318426011468884,0.62396158030583,"3,2"
"6967","N..Eff..TSS.Conc. + Temp..of.NSEC.Main.Ch. + N..Basin.Outfall + UVT.... + NSEC.Effluent.NO3 + NSEC.Effluent.NO5",0.0103159565716269,0.679585024523336,"3,2"
"6968","N..Eff..TSS.Conc. + Temp..of.NSEC.Main.Ch. + N..Basin.Outfall + UVT.... + NSEC.Effluent.NO3 + NSEC.Effluent.Flow",0.0984969236402029,0.671325989786636,"3,2"
"6969","N..Eff..TSS.Conc. + Temp..of.NSEC.Main.Ch. + N..Basin.Outfall + UVT.... + NSEC.Effluent.OP + NSEC.Effluent.TSS",0.121485933297227,0.643978678671938,"3,2"
"6970","N..Eff..TSS.Conc. + Temp..of.NSEC.Main.Ch. + N..Basin.Outfall + UVT.... + NSEC.Effluent.OP + NSEC.Effluent.NO5",0.140849547285505,0.664424419564883,"3,2"
"6971","N..Eff..TSS.Conc. + Temp..of.NSEC.Main.Ch. + N..Basin.Outfall + UVT.... + NSEC.Effluent.OP + NSEC.Effluent.Flow",0.192820592178056,0.0119227288479118,"3,2"
"6972","N..Eff..TSS.Conc. + Temp..of.NSEC.Main.Ch. + N..Basin.Outfall + UVT.... + NSEC.Effluent.TSS + NSEC.Effluent.NO5",0.171346710619562,0.570536122021354,"3,2"
"6973","N..Eff..TSS.Conc. + Temp..of.NSEC.Main.Ch. + N..Basin.Outfall + UVT.... + NSEC.Effluent.TSS + NSEC.Effluent.Flow",0.140478208297663,0.682551787955527,"3,2"
"6974","N..Eff..TSS.Conc. + Temp..of.NSEC.Main.Ch. + N..Basin.Outfall + UVT.... + NSEC.Effluent.NO5 + NSEC.Effluent.Flow",0.116270950474632,0.53428721248694,"3,2"
"6975","N..Eff..TSS.Conc. + Temp..of.NSEC.Main.Ch. + N..Basin.Outfall + CODds..mg.L. + SACto..1.m. + NSEC.Aerobic.SRT",0.0422205766351431,0.810003253479823,"3,2"
"6976","N..Eff..TSS.Conc. + Temp..of.NSEC.Main.Ch. + N..Basin.Outfall + CODds..mg.L. + SACto..1.m. + NSEC.Effluent.NH3",0.160341146190107,0.61166838245916,"3,2"
"6977","N..Eff..TSS.Conc. + Temp..of.NSEC.Main.Ch. + N..Basin.Outfall + CODds..mg.L. + SACto..1.m. + NSEC.Effluent.NO3",0.200621434485495,0.718661163521135,"3,2"
"6978","N..Eff..TSS.Conc. + Temp..of.NSEC.Main.Ch. + N..Basin.Outfall + CODds..mg.L. + SACto..1.m. + NSEC.Effluent.OP",0.124985803455652,0.665333005488618,"3,2"
"6979","N..Eff..TSS.Conc. + Temp..of.NSEC.Main.Ch. + N..Basin.Outfall + CODds..mg.L. + SACto..1.m. + NSEC.Effluent.TSS",0.0938532291432232,0.616716671653512,"3,2"
"6980","N..Eff..TSS.Conc. + Temp..of.NSEC.Main.Ch. + N..Basin.Outfall + CODds..mg.L. + SACto..1.m. + NSEC.Effluent.NO5",0.228933180693315,0.721417731992947,"3,2"
"6981","N..Eff..TSS.Conc. + Temp..of.NSEC.Main.Ch. + N..Basin.Outfall + CODds..mg.L. + SACto..1.m. + NSEC.Effluent.Flow",0.00413550201159296,0.700739911856155,"3,2"
"6982","N..Eff..TSS.Conc. + Temp..of.NSEC.Main.Ch. + N..Basin.Outfall + CODds..mg.L. + NSEC.Aerobic.SRT + NSEC.Effluent.NH3",0.0911640918583678,0.684711378978522,"3,2"
"6983","N..Eff..TSS.Conc. + Temp..of.NSEC.Main.Ch. + N..Basin.Outfall + CODds..mg.L. + NSEC.Aerobic.SRT + NSEC.Effluent.NO3",0.0888712315971349,0.759272587081861,"3,2"
"6984","N..Eff..TSS.Conc. + Temp..of.NSEC.Main.Ch. + N..Basin.Outfall + CODds..mg.L. + NSEC.Aerobic.SRT + NSEC.Effluent.OP",0.0740527649964802,0.80779106868474,"3,2"
"6985","N..Eff..TSS.Conc. + Temp..of.NSEC.Main.Ch. + N..Basin.Outfall + CODds..mg.L. + NSEC.Aerobic.SRT + NSEC.Effluent.TSS",0.118741766574825,0.766904996845964,"3,2"
"6986","N..Eff..TSS.Conc. + Temp..of.NSEC.Main.Ch. + N..Basin.Outfall + CODds..mg.L. + NSEC.Aerobic.SRT + NSEC.Effluent.NO5",0.192866395104989,0.776869379831602,"3,2"
"6987","N..Eff..TSS.Conc. + Temp..of.NSEC.Main.Ch. + N..Basin.Outfall + CODds..mg.L. + NSEC.Aerobic.SRT + NSEC.Effluent.Flow",0.0368783665513472,0.515162958718755,"3,2"
"6988","N..Eff..TSS.Conc. + Temp..of.NSEC.Main.Ch. + N..Basin.Outfall + CODds..mg.L. + NSEC.Effluent.NH3 + NSEC.Effluent.NO3",0.225630951961885,0.696281233612022,"3,2"
"6989","N..Eff..TSS.Conc. + Temp..of.NSEC.Main.Ch. + N..Basin.Outfall + CODds..mg.L. + NSEC.Effluent.NH3 + NSEC.Effluent.OP",0.0298171644219303,0.591031486500731,"3,2"
"6990","N..Eff..TSS.Conc. + Temp..of.NSEC.Main.Ch. + N..Basin.Outfall + CODds..mg.L. + NSEC.Effluent.NH3 + NSEC.Effluent.TSS",0.11359648532143,0.565326963183725,"3,2"
"6991","N..Eff..TSS.Conc. + Temp..of.NSEC.Main.Ch. + N..Basin.Outfall + CODds..mg.L. + NSEC.Effluent.NH3 + NSEC.Effluent.NO5",0.149567298810979,0.586408274142991,"3,2"
"6992","N..Eff..TSS.Conc. + Temp..of.NSEC.Main.Ch. + N..Basin.Outfall + CODds..mg.L. + NSEC.Effluent.NH3 + NSEC.Effluent.Flow",0.0204809709566809,0.596377875484965,"3,2"
"6993","N..Eff..TSS.Conc. + Temp..of.NSEC.Main.Ch. + N..Basin.Outfall + CODds..mg.L. + NSEC.Effluent.NO3 + NSEC.Effluent.OP",0.0415136337526538,0.649460133832342,"3,2"
"6994","N..Eff..TSS.Conc. + Temp..of.NSEC.Main.Ch. + N..Basin.Outfall + CODds..mg.L. + NSEC.Effluent.NO3 + NSEC.Effluent.TSS",0.0764364475809878,0.492633934457367,"3,2"
"6995","N..Eff..TSS.Conc. + Temp..of.NSEC.Main.Ch. + N..Basin.Outfall + CODds..mg.L. + NSEC.Effluent.NO3 + NSEC.Effluent.NO5",0.226761646614665,0.703155829403256,"3,2"
"6996","N..Eff..TSS.Conc. + Temp..of.NSEC.Main.Ch. + N..Basin.Outfall + CODds..mg.L. + NSEC.Effluent.NO3 + NSEC.Effluent.Flow",0.215816724402805,0.563363100601026,"3,2"
"6997","N..Eff..TSS.Conc. + Temp..of.NSEC.Main.Ch. + N..Basin.Outfall + CODds..mg.L. + NSEC.Effluent.OP + NSEC.Effluent.TSS",0.0738650077194947,0.71557100028046,"3,2"
"6998","N..Eff..TSS.Conc. + Temp..of.NSEC.Main.Ch. + N..Basin.Outfall + CODds..mg.L. + NSEC.Effluent.OP + NSEC.Effluent.NO5",0.0341592567001048,0.635173719130684,"3,2"
"6999","N..Eff..TSS.Conc. + Temp..of.NSEC.Main.Ch. + N..Basin.Outfall + CODds..mg.L. + NSEC.Effluent.OP + NSEC.Effluent.Flow",0.0288953517289698,0.663466160745502,"3,2"
"7000","N..Eff..TSS.Conc. + Temp..of.NSEC.Main.Ch. + N..Basin.Outfall + CODds..mg.L. + NSEC.Effluent.TSS + NSEC.Effluent.NO5",0.100263835201164,0.598211978651514,"3,2"
"7001","N..Eff..TSS.Conc. + Temp..of.NSEC.Main.Ch. + N..Basin.Outfall + CODds..mg.L. + NSEC.Effluent.TSS + NSEC.Effluent.Flow",0.00863974642071419,0.597740476685829,"3,2"
"7002","N..Eff..TSS.Conc. + Temp..of.NSEC.Main.Ch. + N..Basin.Outfall + CODds..mg.L. + NSEC.Effluent.NO5 + NSEC.Effluent.Flow",0.125953125144788,0.620051686390389,"3,2"
"7003","N..Eff..TSS.Conc. + Temp..of.NSEC.Main.Ch. + N..Basin.Outfall + SACto..1.m. + NSEC.Aerobic.SRT + NSEC.Effluent.NH3",0.158937044071554,0.78503617643894,"3,2"
"7004","N..Eff..TSS.Conc. + Temp..of.NSEC.Main.Ch. + N..Basin.Outfall + SACto..1.m. + NSEC.Aerobic.SRT + NSEC.Effluent.NO3",0.19337813162093,0.104712452325012,"3,2"
"7005","N..Eff..TSS.Conc. + Temp..of.NSEC.Main.Ch. + N..Basin.Outfall + SACto..1.m. + NSEC.Aerobic.SRT + NSEC.Effluent.OP",0.0771551434364577,0.645272861577648,"3,2"
"7006","N..Eff..TSS.Conc. + Temp..of.NSEC.Main.Ch. + N..Basin.Outfall + SACto..1.m. + NSEC.Aerobic.SRT + NSEC.Effluent.TSS",0.050989456381864,0.737158684959818,"3,2"
"7007","N..Eff..TSS.Conc. + Temp..of.NSEC.Main.Ch. + N..Basin.Outfall + SACto..1.m. + NSEC.Aerobic.SRT + NSEC.Effluent.NO5",0.161993930809825,0.740458556516112,"3,2"
"7008","N..Eff..TSS.Conc. + Temp..of.NSEC.Main.Ch. + N..Basin.Outfall + SACto..1.m. + NSEC.Aerobic.SRT + NSEC.Effluent.Flow",0.000722011232685782,0.568001653413648,"3,2"
"7009","N..Eff..TSS.Conc. + Temp..of.NSEC.Main.Ch. + N..Basin.Outfall + SACto..1.m. + NSEC.Effluent.NH3 + NSEC.Effluent.NO3",0.0666325913838786,0.625858478322017,"3,2"
"7010","N..Eff..TSS.Conc. + Temp..of.NSEC.Main.Ch. + N..Basin.Outfall + SACto..1.m. + NSEC.Effluent.NH3 + NSEC.Effluent.OP",0.145289744400376,0.654449412632661,"3,2"
"7011","N..Eff..TSS.Conc. + Temp..of.NSEC.Main.Ch. + N..Basin.Outfall + SACto..1.m. + NSEC.Effluent.NH3 + NSEC.Effluent.TSS",0.0911957502622038,0.530426164038849,"3,2"
"7012","N..Eff..TSS.Conc. + Temp..of.NSEC.Main.Ch. + N..Basin.Outfall + SACto..1.m. + NSEC.Effluent.NH3 + NSEC.Effluent.NO5",0.150776162063988,0.56682367277722,"3,2"
"7013","N..Eff..TSS.Conc. + Temp..of.NSEC.Main.Ch. + N..Basin.Outfall + SACto..1.m. + NSEC.Effluent.NH3 + NSEC.Effluent.Flow",0.0601592123703052,0.38992752034882,"3,2"
"7014","N..Eff..TSS.Conc. + Temp..of.NSEC.Main.Ch. + N..Basin.Outfall + SACto..1.m. + NSEC.Effluent.NO3 + NSEC.Effluent.OP",0.19176191642617,0.672838233920523,"3,2"
"7015","N..Eff..TSS.Conc. + Temp..of.NSEC.Main.Ch. + N..Basin.Outfall + SACto..1.m. + NSEC.Effluent.NO3 + NSEC.Effluent.TSS",0.10973158222564,0.533677163044683,"3,2"
"7016","N..Eff..TSS.Conc. + Temp..of.NSEC.Main.Ch. + N..Basin.Outfall + SACto..1.m. + NSEC.Effluent.NO3 + NSEC.Effluent.NO5",0.147712330064704,0.564348257458234,"3,2"
"7017","N..Eff..TSS.Conc. + Temp..of.NSEC.Main.Ch. + N..Basin.Outfall + SACto..1.m. + NSEC.Effluent.NO3 + NSEC.Effluent.Flow",0.134219018748948,0.512520001953929,"3,2"
"7018","N..Eff..TSS.Conc. + Temp..of.NSEC.Main.Ch. + N..Basin.Outfall + SACto..1.m. + NSEC.Effluent.OP + NSEC.Effluent.TSS",0.173841258482118,0.549781579416466,"3,2"
"7019","N..Eff..TSS.Conc. + Temp..of.NSEC.Main.Ch. + N..Basin.Outfall + SACto..1.m. + NSEC.Effluent.OP + NSEC.Effluent.NO5",0.138809180851709,0.668847133880657,"3,2"
"7020","N..Eff..TSS.Conc. + Temp..of.NSEC.Main.Ch. + N..Basin.Outfall + SACto..1.m. + NSEC.Effluent.OP + NSEC.Effluent.Flow",0.156840111622979,0.680149281999527,"3,2"
"7021","N..Eff..TSS.Conc. + Temp..of.NSEC.Main.Ch. + N..Basin.Outfall + SACto..1.m. + NSEC.Effluent.TSS + NSEC.Effluent.NO5",0.0693619385627542,0.531126594359108,"3,2"
"7022","N..Eff..TSS.Conc. + Temp..of.NSEC.Main.Ch. + N..Basin.Outfall + SACto..1.m. + NSEC.Effluent.TSS + NSEC.Effluent.Flow",0.132441553275128,0.54535030385139,"3,2"
"7023","N..Eff..TSS.Conc. + Temp..of.NSEC.Main.Ch. + N..Basin.Outfall + SACto..1.m. + NSEC.Effluent.NO5 + NSEC.Effluent.Flow",0.0700896928394021,0.51721156851223,"3,2"
"7024","N..Eff..TSS.Conc. + Temp..of.NSEC.Main.Ch. + N..Basin.Outfall + NSEC.Aerobic.SRT + NSEC.Effluent.NH3 + NSEC.Effluent.NO3",0.00250647406192916,0.457476362196742,"3,2"
"7025","N..Eff..TSS.Conc. + Temp..of.NSEC.Main.Ch. + N..Basin.Outfall + NSEC.Aerobic.SRT + NSEC.Effluent.NH3 + NSEC.Effluent.OP",0.0461557156885322,0.606507250949077,"3,2"
"7026","N..Eff..TSS.Conc. + Temp..of.NSEC.Main.Ch. + N..Basin.Outfall + NSEC.Aerobic.SRT + NSEC.Effluent.NH3 + NSEC.Effluent.TSS",0.221912077908017,0.683935817903357,"3,2"
"7027","N..Eff..TSS.Conc. + Temp..of.NSEC.Main.Ch. + N..Basin.Outfall + NSEC.Aerobic.SRT + NSEC.Effluent.NH3 + NSEC.Effluent.NO5",0.0082207228144584,0.427659532610857,"3,2"
"7028","N..Eff..TSS.Conc. + Temp..of.NSEC.Main.Ch. + N..Basin.Outfall + NSEC.Aerobic.SRT + NSEC.Effluent.NH3 + NSEC.Effluent.Flow",0.167204904932194,0.621730525744983,"3,2"
"7029","N..Eff..TSS.Conc. + Temp..of.NSEC.Main.Ch. + N..Basin.Outfall + NSEC.Aerobic.SRT + NSEC.Effluent.NO3 + NSEC.Effluent.OP",0.21091383895533,0.774810515402118,"3,2"
"7030","N..Eff..TSS.Conc. + Temp..of.NSEC.Main.Ch. + N..Basin.Outfall + NSEC.Aerobic.SRT + NSEC.Effluent.NO3 + NSEC.Effluent.TSS",0.17091984823176,0.606253637012735,"3,2"
"7031","N..Eff..TSS.Conc. + Temp..of.NSEC.Main.Ch. + N..Basin.Outfall + NSEC.Aerobic.SRT + NSEC.Effluent.NO3 + NSEC.Effluent.NO5",0.00558525991471059,0.447435593841044,"3,2"
"7032","N..Eff..TSS.Conc. + Temp..of.NSEC.Main.Ch. + N..Basin.Outfall + NSEC.Aerobic.SRT + NSEC.Effluent.NO3 + NSEC.Effluent.Flow",0.0963226929726169,0.734069083552734,"3,2"
"7033","N..Eff..TSS.Conc. + Temp..of.NSEC.Main.Ch. + N..Basin.Outfall + NSEC.Aerobic.SRT + NSEC.Effluent.OP + NSEC.Effluent.TSS",0.300488920231799,0.709893583263484,"3,2"
"7034","N..Eff..TSS.Conc. + Temp..of.NSEC.Main.Ch. + N..Basin.Outfall + NSEC.Aerobic.SRT + NSEC.Effluent.OP + NSEC.Effluent.NO5",0.213538304022362,0.728347218897847,"3,2"
"7035","N..Eff..TSS.Conc. + Temp..of.NSEC.Main.Ch. + N..Basin.Outfall + NSEC.Aerobic.SRT + NSEC.Effluent.OP + NSEC.Effluent.Flow",0.137164279271769,0.704611398488831,"3,2"
"7036","N..Eff..TSS.Conc. + Temp..of.NSEC.Main.Ch. + N..Basin.Outfall + NSEC.Aerobic.SRT + NSEC.Effluent.TSS + NSEC.Effluent.NO5",0.0592774246978545,0.728235625690851,"3,2"
"7037","N..Eff..TSS.Conc. + Temp..of.NSEC.Main.Ch. + N..Basin.Outfall + NSEC.Aerobic.SRT + NSEC.Effluent.TSS + NSEC.Effluent.Flow",0.00076788064322364,0.420677987665271,"3,2"
"7038","N..Eff..TSS.Conc. + Temp..of.NSEC.Main.Ch. + N..Basin.Outfall + NSEC.Aerobic.SRT + NSEC.Effluent.NO5 + NSEC.Effluent.Flow",0.172267648585551,0.616171843424284,"3,2"
"7039","N..Eff..TSS.Conc. + Temp..of.NSEC.Main.Ch. + N..Basin.Outfall + NSEC.Effluent.NH3 + NSEC.Effluent.NO3 + NSEC.Effluent.OP",0.159166886786307,0.566512928199014,"3,2"
"7040","N..Eff..TSS.Conc. + Temp..of.NSEC.Main.Ch. + N..Basin.Outfall + NSEC.Effluent.NH3 + NSEC.Effluent.NO3 + NSEC.Effluent.TSS",0.205157740370495,0.55206324412166,"3,2"
"7041","N..Eff..TSS.Conc. + Temp..of.NSEC.Main.Ch. + N..Basin.Outfall + NSEC.Effluent.NH3 + NSEC.Effluent.NO3 + NSEC.Effluent.NO5",0.136443900260111,0.504982727956613,"3,2"
"7042","N..Eff..TSS.Conc. + Temp..of.NSEC.Main.Ch. + N..Basin.Outfall + NSEC.Effluent.NH3 + NSEC.Effluent.NO3 + NSEC.Effluent.Flow",0.28522445534825,0.559848549722409,"3,2"
"7043","N..Eff..TSS.Conc. + Temp..of.NSEC.Main.Ch. + N..Basin.Outfall + NSEC.Effluent.NH3 + NSEC.Effluent.OP + NSEC.Effluent.TSS",0.112789820543701,0.583824953200664,"3,2"
"7044","N..Eff..TSS.Conc. + Temp..of.NSEC.Main.Ch. + N..Basin.Outfall + NSEC.Effluent.NH3 + NSEC.Effluent.OP + NSEC.Effluent.NO5",0.18382576036606,0.549089607996975,"3,2"
"7045","N..Eff..TSS.Conc. + Temp..of.NSEC.Main.Ch. + N..Basin.Outfall + NSEC.Effluent.NH3 + NSEC.Effluent.OP + NSEC.Effluent.Flow",0.0394730410966835,0.537217288380029,"3,2"
"7046","N..Eff..TSS.Conc. + Temp..of.NSEC.Main.Ch. + N..Basin.Outfall + NSEC.Effluent.NH3 + NSEC.Effluent.TSS + NSEC.Effluent.NO5",0.0508680009293396,0.432368244204294,"3,2"
"7047","N..Eff..TSS.Conc. + Temp..of.NSEC.Main.Ch. + N..Basin.Outfall + NSEC.Effluent.NH3 + NSEC.Effluent.TSS + NSEC.Effluent.Flow",0.0427478243320638,0.37758829026456,"3,2"
"7048","N..Eff..TSS.Conc. + Temp..of.NSEC.Main.Ch. + N..Basin.Outfall + NSEC.Effluent.NH3 + NSEC.Effluent.NO5 + NSEC.Effluent.Flow",0.0544766664779539,0.386647817890964,"3,2"
"7049","N..Eff..TSS.Conc. + Temp..of.NSEC.Main.Ch. + N..Basin.Outfall + NSEC.Effluent.NO3 + NSEC.Effluent.OP + NSEC.Effluent.TSS",0.101797240948621,0.522151162069605,"3,2"
"7050","N..Eff..TSS.Conc. + Temp..of.NSEC.Main.Ch. + N..Basin.Outfall + NSEC.Effluent.NO3 + NSEC.Effluent.OP + NSEC.Effluent.NO5",0.250076420478965,0.728011323088046,"3,2"
"7051","N..Eff..TSS.Conc. + Temp..of.NSEC.Main.Ch. + N..Basin.Outfall + NSEC.Effluent.NO3 + NSEC.Effluent.OP + NSEC.Effluent.Flow",0.122563835018986,0.642897496340835,"3,2"
"7052","N..Eff..TSS.Conc. + Temp..of.NSEC.Main.Ch. + N..Basin.Outfall + NSEC.Effluent.NO3 + NSEC.Effluent.TSS + NSEC.Effluent.NO5",0.0673401894741512,0.390002716190443,"3,2"
"7053","N..Eff..TSS.Conc. + Temp..of.NSEC.Main.Ch. + N..Basin.Outfall + NSEC.Effluent.NO3 + NSEC.Effluent.TSS + NSEC.Effluent.Flow",0.0116788998954793,0.413862065480447,"3,2"
"7054","N..Eff..TSS.Conc. + Temp..of.NSEC.Main.Ch. + N..Basin.Outfall + NSEC.Effluent.NO3 + NSEC.Effluent.NO5 + NSEC.Effluent.Flow",0.222046211161072,0.583844653879067,"3,2"
"7055","N..Eff..TSS.Conc. + Temp..of.NSEC.Main.Ch. + N..Basin.Outfall + NSEC.Effluent.OP + NSEC.Effluent.TSS + NSEC.Effluent.NO5",0.185267570935561,0.62739338571796,"3,2"
"7056","N..Eff..TSS.Conc. + Temp..of.NSEC.Main.Ch. + N..Basin.Outfall + NSEC.Effluent.OP + NSEC.Effluent.TSS + NSEC.Effluent.Flow",0.0511761137169369,0.462634223359872,"3,2"
"7057","N..Eff..TSS.Conc. + Temp..of.NSEC.Main.Ch. + N..Basin.Outfall + NSEC.Effluent.OP + NSEC.Effluent.NO5 + NSEC.Effluent.Flow",0.048113212661421,0.490852299764574,"3,2"
"7058","N..Eff..TSS.Conc. + Temp..of.NSEC.Main.Ch. + N..Basin.Outfall + NSEC.Effluent.TSS + NSEC.Effluent.NO5 + NSEC.Effluent.Flow",0.117537918216694,0.397679492158077,"3,2"
"7059","N..Eff..TSS.Conc. + Temp..of.NSEC.Main.Ch. + CODto..mg.L. + TSS..mg.L. + UVT.... + CODds..mg.L.",0.0448493352175707,0.721709491455445,"3,2"
"7060","N..Eff..TSS.Conc. + Temp..of.NSEC.Main.Ch. + CODto..mg.L. + TSS..mg.L. + UVT.... + SACto..1.m.",0.0013371185532538,0.688914694097279,"3,2"
"7061","N..Eff..TSS.Conc. + Temp..of.NSEC.Main.Ch. + CODto..mg.L. + TSS..mg.L. + UVT.... + NSEC.Aerobic.SRT",0.0428121355862214,0.699933156081986,"3,2"
"7062","N..Eff..TSS.Conc. + Temp..of.NSEC.Main.Ch. + CODto..mg.L. + TSS..mg.L. + UVT.... + NSEC.Effluent.NH3",0.0871903136709975,0.694179040854705,"3,2"
"7063","N..Eff..TSS.Conc. + Temp..of.NSEC.Main.Ch. + CODto..mg.L. + TSS..mg.L. + UVT.... + NSEC.Effluent.NO3",0.117608052931944,0.681271581759231,"3,2"
"7064","N..Eff..TSS.Conc. + Temp..of.NSEC.Main.Ch. + CODto..mg.L. + TSS..mg.L. + UVT.... + NSEC.Effluent.OP",0.115779676644956,0.693630768620211,"3,2"
"7065","N..Eff..TSS.Conc. + Temp..of.NSEC.Main.Ch. + CODto..mg.L. + TSS..mg.L. + UVT.... + NSEC.Effluent.TSS",0.140859527061852,0.658917148400554,"3,2"
"7066","N..Eff..TSS.Conc. + Temp..of.NSEC.Main.Ch. + CODto..mg.L. + TSS..mg.L. + UVT.... + NSEC.Effluent.NO5",0.0238474379393399,0.706318603647237,"3,2"
"7067","N..Eff..TSS.Conc. + Temp..of.NSEC.Main.Ch. + CODto..mg.L. + TSS..mg.L. + UVT.... + NSEC.Effluent.Flow",0.0846585265851636,0.7490317559346,"3,2"
"7068","N..Eff..TSS.Conc. + Temp..of.NSEC.Main.Ch. + CODto..mg.L. + TSS..mg.L. + CODds..mg.L. + SACto..1.m.",0.123881983426268,0.689572842751535,"3,2"
"7069","N..Eff..TSS.Conc. + Temp..of.NSEC.Main.Ch. + CODto..mg.L. + TSS..mg.L. + CODds..mg.L. + NSEC.Aerobic.SRT",0.0415374923297658,0.766308646064174,"3,2"
"7070","N..Eff..TSS.Conc. + Temp..of.NSEC.Main.Ch. + CODto..mg.L. + TSS..mg.L. + CODds..mg.L. + NSEC.Effluent.NH3",0.0396501176803068,0.657439519403244,"3,2"
"7071","N..Eff..TSS.Conc. + Temp..of.NSEC.Main.Ch. + CODto..mg.L. + TSS..mg.L. + CODds..mg.L. + NSEC.Effluent.NO3",0.0531088743323846,0.650531254540342,"3,2"
"7072","N..Eff..TSS.Conc. + Temp..of.NSEC.Main.Ch. + CODto..mg.L. + TSS..mg.L. + CODds..mg.L. + NSEC.Effluent.OP",0.011191442622221,0.638682231430477,"3,2"
"7073","N..Eff..TSS.Conc. + Temp..of.NSEC.Main.Ch. + CODto..mg.L. + TSS..mg.L. + CODds..mg.L. + NSEC.Effluent.TSS",0.0926859856112126,0.675558211677562,"3,2"
"7074","N..Eff..TSS.Conc. + Temp..of.NSEC.Main.Ch. + CODto..mg.L. + TSS..mg.L. + CODds..mg.L. + NSEC.Effluent.NO5",0.0193608032194459,0.645147506101739,"3,2"
"7075","N..Eff..TSS.Conc. + Temp..of.NSEC.Main.Ch. + CODto..mg.L. + TSS..mg.L. + CODds..mg.L. + NSEC.Effluent.Flow",0.116640433433333,0.717260152905879,"3,2"
"7076","N..Eff..TSS.Conc. + Temp..of.NSEC.Main.Ch. + CODto..mg.L. + TSS..mg.L. + SACto..1.m. + NSEC.Aerobic.SRT",0.160060483476368,0.779947658915905,"3,2"
"7077","N..Eff..TSS.Conc. + Temp..of.NSEC.Main.Ch. + CODto..mg.L. + TSS..mg.L. + SACto..1.m. + NSEC.Effluent.NH3",0.0795502552383747,0.669449707497566,"3,2"
"7078","N..Eff..TSS.Conc. + Temp..of.NSEC.Main.Ch. + CODto..mg.L. + TSS..mg.L. + SACto..1.m. + NSEC.Effluent.NO3",0.251128223569793,0.70773977832442,"3,2"
"7079","N..Eff..TSS.Conc. + Temp..of.NSEC.Main.Ch. + CODto..mg.L. + TSS..mg.L. + SACto..1.m. + NSEC.Effluent.OP",0.0217948319128478,0.684976599803546,"3,2"
"7080","N..Eff..TSS.Conc. + Temp..of.NSEC.Main.Ch. + CODto..mg.L. + TSS..mg.L. + SACto..1.m. + NSEC.Effluent.TSS",0.155017322014624,0.680085856216387,"3,2"
"7081","N..Eff..TSS.Conc. + Temp..of.NSEC.Main.Ch. + CODto..mg.L. + TSS..mg.L. + SACto..1.m. + NSEC.Effluent.NO5",0.254020217938475,0.702261430647202,"3,2"
"7082","N..Eff..TSS.Conc. + Temp..of.NSEC.Main.Ch. + CODto..mg.L. + TSS..mg.L. + SACto..1.m. + NSEC.Effluent.Flow",0.11701113442197,0.770299943095146,"3,2"
"7083","N..Eff..TSS.Conc. + Temp..of.NSEC.Main.Ch. + CODto..mg.L. + TSS..mg.L. + NSEC.Aerobic.SRT + NSEC.Effluent.NH3",0.00358342107337739,0.396642131645815,"3,2"
"7084","N..Eff..TSS.Conc. + Temp..of.NSEC.Main.Ch. + CODto..mg.L. + TSS..mg.L. + NSEC.Aerobic.SRT + NSEC.Effluent.NO3",0.137472313963656,0.748462656327165,"3,2"
"7085","N..Eff..TSS.Conc. + Temp..of.NSEC.Main.Ch. + CODto..mg.L. + TSS..mg.L. + NSEC.Aerobic.SRT + NSEC.Effluent.OP",0.0248181046299072,0.768827529089741,"3,2"
"7086","N..Eff..TSS.Conc. + Temp..of.NSEC.Main.Ch. + CODto..mg.L. + TSS..mg.L. + NSEC.Aerobic.SRT + NSEC.Effluent.TSS",0.266983766717251,0.765105021037527,"3,2"
"7087","N..Eff..TSS.Conc. + Temp..of.NSEC.Main.Ch. + CODto..mg.L. + TSS..mg.L. + NSEC.Aerobic.SRT + NSEC.Effluent.NO5",0.0760319406910375,0.703443589292412,"3,2"
"7088","N..Eff..TSS.Conc. + Temp..of.NSEC.Main.Ch. + CODto..mg.L. + TSS..mg.L. + NSEC.Aerobic.SRT + NSEC.Effluent.Flow",0.0534464128239946,0.774533447047352,"3,2"
"7089","N..Eff..TSS.Conc. + Temp..of.NSEC.Main.Ch. + CODto..mg.L. + TSS..mg.L. + NSEC.Effluent.NH3 + NSEC.Effluent.NO3",0.091084855579415,0.534228966738386,"3,2"
"7090","N..Eff..TSS.Conc. + Temp..of.NSEC.Main.Ch. + CODto..mg.L. + TSS..mg.L. + NSEC.Effluent.NH3 + NSEC.Effluent.OP",0.158161274037309,0.685375766103562,"3,2"
"7091","N..Eff..TSS.Conc. + Temp..of.NSEC.Main.Ch. + CODto..mg.L. + TSS..mg.L. + NSEC.Effluent.NH3 + NSEC.Effluent.TSS",0.0998021810237679,0.711259930163633,"3,2"
"7092","N..Eff..TSS.Conc. + Temp..of.NSEC.Main.Ch. + CODto..mg.L. + TSS..mg.L. + NSEC.Effluent.NH3 + NSEC.Effluent.NO5",0.0588837486367502,0.721803996668902,"3,2"
"7093","N..Eff..TSS.Conc. + Temp..of.NSEC.Main.Ch. + CODto..mg.L. + TSS..mg.L. + NSEC.Effluent.NH3 + NSEC.Effluent.Flow",0.293442071133269,0.709724013596503,"3,2"
"7094","N..Eff..TSS.Conc. + Temp..of.NSEC.Main.Ch. + CODto..mg.L. + TSS..mg.L. + NSEC.Effluent.NO3 + NSEC.Effluent.OP",0.136997781131176,0.711386030259263,"3,2"
"7095","N..Eff..TSS.Conc. + Temp..of.NSEC.Main.Ch. + CODto..mg.L. + TSS..mg.L. + NSEC.Effluent.NO3 + NSEC.Effluent.TSS",0.208908461108104,0.652008547498106,"3,2"
"7096","N..Eff..TSS.Conc. + Temp..of.NSEC.Main.Ch. + CODto..mg.L. + TSS..mg.L. + NSEC.Effluent.NO3 + NSEC.Effluent.NO5",0.0922296763699313,0.603717654716156,"3,2"
"7097","N..Eff..TSS.Conc. + Temp..of.NSEC.Main.Ch. + CODto..mg.L. + TSS..mg.L. + NSEC.Effluent.NO3 + NSEC.Effluent.Flow",0.299646195183699,0.759066803500626,"3,2"
"7098","N..Eff..TSS.Conc. + Temp..of.NSEC.Main.Ch. + CODto..mg.L. + TSS..mg.L. + NSEC.Effluent.OP + NSEC.Effluent.TSS",0.108928641545929,0.70145719637923,"3,2"
"7099","N..Eff..TSS.Conc. + Temp..of.NSEC.Main.Ch. + CODto..mg.L. + TSS..mg.L. + NSEC.Effluent.OP + NSEC.Effluent.NO5",0.0587414712696261,0.659897520707062,"3,2"
"7100","N..Eff..TSS.Conc. + Temp..of.NSEC.Main.Ch. + CODto..mg.L. + TSS..mg.L. + NSEC.Effluent.OP + NSEC.Effluent.Flow",0.0567980971178679,0.777801982004715,"3,2"
"7101","N..Eff..TSS.Conc. + Temp..of.NSEC.Main.Ch. + CODto..mg.L. + TSS..mg.L. + NSEC.Effluent.TSS + NSEC.Effluent.NO5",0.19558261073891,0.634569749391034,"3,2"
"7102","N..Eff..TSS.Conc. + Temp..of.NSEC.Main.Ch. + CODto..mg.L. + TSS..mg.L. + NSEC.Effluent.TSS + NSEC.Effluent.Flow",0.187571956189759,0.691083023898476,"3,2"
"7103","N..Eff..TSS.Conc. + Temp..of.NSEC.Main.Ch. + CODto..mg.L. + TSS..mg.L. + NSEC.Effluent.NO5 + NSEC.Effluent.Flow",0.326685906958347,0.745026063849378,"3,2"
"7104","N..Eff..TSS.Conc. + Temp..of.NSEC.Main.Ch. + CODto..mg.L. + UVT.... + CODds..mg.L. + SACto..1.m.",0.0243306715919998,0.620034295863516,"3,2"
"7105","N..Eff..TSS.Conc. + Temp..of.NSEC.Main.Ch. + CODto..mg.L. + UVT.... + CODds..mg.L. + NSEC.Aerobic.SRT",0.0598765398011833,0.481787757786003,"3,2"
"7106","N..Eff..TSS.Conc. + Temp..of.NSEC.Main.Ch. + CODto..mg.L. + UVT.... + CODds..mg.L. + NSEC.Effluent.NH3",0.0939540031938195,0.716798498206474,"3,2"
"7107","N..Eff..TSS.Conc. + Temp..of.NSEC.Main.Ch. + CODto..mg.L. + UVT.... + CODds..mg.L. + NSEC.Effluent.NO3",0.0346179597851328,0.590918187705952,"3,2"
"7108","N..Eff..TSS.Conc. + Temp..of.NSEC.Main.Ch. + CODto..mg.L. + UVT.... + CODds..mg.L. + NSEC.Effluent.OP",0.202178677689205,0.587601944739612,"3,2"
"7109","N..Eff..TSS.Conc. + Temp..of.NSEC.Main.Ch. + CODto..mg.L. + UVT.... + CODds..mg.L. + NSEC.Effluent.TSS",0.068992283715501,0.687954893474977,"3,2"
"7110","N..Eff..TSS.Conc. + Temp..of.NSEC.Main.Ch. + CODto..mg.L. + UVT.... + CODds..mg.L. + NSEC.Effluent.NO5",0.0238404592999406,0.609311573383636,"3,2"
"7111","N..Eff..TSS.Conc. + Temp..of.NSEC.Main.Ch. + CODto..mg.L. + UVT.... + CODds..mg.L. + NSEC.Effluent.Flow",0.0514766857738405,0.660832192434655,"3,2"
"7112","N..Eff..TSS.Conc. + Temp..of.NSEC.Main.Ch. + CODto..mg.L. + UVT.... + SACto..1.m. + NSEC.Aerobic.SRT",0.131474702301198,0.755306654922875,"3,2"
"7113","N..Eff..TSS.Conc. + Temp..of.NSEC.Main.Ch. + CODto..mg.L. + UVT.... + SACto..1.m. + NSEC.Effluent.NH3",0.0317423320936689,0.576085791267669,"3,2"
"7114","N..Eff..TSS.Conc. + Temp..of.NSEC.Main.Ch. + CODto..mg.L. + UVT.... + SACto..1.m. + NSEC.Effluent.NO3",0.112058213360857,0.560048057011679,"3,2"
"7115","N..Eff..TSS.Conc. + Temp..of.NSEC.Main.Ch. + CODto..mg.L. + UVT.... + SACto..1.m. + NSEC.Effluent.OP",0.160417319522567,0.588739754916755,"3,2"
"7116","N..Eff..TSS.Conc. + Temp..of.NSEC.Main.Ch. + CODto..mg.L. + UVT.... + SACto..1.m. + NSEC.Effluent.TSS",0.00236217955810258,0.501572764088467,"3,2"
"7117","N..Eff..TSS.Conc. + Temp..of.NSEC.Main.Ch. + CODto..mg.L. + UVT.... + SACto..1.m. + NSEC.Effluent.NO5",0.342786943734263,0.590990213421047,"3,2"
"7118","N..Eff..TSS.Conc. + Temp..of.NSEC.Main.Ch. + CODto..mg.L. + UVT.... + SACto..1.m. + NSEC.Effluent.Flow",0.00214662809379362,0.638409684723027,"3,2"
"7119","N..Eff..TSS.Conc. + Temp..of.NSEC.Main.Ch. + CODto..mg.L. + UVT.... + NSEC.Aerobic.SRT + NSEC.Effluent.NH3",0.106326667424834,0.618084787593793,"3,2"
"7120","N..Eff..TSS.Conc. + Temp..of.NSEC.Main.Ch. + CODto..mg.L. + UVT.... + NSEC.Aerobic.SRT + NSEC.Effluent.NO3",0.122453447311647,0.732261928806962,"3,2"
"7121","N..Eff..TSS.Conc. + Temp..of.NSEC.Main.Ch. + CODto..mg.L. + UVT.... + NSEC.Aerobic.SRT + NSEC.Effluent.OP",0.0822316020386222,0.710231546883741,"3,2"
"7122","N..Eff..TSS.Conc. + Temp..of.NSEC.Main.Ch. + CODto..mg.L. + UVT.... + NSEC.Aerobic.SRT + NSEC.Effluent.TSS",0.192117535816108,0.645550860894057,"3,2"
"7123","N..Eff..TSS.Conc. + Temp..of.NSEC.Main.Ch. + CODto..mg.L. + UVT.... + NSEC.Aerobic.SRT + NSEC.Effluent.NO5",0.00589743252197383,0.380050948191428,"3,2"
"7124","N..Eff..TSS.Conc. + Temp..of.NSEC.Main.Ch. + CODto..mg.L. + UVT.... + NSEC.Aerobic.SRT + NSEC.Effluent.Flow",0.128353155192552,0.799846226140054,"3,2"
"7125","N..Eff..TSS.Conc. + Temp..of.NSEC.Main.Ch. + CODto..mg.L. + UVT.... + NSEC.Effluent.NH3 + NSEC.Effluent.NO3",0.0746179455971783,0.529761358390701,"3,2"
"7126","N..Eff..TSS.Conc. + Temp..of.NSEC.Main.Ch. + CODto..mg.L. + UVT.... + NSEC.Effluent.NH3 + NSEC.Effluent.OP",0.0632135064443733,0.422850830441158,"3,2"
"7127","N..Eff..TSS.Conc. + Temp..of.NSEC.Main.Ch. + CODto..mg.L. + UVT.... + NSEC.Effluent.NH3 + NSEC.Effluent.TSS",0.144775534890695,0.545573873103794,"3,2"
"7128","N..Eff..TSS.Conc. + Temp..of.NSEC.Main.Ch. + CODto..mg.L. + UVT.... + NSEC.Effluent.NH3 + NSEC.Effluent.NO5",0.0934029897274338,0.642102475639434,"3,2"
"7129","N..Eff..TSS.Conc. + Temp..of.NSEC.Main.Ch. + CODto..mg.L. + UVT.... + NSEC.Effluent.NH3 + NSEC.Effluent.Flow",0.127395685358845,0.665565593296206,"3,2"
"7130","N..Eff..TSS.Conc. + Temp..of.NSEC.Main.Ch. + CODto..mg.L. + UVT.... + NSEC.Effluent.NO3 + NSEC.Effluent.OP",0.0700053115507531,0.385529343032087,"3,2"
"7131","N..Eff..TSS.Conc. + Temp..of.NSEC.Main.Ch. + CODto..mg.L. + UVT.... + NSEC.Effluent.NO3 + NSEC.Effluent.TSS",0.0788369474494999,0.556867560130886,"3,2"
"7132","N..Eff..TSS.Conc. + Temp..of.NSEC.Main.Ch. + CODto..mg.L. + UVT.... + NSEC.Effluent.NO3 + NSEC.Effluent.NO5",0.155649797811273,0.617029946969566,"3,2"
"7133","N..Eff..TSS.Conc. + Temp..of.NSEC.Main.Ch. + CODto..mg.L. + UVT.... + NSEC.Effluent.NO3 + NSEC.Effluent.Flow",0.255110824471727,0.59714207429927,"3,2"
"7134","N..Eff..TSS.Conc. + Temp..of.NSEC.Main.Ch. + CODto..mg.L. + UVT.... + NSEC.Effluent.OP + NSEC.Effluent.TSS",0.1174638497666,0.648185687868926,"3,2"
"7135","N..Eff..TSS.Conc. + Temp..of.NSEC.Main.Ch. + CODto..mg.L. + UVT.... + NSEC.Effluent.OP + NSEC.Effluent.NO5",0.150172474813577,0.718667438937325,"3,2"
"7136","N..Eff..TSS.Conc. + Temp..of.NSEC.Main.Ch. + CODto..mg.L. + UVT.... + NSEC.Effluent.OP + NSEC.Effluent.Flow",0.549072570050075,0.728779584610163,"3,2"
"7137","N..Eff..TSS.Conc. + Temp..of.NSEC.Main.Ch. + CODto..mg.L. + UVT.... + NSEC.Effluent.TSS + NSEC.Effluent.NO5",0.103672848822873,0.616074802642783,"3,2"
"7138","N..Eff..TSS.Conc. + Temp..of.NSEC.Main.Ch. + CODto..mg.L. + UVT.... + NSEC.Effluent.TSS + NSEC.Effluent.Flow",0.140476640269082,0.740903947537011,"3,2"
"7139","N..Eff..TSS.Conc. + Temp..of.NSEC.Main.Ch. + CODto..mg.L. + UVT.... + NSEC.Effluent.NO5 + NSEC.Effluent.Flow",0.337723208945685,0.738804806054833,"3,2"
"7140","N..Eff..TSS.Conc. + Temp..of.NSEC.Main.Ch. + CODto..mg.L. + CODds..mg.L. + SACto..1.m. + NSEC.Aerobic.SRT",0.12670078449983,0.760073828566173,"3,2"
"7141","N..Eff..TSS.Conc. + Temp..of.NSEC.Main.Ch. + CODto..mg.L. + CODds..mg.L. + SACto..1.m. + NSEC.Effluent.NH3",0.0178806192553602,0.606463166014258,"3,2"
"7142","N..Eff..TSS.Conc. + Temp..of.NSEC.Main.Ch. + CODto..mg.L. + CODds..mg.L. + SACto..1.m. + NSEC.Effluent.NO3",0.00386375995465293,0.629590761535265,"3,2"
"7143","N..Eff..TSS.Conc. + Temp..of.NSEC.Main.Ch. + CODto..mg.L. + CODds..mg.L. + SACto..1.m. + NSEC.Effluent.OP",0.026790897841005,0.638961584790214,"3,2"
"7144","N..Eff..TSS.Conc. + Temp..of.NSEC.Main.Ch. + CODto..mg.L. + CODds..mg.L. + SACto..1.m. + NSEC.Effluent.TSS",0.0935793014109247,0.565401653122435,"3,2"
"7145","N..Eff..TSS.Conc. + Temp..of.NSEC.Main.Ch. + CODto..mg.L. + CODds..mg.L. + SACto..1.m. + NSEC.Effluent.NO5",0.138734755917335,0.682979482210318,"3,2"
"7146","N..Eff..TSS.Conc. + Temp..of.NSEC.Main.Ch. + CODto..mg.L. + CODds..mg.L. + SACto..1.m. + NSEC.Effluent.Flow",0.013324199236399,0.67372965696775,"3,2"
"7147","N..Eff..TSS.Conc. + Temp..of.NSEC.Main.Ch. + CODto..mg.L. + CODds..mg.L. + NSEC.Aerobic.SRT + NSEC.Effluent.NH3",0.154087554051212,0.645854603097303,"3,2"
"7148","N..Eff..TSS.Conc. + Temp..of.NSEC.Main.Ch. + CODto..mg.L. + CODds..mg.L. + NSEC.Aerobic.SRT + NSEC.Effluent.NO3",0.127522806289755,0.75009520908609,"3,2"
"7149","N..Eff..TSS.Conc. + Temp..of.NSEC.Main.Ch. + CODto..mg.L. + CODds..mg.L. + NSEC.Aerobic.SRT + NSEC.Effluent.OP",0.341979349160882,0.779857330867404,"3,2"
"7150","N..Eff..TSS.Conc. + Temp..of.NSEC.Main.Ch. + CODto..mg.L. + CODds..mg.L. + NSEC.Aerobic.SRT + NSEC.Effluent.TSS",0.15751726681421,0.71326871808623,"3,2"
"7151","N..Eff..TSS.Conc. + Temp..of.NSEC.Main.Ch. + CODto..mg.L. + CODds..mg.L. + NSEC.Aerobic.SRT + NSEC.Effluent.NO5",0.121058401473717,0.753860563074179,"3,2"
"7152","N..Eff..TSS.Conc. + Temp..of.NSEC.Main.Ch. + CODto..mg.L. + CODds..mg.L. + NSEC.Aerobic.SRT + NSEC.Effluent.Flow",0.01435488233024,0.785763799479207,"3,2"
"7153","N..Eff..TSS.Conc. + Temp..of.NSEC.Main.Ch. + CODto..mg.L. + CODds..mg.L. + NSEC.Effluent.NH3 + NSEC.Effluent.NO3",0.0247142748776472,0.65138401494739,"3,2"
"7154","N..Eff..TSS.Conc. + Temp..of.NSEC.Main.Ch. + CODto..mg.L. + CODds..mg.L. + NSEC.Effluent.NH3 + NSEC.Effluent.OP",0.0331546996121939,0.568225264198053,"3,2"
"7155","N..Eff..TSS.Conc. + Temp..of.NSEC.Main.Ch. + CODto..mg.L. + CODds..mg.L. + NSEC.Effluent.NH3 + NSEC.Effluent.TSS",0.0529549951320765,0.571827320850132,"3,2"
"7156","N..Eff..TSS.Conc. + Temp..of.NSEC.Main.Ch. + CODto..mg.L. + CODds..mg.L. + NSEC.Effluent.NH3 + NSEC.Effluent.NO5",0.0548919242516772,0.585484889252516,"3,2"
"7157","N..Eff..TSS.Conc. + Temp..of.NSEC.Main.Ch. + CODto..mg.L. + CODds..mg.L. + NSEC.Effluent.NH3 + NSEC.Effluent.Flow",0.122224615790354,0.741864067949058,"3,2"
"7158","N..Eff..TSS.Conc. + Temp..of.NSEC.Main.Ch. + CODto..mg.L. + CODds..mg.L. + NSEC.Effluent.NO3 + NSEC.Effluent.OP",0.0388544265004591,0.606310335163449,"3,2"
"7159","N..Eff..TSS.Conc. + Temp..of.NSEC.Main.Ch. + CODto..mg.L. + CODds..mg.L. + NSEC.Effluent.NO3 + NSEC.Effluent.TSS",0.0420156427078471,0.588935580626722,"3,2"
"7160","N..Eff..TSS.Conc. + Temp..of.NSEC.Main.Ch. + CODto..mg.L. + CODds..mg.L. + NSEC.Effluent.NO3 + NSEC.Effluent.NO5",0.0175581535628595,0.652428069465115,"3,2"
"7161","N..Eff..TSS.Conc. + Temp..of.NSEC.Main.Ch. + CODto..mg.L. + CODds..mg.L. + NSEC.Effluent.NO3 + NSEC.Effluent.Flow",0.14528380247785,0.730072696202677,"3,2"
"7162","N..Eff..TSS.Conc. + Temp..of.NSEC.Main.Ch. + CODto..mg.L. + CODds..mg.L. + NSEC.Effluent.OP + NSEC.Effluent.TSS",0.165298637202101,0.672652079369898,"3,2"
"7163","N..Eff..TSS.Conc. + Temp..of.NSEC.Main.Ch. + CODto..mg.L. + CODds..mg.L. + NSEC.Effluent.OP + NSEC.Effluent.NO5",0.0629697124015207,0.55804451445486,"3,2"
"7164","N..Eff..TSS.Conc. + Temp..of.NSEC.Main.Ch. + CODto..mg.L. + CODds..mg.L. + NSEC.Effluent.OP + NSEC.Effluent.Flow",0.0223929951799327,0.713022094081961,"3,2"
"7165","N..Eff..TSS.Conc. + Temp..of.NSEC.Main.Ch. + CODto..mg.L. + CODds..mg.L. + NSEC.Effluent.TSS + NSEC.Effluent.NO5",0.0344036976207129,0.605539535538922,"3,2"
"7166","N..Eff..TSS.Conc. + Temp..of.NSEC.Main.Ch. + CODto..mg.L. + CODds..mg.L. + NSEC.Effluent.TSS + NSEC.Effluent.Flow",0.0729721261670058,0.692983375483308,"3,2"
"7167","N..Eff..TSS.Conc. + Temp..of.NSEC.Main.Ch. + CODto..mg.L. + CODds..mg.L. + NSEC.Effluent.NO5 + NSEC.Effluent.Flow",0.141531812721686,0.728810421752101,"3,2"
"7168","N..Eff..TSS.Conc. + Temp..of.NSEC.Main.Ch. + CODto..mg.L. + SACto..1.m. + NSEC.Aerobic.SRT + NSEC.Effluent.NH3",0.116322045119279,0.664754778937416,"3,2"
"7169","N..Eff..TSS.Conc. + Temp..of.NSEC.Main.Ch. + CODto..mg.L. + SACto..1.m. + NSEC.Aerobic.SRT + NSEC.Effluent.NO3",0.0619399829612099,0.654727002397979,"3,2"
"7170","N..Eff..TSS.Conc. + Temp..of.NSEC.Main.Ch. + CODto..mg.L. + SACto..1.m. + NSEC.Aerobic.SRT + NSEC.Effluent.OP",0.207838678611564,0.779031999172645,"3,2"
"7171","N..Eff..TSS.Conc. + Temp..of.NSEC.Main.Ch. + CODto..mg.L. + SACto..1.m. + NSEC.Aerobic.SRT + NSEC.Effluent.TSS",0.0653879177353418,0.478953531312482,"3,2"
"7172","N..Eff..TSS.Conc. + Temp..of.NSEC.Main.Ch. + CODto..mg.L. + SACto..1.m. + NSEC.Aerobic.SRT + NSEC.Effluent.NO5",0.20169325290069,0.742572581252396,"3,2"
"7173","N..Eff..TSS.Conc. + Temp..of.NSEC.Main.Ch. + CODto..mg.L. + SACto..1.m. + NSEC.Aerobic.SRT + NSEC.Effluent.Flow",0.0438489572322076,0.74474909559035,"3,2"
"7174","N..Eff..TSS.Conc. + Temp..of.NSEC.Main.Ch. + CODto..mg.L. + SACto..1.m. + NSEC.Effluent.NH3 + NSEC.Effluent.NO3",0.105228445038737,0.589512732812323,"3,2"
"7175","N..Eff..TSS.Conc. + Temp..of.NSEC.Main.Ch. + CODto..mg.L. + SACto..1.m. + NSEC.Effluent.NH3 + NSEC.Effluent.OP",0.0156605785934079,0.702276205880224,"3,2"
"7176","N..Eff..TSS.Conc. + Temp..of.NSEC.Main.Ch. + CODto..mg.L. + SACto..1.m. + NSEC.Effluent.NH3 + NSEC.Effluent.TSS",0.0794012777018904,0.480462579536473,"3,2"
"7177","N..Eff..TSS.Conc. + Temp..of.NSEC.Main.Ch. + CODto..mg.L. + SACto..1.m. + NSEC.Effluent.NH3 + NSEC.Effluent.NO5",0.151815276170248,0.659484793938712,"3,2"
"7178","N..Eff..TSS.Conc. + Temp..of.NSEC.Main.Ch. + CODto..mg.L. + SACto..1.m. + NSEC.Effluent.NH3 + NSEC.Effluent.Flow",0.126101626600088,0.641566714725321,"3,2"
"7179","N..Eff..TSS.Conc. + Temp..of.NSEC.Main.Ch. + CODto..mg.L. + SACto..1.m. + NSEC.Effluent.NO3 + NSEC.Effluent.OP",0.00289950949640239,0.755931958639,"3,2"
"7180","N..Eff..TSS.Conc. + Temp..of.NSEC.Main.Ch. + CODto..mg.L. + SACto..1.m. + NSEC.Effluent.NO3 + NSEC.Effluent.TSS",0.262239620528372,0.618351286184182,"3,2"
"7181","N..Eff..TSS.Conc. + Temp..of.NSEC.Main.Ch. + CODto..mg.L. + SACto..1.m. + NSEC.Effluent.NO3 + NSEC.Effluent.NO5",0.0475161905820149,0.577087159453638,"3,2"
"7182","N..Eff..TSS.Conc. + Temp..of.NSEC.Main.Ch. + CODto..mg.L. + SACto..1.m. + NSEC.Effluent.NO3 + NSEC.Effluent.Flow",0.159357711318288,0.653753341228463,"3,2"
"7183","N..Eff..TSS.Conc. + Temp..of.NSEC.Main.Ch. + CODto..mg.L. + SACto..1.m. + NSEC.Effluent.OP + NSEC.Effluent.TSS",0.107362199016932,0.615521019230432,"3,2"
"7184","N..Eff..TSS.Conc. + Temp..of.NSEC.Main.Ch. + CODto..mg.L. + SACto..1.m. + NSEC.Effluent.OP + NSEC.Effluent.NO5",0.0111461060117053,0.609821229859088,"3,2"
"7185","N..Eff..TSS.Conc. + Temp..of.NSEC.Main.Ch. + CODto..mg.L. + SACto..1.m. + NSEC.Effluent.OP + NSEC.Effluent.Flow",0.129175481048917,0.792550742552626,"3,2"
"7186","N..Eff..TSS.Conc. + Temp..of.NSEC.Main.Ch. + CODto..mg.L. + SACto..1.m. + NSEC.Effluent.TSS + NSEC.Effluent.NO5",0.140329793227072,0.519313993116303,"3,2"
"7187","N..Eff..TSS.Conc. + Temp..of.NSEC.Main.Ch. + CODto..mg.L. + SACto..1.m. + NSEC.Effluent.TSS + NSEC.Effluent.Flow",0.235809095863433,0.6328702937635,"3,2"
"7188","N..Eff..TSS.Conc. + Temp..of.NSEC.Main.Ch. + CODto..mg.L. + SACto..1.m. + NSEC.Effluent.NO5 + NSEC.Effluent.Flow",0.0699446421110594,0.610265713257743,"3,2"
"7189","N..Eff..TSS.Conc. + Temp..of.NSEC.Main.Ch. + CODto..mg.L. + NSEC.Aerobic.SRT + NSEC.Effluent.NH3 + NSEC.Effluent.NO3",0.263520145263179,0.695414456018709,"3,2"
"7190","N..Eff..TSS.Conc. + Temp..of.NSEC.Main.Ch. + CODto..mg.L. + NSEC.Aerobic.SRT + NSEC.Effluent.NH3 + NSEC.Effluent.OP",0.0207566644699222,0.422750357575869,"3,2"
"7191","N..Eff..TSS.Conc. + Temp..of.NSEC.Main.Ch. + CODto..mg.L. + NSEC.Aerobic.SRT + NSEC.Effluent.NH3 + NSEC.Effluent.TSS",0.244598430346334,0.64346018392877,"3,2"
"7192","N..Eff..TSS.Conc. + Temp..of.NSEC.Main.Ch. + CODto..mg.L. + NSEC.Aerobic.SRT + NSEC.Effluent.NH3 + NSEC.Effluent.NO5",0.170282945704174,0.571431925490983,"3,2"
"7193","N..Eff..TSS.Conc. + Temp..of.NSEC.Main.Ch. + CODto..mg.L. + NSEC.Aerobic.SRT + NSEC.Effluent.NH3 + NSEC.Effluent.Flow",0.00607644118639383,0.751715095796584,"3,2"
"7194","N..Eff..TSS.Conc. + Temp..of.NSEC.Main.Ch. + CODto..mg.L. + NSEC.Aerobic.SRT + NSEC.Effluent.NO3 + NSEC.Effluent.OP",0.202411644340944,0.736383432702624,"3,2"
"7195","N..Eff..TSS.Conc. + Temp..of.NSEC.Main.Ch. + CODto..mg.L. + NSEC.Aerobic.SRT + NSEC.Effluent.NO3 + NSEC.Effluent.TSS",0.162113578802967,0.757463929492363,"3,2"
"7196","N..Eff..TSS.Conc. + Temp..of.NSEC.Main.Ch. + CODto..mg.L. + NSEC.Aerobic.SRT + NSEC.Effluent.NO3 + NSEC.Effluent.NO5",0.000619306933142383,0.41410998752478,"3,2"
"7197","N..Eff..TSS.Conc. + Temp..of.NSEC.Main.Ch. + CODto..mg.L. + NSEC.Aerobic.SRT + NSEC.Effluent.NO3 + NSEC.Effluent.Flow",0.262311182374891,0.742061786369106,"3,2"
"7198","N..Eff..TSS.Conc. + Temp..of.NSEC.Main.Ch. + CODto..mg.L. + NSEC.Aerobic.SRT + NSEC.Effluent.OP + NSEC.Effluent.TSS",0.153211090631029,0.730609908800915,"3,2"
"7199","N..Eff..TSS.Conc. + Temp..of.NSEC.Main.Ch. + CODto..mg.L. + NSEC.Aerobic.SRT + NSEC.Effluent.OP + NSEC.Effluent.NO5",0.261992029936509,0.723323777164031,"3,2"
"7200","N..Eff..TSS.Conc. + Temp..of.NSEC.Main.Ch. + CODto..mg.L. + NSEC.Aerobic.SRT + NSEC.Effluent.OP + NSEC.Effluent.Flow",0.17558330135263,0.702166347462817,"3,2"
"7201","N..Eff..TSS.Conc. + Temp..of.NSEC.Main.Ch. + CODto..mg.L. + NSEC.Aerobic.SRT + NSEC.Effluent.TSS + NSEC.Effluent.NO5",0.00278522207289944,0.381294373008264,"3,2"
"7202","N..Eff..TSS.Conc. + Temp..of.NSEC.Main.Ch. + CODto..mg.L. + NSEC.Aerobic.SRT + NSEC.Effluent.TSS + NSEC.Effluent.Flow",0.285793661955966,0.723789631392861,"3,2"
"7203","N..Eff..TSS.Conc. + Temp..of.NSEC.Main.Ch. + CODto..mg.L. + NSEC.Aerobic.SRT + NSEC.Effluent.NO5 + NSEC.Effluent.Flow",0.00653837217941433,0.789728996256218,"3,2"
"7204","N..Eff..TSS.Conc. + Temp..of.NSEC.Main.Ch. + CODto..mg.L. + NSEC.Effluent.NH3 + NSEC.Effluent.NO3 + NSEC.Effluent.OP",0.122121582169653,0.617253223253729,"3,2"
"7205","N..Eff..TSS.Conc. + Temp..of.NSEC.Main.Ch. + CODto..mg.L. + NSEC.Effluent.NH3 + NSEC.Effluent.NO3 + NSEC.Effluent.TSS",0.266949896753697,0.586043825955258,"3,2"
"7206","N..Eff..TSS.Conc. + Temp..of.NSEC.Main.Ch. + CODto..mg.L. + NSEC.Effluent.NH3 + NSEC.Effluent.NO3 + NSEC.Effluent.NO5",0.0134808197642937,0.591623199565148,"3,2"
"7207","N..Eff..TSS.Conc. + Temp..of.NSEC.Main.Ch. + CODto..mg.L. + NSEC.Effluent.NH3 + NSEC.Effluent.NO3 + NSEC.Effluent.Flow",0.0687481270035415,0.579514359526047,"3,2"
"7208","N..Eff..TSS.Conc. + Temp..of.NSEC.Main.Ch. + CODto..mg.L. + NSEC.Effluent.NH3 + NSEC.Effluent.OP + NSEC.Effluent.TSS",0.0991290091394914,0.590944517744831,"3,2"
"7209","N..Eff..TSS.Conc. + Temp..of.NSEC.Main.Ch. + CODto..mg.L. + NSEC.Effluent.NH3 + NSEC.Effluent.OP + NSEC.Effluent.NO5",0.0766071033198534,0.452286937368483,"3,2"
"7210","N..Eff..TSS.Conc. + Temp..of.NSEC.Main.Ch. + CODto..mg.L. + NSEC.Effluent.NH3 + NSEC.Effluent.OP + NSEC.Effluent.Flow",0.19586459022521,0.6939926886638,"3,2"
"7211","N..Eff..TSS.Conc. + Temp..of.NSEC.Main.Ch. + CODto..mg.L. + NSEC.Effluent.NH3 + NSEC.Effluent.TSS + NSEC.Effluent.NO5",0.0166771435902242,0.283176626174532,"3,2"
"7212","N..Eff..TSS.Conc. + Temp..of.NSEC.Main.Ch. + CODto..mg.L. + NSEC.Effluent.NH3 + NSEC.Effluent.TSS + NSEC.Effluent.Flow",0.029466082365913,0.575885481208717,"3,2"
"7213","N..Eff..TSS.Conc. + Temp..of.NSEC.Main.Ch. + CODto..mg.L. + NSEC.Effluent.NH3 + NSEC.Effluent.NO5 + NSEC.Effluent.Flow",0.126997597121931,0.590952821835683,"3,2"
"7214","N..Eff..TSS.Conc. + Temp..of.NSEC.Main.Ch. + CODto..mg.L. + NSEC.Effluent.NO3 + NSEC.Effluent.OP + NSEC.Effluent.TSS",0.0710326965967178,0.62108964843819,"3,2"
"7215","N..Eff..TSS.Conc. + Temp..of.NSEC.Main.Ch. + CODto..mg.L. + NSEC.Effluent.NO3 + NSEC.Effluent.OP + NSEC.Effluent.NO5",0.114670372613657,0.533733462401231,"3,2"
"7216","N..Eff..TSS.Conc. + Temp..of.NSEC.Main.Ch. + CODto..mg.L. + NSEC.Effluent.NO3 + NSEC.Effluent.OP + NSEC.Effluent.Flow",0.0962992914660039,0.582100407569809,"3,2"
"7217","N..Eff..TSS.Conc. + Temp..of.NSEC.Main.Ch. + CODto..mg.L. + NSEC.Effluent.NO3 + NSEC.Effluent.TSS + NSEC.Effluent.NO5",0.0435551062323634,0.378470986452128,"3,2"
"7218","N..Eff..TSS.Conc. + Temp..of.NSEC.Main.Ch. + CODto..mg.L. + NSEC.Effluent.NO3 + NSEC.Effluent.TSS + NSEC.Effluent.Flow",0.123626397370419,0.486628281433219,"3,2"
"7219","N..Eff..TSS.Conc. + Temp..of.NSEC.Main.Ch. + CODto..mg.L. + NSEC.Effluent.NO3 + NSEC.Effluent.NO5 + NSEC.Effluent.Flow",0.0192484843321912,0.561631577456435,"3,2"
"7220","N..Eff..TSS.Conc. + Temp..of.NSEC.Main.Ch. + CODto..mg.L. + NSEC.Effluent.OP + NSEC.Effluent.TSS + NSEC.Effluent.NO5",0.179798245961238,0.565529685051663,"3,2"
"7221","N..Eff..TSS.Conc. + Temp..of.NSEC.Main.Ch. + CODto..mg.L. + NSEC.Effluent.OP + NSEC.Effluent.TSS + NSEC.Effluent.Flow",0.132147540339749,0.596672347313799,"3,2"
"7222","N..Eff..TSS.Conc. + Temp..of.NSEC.Main.Ch. + CODto..mg.L. + NSEC.Effluent.OP + NSEC.Effluent.NO5 + NSEC.Effluent.Flow",0.00415155987661664,0.644344504717815,"3,2"
"7223","N..Eff..TSS.Conc. + Temp..of.NSEC.Main.Ch. + CODto..mg.L. + NSEC.Effluent.TSS + NSEC.Effluent.NO5 + NSEC.Effluent.Flow",0.0549819564843428,0.415753224890855,"3,2"
"7224","N..Eff..TSS.Conc. + Temp..of.NSEC.Main.Ch. + TSS..mg.L. + UVT.... + CODds..mg.L. + SACto..1.m.",0.013930107435987,0.630676831910185,"3,2"
"7225","N..Eff..TSS.Conc. + Temp..of.NSEC.Main.Ch. + TSS..mg.L. + UVT.... + CODds..mg.L. + NSEC.Aerobic.SRT",0.0634948464525791,0.522281581603924,"3,2"
"7226","N..Eff..TSS.Conc. + Temp..of.NSEC.Main.Ch. + TSS..mg.L. + UVT.... + CODds..mg.L. + NSEC.Effluent.NH3",0.22624638421185,0.642474161071186,"3,2"
"7227","N..Eff..TSS.Conc. + Temp..of.NSEC.Main.Ch. + TSS..mg.L. + UVT.... + CODds..mg.L. + NSEC.Effluent.NO3",0.160899566355665,0.64288886622125,"3,2"
"7228","N..Eff..TSS.Conc. + Temp..of.NSEC.Main.Ch. + TSS..mg.L. + UVT.... + CODds..mg.L. + NSEC.Effluent.OP",0.0605523465963682,0.741340401558006,"3,2"
"7229","N..Eff..TSS.Conc. + Temp..of.NSEC.Main.Ch. + TSS..mg.L. + UVT.... + CODds..mg.L. + NSEC.Effluent.TSS",0.235485065123968,0.72957251415302,"3,2"
"7230","N..Eff..TSS.Conc. + Temp..of.NSEC.Main.Ch. + TSS..mg.L. + UVT.... + CODds..mg.L. + NSEC.Effluent.NO5",0.18369274124404,0.634336587060847,"3,2"
"7231","N..Eff..TSS.Conc. + Temp..of.NSEC.Main.Ch. + TSS..mg.L. + UVT.... + CODds..mg.L. + NSEC.Effluent.Flow",0.171968795844949,0.754296850712467,"3,2"
"7232","N..Eff..TSS.Conc. + Temp..of.NSEC.Main.Ch. + TSS..mg.L. + UVT.... + SACto..1.m. + NSEC.Aerobic.SRT",0.0819246083289746,0.758261402791675,"3,2"
"7233","N..Eff..TSS.Conc. + Temp..of.NSEC.Main.Ch. + TSS..mg.L. + UVT.... + SACto..1.m. + NSEC.Effluent.NH3",0.139348691972617,0.671767979303751,"3,2"
"7234","N..Eff..TSS.Conc. + Temp..of.NSEC.Main.Ch. + TSS..mg.L. + UVT.... + SACto..1.m. + NSEC.Effluent.NO3",0.0583338615759565,0.683516278609933,"3,2"
"7235","N..Eff..TSS.Conc. + Temp..of.NSEC.Main.Ch. + TSS..mg.L. + UVT.... + SACto..1.m. + NSEC.Effluent.OP",0.0295398960901807,0.676868215213136,"3,2"
"7236","N..Eff..TSS.Conc. + Temp..of.NSEC.Main.Ch. + TSS..mg.L. + UVT.... + SACto..1.m. + NSEC.Effluent.TSS",0.122942656965769,0.637817918514757,"3,2"
"7237","N..Eff..TSS.Conc. + Temp..of.NSEC.Main.Ch. + TSS..mg.L. + UVT.... + SACto..1.m. + NSEC.Effluent.NO5",0.0195784555245782,0.682885875728177,"3,2"
"7238","N..Eff..TSS.Conc. + Temp..of.NSEC.Main.Ch. + TSS..mg.L. + UVT.... + SACto..1.m. + NSEC.Effluent.Flow",0.0861460340140263,0.750541603810035,"3,2"
"7239","N..Eff..TSS.Conc. + Temp..of.NSEC.Main.Ch. + TSS..mg.L. + UVT.... + NSEC.Aerobic.SRT + NSEC.Effluent.NH3",0.188343511824325,0.784737520014346,"3,2"
"7240","N..Eff..TSS.Conc. + Temp..of.NSEC.Main.Ch. + TSS..mg.L. + UVT.... + NSEC.Aerobic.SRT + NSEC.Effluent.NO3",0.0633042265228427,0.783410054512837,"3,2"
"7241","N..Eff..TSS.Conc. + Temp..of.NSEC.Main.Ch. + TSS..mg.L. + UVT.... + NSEC.Aerobic.SRT + NSEC.Effluent.OP",0.11116543275883,0.769472066872087,"3,2"
"7242","N..Eff..TSS.Conc. + Temp..of.NSEC.Main.Ch. + TSS..mg.L. + UVT.... + NSEC.Aerobic.SRT + NSEC.Effluent.TSS",0.0153736541787581,0.757477759707448,"3,2"
"7243","N..Eff..TSS.Conc. + Temp..of.NSEC.Main.Ch. + TSS..mg.L. + UVT.... + NSEC.Aerobic.SRT + NSEC.Effluent.NO5",0.0359994221479933,0.7937970987998,"3,2"
"7244","N..Eff..TSS.Conc. + Temp..of.NSEC.Main.Ch. + TSS..mg.L. + UVT.... + NSEC.Aerobic.SRT + NSEC.Effluent.Flow",0.0946768155303244,0.66178352860212,"3,2"
"7245","N..Eff..TSS.Conc. + Temp..of.NSEC.Main.Ch. + TSS..mg.L. + UVT.... + NSEC.Effluent.NH3 + NSEC.Effluent.NO3",0.0380533969098162,0.668811943947703,"3,2"
"7246","N..Eff..TSS.Conc. + Temp..of.NSEC.Main.Ch. + TSS..mg.L. + UVT.... + NSEC.Effluent.NH3 + NSEC.Effluent.OP",0.0973160838328488,0.753455525184748,"3,2"
"7247","N..Eff..TSS.Conc. + Temp..of.NSEC.Main.Ch. + TSS..mg.L. + UVT.... + NSEC.Effluent.NH3 + NSEC.Effluent.TSS",0.105907266130963,0.664339289183196,"3,2"
"7248","N..Eff..TSS.Conc. + Temp..of.NSEC.Main.Ch. + TSS..mg.L. + UVT.... + NSEC.Effluent.NH3 + NSEC.Effluent.NO5",0.0875110934279066,0.689836017928683,"3,2"
"7249","N..Eff..TSS.Conc. + Temp..of.NSEC.Main.Ch. + TSS..mg.L. + UVT.... + NSEC.Effluent.NH3 + NSEC.Effluent.Flow",0.165199292935691,0.789592702128089,"3,2"
"7250","N..Eff..TSS.Conc. + Temp..of.NSEC.Main.Ch. + TSS..mg.L. + UVT.... + NSEC.Effluent.NO3 + NSEC.Effluent.OP",0.337255091533075,0.789427754484525,"3,2"
"7251","N..Eff..TSS.Conc. + Temp..of.NSEC.Main.Ch. + TSS..mg.L. + UVT.... + NSEC.Effluent.NO3 + NSEC.Effluent.TSS",0.0784214694104839,0.727316675631947,"3,2"
"7252","N..Eff..TSS.Conc. + Temp..of.NSEC.Main.Ch. + TSS..mg.L. + UVT.... + NSEC.Effluent.NO3 + NSEC.Effluent.NO5",0.0487959634757908,0.737161560664929,"3,2"
"7253","N..Eff..TSS.Conc. + Temp..of.NSEC.Main.Ch. + TSS..mg.L. + UVT.... + NSEC.Effluent.NO3 + NSEC.Effluent.Flow",0.15969658305931,0.769060015130673,"3,2"
"7254","N..Eff..TSS.Conc. + Temp..of.NSEC.Main.Ch. + TSS..mg.L. + UVT.... + NSEC.Effluent.OP + NSEC.Effluent.TSS",0.146979838398601,0.729484965535172,"3,2"
"7255","N..Eff..TSS.Conc. + Temp..of.NSEC.Main.Ch. + TSS..mg.L. + UVT.... + NSEC.Effluent.OP + NSEC.Effluent.NO5",0.124921279411127,0.711656359222501,"3,2"
"7256","N..Eff..TSS.Conc. + Temp..of.NSEC.Main.Ch. + TSS..mg.L. + UVT.... + NSEC.Effluent.OP + NSEC.Effluent.Flow",0.159390116748487,0.769622653227982,"3,2"
"7257","N..Eff..TSS.Conc. + Temp..of.NSEC.Main.Ch. + TSS..mg.L. + UVT.... + NSEC.Effluent.TSS + NSEC.Effluent.NO5",0.108503915469818,0.665600810251831,"3,2"
"7258","N..Eff..TSS.Conc. + Temp..of.NSEC.Main.Ch. + TSS..mg.L. + UVT.... + NSEC.Effluent.TSS + NSEC.Effluent.Flow",0.0606517217597888,0.681822633841098,"3,2"
"7259","N..Eff..TSS.Conc. + Temp..of.NSEC.Main.Ch. + TSS..mg.L. + UVT.... + NSEC.Effluent.NO5 + NSEC.Effluent.Flow",0.146916187709205,0.722335860796652,"3,2"
"7260","N..Eff..TSS.Conc. + Temp..of.NSEC.Main.Ch. + TSS..mg.L. + CODds..mg.L. + SACto..1.m. + NSEC.Aerobic.SRT",0.193910331152698,0.776149730750185,"3,2"
"7261","N..Eff..TSS.Conc. + Temp..of.NSEC.Main.Ch. + TSS..mg.L. + CODds..mg.L. + SACto..1.m. + NSEC.Effluent.NH3",0.146594127562917,0.714363471947503,"3,2"
"7262","N..Eff..TSS.Conc. + Temp..of.NSEC.Main.Ch. + TSS..mg.L. + CODds..mg.L. + SACto..1.m. + NSEC.Effluent.NO3",0.102953936798,0.715726037404853,"3,2"
"7263","N..Eff..TSS.Conc. + Temp..of.NSEC.Main.Ch. + TSS..mg.L. + CODds..mg.L. + SACto..1.m. + NSEC.Effluent.OP",0.0254016322344499,0.705550634916706,"3,2"
"7264","N..Eff..TSS.Conc. + Temp..of.NSEC.Main.Ch. + TSS..mg.L. + CODds..mg.L. + SACto..1.m. + NSEC.Effluent.TSS",0.0255063782632785,0.644666338563373,"3,2"
"7265","N..Eff..TSS.Conc. + Temp..of.NSEC.Main.Ch. + TSS..mg.L. + CODds..mg.L. + SACto..1.m. + NSEC.Effluent.NO5",0.0342131754931367,0.670615956603319,"3,2"
"7266","N..Eff..TSS.Conc. + Temp..of.NSEC.Main.Ch. + TSS..mg.L. + CODds..mg.L. + SACto..1.m. + NSEC.Effluent.Flow",0.191181598997258,0.744404611815967,"3,2"
"7267","N..Eff..TSS.Conc. + Temp..of.NSEC.Main.Ch. + TSS..mg.L. + CODds..mg.L. + NSEC.Aerobic.SRT + NSEC.Effluent.NH3",0.136686458412925,0.724757639545911,"3,2"
"7268","N..Eff..TSS.Conc. + Temp..of.NSEC.Main.Ch. + TSS..mg.L. + CODds..mg.L. + NSEC.Aerobic.SRT + NSEC.Effluent.NO3",0.249068364160195,0.763460701039951,"3,2"
"7269","N..Eff..TSS.Conc. + Temp..of.NSEC.Main.Ch. + TSS..mg.L. + CODds..mg.L. + NSEC.Aerobic.SRT + NSEC.Effluent.OP",0.280069824666367,0.728555411450411,"3,2"
"7270","N..Eff..TSS.Conc. + Temp..of.NSEC.Main.Ch. + TSS..mg.L. + CODds..mg.L. + NSEC.Aerobic.SRT + NSEC.Effluent.TSS",0.188100097830051,0.705317717094973,"3,2"
"7271","N..Eff..TSS.Conc. + Temp..of.NSEC.Main.Ch. + TSS..mg.L. + CODds..mg.L. + NSEC.Aerobic.SRT + NSEC.Effluent.NO5",0.350386414367751,0.754563040643254,"3,2"
"7272","N..Eff..TSS.Conc. + Temp..of.NSEC.Main.Ch. + TSS..mg.L. + CODds..mg.L. + NSEC.Aerobic.SRT + NSEC.Effluent.Flow",0.0467020445025361,0.791749421212319,"3,2"
"7273","N..Eff..TSS.Conc. + Temp..of.NSEC.Main.Ch. + TSS..mg.L. + CODds..mg.L. + NSEC.Effluent.NH3 + NSEC.Effluent.NO3",0.0281395749062145,0.53841188428445,"3,2"
"7274","N..Eff..TSS.Conc. + Temp..of.NSEC.Main.Ch. + TSS..mg.L. + CODds..mg.L. + NSEC.Effluent.NH3 + NSEC.Effluent.OP",0.140114619545644,0.592441994599987,"3,2"
"7275","N..Eff..TSS.Conc. + Temp..of.NSEC.Main.Ch. + TSS..mg.L. + CODds..mg.L. + NSEC.Effluent.NH3 + NSEC.Effluent.TSS",0.0298268227257759,0.559606604816943,"3,2"
"7276","N..Eff..TSS.Conc. + Temp..of.NSEC.Main.Ch. + TSS..mg.L. + CODds..mg.L. + NSEC.Effluent.NH3 + NSEC.Effluent.NO5",0.0133491301513722,0.576962715644412,"3,2"
"7277","N..Eff..TSS.Conc. + Temp..of.NSEC.Main.Ch. + TSS..mg.L. + CODds..mg.L. + NSEC.Effluent.NH3 + NSEC.Effluent.Flow",0.264297912724359,0.734133267850692,"3,2"
"7278","N..Eff..TSS.Conc. + Temp..of.NSEC.Main.Ch. + TSS..mg.L. + CODds..mg.L. + NSEC.Effluent.NO3 + NSEC.Effluent.OP",0.100887256393558,0.704243807497525,"3,2"
"7279","N..Eff..TSS.Conc. + Temp..of.NSEC.Main.Ch. + TSS..mg.L. + CODds..mg.L. + NSEC.Effluent.NO3 + NSEC.Effluent.TSS",0.0108321954964929,0.603558404775453,"3,2"
"7280","N..Eff..TSS.Conc. + Temp..of.NSEC.Main.Ch. + TSS..mg.L. + CODds..mg.L. + NSEC.Effluent.NO3 + NSEC.Effluent.NO5",0.0738168505226233,0.640156919357572,"3,2"
"7281","N..Eff..TSS.Conc. + Temp..of.NSEC.Main.Ch. + TSS..mg.L. + CODds..mg.L. + NSEC.Effluent.NO3 + NSEC.Effluent.Flow",0.144017119074829,0.654610185078888,"3,2"
"7282","N..Eff..TSS.Conc. + Temp..of.NSEC.Main.Ch. + TSS..mg.L. + CODds..mg.L. + NSEC.Effluent.OP + NSEC.Effluent.TSS",0.211037555513548,0.640577546960013,"3,2"
"7283","N..Eff..TSS.Conc. + Temp..of.NSEC.Main.Ch. + TSS..mg.L. + CODds..mg.L. + NSEC.Effluent.OP + NSEC.Effluent.NO5",0.0571711220927602,0.586562011210471,"3,2"
"7284","N..Eff..TSS.Conc. + Temp..of.NSEC.Main.Ch. + TSS..mg.L. + CODds..mg.L. + NSEC.Effluent.OP + NSEC.Effluent.Flow",0.078097188344489,0.669853119178115,"3,2"
"7285","N..Eff..TSS.Conc. + Temp..of.NSEC.Main.Ch. + TSS..mg.L. + CODds..mg.L. + NSEC.Effluent.TSS + NSEC.Effluent.NO5",0.0571503083843803,0.547384138249963,"3,2"
"7286","N..Eff..TSS.Conc. + Temp..of.NSEC.Main.Ch. + TSS..mg.L. + CODds..mg.L. + NSEC.Effluent.TSS + NSEC.Effluent.Flow",0.0905432756966125,0.65463869843149,"3,2"
"7287","N..Eff..TSS.Conc. + Temp..of.NSEC.Main.Ch. + TSS..mg.L. + CODds..mg.L. + NSEC.Effluent.NO5 + NSEC.Effluent.Flow",0.033343718975253,0.63013318139886,"3,2"
"7288","N..Eff..TSS.Conc. + Temp..of.NSEC.Main.Ch. + TSS..mg.L. + SACto..1.m. + NSEC.Aerobic.SRT + NSEC.Effluent.NH3",0.181857251125097,0.674555247174099,"3,2"
"7289","N..Eff..TSS.Conc. + Temp..of.NSEC.Main.Ch. + TSS..mg.L. + SACto..1.m. + NSEC.Aerobic.SRT + NSEC.Effluent.NO3",0.112771874144591,0.714819764741893,"3,2"
"7290","N..Eff..TSS.Conc. + Temp..of.NSEC.Main.Ch. + TSS..mg.L. + SACto..1.m. + NSEC.Aerobic.SRT + NSEC.Effluent.OP",0.195890523760997,0.735191061508032,"3,2"
"7291","N..Eff..TSS.Conc. + Temp..of.NSEC.Main.Ch. + TSS..mg.L. + SACto..1.m. + NSEC.Aerobic.SRT + NSEC.Effluent.TSS",0.0605542925148073,0.748577343667123,"3,2"
"7292","N..Eff..TSS.Conc. + Temp..of.NSEC.Main.Ch. + TSS..mg.L. + SACto..1.m. + NSEC.Aerobic.SRT + NSEC.Effluent.NO5",0.0902611210480186,0.786927498523641,"3,2"
"7293","N..Eff..TSS.Conc. + Temp..of.NSEC.Main.Ch. + TSS..mg.L. + SACto..1.m. + NSEC.Aerobic.SRT + NSEC.Effluent.Flow",0.1386685113228,0.828199947647836,"3,2"
"7294","N..Eff..TSS.Conc. + Temp..of.NSEC.Main.Ch. + TSS..mg.L. + SACto..1.m. + NSEC.Effluent.NH3 + NSEC.Effluent.NO3",0.0218373160786958,0.7264337304223,"3,2"
"7295","N..Eff..TSS.Conc. + Temp..of.NSEC.Main.Ch. + TSS..mg.L. + SACto..1.m. + NSEC.Effluent.NH3 + NSEC.Effluent.OP",0.16389683646698,0.697752804675009,"3,2"
"7296","N..Eff..TSS.Conc. + Temp..of.NSEC.Main.Ch. + TSS..mg.L. + SACto..1.m. + NSEC.Effluent.NH3 + NSEC.Effluent.TSS",0.135517461380451,0.693301570253902,"3,2"
"7297","N..Eff..TSS.Conc. + Temp..of.NSEC.Main.Ch. + TSS..mg.L. + SACto..1.m. + NSEC.Effluent.NH3 + NSEC.Effluent.NO5",0.192287680432359,0.15661991927344,"3,2"
"7298","N..Eff..TSS.Conc. + Temp..of.NSEC.Main.Ch. + TSS..mg.L. + SACto..1.m. + NSEC.Effluent.NH3 + NSEC.Effluent.Flow",0.226221948624403,0.79262142243536,"3,2"
"7299","N..Eff..TSS.Conc. + Temp..of.NSEC.Main.Ch. + TSS..mg.L. + SACto..1.m. + NSEC.Effluent.NO3 + NSEC.Effluent.OP",0.0829905325590983,0.698547411774842,"3,2"
"7300","N..Eff..TSS.Conc. + Temp..of.NSEC.Main.Ch. + TSS..mg.L. + SACto..1.m. + NSEC.Effluent.NO3 + NSEC.Effluent.TSS",0.126921893549349,0.698904515589647,"3,2"
"7301","N..Eff..TSS.Conc. + Temp..of.NSEC.Main.Ch. + TSS..mg.L. + SACto..1.m. + NSEC.Effluent.NO3 + NSEC.Effluent.NO5",0.129277672108409,0.664016775023205,"3,2"
"7302","N..Eff..TSS.Conc. + Temp..of.NSEC.Main.Ch. + TSS..mg.L. + SACto..1.m. + NSEC.Effluent.NO3 + NSEC.Effluent.Flow",0.199848477497846,0.727871381856373,"3,2"
"7303","N..Eff..TSS.Conc. + Temp..of.NSEC.Main.Ch. + TSS..mg.L. + SACto..1.m. + NSEC.Effluent.OP + NSEC.Effluent.TSS",0.0673438179199413,0.67151444440452,"3,2"
"7304","N..Eff..TSS.Conc. + Temp..of.NSEC.Main.Ch. + TSS..mg.L. + SACto..1.m. + NSEC.Effluent.OP + NSEC.Effluent.NO5",0.193644070824542,0.0717209409603712,"3,2"
"7305","N..Eff..TSS.Conc. + Temp..of.NSEC.Main.Ch. + TSS..mg.L. + SACto..1.m. + NSEC.Effluent.OP + NSEC.Effluent.Flow",0.0670468729539184,0.69347007752625,"3,2"
"7306","N..Eff..TSS.Conc. + Temp..of.NSEC.Main.Ch. + TSS..mg.L. + SACto..1.m. + NSEC.Effluent.TSS + NSEC.Effluent.NO5",0.10682663010863,0.743768870691605,"3,2"
"7307","N..Eff..TSS.Conc. + Temp..of.NSEC.Main.Ch. + TSS..mg.L. + SACto..1.m. + NSEC.Effluent.TSS + NSEC.Effluent.Flow",0.0447731341146667,0.708656323379614,"3,2"
"7308","N..Eff..TSS.Conc. + Temp..of.NSEC.Main.Ch. + TSS..mg.L. + SACto..1.m. + NSEC.Effluent.NO5 + NSEC.Effluent.Flow",0.200065167798629,0.717581020605672,"3,2"
"7309","N..Eff..TSS.Conc. + Temp..of.NSEC.Main.Ch. + TSS..mg.L. + NSEC.Aerobic.SRT + NSEC.Effluent.NH3 + NSEC.Effluent.NO3",0.251860738970606,0.661962336755587,"3,2"
"7310","N..Eff..TSS.Conc. + Temp..of.NSEC.Main.Ch. + TSS..mg.L. + NSEC.Aerobic.SRT + NSEC.Effluent.NH3 + NSEC.Effluent.OP",0.373506273859576,0.661340280463185,"3,2"
"7311","N..Eff..TSS.Conc. + Temp..of.NSEC.Main.Ch. + TSS..mg.L. + NSEC.Aerobic.SRT + NSEC.Effluent.NH3 + NSEC.Effluent.TSS",0.286015470062268,0.738849153849919,"3,2"
"7312","N..Eff..TSS.Conc. + Temp..of.NSEC.Main.Ch. + TSS..mg.L. + NSEC.Aerobic.SRT + NSEC.Effluent.NH3 + NSEC.Effluent.NO5",0.27520983360329,0.67810296360759,"3,2"
"7313","N..Eff..TSS.Conc. + Temp..of.NSEC.Main.Ch. + TSS..mg.L. + NSEC.Aerobic.SRT + NSEC.Effluent.NH3 + NSEC.Effluent.Flow",0.0130624806675568,0.462886915660893,"3,2"
"7314","N..Eff..TSS.Conc. + Temp..of.NSEC.Main.Ch. + TSS..mg.L. + NSEC.Aerobic.SRT + NSEC.Effluent.NO3 + NSEC.Effluent.OP",0.0948102361927794,0.730548489712843,"3,2"
"7315","N..Eff..TSS.Conc. + Temp..of.NSEC.Main.Ch. + TSS..mg.L. + NSEC.Aerobic.SRT + NSEC.Effluent.NO3 + NSEC.Effluent.TSS",0.000820432742621335,0.474148451254596,"3,2"
"7316","N..Eff..TSS.Conc. + Temp..of.NSEC.Main.Ch. + TSS..mg.L. + NSEC.Aerobic.SRT + NSEC.Effluent.NO3 + NSEC.Effluent.NO5",0.356477533528214,0.779252410266719,"3,2"
"7317","N..Eff..TSS.Conc. + Temp..of.NSEC.Main.Ch. + TSS..mg.L. + NSEC.Aerobic.SRT + NSEC.Effluent.NO3 + NSEC.Effluent.Flow",0.210780939744515,0.67283186426459,"3,2"
"7318","N..Eff..TSS.Conc. + Temp..of.NSEC.Main.Ch. + TSS..mg.L. + NSEC.Aerobic.SRT + NSEC.Effluent.OP + NSEC.Effluent.TSS",0.376658640042653,0.73444857411068,"3,2"
"7319","N..Eff..TSS.Conc. + Temp..of.NSEC.Main.Ch. + TSS..mg.L. + NSEC.Aerobic.SRT + NSEC.Effluent.OP + NSEC.Effluent.NO5",0.28457003015483,0.712679602132696,"3,2"
"7320","N..Eff..TSS.Conc. + Temp..of.NSEC.Main.Ch. + TSS..mg.L. + NSEC.Aerobic.SRT + NSEC.Effluent.OP + NSEC.Effluent.Flow",0.0528312123275176,0.586988855591868,"3,2"
"7321","N..Eff..TSS.Conc. + Temp..of.NSEC.Main.Ch. + TSS..mg.L. + NSEC.Aerobic.SRT + NSEC.Effluent.TSS + NSEC.Effluent.NO5",0.381687534709244,0.728909496601308,"3,2"
"7322","N..Eff..TSS.Conc. + Temp..of.NSEC.Main.Ch. + TSS..mg.L. + NSEC.Aerobic.SRT + NSEC.Effluent.TSS + NSEC.Effluent.Flow",0.143647265405584,0.732342262934773,"3,2"
"7323","N..Eff..TSS.Conc. + Temp..of.NSEC.Main.Ch. + TSS..mg.L. + NSEC.Aerobic.SRT + NSEC.Effluent.NO5 + NSEC.Effluent.Flow",0.268037132421382,0.761527875945098,"3,2"
"7324","N..Eff..TSS.Conc. + Temp..of.NSEC.Main.Ch. + TSS..mg.L. + NSEC.Effluent.NH3 + NSEC.Effluent.NO3 + NSEC.Effluent.OP",0.171510588604896,0.649549836855674,"3,2"
"7325","N..Eff..TSS.Conc. + Temp..of.NSEC.Main.Ch. + TSS..mg.L. + NSEC.Effluent.NH3 + NSEC.Effluent.NO3 + NSEC.Effluent.TSS",0.0349501501921847,0.561694848287799,"3,2"
"7326","N..Eff..TSS.Conc. + Temp..of.NSEC.Main.Ch. + TSS..mg.L. + NSEC.Effluent.NH3 + NSEC.Effluent.NO3 + NSEC.Effluent.NO5",0.154190616056526,0.573710813026269,"3,2"
"7327","N..Eff..TSS.Conc. + Temp..of.NSEC.Main.Ch. + TSS..mg.L. + NSEC.Effluent.NH3 + NSEC.Effluent.NO3 + NSEC.Effluent.Flow",0.022047880283405,0.617624793333268,"3,2"
"7328","N..Eff..TSS.Conc. + Temp..of.NSEC.Main.Ch. + TSS..mg.L. + NSEC.Effluent.NH3 + NSEC.Effluent.OP + NSEC.Effluent.TSS",0.219591586739121,0.525850710082573,"3,2"
"7329","N..Eff..TSS.Conc. + Temp..of.NSEC.Main.Ch. + TSS..mg.L. + NSEC.Effluent.NH3 + NSEC.Effluent.OP + NSEC.Effluent.NO5",0.122997946340996,0.57628392289981,"3,2"
"7330","N..Eff..TSS.Conc. + Temp..of.NSEC.Main.Ch. + TSS..mg.L. + NSEC.Effluent.NH3 + NSEC.Effluent.OP + NSEC.Effluent.Flow",0.159367574940919,0.663958925079844,"3,2"
"7331","N..Eff..TSS.Conc. + Temp..of.NSEC.Main.Ch. + TSS..mg.L. + NSEC.Effluent.NH3 + NSEC.Effluent.TSS + NSEC.Effluent.NO5",0.0501983810598756,0.4372860603082,"3,2"
"7332","N..Eff..TSS.Conc. + Temp..of.NSEC.Main.Ch. + TSS..mg.L. + NSEC.Effluent.NH3 + NSEC.Effluent.TSS + NSEC.Effluent.Flow",0.024637331683528,0.441788177061302,"3,2"
"7333","N..Eff..TSS.Conc. + Temp..of.NSEC.Main.Ch. + TSS..mg.L. + NSEC.Effluent.NH3 + NSEC.Effluent.NO5 + NSEC.Effluent.Flow",0.151969715377299,0.491450191587261,"3,2"
"7334","N..Eff..TSS.Conc. + Temp..of.NSEC.Main.Ch. + TSS..mg.L. + NSEC.Effluent.NO3 + NSEC.Effluent.OP + NSEC.Effluent.TSS",0.193313530394265,0.121489659114804,"3,2"
"7335","N..Eff..TSS.Conc. + Temp..of.NSEC.Main.Ch. + TSS..mg.L. + NSEC.Effluent.NO3 + NSEC.Effluent.OP + NSEC.Effluent.NO5",0.000114661338085131,0.556895183908902,"3,2"
"7336","N..Eff..TSS.Conc. + Temp..of.NSEC.Main.Ch. + TSS..mg.L. + NSEC.Effluent.NO3 + NSEC.Effluent.OP + NSEC.Effluent.Flow",0.0653375304561357,0.598896138827841,"3,2"
"7337","N..Eff..TSS.Conc. + Temp..of.NSEC.Main.Ch. + TSS..mg.L. + NSEC.Effluent.NO3 + NSEC.Effluent.TSS + NSEC.Effluent.NO5",0.0808812131459551,0.378449108395104,"3,2"
"7338","N..Eff..TSS.Conc. + Temp..of.NSEC.Main.Ch. + TSS..mg.L. + NSEC.Effluent.NO3 + NSEC.Effluent.TSS + NSEC.Effluent.Flow",0.0316356523763068,0.44996172743147,"3,2"
"7339","N..Eff..TSS.Conc. + Temp..of.NSEC.Main.Ch. + TSS..mg.L. + NSEC.Effluent.NO3 + NSEC.Effluent.NO5 + NSEC.Effluent.Flow",0.00194943989164353,0.408333319281349,"3,2"
"7340","N..Eff..TSS.Conc. + Temp..of.NSEC.Main.Ch. + TSS..mg.L. + NSEC.Effluent.OP + NSEC.Effluent.TSS + NSEC.Effluent.NO5",0.130172009079281,0.624902061434677,"3,2"
"7341","N..Eff..TSS.Conc. + Temp..of.NSEC.Main.Ch. + TSS..mg.L. + NSEC.Effluent.OP + NSEC.Effluent.TSS + NSEC.Effluent.Flow",0.181698099614762,0.654999179311312,"3,2"
"7342","N..Eff..TSS.Conc. + Temp..of.NSEC.Main.Ch. + TSS..mg.L. + NSEC.Effluent.OP + NSEC.Effluent.NO5 + NSEC.Effluent.Flow",0.201258200027906,0.662999872011279,"3,2"
"7343","N..Eff..TSS.Conc. + Temp..of.NSEC.Main.Ch. + TSS..mg.L. + NSEC.Effluent.TSS + NSEC.Effluent.NO5 + NSEC.Effluent.Flow",0.0821074371641464,0.485803370101397,"3,2"
"7344","N..Eff..TSS.Conc. + Temp..of.NSEC.Main.Ch. + UVT.... + CODds..mg.L. + SACto..1.m. + NSEC.Aerobic.SRT",0.1146016922652,0.733092222776444,"3,2"
"7345","N..Eff..TSS.Conc. + Temp..of.NSEC.Main.Ch. + UVT.... + CODds..mg.L. + SACto..1.m. + NSEC.Effluent.NH3",0.220550787375699,0.669022696100312,"3,2"
"7346","N..Eff..TSS.Conc. + Temp..of.NSEC.Main.Ch. + UVT.... + CODds..mg.L. + SACto..1.m. + NSEC.Effluent.NO3",0.00499484632038261,0.576587474363699,"3,2"
"7347","N..Eff..TSS.Conc. + Temp..of.NSEC.Main.Ch. + UVT.... + CODds..mg.L. + SACto..1.m. + NSEC.Effluent.OP",0.0762337293864506,0.582189190267667,"3,2"
"7348","N..Eff..TSS.Conc. + Temp..of.NSEC.Main.Ch. + UVT.... + CODds..mg.L. + SACto..1.m. + NSEC.Effluent.TSS",0.0643365205645332,0.603383577307946,"3,2"
"7349","N..Eff..TSS.Conc. + Temp..of.NSEC.Main.Ch. + UVT.... + CODds..mg.L. + SACto..1.m. + NSEC.Effluent.NO5",0.0707735395041265,0.678016353446777,"3,2"
"7350","N..Eff..TSS.Conc. + Temp..of.NSEC.Main.Ch. + UVT.... + CODds..mg.L. + SACto..1.m. + NSEC.Effluent.Flow",0.0414346671435224,0.635434626965743,"3,2"
"7351","N..Eff..TSS.Conc. + Temp..of.NSEC.Main.Ch. + UVT.... + CODds..mg.L. + NSEC.Aerobic.SRT + NSEC.Effluent.NH3",0.252069564548457,0.772124824140842,"3,2"
"7352","N..Eff..TSS.Conc. + Temp..of.NSEC.Main.Ch. + UVT.... + CODds..mg.L. + NSEC.Aerobic.SRT + NSEC.Effluent.NO3",0.23222975445757,0.754859339226893,"3,2"
"7353","N..Eff..TSS.Conc. + Temp..of.NSEC.Main.Ch. + UVT.... + CODds..mg.L. + NSEC.Aerobic.SRT + NSEC.Effluent.OP",0.256588167252529,0.753785751766689,"3,2"
"7354","N..Eff..TSS.Conc. + Temp..of.NSEC.Main.Ch. + UVT.... + CODds..mg.L. + NSEC.Aerobic.SRT + NSEC.Effluent.TSS",0.0905446674270076,0.76773116977037,"3,2"
"7355","N..Eff..TSS.Conc. + Temp..of.NSEC.Main.Ch. + UVT.... + CODds..mg.L. + NSEC.Aerobic.SRT + NSEC.Effluent.NO5",0.102096058658986,0.733881118481502,"3,2"
"7356","N..Eff..TSS.Conc. + Temp..of.NSEC.Main.Ch. + UVT.... + CODds..mg.L. + NSEC.Aerobic.SRT + NSEC.Effluent.Flow",0.0342412943162462,0.813520074313976,"3,2"
"7357","N..Eff..TSS.Conc. + Temp..of.NSEC.Main.Ch. + UVT.... + CODds..mg.L. + NSEC.Effluent.NH3 + NSEC.Effluent.NO3",0.0968244214363159,0.554451663867945,"3,2"
"7358","N..Eff..TSS.Conc. + Temp..of.NSEC.Main.Ch. + UVT.... + CODds..mg.L. + NSEC.Effluent.NH3 + NSEC.Effluent.OP",0.0159302402683266,0.601647968701255,"3,2"
"7359","N..Eff..TSS.Conc. + Temp..of.NSEC.Main.Ch. + UVT.... + CODds..mg.L. + NSEC.Effluent.NH3 + NSEC.Effluent.TSS",0.00538277502127205,0.646692328569332,"3,2"
"7360","N..Eff..TSS.Conc. + Temp..of.NSEC.Main.Ch. + UVT.... + CODds..mg.L. + NSEC.Effluent.NH3 + NSEC.Effluent.NO5",0.051740677064708,0.645356058117851,"3,2"
"7361","N..Eff..TSS.Conc. + Temp..of.NSEC.Main.Ch. + UVT.... + CODds..mg.L. + NSEC.Effluent.NH3 + NSEC.Effluent.Flow",0.169897010776704,0.65267375240457,"3,2"
"7362","N..Eff..TSS.Conc. + Temp..of.NSEC.Main.Ch. + UVT.... + CODds..mg.L. + NSEC.Effluent.NO3 + NSEC.Effluent.OP",0.102005353514647,0.642311081361687,"3,2"
"7363","N..Eff..TSS.Conc. + Temp..of.NSEC.Main.Ch. + UVT.... + CODds..mg.L. + NSEC.Effluent.NO3 + NSEC.Effluent.TSS",0.105439491937025,0.611823642605699,"3,2"
"7364","N..Eff..TSS.Conc. + Temp..of.NSEC.Main.Ch. + UVT.... + CODds..mg.L. + NSEC.Effluent.NO3 + NSEC.Effluent.NO5",0.148943536600182,0.68593298750671,"3,2"
"7365","N..Eff..TSS.Conc. + Temp..of.NSEC.Main.Ch. + UVT.... + CODds..mg.L. + NSEC.Effluent.NO3 + NSEC.Effluent.Flow",0.0665436525451022,0.747863537308591,"3,2"
"7366","N..Eff..TSS.Conc. + Temp..of.NSEC.Main.Ch. + UVT.... + CODds..mg.L. + NSEC.Effluent.OP + NSEC.Effluent.TSS",0.095267349105242,0.679153330121856,"3,2"
"7367","N..Eff..TSS.Conc. + Temp..of.NSEC.Main.Ch. + UVT.... + CODds..mg.L. + NSEC.Effluent.OP + NSEC.Effluent.NO5",0.027268198263511,0.667680930867277,"3,2"
"7368","N..Eff..TSS.Conc. + Temp..of.NSEC.Main.Ch. + UVT.... + CODds..mg.L. + NSEC.Effluent.OP + NSEC.Effluent.Flow",0.199345967544628,0.767395493377253,"3,2"
"7369","N..Eff..TSS.Conc. + Temp..of.NSEC.Main.Ch. + UVT.... + CODds..mg.L. + NSEC.Effluent.TSS + NSEC.Effluent.NO5",0.0266602253387442,0.640936780098362,"3,2"
"7370","N..Eff..TSS.Conc. + Temp..of.NSEC.Main.Ch. + UVT.... + CODds..mg.L. + NSEC.Effluent.TSS + NSEC.Effluent.Flow",0.0723226275721134,0.721780921815042,"3,2"
"7371","N..Eff..TSS.Conc. + Temp..of.NSEC.Main.Ch. + UVT.... + CODds..mg.L. + NSEC.Effluent.NO5 + NSEC.Effluent.Flow",0.0292148818240718,0.70276850036853,"3,2"
"7372","N..Eff..TSS.Conc. + Temp..of.NSEC.Main.Ch. + UVT.... + SACto..1.m. + NSEC.Aerobic.SRT + NSEC.Effluent.NH3",0.145232472878743,0.707874873117705,"3,2"
"7373","N..Eff..TSS.Conc. + Temp..of.NSEC.Main.Ch. + UVT.... + SACto..1.m. + NSEC.Aerobic.SRT + NSEC.Effluent.NO3",0.00022870625738447,0.741257220783046,"3,2"
"7374","N..Eff..TSS.Conc. + Temp..of.NSEC.Main.Ch. + UVT.... + SACto..1.m. + NSEC.Aerobic.SRT + NSEC.Effluent.OP",0.117107111324336,0.646592926184139,"3,2"
"7375","N..Eff..TSS.Conc. + Temp..of.NSEC.Main.Ch. + UVT.... + SACto..1.m. + NSEC.Aerobic.SRT + NSEC.Effluent.TSS",0.123215190774831,0.714479437607686,"3,2"
"7376","N..Eff..TSS.Conc. + Temp..of.NSEC.Main.Ch. + UVT.... + SACto..1.m. + NSEC.Aerobic.SRT + NSEC.Effluent.NO5",0.00112751646757725,0.712128380571055,"3,2"
"7377","N..Eff..TSS.Conc. + Temp..of.NSEC.Main.Ch. + UVT.... + SACto..1.m. + NSEC.Aerobic.SRT + NSEC.Effluent.Flow",0.264379502290332,0.678935706039241,"3,2"
"7378","N..Eff..TSS.Conc. + Temp..of.NSEC.Main.Ch. + UVT.... + SACto..1.m. + NSEC.Effluent.NH3 + NSEC.Effluent.NO3",0.197623209097828,0.595539296555693,"3,2"
"7379","N..Eff..TSS.Conc. + Temp..of.NSEC.Main.Ch. + UVT.... + SACto..1.m. + NSEC.Effluent.NH3 + NSEC.Effluent.OP",0.0810511015817144,0.454954098315331,"3,2"
"7380","N..Eff..TSS.Conc. + Temp..of.NSEC.Main.Ch. + UVT.... + SACto..1.m. + NSEC.Effluent.NH3 + NSEC.Effluent.TSS",0.222078598466829,0.543771391772633,"3,2"
"7381","N..Eff..TSS.Conc. + Temp..of.NSEC.Main.Ch. + UVT.... + SACto..1.m. + NSEC.Effluent.NH3 + NSEC.Effluent.NO5",0.0760602146726832,0.502260796654338,"3,2"
"7382","N..Eff..TSS.Conc. + Temp..of.NSEC.Main.Ch. + UVT.... + SACto..1.m. + NSEC.Effluent.NH3 + NSEC.Effluent.Flow",0.204279552098743,0.546648200471769,"3,2"
"7383","N..Eff..TSS.Conc. + Temp..of.NSEC.Main.Ch. + UVT.... + SACto..1.m. + NSEC.Effluent.NO3 + NSEC.Effluent.OP",0.106803756586491,0.610098962570266,"3,2"
"7384","N..Eff..TSS.Conc. + Temp..of.NSEC.Main.Ch. + UVT.... + SACto..1.m. + NSEC.Effluent.NO3 + NSEC.Effluent.TSS",0.2630402342175,0.455305537844954,"3,2"
"7385","N..Eff..TSS.Conc. + Temp..of.NSEC.Main.Ch. + UVT.... + SACto..1.m. + NSEC.Effluent.NO3 + NSEC.Effluent.NO5",0.0934137806052546,0.506733319505639,"3,2"
"7386","N..Eff..TSS.Conc. + Temp..of.NSEC.Main.Ch. + UVT.... + SACto..1.m. + NSEC.Effluent.NO3 + NSEC.Effluent.Flow",0.061076439476105,0.517425658926019,"3,2"
"7387","N..Eff..TSS.Conc. + Temp..of.NSEC.Main.Ch. + UVT.... + SACto..1.m. + NSEC.Effluent.OP + NSEC.Effluent.TSS",0.0935137933515917,0.495854192866287,"3,2"
"7388","N..Eff..TSS.Conc. + Temp..of.NSEC.Main.Ch. + UVT.... + SACto..1.m. + NSEC.Effluent.OP + NSEC.Effluent.NO5",0.107667168867458,0.639663136157979,"3,2"
"7389","N..Eff..TSS.Conc. + Temp..of.NSEC.Main.Ch. + UVT.... + SACto..1.m. + NSEC.Effluent.OP + NSEC.Effluent.Flow",0.0781565617293207,0.632958792137433,"3,2"
"7390","N..Eff..TSS.Conc. + Temp..of.NSEC.Main.Ch. + UVT.... + SACto..1.m. + NSEC.Effluent.TSS + NSEC.Effluent.NO5",0.0796559184623091,0.386900259835805,"3,2"
"7391","N..Eff..TSS.Conc. + Temp..of.NSEC.Main.Ch. + UVT.... + SACto..1.m. + NSEC.Effluent.TSS + NSEC.Effluent.Flow",0.0822216269807392,0.453179584668098,"3,2"
"7392","N..Eff..TSS.Conc. + Temp..of.NSEC.Main.Ch. + UVT.... + SACto..1.m. + NSEC.Effluent.NO5 + NSEC.Effluent.Flow",0.0536199829104467,0.413020780592651,"3,2"
"7393","N..Eff..TSS.Conc. + Temp..of.NSEC.Main.Ch. + UVT.... + NSEC.Aerobic.SRT + NSEC.Effluent.NH3 + NSEC.Effluent.NO3",0.102542877869898,0.724738907877588,"3,2"
"7394","N..Eff..TSS.Conc. + Temp..of.NSEC.Main.Ch. + UVT.... + NSEC.Aerobic.SRT + NSEC.Effluent.NH3 + NSEC.Effluent.OP",0.37602790683545,0.738731795277222,"3,2"
"7395","N..Eff..TSS.Conc. + Temp..of.NSEC.Main.Ch. + UVT.... + NSEC.Aerobic.SRT + NSEC.Effluent.NH3 + NSEC.Effluent.TSS",0.0253405671814408,0.72506365252528,"3,2"
"7396","N..Eff..TSS.Conc. + Temp..of.NSEC.Main.Ch. + UVT.... + NSEC.Aerobic.SRT + NSEC.Effluent.NH3 + NSEC.Effluent.NO5",0.154409353612166,0.736058019585845,"3,2"
"7397","N..Eff..TSS.Conc. + Temp..of.NSEC.Main.Ch. + UVT.... + NSEC.Aerobic.SRT + NSEC.Effluent.NH3 + NSEC.Effluent.Flow",0.00633649081417476,0.445874736024314,"3,2"
"7398","N..Eff..TSS.Conc. + Temp..of.NSEC.Main.Ch. + UVT.... + NSEC.Aerobic.SRT + NSEC.Effluent.NO3 + NSEC.Effluent.OP",0.182932541541159,0.739118464500179,"3,2"
"7399","N..Eff..TSS.Conc. + Temp..of.NSEC.Main.Ch. + UVT.... + NSEC.Aerobic.SRT + NSEC.Effluent.NO3 + NSEC.Effluent.TSS",0.25189523810962,0.656137211057084,"3,2"
"7400","N..Eff..TSS.Conc. + Temp..of.NSEC.Main.Ch. + UVT.... + NSEC.Aerobic.SRT + NSEC.Effluent.NO3 + NSEC.Effluent.NO5",0.00533673200073537,0.710753890135817,"3,2"
"7401","N..Eff..TSS.Conc. + Temp..of.NSEC.Main.Ch. + UVT.... + NSEC.Aerobic.SRT + NSEC.Effluent.NO3 + NSEC.Effluent.Flow",0.424856403622283,0.795168864250968,"3,2"
"7402","N..Eff..TSS.Conc. + Temp..of.NSEC.Main.Ch. + UVT.... + NSEC.Aerobic.SRT + NSEC.Effluent.OP + NSEC.Effluent.TSS",0.0309267499270578,0.343797550541882,"3,2"
"7403","N..Eff..TSS.Conc. + Temp..of.NSEC.Main.Ch. + UVT.... + NSEC.Aerobic.SRT + NSEC.Effluent.OP + NSEC.Effluent.NO5",0.102620363832399,0.723947466080523,"3,2"
"7404","N..Eff..TSS.Conc. + Temp..of.NSEC.Main.Ch. + UVT.... + NSEC.Aerobic.SRT + NSEC.Effluent.OP + NSEC.Effluent.Flow",0.115860586501746,0.808479651659508,"3,2"
"7405","N..Eff..TSS.Conc. + Temp..of.NSEC.Main.Ch. + UVT.... + NSEC.Aerobic.SRT + NSEC.Effluent.TSS + NSEC.Effluent.NO5",0.298399857381812,0.781836636345738,"3,2"
"7406","N..Eff..TSS.Conc. + Temp..of.NSEC.Main.Ch. + UVT.... + NSEC.Aerobic.SRT + NSEC.Effluent.TSS + NSEC.Effluent.Flow",0.00235558669091329,0.771843411542696,"3,2"
"7407","N..Eff..TSS.Conc. + Temp..of.NSEC.Main.Ch. + UVT.... + NSEC.Aerobic.SRT + NSEC.Effluent.NO5 + NSEC.Effluent.Flow",0.0646539998985889,0.743445000920105,"3,2"
"7408","N..Eff..TSS.Conc. + Temp..of.NSEC.Main.Ch. + UVT.... + NSEC.Effluent.NH3 + NSEC.Effluent.NO3 + NSEC.Effluent.OP",0.0854294022909632,0.482040135720202,"3,2"
"7409","N..Eff..TSS.Conc. + Temp..of.NSEC.Main.Ch. + UVT.... + NSEC.Effluent.NH3 + NSEC.Effluent.NO3 + NSEC.Effluent.TSS",0.07756820598029,0.504464436298284,"3,2"
"7410","N..Eff..TSS.Conc. + Temp..of.NSEC.Main.Ch. + UVT.... + NSEC.Effluent.NH3 + NSEC.Effluent.NO3 + NSEC.Effluent.NO5",0.0911343725806759,0.550247149969593,"3,2"
"7411","N..Eff..TSS.Conc. + Temp..of.NSEC.Main.Ch. + UVT.... + NSEC.Effluent.NH3 + NSEC.Effluent.NO3 + NSEC.Effluent.Flow",0.183886220652731,0.653099625548156,"3,2"
"7412","N..Eff..TSS.Conc. + Temp..of.NSEC.Main.Ch. + UVT.... + NSEC.Effluent.NH3 + NSEC.Effluent.OP + NSEC.Effluent.TSS",0.0549865047317493,0.62811540175706,"3,2"
"7413","N..Eff..TSS.Conc. + Temp..of.NSEC.Main.Ch. + UVT.... + NSEC.Effluent.NH3 + NSEC.Effluent.OP + NSEC.Effluent.NO5",0.0572933178899317,0.598423640015601,"3,2"
"7414","N..Eff..TSS.Conc. + Temp..of.NSEC.Main.Ch. + UVT.... + NSEC.Effluent.NH3 + NSEC.Effluent.OP + NSEC.Effluent.Flow",0.364964464685093,0.673459491658448,"3,2"
"7415","N..Eff..TSS.Conc. + Temp..of.NSEC.Main.Ch. + UVT.... + NSEC.Effluent.NH3 + NSEC.Effluent.TSS + NSEC.Effluent.NO5",0.165489307051463,0.538953882036859,"3,2"
"7416","N..Eff..TSS.Conc. + Temp..of.NSEC.Main.Ch. + UVT.... + NSEC.Effluent.NH3 + NSEC.Effluent.TSS + NSEC.Effluent.Flow",0.0135198396911891,0.630066488890859,"3,2"
"7417","N..Eff..TSS.Conc. + Temp..of.NSEC.Main.Ch. + UVT.... + NSEC.Effluent.NH3 + NSEC.Effluent.NO5 + NSEC.Effluent.Flow",0.0824290713729279,0.627632317205687,"3,2"
"7418","N..Eff..TSS.Conc. + Temp..of.NSEC.Main.Ch. + UVT.... + NSEC.Effluent.NO3 + NSEC.Effluent.OP + NSEC.Effluent.TSS",0.0164058853205278,0.614743447674714,"3,2"
"7419","N..Eff..TSS.Conc. + Temp..of.NSEC.Main.Ch. + UVT.... + NSEC.Effluent.NO3 + NSEC.Effluent.OP + NSEC.Effluent.NO5",0.103440013625432,0.579579738308751,"3,2"
"7420","N..Eff..TSS.Conc. + Temp..of.NSEC.Main.Ch. + UVT.... + NSEC.Effluent.NO3 + NSEC.Effluent.OP + NSEC.Effluent.Flow",0.0977272507816371,0.770120455837665,"3,2"
"7421","N..Eff..TSS.Conc. + Temp..of.NSEC.Main.Ch. + UVT.... + NSEC.Effluent.NO3 + NSEC.Effluent.TSS + NSEC.Effluent.NO5",0.158149021040685,0.530365604464447,"3,2"
"7422","N..Eff..TSS.Conc. + Temp..of.NSEC.Main.Ch. + UVT.... + NSEC.Effluent.NO3 + NSEC.Effluent.TSS + NSEC.Effluent.Flow",0.0141884596190223,0.60315473249604,"3,2"
"7423","N..Eff..TSS.Conc. + Temp..of.NSEC.Main.Ch. + UVT.... + NSEC.Effluent.NO3 + NSEC.Effluent.NO5 + NSEC.Effluent.Flow",0.0759428480235629,0.588873867589711,"3,2"
"7424","N..Eff..TSS.Conc. + Temp..of.NSEC.Main.Ch. + UVT.... + NSEC.Effluent.OP + NSEC.Effluent.TSS + NSEC.Effluent.NO5",0.188390515380793,0.567306882252892,"3,2"
"7425","N..Eff..TSS.Conc. + Temp..of.NSEC.Main.Ch. + UVT.... + NSEC.Effluent.OP + NSEC.Effluent.TSS + NSEC.Effluent.Flow",0.551367440676098,0.695760679201362,"3,2"
"7426","N..Eff..TSS.Conc. + Temp..of.NSEC.Main.Ch. + UVT.... + NSEC.Effluent.OP + NSEC.Effluent.NO5 + NSEC.Effluent.Flow",0.171388209218983,0.738365518283698,"3,2"
"7427","N..Eff..TSS.Conc. + Temp..of.NSEC.Main.Ch. + UVT.... + NSEC.Effluent.TSS + NSEC.Effluent.NO5 + NSEC.Effluent.Flow",0.0339320563105288,0.478866432176407,"3,2"
"7428","N..Eff..TSS.Conc. + Temp..of.NSEC.Main.Ch. + CODds..mg.L. + SACto..1.m. + NSEC.Aerobic.SRT + NSEC.Effluent.NH3",0.30927968550703,0.761280609338498,"3,2"
"7429","N..Eff..TSS.Conc. + Temp..of.NSEC.Main.Ch. + CODds..mg.L. + SACto..1.m. + NSEC.Aerobic.SRT + NSEC.Effluent.NO3",0.252537461182484,0.726446168149045,"3,2"
"7430","N..Eff..TSS.Conc. + Temp..of.NSEC.Main.Ch. + CODds..mg.L. + SACto..1.m. + NSEC.Aerobic.SRT + NSEC.Effluent.OP",0.219024019070054,0.658672299556373,"3,2"
"7431","N..Eff..TSS.Conc. + Temp..of.NSEC.Main.Ch. + CODds..mg.L. + SACto..1.m. + NSEC.Aerobic.SRT + NSEC.Effluent.TSS",0.144546011869245,0.662842950537566,"3,2"
"7432","N..Eff..TSS.Conc. + Temp..of.NSEC.Main.Ch. + CODds..mg.L. + SACto..1.m. + NSEC.Aerobic.SRT + NSEC.Effluent.NO5",0.179884823474003,0.672617016035906,"3,2"
"7433","N..Eff..TSS.Conc. + Temp..of.NSEC.Main.Ch. + CODds..mg.L. + SACto..1.m. + NSEC.Aerobic.SRT + NSEC.Effluent.Flow",0.0811551733579643,0.767460244968623,"3,2"
"7434","N..Eff..TSS.Conc. + Temp..of.NSEC.Main.Ch. + CODds..mg.L. + SACto..1.m. + NSEC.Effluent.NH3 + NSEC.Effluent.NO3",0.0257219693386412,0.600794067870056,"3,2"
"7435","N..Eff..TSS.Conc. + Temp..of.NSEC.Main.Ch. + CODds..mg.L. + SACto..1.m. + NSEC.Effluent.NH3 + NSEC.Effluent.OP",0.00377620590066385,0.628097170920188,"3,2"
"7436","N..Eff..TSS.Conc. + Temp..of.NSEC.Main.Ch. + CODds..mg.L. + SACto..1.m. + NSEC.Effluent.NH3 + NSEC.Effluent.TSS",0.0219994632342551,0.608582559845564,"3,2"
"7437","N..Eff..TSS.Conc. + Temp..of.NSEC.Main.Ch. + CODds..mg.L. + SACto..1.m. + NSEC.Effluent.NH3 + NSEC.Effluent.NO5",0.0569520123821274,0.571152858377913,"3,2"
"7438","N..Eff..TSS.Conc. + Temp..of.NSEC.Main.Ch. + CODds..mg.L. + SACto..1.m. + NSEC.Effluent.NH3 + NSEC.Effluent.Flow",0.28182420664599,0.679917124795154,"3,2"
"7439","N..Eff..TSS.Conc. + Temp..of.NSEC.Main.Ch. + CODds..mg.L. + SACto..1.m. + NSEC.Effluent.NO3 + NSEC.Effluent.OP",0.0462804624919309,0.605552494458303,"3,2"
"7440","N..Eff..TSS.Conc. + Temp..of.NSEC.Main.Ch. + CODds..mg.L. + SACto..1.m. + NSEC.Effluent.NO3 + NSEC.Effluent.TSS",0.0441133156645179,0.625243760322015,"3,2"
"7441","N..Eff..TSS.Conc. + Temp..of.NSEC.Main.Ch. + CODds..mg.L. + SACto..1.m. + NSEC.Effluent.NO3 + NSEC.Effluent.NO5",0.141782852386344,0.631142894025243,"3,2"
"7442","N..Eff..TSS.Conc. + Temp..of.NSEC.Main.Ch. + CODds..mg.L. + SACto..1.m. + NSEC.Effluent.NO3 + NSEC.Effluent.Flow",0.146786320183999,0.75379707794292,"3,2"
"7443","N..Eff..TSS.Conc. + Temp..of.NSEC.Main.Ch. + CODds..mg.L. + SACto..1.m. + NSEC.Effluent.OP + NSEC.Effluent.TSS",0.115660471402437,0.69147016796039,"3,2"
"7444","N..Eff..TSS.Conc. + Temp..of.NSEC.Main.Ch. + CODds..mg.L. + SACto..1.m. + NSEC.Effluent.OP + NSEC.Effluent.NO5",0.0101054890868708,0.618044342552517,"3,2"
"7445","N..Eff..TSS.Conc. + Temp..of.NSEC.Main.Ch. + CODds..mg.L. + SACto..1.m. + NSEC.Effluent.OP + NSEC.Effluent.Flow",0.220000000303017,0.705806133963942,"3,2"
"7446","N..Eff..TSS.Conc. + Temp..of.NSEC.Main.Ch. + CODds..mg.L. + SACto..1.m. + NSEC.Effluent.TSS + NSEC.Effluent.NO5",0.00957853339727688,0.599242140603918,"3,2"
"7447","N..Eff..TSS.Conc. + Temp..of.NSEC.Main.Ch. + CODds..mg.L. + SACto..1.m. + NSEC.Effluent.TSS + NSEC.Effluent.Flow",0.0655079416708109,0.754832143283049,"3,2"
"7448","N..Eff..TSS.Conc. + Temp..of.NSEC.Main.Ch. + CODds..mg.L. + SACto..1.m. + NSEC.Effluent.NO5 + NSEC.Effluent.Flow",0.239012561986963,0.683120535719099,"3,2"
"7449","N..Eff..TSS.Conc. + Temp..of.NSEC.Main.Ch. + CODds..mg.L. + NSEC.Aerobic.SRT + NSEC.Effluent.NH3 + NSEC.Effluent.NO3",0.201014368302546,0.643866216049693,"3,2"
"7450","N..Eff..TSS.Conc. + Temp..of.NSEC.Main.Ch. + CODds..mg.L. + NSEC.Aerobic.SRT + NSEC.Effluent.NH3 + NSEC.Effluent.OP",0.343835489300088,0.626428507528534,"3,2"
"7451","N..Eff..TSS.Conc. + Temp..of.NSEC.Main.Ch. + CODds..mg.L. + NSEC.Aerobic.SRT + NSEC.Effluent.NH3 + NSEC.Effluent.TSS",0.243738353574562,0.620768271580489,"3,2"
"7452","N..Eff..TSS.Conc. + Temp..of.NSEC.Main.Ch. + CODds..mg.L. + NSEC.Aerobic.SRT + NSEC.Effluent.NH3 + NSEC.Effluent.NO5",0.317929803641453,0.785387723998708,"3,2"
"7453","N..Eff..TSS.Conc. + Temp..of.NSEC.Main.Ch. + CODds..mg.L. + NSEC.Aerobic.SRT + NSEC.Effluent.NH3 + NSEC.Effluent.Flow",0.276104355851299,0.716757700403266,"3,2"
"7454","N..Eff..TSS.Conc. + Temp..of.NSEC.Main.Ch. + CODds..mg.L. + NSEC.Aerobic.SRT + NSEC.Effluent.NO3 + NSEC.Effluent.OP",0.330192900137784,0.677276970971358,"3,2"
"7455","N..Eff..TSS.Conc. + Temp..of.NSEC.Main.Ch. + CODds..mg.L. + NSEC.Aerobic.SRT + NSEC.Effluent.NO3 + NSEC.Effluent.TSS",0.0261201559842088,0.677528169334342,"3,2"
"7456","N..Eff..TSS.Conc. + Temp..of.NSEC.Main.Ch. + CODds..mg.L. + NSEC.Aerobic.SRT + NSEC.Effluent.NO3 + NSEC.Effluent.NO5",0.337196388870295,0.717356134282111,"3,2"
"7457","N..Eff..TSS.Conc. + Temp..of.NSEC.Main.Ch. + CODds..mg.L. + NSEC.Aerobic.SRT + NSEC.Effluent.NO3 + NSEC.Effluent.Flow",0.316833411487509,0.80576074731066,"3,2"
"7458","N..Eff..TSS.Conc. + Temp..of.NSEC.Main.Ch. + CODds..mg.L. + NSEC.Aerobic.SRT + NSEC.Effluent.OP + NSEC.Effluent.TSS",0.23430313273978,0.742224380961821,"3,2"
"7459","N..Eff..TSS.Conc. + Temp..of.NSEC.Main.Ch. + CODds..mg.L. + NSEC.Aerobic.SRT + NSEC.Effluent.OP + NSEC.Effluent.NO5",0.28165203052746,0.759728763084218,"3,2"
"7460","N..Eff..TSS.Conc. + Temp..of.NSEC.Main.Ch. + CODds..mg.L. + NSEC.Aerobic.SRT + NSEC.Effluent.OP + NSEC.Effluent.Flow",0.244589527788036,0.745095768914351,"3,2"
"7461","N..Eff..TSS.Conc. + Temp..of.NSEC.Main.Ch. + CODds..mg.L. + NSEC.Aerobic.SRT + NSEC.Effluent.TSS + NSEC.Effluent.NO5",0.262661200096707,0.730039050388281,"3,2"
"7462","N..Eff..TSS.Conc. + Temp..of.NSEC.Main.Ch. + CODds..mg.L. + NSEC.Aerobic.SRT + NSEC.Effluent.TSS + NSEC.Effluent.Flow",0.252769933304795,0.629634016055211,"3,2"
"7463","N..Eff..TSS.Conc. + Temp..of.NSEC.Main.Ch. + CODds..mg.L. + NSEC.Aerobic.SRT + NSEC.Effluent.NO5 + NSEC.Effluent.Flow",0.0928395066515744,0.74156036888815,"3,2"
"7464","N..Eff..TSS.Conc. + Temp..of.NSEC.Main.Ch. + CODds..mg.L. + NSEC.Effluent.NH3 + NSEC.Effluent.NO3 + NSEC.Effluent.OP",0.00989266955955515,0.583549008468072,"3,2"
"7465","N..Eff..TSS.Conc. + Temp..of.NSEC.Main.Ch. + CODds..mg.L. + NSEC.Effluent.NH3 + NSEC.Effluent.NO3 + NSEC.Effluent.TSS",0.0457737615087896,0.649763156676434,"3,2"
"7466","N..Eff..TSS.Conc. + Temp..of.NSEC.Main.Ch. + CODds..mg.L. + NSEC.Effluent.NH3 + NSEC.Effluent.NO3 + NSEC.Effluent.NO5",0.0071137904166596,0.685707689985602,"3,2"
"7467","N..Eff..TSS.Conc. + Temp..of.NSEC.Main.Ch. + CODds..mg.L. + NSEC.Effluent.NH3 + NSEC.Effluent.NO3 + NSEC.Effluent.Flow",0.180252843925802,0.628638040715612,"3,2"
"7468","N..Eff..TSS.Conc. + Temp..of.NSEC.Main.Ch. + CODds..mg.L. + NSEC.Effluent.NH3 + NSEC.Effluent.OP + NSEC.Effluent.TSS",0.0991137958324679,0.510055606015134,"3,2"
"7469","N..Eff..TSS.Conc. + Temp..of.NSEC.Main.Ch. + CODds..mg.L. + NSEC.Effluent.NH3 + NSEC.Effluent.OP + NSEC.Effluent.NO5",0.11854525934908,0.538920510587222,"3,2"
"7470","N..Eff..TSS.Conc. + Temp..of.NSEC.Main.Ch. + CODds..mg.L. + NSEC.Effluent.NH3 + NSEC.Effluent.OP + NSEC.Effluent.Flow",0.0600944791387161,0.629539148336896,"3,2"
"7471","N..Eff..TSS.Conc. + Temp..of.NSEC.Main.Ch. + CODds..mg.L. + NSEC.Effluent.NH3 + NSEC.Effluent.TSS + NSEC.Effluent.NO5",0.120525226745082,0.560845866856129,"3,2"
"7472","N..Eff..TSS.Conc. + Temp..of.NSEC.Main.Ch. + CODds..mg.L. + NSEC.Effluent.NH3 + NSEC.Effluent.TSS + NSEC.Effluent.Flow",0.0562151672375291,0.602340857841947,"3,2"
"7473","N..Eff..TSS.Conc. + Temp..of.NSEC.Main.Ch. + CODds..mg.L. + NSEC.Effluent.NH3 + NSEC.Effluent.NO5 + NSEC.Effluent.Flow",0.169022911409661,0.612821493598464,"3,2"
"7474","N..Eff..TSS.Conc. + Temp..of.NSEC.Main.Ch. + CODds..mg.L. + NSEC.Effluent.NO3 + NSEC.Effluent.OP + NSEC.Effluent.TSS",0.0377847757038503,0.555628766596663,"3,2"
"7475","N..Eff..TSS.Conc. + Temp..of.NSEC.Main.Ch. + CODds..mg.L. + NSEC.Effluent.NO3 + NSEC.Effluent.OP + NSEC.Effluent.NO5",0.0955490218662405,0.698996313715951,"3,2"
"7476","N..Eff..TSS.Conc. + Temp..of.NSEC.Main.Ch. + CODds..mg.L. + NSEC.Effluent.NO3 + NSEC.Effluent.OP + NSEC.Effluent.Flow",0.00466584052944374,0.635024061136569,"3,2"
"7477","N..Eff..TSS.Conc. + Temp..of.NSEC.Main.Ch. + CODds..mg.L. + NSEC.Effluent.NO3 + NSEC.Effluent.TSS + NSEC.Effluent.NO5",0.047459808674859,0.645024124339974,"3,2"
"7478","N..Eff..TSS.Conc. + Temp..of.NSEC.Main.Ch. + CODds..mg.L. + NSEC.Effluent.NO3 + NSEC.Effluent.TSS + NSEC.Effluent.Flow",0.225664792203585,0.655243663727485,"3,2"
"7479","N..Eff..TSS.Conc. + Temp..of.NSEC.Main.Ch. + CODds..mg.L. + NSEC.Effluent.NO3 + NSEC.Effluent.NO5 + NSEC.Effluent.Flow",0.00811201507547255,0.650700768107051,"3,2"
"7480","N..Eff..TSS.Conc. + Temp..of.NSEC.Main.Ch. + CODds..mg.L. + NSEC.Effluent.OP + NSEC.Effluent.TSS + NSEC.Effluent.NO5",0.210474223951427,0.559122720504111,"3,2"
"7481","N..Eff..TSS.Conc. + Temp..of.NSEC.Main.Ch. + CODds..mg.L. + NSEC.Effluent.OP + NSEC.Effluent.TSS + NSEC.Effluent.Flow",0.017366088432845,0.550626704030117,"3,2"
"7482","N..Eff..TSS.Conc. + Temp..of.NSEC.Main.Ch. + CODds..mg.L. + NSEC.Effluent.OP + NSEC.Effluent.NO5 + NSEC.Effluent.Flow",0.114303798384413,0.609272886610177,"3,2"
"7483","N..Eff..TSS.Conc. + Temp..of.NSEC.Main.Ch. + CODds..mg.L. + NSEC.Effluent.TSS + NSEC.Effluent.NO5 + NSEC.Effluent.Flow",0.0660080433727561,0.543755136595333,"3,2"
"7484","N..Eff..TSS.Conc. + Temp..of.NSEC.Main.Ch. + SACto..1.m. + NSEC.Aerobic.SRT + NSEC.Effluent.NH3 + NSEC.Effluent.NO3",0.113255398153802,0.778405195263442,"3,2"
"7485","N..Eff..TSS.Conc. + Temp..of.NSEC.Main.Ch. + SACto..1.m. + NSEC.Aerobic.SRT + NSEC.Effluent.NH3 + NSEC.Effluent.OP",0.035774765414641,0.507021445834602,"3,2"
"7486","N..Eff..TSS.Conc. + Temp..of.NSEC.Main.Ch. + SACto..1.m. + NSEC.Aerobic.SRT + NSEC.Effluent.NH3 + NSEC.Effluent.TSS",0.175760861939622,0.678447722614176,"3,2"
"7487","N..Eff..TSS.Conc. + Temp..of.NSEC.Main.Ch. + SACto..1.m. + NSEC.Aerobic.SRT + NSEC.Effluent.NH3 + NSEC.Effluent.NO5",0.155832421506171,0.709746925521539,"3,2"
"7488","N..Eff..TSS.Conc. + Temp..of.NSEC.Main.Ch. + SACto..1.m. + NSEC.Aerobic.SRT + NSEC.Effluent.NH3 + NSEC.Effluent.Flow",0.222391461591949,0.75913319981408,"3,2"
"7489","N..Eff..TSS.Conc. + Temp..of.NSEC.Main.Ch. + SACto..1.m. + NSEC.Aerobic.SRT + NSEC.Effluent.NO3 + NSEC.Effluent.OP",0.205298373734606,0.714393523895752,"3,2"
"7490","N..Eff..TSS.Conc. + Temp..of.NSEC.Main.Ch. + SACto..1.m. + NSEC.Aerobic.SRT + NSEC.Effluent.NO3 + NSEC.Effluent.TSS",0.0997707196184712,0.712831993265936,"3,2"
"7491","N..Eff..TSS.Conc. + Temp..of.NSEC.Main.Ch. + SACto..1.m. + NSEC.Aerobic.SRT + NSEC.Effluent.NO3 + NSEC.Effluent.NO5",0.0302917890800274,0.762952855083817,"3,2"
"7492","N..Eff..TSS.Conc. + Temp..of.NSEC.Main.Ch. + SACto..1.m. + NSEC.Aerobic.SRT + NSEC.Effluent.NO3 + NSEC.Effluent.Flow",0.0869532506521251,0.766157226629315,"3,2"
"7493","N..Eff..TSS.Conc. + Temp..of.NSEC.Main.Ch. + SACto..1.m. + NSEC.Aerobic.SRT + NSEC.Effluent.OP + NSEC.Effluent.TSS",0.256911748478207,0.770331540314716,"3,2"
"7494","N..Eff..TSS.Conc. + Temp..of.NSEC.Main.Ch. + SACto..1.m. + NSEC.Aerobic.SRT + NSEC.Effluent.OP + NSEC.Effluent.NO5",0.0999917171779425,0.608854407913356,"3,2"
"7495","N..Eff..TSS.Conc. + Temp..of.NSEC.Main.Ch. + SACto..1.m. + NSEC.Aerobic.SRT + NSEC.Effluent.OP + NSEC.Effluent.Flow",0.174151876737837,0.701660132494473,"3,2"
"7496","N..Eff..TSS.Conc. + Temp..of.NSEC.Main.Ch. + SACto..1.m. + NSEC.Aerobic.SRT + NSEC.Effluent.TSS + NSEC.Effluent.NO5",0.065681588673991,0.726368829691917,"3,2"
"7497","N..Eff..TSS.Conc. + Temp..of.NSEC.Main.Ch. + SACto..1.m. + NSEC.Aerobic.SRT + NSEC.Effluent.TSS + NSEC.Effluent.Flow",0.041380858554001,0.786347575615984,"3,2"
"7498","N..Eff..TSS.Conc. + Temp..of.NSEC.Main.Ch. + SACto..1.m. + NSEC.Aerobic.SRT + NSEC.Effluent.NO5 + NSEC.Effluent.Flow",0.0803410729487777,0.546727028993608,"3,2"
"7499","N..Eff..TSS.Conc. + Temp..of.NSEC.Main.Ch. + SACto..1.m. + NSEC.Effluent.NH3 + NSEC.Effluent.NO3 + NSEC.Effluent.OP",0.237524091956961,0.582439783852,"3,2"
"7500","N..Eff..TSS.Conc. + Temp..of.NSEC.Main.Ch. + SACto..1.m. + NSEC.Effluent.NH3 + NSEC.Effluent.NO3 + NSEC.Effluent.TSS",0.0375834696569066,0.316836873987791,"3,2"
"7501","N..Eff..TSS.Conc. + Temp..of.NSEC.Main.Ch. + SACto..1.m. + NSEC.Effluent.NH3 + NSEC.Effluent.NO3 + NSEC.Effluent.NO5",0.0624364678046203,0.58220056289474,"3,2"
"7502","N..Eff..TSS.Conc. + Temp..of.NSEC.Main.Ch. + SACto..1.m. + NSEC.Effluent.NH3 + NSEC.Effluent.NO3 + NSEC.Effluent.Flow",0.193464530958578,0.164934610184421,"3,2"
"7503","N..Eff..TSS.Conc. + Temp..of.NSEC.Main.Ch. + SACto..1.m. + NSEC.Effluent.NH3 + NSEC.Effluent.OP + NSEC.Effluent.TSS",0.123126044798823,0.55658390352454,"3,2"
"7504","N..Eff..TSS.Conc. + Temp..of.NSEC.Main.Ch. + SACto..1.m. + NSEC.Effluent.NH3 + NSEC.Effluent.OP + NSEC.Effluent.NO5",0.0282374250401034,0.615917191663005,"3,2"
"7505","N..Eff..TSS.Conc. + Temp..of.NSEC.Main.Ch. + SACto..1.m. + NSEC.Effluent.NH3 + NSEC.Effluent.OP + NSEC.Effluent.Flow",0.120924298497589,0.705630321946295,"3,2"
"7506","N..Eff..TSS.Conc. + Temp..of.NSEC.Main.Ch. + SACto..1.m. + NSEC.Effluent.NH3 + NSEC.Effluent.TSS + NSEC.Effluent.NO5",0.00800062589635075,0.508247807323917,"3,2"
"7507","N..Eff..TSS.Conc. + Temp..of.NSEC.Main.Ch. + SACto..1.m. + NSEC.Effluent.NH3 + NSEC.Effluent.TSS + NSEC.Effluent.Flow",0.0748718445598517,0.555512491493074,"3,2"
"7508","N..Eff..TSS.Conc. + Temp..of.NSEC.Main.Ch. + SACto..1.m. + NSEC.Effluent.NH3 + NSEC.Effluent.NO5 + NSEC.Effluent.Flow",0.173682020774664,0.500108519297777,"3,2"
"7509","N..Eff..TSS.Conc. + Temp..of.NSEC.Main.Ch. + SACto..1.m. + NSEC.Effluent.NO3 + NSEC.Effluent.OP + NSEC.Effluent.TSS",0.0365610883783694,0.654748249195459,"3,2"
"7510","N..Eff..TSS.Conc. + Temp..of.NSEC.Main.Ch. + SACto..1.m. + NSEC.Effluent.NO3 + NSEC.Effluent.OP + NSEC.Effluent.NO5",0.140364752333148,0.703085086352224,"3,2"
"7511","N..Eff..TSS.Conc. + Temp..of.NSEC.Main.Ch. + SACto..1.m. + NSEC.Effluent.NO3 + NSEC.Effluent.OP + NSEC.Effluent.Flow",0.117560750132442,0.73928396498929,"3,2"
"7512","N..Eff..TSS.Conc. + Temp..of.NSEC.Main.Ch. + SACto..1.m. + NSEC.Effluent.NO3 + NSEC.Effluent.TSS + NSEC.Effluent.NO5",0.279959949917991,0.530845062892027,"3,2"
"7513","N..Eff..TSS.Conc. + Temp..of.NSEC.Main.Ch. + SACto..1.m. + NSEC.Effluent.NO3 + NSEC.Effluent.TSS + NSEC.Effluent.Flow",0.122541099108741,0.517231120617481,"3,2"
"7514","N..Eff..TSS.Conc. + Temp..of.NSEC.Main.Ch. + SACto..1.m. + NSEC.Effluent.NO3 + NSEC.Effluent.NO5 + NSEC.Effluent.Flow",0.0573300467945392,0.584761042176217,"3,2"
"7515","N..Eff..TSS.Conc. + Temp..of.NSEC.Main.Ch. + SACto..1.m. + NSEC.Effluent.OP + NSEC.Effluent.TSS + NSEC.Effluent.NO5",0.0845687192381783,0.59674143383895,"3,2"
"7516","N..Eff..TSS.Conc. + Temp..of.NSEC.Main.Ch. + SACto..1.m. + NSEC.Effluent.OP + NSEC.Effluent.TSS + NSEC.Effluent.Flow",0.141630882982362,0.684314749582389,"3,2"
"7517","N..Eff..TSS.Conc. + Temp..of.NSEC.Main.Ch. + SACto..1.m. + NSEC.Effluent.OP + NSEC.Effluent.NO5 + NSEC.Effluent.Flow",0.0129921943573317,0.63908928439452,"3,2"
"7518","N..Eff..TSS.Conc. + Temp..of.NSEC.Main.Ch. + SACto..1.m. + NSEC.Effluent.TSS + NSEC.Effluent.NO5 + NSEC.Effluent.Flow",0.16364256092024,0.58646592597296,"3,2"
"7519","N..Eff..TSS.Conc. + Temp..of.NSEC.Main.Ch. + NSEC.Aerobic.SRT + NSEC.Effluent.NH3 + NSEC.Effluent.NO3 + NSEC.Effluent.OP",0.0788743547596984,0.758661637501827,"3,2"
"7520","N..Eff..TSS.Conc. + Temp..of.NSEC.Main.Ch. + NSEC.Aerobic.SRT + NSEC.Effluent.NH3 + NSEC.Effluent.NO3 + NSEC.Effluent.TSS",0.313769174813209,0.674964471753173,"3,2"
"7521","N..Eff..TSS.Conc. + Temp..of.NSEC.Main.Ch. + NSEC.Aerobic.SRT + NSEC.Effluent.NH3 + NSEC.Effluent.NO3 + NSEC.Effluent.NO5",0.168521771904135,0.573942282223216,"3,2"
"7522","N..Eff..TSS.Conc. + Temp..of.NSEC.Main.Ch. + NSEC.Aerobic.SRT + NSEC.Effluent.NH3 + NSEC.Effluent.NO3 + NSEC.Effluent.Flow",0.00328418354358928,0.738601905018398,"3,2"
"7523","N..Eff..TSS.Conc. + Temp..of.NSEC.Main.Ch. + NSEC.Aerobic.SRT + NSEC.Effluent.NH3 + NSEC.Effluent.OP + NSEC.Effluent.TSS",0.166478235373547,0.733925857934936,"3,2"
"7524","N..Eff..TSS.Conc. + Temp..of.NSEC.Main.Ch. + NSEC.Aerobic.SRT + NSEC.Effluent.NH3 + NSEC.Effluent.OP + NSEC.Effluent.NO5",0.0525271270805234,0.572373454108938,"3,2"
"7525","N..Eff..TSS.Conc. + Temp..of.NSEC.Main.Ch. + NSEC.Aerobic.SRT + NSEC.Effluent.NH3 + NSEC.Effluent.OP + NSEC.Effluent.Flow",0.0930655581407398,0.665181041033769,"3,2"
"7526","N..Eff..TSS.Conc. + Temp..of.NSEC.Main.Ch. + NSEC.Aerobic.SRT + NSEC.Effluent.NH3 + NSEC.Effluent.TSS + NSEC.Effluent.NO5",0.300023256243769,0.668688421183799,"3,2"
"7527","N..Eff..TSS.Conc. + Temp..of.NSEC.Main.Ch. + NSEC.Aerobic.SRT + NSEC.Effluent.NH3 + NSEC.Effluent.TSS + NSEC.Effluent.Flow",0.369580353558441,0.644759533638895,"3,2"
"7528","N..Eff..TSS.Conc. + Temp..of.NSEC.Main.Ch. + NSEC.Aerobic.SRT + NSEC.Effluent.NH3 + NSEC.Effluent.NO5 + NSEC.Effluent.Flow",1.82151270826658e-05,0.456875346163002,"3,2"
"7529","N..Eff..TSS.Conc. + Temp..of.NSEC.Main.Ch. + NSEC.Aerobic.SRT + NSEC.Effluent.NO3 + NSEC.Effluent.OP + NSEC.Effluent.TSS",0.0363929620995105,0.49556953880766,"3,2"
"7530","N..Eff..TSS.Conc. + Temp..of.NSEC.Main.Ch. + NSEC.Aerobic.SRT + NSEC.Effluent.NO3 + NSEC.Effluent.OP + NSEC.Effluent.NO5",0.211016312698244,0.731390421697331,"3,2"
"7531","N..Eff..TSS.Conc. + Temp..of.NSEC.Main.Ch. + NSEC.Aerobic.SRT + NSEC.Effluent.NO3 + NSEC.Effluent.OP + NSEC.Effluent.Flow",0.102629743675465,0.546924625886554,"3,2"
"7532","N..Eff..TSS.Conc. + Temp..of.NSEC.Main.Ch. + NSEC.Aerobic.SRT + NSEC.Effluent.NO3 + NSEC.Effluent.TSS + NSEC.Effluent.NO5",0.00190166174051898,0.382066905565424,"3,2"
"7533","N..Eff..TSS.Conc. + Temp..of.NSEC.Main.Ch. + NSEC.Aerobic.SRT + NSEC.Effluent.NO3 + NSEC.Effluent.TSS + NSEC.Effluent.Flow",0.2621954009794,0.703000405040669,"3,2"
"7534","N..Eff..TSS.Conc. + Temp..of.NSEC.Main.Ch. + NSEC.Aerobic.SRT + NSEC.Effluent.NO3 + NSEC.Effluent.NO5 + NSEC.Effluent.Flow",0.00117754751964605,0.444219179907917,"3,2"
"7535","N..Eff..TSS.Conc. + Temp..of.NSEC.Main.Ch. + NSEC.Aerobic.SRT + NSEC.Effluent.OP + NSEC.Effluent.TSS + NSEC.Effluent.NO5",0.187063508429652,0.709634061747598,"3,2"
"7536","N..Eff..TSS.Conc. + Temp..of.NSEC.Main.Ch. + NSEC.Aerobic.SRT + NSEC.Effluent.OP + NSEC.Effluent.TSS + NSEC.Effluent.Flow",0.239114727309052,0.698075638540806,"3,2"
"7537","N..Eff..TSS.Conc. + Temp..of.NSEC.Main.Ch. + NSEC.Aerobic.SRT + NSEC.Effluent.OP + NSEC.Effluent.NO5 + NSEC.Effluent.Flow",0.297083216644627,0.685500659479809,"3,2"
"7538","N..Eff..TSS.Conc. + Temp..of.NSEC.Main.Ch. + NSEC.Aerobic.SRT + NSEC.Effluent.TSS + NSEC.Effluent.NO5 + NSEC.Effluent.Flow",0.00393331487423421,0.388058308833497,"3,2"
"7539","N..Eff..TSS.Conc. + Temp..of.NSEC.Main.Ch. + NSEC.Effluent.NH3 + NSEC.Effluent.NO3 + NSEC.Effluent.OP + NSEC.Effluent.TSS",0.200457789267469,0.622680655335348,"3,2"
"7540","N..Eff..TSS.Conc. + Temp..of.NSEC.Main.Ch. + NSEC.Effluent.NH3 + NSEC.Effluent.NO3 + NSEC.Effluent.OP + NSEC.Effluent.NO5",0.376621679590831,0.632678407689345,"3,2"
"7541","N..Eff..TSS.Conc. + Temp..of.NSEC.Main.Ch. + NSEC.Effluent.NH3 + NSEC.Effluent.NO3 + NSEC.Effluent.OP + NSEC.Effluent.Flow",0.278475620936703,0.633589539257957,"3,2"
"7542","N..Eff..TSS.Conc. + Temp..of.NSEC.Main.Ch. + NSEC.Effluent.NH3 + NSEC.Effluent.NO3 + NSEC.Effluent.TSS + NSEC.Effluent.NO5",0.152948359381725,0.631687140131886,"3,2"
"7543","N..Eff..TSS.Conc. + Temp..of.NSEC.Main.Ch. + NSEC.Effluent.NH3 + NSEC.Effluent.NO3 + NSEC.Effluent.TSS + NSEC.Effluent.Flow",0.0210727865576144,0.475226353133948,"3,2"
"7544","N..Eff..TSS.Conc. + Temp..of.NSEC.Main.Ch. + NSEC.Effluent.NH3 + NSEC.Effluent.NO3 + NSEC.Effluent.NO5 + NSEC.Effluent.Flow",0.161342340057434,0.626291823935421,"3,2"
"7545","N..Eff..TSS.Conc. + Temp..of.NSEC.Main.Ch. + NSEC.Effluent.NH3 + NSEC.Effluent.OP + NSEC.Effluent.TSS + NSEC.Effluent.NO5",0.124866490393289,0.599976179635632,"3,2"
"7546","N..Eff..TSS.Conc. + Temp..of.NSEC.Main.Ch. + NSEC.Effluent.NH3 + NSEC.Effluent.OP + NSEC.Effluent.TSS + NSEC.Effluent.Flow",0.0340321346584231,0.474143422677412,"3,2"
"7547","N..Eff..TSS.Conc. + Temp..of.NSEC.Main.Ch. + NSEC.Effluent.NH3 + NSEC.Effluent.OP + NSEC.Effluent.NO5 + NSEC.Effluent.Flow",0.00517754595075259,0.559468519137145,"3,2"
"7548","N..Eff..TSS.Conc. + Temp..of.NSEC.Main.Ch. + NSEC.Effluent.NH3 + NSEC.Effluent.TSS + NSEC.Effluent.NO5 + NSEC.Effluent.Flow",0.0410427220375174,0.454647710087425,"3,2"
"7549","N..Eff..TSS.Conc. + Temp..of.NSEC.Main.Ch. + NSEC.Effluent.NO3 + NSEC.Effluent.OP + NSEC.Effluent.TSS + NSEC.Effluent.NO5",0.0799111142132127,0.61012456066813,"3,2"
"7550","N..Eff..TSS.Conc. + Temp..of.NSEC.Main.Ch. + NSEC.Effluent.NO3 + NSEC.Effluent.OP + NSEC.Effluent.TSS + NSEC.Effluent.Flow",0.231398146922424,0.609084724128971,"3,2"
"7551","N..Eff..TSS.Conc. + Temp..of.NSEC.Main.Ch. + NSEC.Effluent.NO3 + NSEC.Effluent.OP + NSEC.Effluent.NO5 + NSEC.Effluent.Flow",0.154458726257561,0.640336938134001,"3,2"
"7552","N..Eff..TSS.Conc. + Temp..of.NSEC.Main.Ch. + NSEC.Effluent.NO3 + NSEC.Effluent.TSS + NSEC.Effluent.NO5 + NSEC.Effluent.Flow",0.291229963686678,0.561611200642374,"3,2"
"7553","N..Eff..TSS.Conc. + Temp..of.NSEC.Main.Ch. + NSEC.Effluent.OP + NSEC.Effluent.TSS + NSEC.Effluent.NO5 + NSEC.Effluent.Flow",0.0932826731704028,0.537062754856305,"3,2"
"7554","N..Eff..TSS.Conc. + Temp..of.the.Atmos. + Secondary.Effluent.Flow + N..Basin.Outfall + CODto..mg.L. + TSS..mg.L.",0.195004219321996,0.761920226718031,"3,2"
"7555","N..Eff..TSS.Conc. + Temp..of.the.Atmos. + Secondary.Effluent.Flow + N..Basin.Outfall + CODto..mg.L. + UVT....",0.0489158231704292,0.686517025820212,"3,2"
"7556","N..Eff..TSS.Conc. + Temp..of.the.Atmos. + Secondary.Effluent.Flow + N..Basin.Outfall + CODto..mg.L. + CODds..mg.L.",0.19802220728295,0.67266687658183,"3,2"
"7557","N..Eff..TSS.Conc. + Temp..of.the.Atmos. + Secondary.Effluent.Flow + N..Basin.Outfall + CODto..mg.L. + SACto..1.m.",0.170319125977982,0.66497498064563,"3,2"
"7558","N..Eff..TSS.Conc. + Temp..of.the.Atmos. + Secondary.Effluent.Flow + N..Basin.Outfall + CODto..mg.L. + NSEC.Aerobic.SRT",0.291805148408133,0.68999521035618,"3,2"
"7559","N..Eff..TSS.Conc. + Temp..of.the.Atmos. + Secondary.Effluent.Flow + N..Basin.Outfall + CODto..mg.L. + NSEC.Effluent.NH3",0.267659043973615,0.687156517546813,"3,2"
"7560","N..Eff..TSS.Conc. + Temp..of.the.Atmos. + Secondary.Effluent.Flow + N..Basin.Outfall + CODto..mg.L. + NSEC.Effluent.NO3",0.236904595166212,0.614079917207297,"3,2"
"7561","N..Eff..TSS.Conc. + Temp..of.the.Atmos. + Secondary.Effluent.Flow + N..Basin.Outfall + CODto..mg.L. + NSEC.Effluent.OP",0.247026402360785,0.686313345528911,"3,2"
"7562","N..Eff..TSS.Conc. + Temp..of.the.Atmos. + Secondary.Effluent.Flow + N..Basin.Outfall + CODto..mg.L. + NSEC.Effluent.TSS",0.151776983023209,0.479757930734741,"3,2"
"7563","N..Eff..TSS.Conc. + Temp..of.the.Atmos. + Secondary.Effluent.Flow + N..Basin.Outfall + CODto..mg.L. + NSEC.Effluent.NO5",0.146543711839889,0.517445329902207,"3,2"
"7564","N..Eff..TSS.Conc. + Temp..of.the.Atmos. + Secondary.Effluent.Flow + N..Basin.Outfall + CODto..mg.L. + NSEC.Effluent.Flow",0.199027528161447,0.503614083521276,"3,2"
"7565","N..Eff..TSS.Conc. + Temp..of.the.Atmos. + Secondary.Effluent.Flow + N..Basin.Outfall + TSS..mg.L. + UVT....",0.117399847985671,0.663384032635426,"3,2"
"7566","N..Eff..TSS.Conc. + Temp..of.the.Atmos. + Secondary.Effluent.Flow + N..Basin.Outfall + TSS..mg.L. + CODds..mg.L.",0.084132670604447,0.664229819403291,"3,2"
"7567","N..Eff..TSS.Conc. + Temp..of.the.Atmos. + Secondary.Effluent.Flow + N..Basin.Outfall + TSS..mg.L. + SACto..1.m.",0.165089281560823,0.794737932175321,"3,2"
"7568","N..Eff..TSS.Conc. + Temp..of.the.Atmos. + Secondary.Effluent.Flow + N..Basin.Outfall + TSS..mg.L. + NSEC.Aerobic.SRT",0.0139232764518065,0.435715947974621,"3,2"
"7569","N..Eff..TSS.Conc. + Temp..of.the.Atmos. + Secondary.Effluent.Flow + N..Basin.Outfall + TSS..mg.L. + NSEC.Effluent.NH3",0.00478887217740853,0.498277125454871,"3,2"
"7570","N..Eff..TSS.Conc. + Temp..of.the.Atmos. + Secondary.Effluent.Flow + N..Basin.Outfall + TSS..mg.L. + NSEC.Effluent.NO3",0.0398429766434987,0.423492341298967,"3,2"
"7571","N..Eff..TSS.Conc. + Temp..of.the.Atmos. + Secondary.Effluent.Flow + N..Basin.Outfall + TSS..mg.L. + NSEC.Effluent.OP",0.00658570652022172,0.668230454975149,"3,2"
"7572","N..Eff..TSS.Conc. + Temp..of.the.Atmos. + Secondary.Effluent.Flow + N..Basin.Outfall + TSS..mg.L. + NSEC.Effluent.TSS",0.254684628402802,0.648782322717548,"3,2"
"7573","N..Eff..TSS.Conc. + Temp..of.the.Atmos. + Secondary.Effluent.Flow + N..Basin.Outfall + TSS..mg.L. + NSEC.Effluent.NO5",0.114520059578718,0.504656667879355,"3,2"
"7574","N..Eff..TSS.Conc. + Temp..of.the.Atmos. + Secondary.Effluent.Flow + N..Basin.Outfall + TSS..mg.L. + NSEC.Effluent.Flow",0.025234942896782,0.508619141389023,"3,2"
"7575","N..Eff..TSS.Conc. + Temp..of.the.Atmos. + Secondary.Effluent.Flow + N..Basin.Outfall + UVT.... + CODds..mg.L.",0.254748442470634,0.674709853394799,"3,2"
"7576","N..Eff..TSS.Conc. + Temp..of.the.Atmos. + Secondary.Effluent.Flow + N..Basin.Outfall + UVT.... + SACto..1.m.",0.270509980558455,0.598520862295751,"3,2"
"7577","N..Eff..TSS.Conc. + Temp..of.the.Atmos. + Secondary.Effluent.Flow + N..Basin.Outfall + UVT.... + NSEC.Aerobic.SRT",0.13977327521028,0.719974867994527,"3,2"
"7578","N..Eff..TSS.Conc. + Temp..of.the.Atmos. + Secondary.Effluent.Flow + N..Basin.Outfall + UVT.... + NSEC.Effluent.NH3",0.153914632678189,0.538812792032457,"3,2"
"7579","N..Eff..TSS.Conc. + Temp..of.the.Atmos. + Secondary.Effluent.Flow + N..Basin.Outfall + UVT.... + NSEC.Effluent.NO3",0.138003944024603,0.473213069726051,"3,2"
"7580","N..Eff..TSS.Conc. + Temp..of.the.Atmos. + Secondary.Effluent.Flow + N..Basin.Outfall + UVT.... + NSEC.Effluent.OP",0.0697672178805777,0.652452999139301,"3,2"
"7581","N..Eff..TSS.Conc. + Temp..of.the.Atmos. + Secondary.Effluent.Flow + N..Basin.Outfall + UVT.... + NSEC.Effluent.TSS",0.0953541358452306,0.496961798711907,"3,2"
"7582","N..Eff..TSS.Conc. + Temp..of.the.Atmos. + Secondary.Effluent.Flow + N..Basin.Outfall + UVT.... + NSEC.Effluent.NO5",0.044300891481051,0.577305936599451,"3,2"
"7583","N..Eff..TSS.Conc. + Temp..of.the.Atmos. + Secondary.Effluent.Flow + N..Basin.Outfall + UVT.... + NSEC.Effluent.Flow",0.039359347734413,0.630707809661278,"3,2"
"7584","N..Eff..TSS.Conc. + Temp..of.the.Atmos. + Secondary.Effluent.Flow + N..Basin.Outfall + CODds..mg.L. + SACto..1.m.",0.118429791289993,0.684433099031747,"3,2"
"7585","N..Eff..TSS.Conc. + Temp..of.the.Atmos. + Secondary.Effluent.Flow + N..Basin.Outfall + CODds..mg.L. + NSEC.Aerobic.SRT",0.409255301966021,0.802893004737256,"3,2"
"7586","N..Eff..TSS.Conc. + Temp..of.the.Atmos. + Secondary.Effluent.Flow + N..Basin.Outfall + CODds..mg.L. + NSEC.Effluent.NH3",0.0535145284439515,0.685539046858285,"3,2"
"7587","N..Eff..TSS.Conc. + Temp..of.the.Atmos. + Secondary.Effluent.Flow + N..Basin.Outfall + CODds..mg.L. + NSEC.Effluent.NO3",0.0369462349129877,0.649716843372667,"3,2"
"7588","N..Eff..TSS.Conc. + Temp..of.the.Atmos. + Secondary.Effluent.Flow + N..Basin.Outfall + CODds..mg.L. + NSEC.Effluent.OP",0.0547035039600541,0.636337522286961,"3,2"
"7589","N..Eff..TSS.Conc. + Temp..of.the.Atmos. + Secondary.Effluent.Flow + N..Basin.Outfall + CODds..mg.L. + NSEC.Effluent.TSS",0.0695739491253173,0.60802019247781,"3,2"
"7590","N..Eff..TSS.Conc. + Temp..of.the.Atmos. + Secondary.Effluent.Flow + N..Basin.Outfall + CODds..mg.L. + NSEC.Effluent.NO5",0.00338703736841683,0.63004900176615,"3,2"
"7591","N..Eff..TSS.Conc. + Temp..of.the.Atmos. + Secondary.Effluent.Flow + N..Basin.Outfall + CODds..mg.L. + NSEC.Effluent.Flow",0.0324551126396908,0.621064968382229,"3,2"
"7592","N..Eff..TSS.Conc. + Temp..of.the.Atmos. + Secondary.Effluent.Flow + N..Basin.Outfall + SACto..1.m. + NSEC.Aerobic.SRT",0.109032476050936,0.731796514122286,"3,2"
"7593","N..Eff..TSS.Conc. + Temp..of.the.Atmos. + Secondary.Effluent.Flow + N..Basin.Outfall + SACto..1.m. + NSEC.Effluent.NH3",0.177087074279144,0.573986235398742,"3,2"
"7594","N..Eff..TSS.Conc. + Temp..of.the.Atmos. + Secondary.Effluent.Flow + N..Basin.Outfall + SACto..1.m. + NSEC.Effluent.NO3",0.15240874857185,0.640598073782892,"3,2"
"7595","N..Eff..TSS.Conc. + Temp..of.the.Atmos. + Secondary.Effluent.Flow + N..Basin.Outfall + SACto..1.m. + NSEC.Effluent.OP",0.0276764960054032,0.553757564069863,"3,2"
"7596","N..Eff..TSS.Conc. + Temp..of.the.Atmos. + Secondary.Effluent.Flow + N..Basin.Outfall + SACto..1.m. + NSEC.Effluent.TSS",0.00458704656842435,0.573671631451625,"3,2"
"7597","N..Eff..TSS.Conc. + Temp..of.the.Atmos. + Secondary.Effluent.Flow + N..Basin.Outfall + SACto..1.m. + NSEC.Effluent.NO5",0.28175311977361,0.617466911683445,"3,2"
"7598","N..Eff..TSS.Conc. + Temp..of.the.Atmos. + Secondary.Effluent.Flow + N..Basin.Outfall + SACto..1.m. + NSEC.Effluent.Flow",0.130609062948764,0.564193250166264,"3,2"
"7599","N..Eff..TSS.Conc. + Temp..of.the.Atmos. + Secondary.Effluent.Flow + N..Basin.Outfall + NSEC.Aerobic.SRT + NSEC.Effluent.NH3",0.00250415527388625,0.367370180353833,"3,2"
"7600","N..Eff..TSS.Conc. + Temp..of.the.Atmos. + Secondary.Effluent.Flow + N..Basin.Outfall + NSEC.Aerobic.SRT + NSEC.Effluent.NO3",0.169915241284648,0.630842051190296,"3,2"
"7601","N..Eff..TSS.Conc. + Temp..of.the.Atmos. + Secondary.Effluent.Flow + N..Basin.Outfall + NSEC.Aerobic.SRT + NSEC.Effluent.OP",0.533867125261191,0.758649445365066,"3,2"
"7602","N..Eff..TSS.Conc. + Temp..of.the.Atmos. + Secondary.Effluent.Flow + N..Basin.Outfall + NSEC.Aerobic.SRT + NSEC.Effluent.TSS",0.275487738717342,0.761563061098611,"3,2"
"7603","N..Eff..TSS.Conc. + Temp..of.the.Atmos. + Secondary.Effluent.Flow + N..Basin.Outfall + NSEC.Aerobic.SRT + NSEC.Effluent.NO5",0.011475812443253,0.475382073289744,"3,2"
"7604","N..Eff..TSS.Conc. + Temp..of.the.Atmos. + Secondary.Effluent.Flow + N..Basin.Outfall + NSEC.Aerobic.SRT + NSEC.Effluent.Flow",0.457478523133209,0.785349174683609,"3,2"
"7605","N..Eff..TSS.Conc. + Temp..of.the.Atmos. + Secondary.Effluent.Flow + N..Basin.Outfall + NSEC.Effluent.NH3 + NSEC.Effluent.NO3",0.0561151564203066,0.355647150313205,"3,2"
"7606","N..Eff..TSS.Conc. + Temp..of.the.Atmos. + Secondary.Effluent.Flow + N..Basin.Outfall + NSEC.Effluent.NH3 + NSEC.Effluent.OP",0.00589198353266962,0.537058314913648,"3,2"
"7607","N..Eff..TSS.Conc. + Temp..of.the.Atmos. + Secondary.Effluent.Flow + N..Basin.Outfall + NSEC.Effluent.NH3 + NSEC.Effluent.TSS",0.0499288918141962,0.334958999879354,"3,2"
"7608","N..Eff..TSS.Conc. + Temp..of.the.Atmos. + Secondary.Effluent.Flow + N..Basin.Outfall + NSEC.Effluent.NH3 + NSEC.Effluent.NO5",0.238598291061378,0.586429509490178,"3,2"
"7609","N..Eff..TSS.Conc. + Temp..of.the.Atmos. + Secondary.Effluent.Flow + N..Basin.Outfall + NSEC.Effluent.NH3 + NSEC.Effluent.Flow",0.140358424381456,0.557518361728393,"3,2"
"7610","N..Eff..TSS.Conc. + Temp..of.the.Atmos. + Secondary.Effluent.Flow + N..Basin.Outfall + NSEC.Effluent.NO3 + NSEC.Effluent.OP",0.0684560439056494,0.54706051460938,"3,2"
"7611","N..Eff..TSS.Conc. + Temp..of.the.Atmos. + Secondary.Effluent.Flow + N..Basin.Outfall + NSEC.Effluent.NO3 + NSEC.Effluent.TSS",0.070725458086875,0.336544770690824,"3,2"
"7612","N..Eff..TSS.Conc. + Temp..of.the.Atmos. + Secondary.Effluent.Flow + N..Basin.Outfall + NSEC.Effluent.NO3 + NSEC.Effluent.NO5",0.112031853051076,0.551979174734132,"3,2"
"7613","N..Eff..TSS.Conc. + Temp..of.the.Atmos. + Secondary.Effluent.Flow + N..Basin.Outfall + NSEC.Effluent.NO3 + NSEC.Effluent.Flow",0.0652212836160828,0.377172975008389,"3,2"
"7614","N..Eff..TSS.Conc. + Temp..of.the.Atmos. + Secondary.Effluent.Flow + N..Basin.Outfall + NSEC.Effluent.OP + NSEC.Effluent.TSS",0.0907581910508175,0.566105462909594,"3,2"
"7615","N..Eff..TSS.Conc. + Temp..of.the.Atmos. + Secondary.Effluent.Flow + N..Basin.Outfall + NSEC.Effluent.OP + NSEC.Effluent.NO5",0.0126267759867424,0.597794124149442,"3,2"
"7616","N..Eff..TSS.Conc. + Temp..of.the.Atmos. + Secondary.Effluent.Flow + N..Basin.Outfall + NSEC.Effluent.OP + NSEC.Effluent.Flow",0.135371921941509,0.57339758194658,"3,2"
"7617","N..Eff..TSS.Conc. + Temp..of.the.Atmos. + Secondary.Effluent.Flow + N..Basin.Outfall + NSEC.Effluent.TSS + NSEC.Effluent.NO5",0.0601331053448773,0.343199266644027,"3,2"
"7618","N..Eff..TSS.Conc. + Temp..of.the.Atmos. + Secondary.Effluent.Flow + N..Basin.Outfall + NSEC.Effluent.TSS + NSEC.Effluent.Flow",0.0686766568780897,0.412991612972557,"3,2"
"7619","N..Eff..TSS.Conc. + Temp..of.the.Atmos. + Secondary.Effluent.Flow + N..Basin.Outfall + NSEC.Effluent.NO5 + NSEC.Effluent.Flow",0.076724385753272,0.346915570810349,"3,2"
"7620","N..Eff..TSS.Conc. + Temp..of.the.Atmos. + Secondary.Effluent.Flow + CODto..mg.L. + TSS..mg.L. + UVT....",0.0941703372585356,0.702438237676112,"3,2"
"7621","N..Eff..TSS.Conc. + Temp..of.the.Atmos. + Secondary.Effluent.Flow + CODto..mg.L. + TSS..mg.L. + CODds..mg.L.",0.179975477976024,0.751244317219256,"3,2"
"7622","N..Eff..TSS.Conc. + Temp..of.the.Atmos. + Secondary.Effluent.Flow + CODto..mg.L. + TSS..mg.L. + SACto..1.m.",0.14229182166178,0.679336901845787,"3,2"
"7623","N..Eff..TSS.Conc. + Temp..of.the.Atmos. + Secondary.Effluent.Flow + CODto..mg.L. + TSS..mg.L. + NSEC.Aerobic.SRT",0.254026470753922,0.810813307454107,"3,2"
"7624","N..Eff..TSS.Conc. + Temp..of.the.Atmos. + Secondary.Effluent.Flow + CODto..mg.L. + TSS..mg.L. + NSEC.Effluent.NH3",0.0310385085890206,0.750499984597533,"3,2"
"7625","N..Eff..TSS.Conc. + Temp..of.the.Atmos. + Secondary.Effluent.Flow + CODto..mg.L. + TSS..mg.L. + NSEC.Effluent.NO3",0.192907800069189,0.765357100433359,"3,2"
"7626","N..Eff..TSS.Conc. + Temp..of.the.Atmos. + Secondary.Effluent.Flow + CODto..mg.L. + TSS..mg.L. + NSEC.Effluent.OP",0.22379828646144,0.722759099755755,"3,2"
"7627","N..Eff..TSS.Conc. + Temp..of.the.Atmos. + Secondary.Effluent.Flow + CODto..mg.L. + TSS..mg.L. + NSEC.Effluent.TSS",0.2284516978501,0.718454757335354,"3,2"
"7628","N..Eff..TSS.Conc. + Temp..of.the.Atmos. + Secondary.Effluent.Flow + CODto..mg.L. + TSS..mg.L. + NSEC.Effluent.NO5",0.306647534871406,0.779489199665592,"3,2"
"7629","N..Eff..TSS.Conc. + Temp..of.the.Atmos. + Secondary.Effluent.Flow + CODto..mg.L. + TSS..mg.L. + NSEC.Effluent.Flow",0.25450171209987,0.714472632453629,"3,2"
"7630","N..Eff..TSS.Conc. + Temp..of.the.Atmos. + Secondary.Effluent.Flow + CODto..mg.L. + UVT.... + CODds..mg.L.",0.217094991974605,0.674740044107714,"3,2"
"7631","N..Eff..TSS.Conc. + Temp..of.the.Atmos. + Secondary.Effluent.Flow + CODto..mg.L. + UVT.... + SACto..1.m.",0.0331588723216985,0.67942269818046,"3,2"
"7632","N..Eff..TSS.Conc. + Temp..of.the.Atmos. + Secondary.Effluent.Flow + CODto..mg.L. + UVT.... + NSEC.Aerobic.SRT",0.0900479466821102,0.797694877384252,"3,2"
"7633","N..Eff..TSS.Conc. + Temp..of.the.Atmos. + Secondary.Effluent.Flow + CODto..mg.L. + UVT.... + NSEC.Effluent.NH3",0.143542167484091,0.71631133538045,"3,2"
"7634","N..Eff..TSS.Conc. + Temp..of.the.Atmos. + Secondary.Effluent.Flow + CODto..mg.L. + UVT.... + NSEC.Effluent.NO3",0.241844788283966,0.682855139106355,"3,2"
"7635","N..Eff..TSS.Conc. + Temp..of.the.Atmos. + Secondary.Effluent.Flow + CODto..mg.L. + UVT.... + NSEC.Effluent.OP",0.0883967078666403,0.778251197888907,"3,2"
"7636","N..Eff..TSS.Conc. + Temp..of.the.Atmos. + Secondary.Effluent.Flow + CODto..mg.L. + UVT.... + NSEC.Effluent.TSS",0.113243381061915,0.698574333719569,"3,2"
"7637","N..Eff..TSS.Conc. + Temp..of.the.Atmos. + Secondary.Effluent.Flow + CODto..mg.L. + UVT.... + NSEC.Effluent.NO5",0.1167589973127,0.687093057960257,"3,2"
"7638","N..Eff..TSS.Conc. + Temp..of.the.Atmos. + Secondary.Effluent.Flow + CODto..mg.L. + UVT.... + NSEC.Effluent.Flow",0.0166306835243364,0.698437245149496,"3,2"
"7639","N..Eff..TSS.Conc. + Temp..of.the.Atmos. + Secondary.Effluent.Flow + CODto..mg.L. + CODds..mg.L. + SACto..1.m.",0.212105532237192,0.729079257029226,"3,2"
"7640","N..Eff..TSS.Conc. + Temp..of.the.Atmos. + Secondary.Effluent.Flow + CODto..mg.L. + CODds..mg.L. + NSEC.Aerobic.SRT",0.0136583477669832,0.749881853794694,"3,2"
"7641","N..Eff..TSS.Conc. + Temp..of.the.Atmos. + Secondary.Effluent.Flow + CODto..mg.L. + CODds..mg.L. + NSEC.Effluent.NH3",0.157220485859231,0.648001231201657,"3,2"
"7642","N..Eff..TSS.Conc. + Temp..of.the.Atmos. + Secondary.Effluent.Flow + CODto..mg.L. + CODds..mg.L. + NSEC.Effluent.NO3",0.250285344372499,0.689349927302557,"3,2"
"7643","N..Eff..TSS.Conc. + Temp..of.the.Atmos. + Secondary.Effluent.Flow + CODto..mg.L. + CODds..mg.L. + NSEC.Effluent.OP",0.240425955694616,0.698129655012156,"3,2"
"7644","N..Eff..TSS.Conc. + Temp..of.the.Atmos. + Secondary.Effluent.Flow + CODto..mg.L. + CODds..mg.L. + NSEC.Effluent.TSS",0.20912801361328,0.670785826825096,"3,2"
"7645","N..Eff..TSS.Conc. + Temp..of.the.Atmos. + Secondary.Effluent.Flow + CODto..mg.L. + CODds..mg.L. + NSEC.Effluent.NO5",0.268813789924544,0.722199619609422,"3,2"
"7646","N..Eff..TSS.Conc. + Temp..of.the.Atmos. + Secondary.Effluent.Flow + CODto..mg.L. + CODds..mg.L. + NSEC.Effluent.Flow",0.20443663306643,0.669411680120371,"3,2"
"7647","N..Eff..TSS.Conc. + Temp..of.the.Atmos. + Secondary.Effluent.Flow + CODto..mg.L. + SACto..1.m. + NSEC.Aerobic.SRT",0.0756127135277251,0.744321578609645,"3,2"
"7648","N..Eff..TSS.Conc. + Temp..of.the.Atmos. + Secondary.Effluent.Flow + CODto..mg.L. + SACto..1.m. + NSEC.Effluent.NH3",0.106035895304204,0.7110748495646,"3,2"
"7649","N..Eff..TSS.Conc. + Temp..of.the.Atmos. + Secondary.Effluent.Flow + CODto..mg.L. + SACto..1.m. + NSEC.Effluent.NO3",0.288168412986999,0.765770439464516,"3,2"
"7650","N..Eff..TSS.Conc. + Temp..of.the.Atmos. + Secondary.Effluent.Flow + CODto..mg.L. + SACto..1.m. + NSEC.Effluent.OP",0.178318086739834,0.697775848701391,"3,2"
"7651","N..Eff..TSS.Conc. + Temp..of.the.Atmos. + Secondary.Effluent.Flow + CODto..mg.L. + SACto..1.m. + NSEC.Effluent.TSS",0.0283332586137763,0.685558278843729,"3,2"
"7652","N..Eff..TSS.Conc. + Temp..of.the.Atmos. + Secondary.Effluent.Flow + CODto..mg.L. + SACto..1.m. + NSEC.Effluent.NO5",0.186885282033677,0.693577631909958,"3,2"
"7653","N..Eff..TSS.Conc. + Temp..of.the.Atmos. + Secondary.Effluent.Flow + CODto..mg.L. + SACto..1.m. + NSEC.Effluent.Flow",0.32173939897709,0.775423837810731,"3,2"
"7654","N..Eff..TSS.Conc. + Temp..of.the.Atmos. + Secondary.Effluent.Flow + CODto..mg.L. + NSEC.Aerobic.SRT + NSEC.Effluent.NH3",0.298270961466055,0.756731531049975,"3,2"
"7655","N..Eff..TSS.Conc. + Temp..of.the.Atmos. + Secondary.Effluent.Flow + CODto..mg.L. + NSEC.Aerobic.SRT + NSEC.Effluent.NO3",0.246844998321622,0.797258230419235,"3,2"
"7656","N..Eff..TSS.Conc. + Temp..of.the.Atmos. + Secondary.Effluent.Flow + CODto..mg.L. + NSEC.Aerobic.SRT + NSEC.Effluent.OP",0.0950910087009227,0.740393516171354,"3,2"
"7657","N..Eff..TSS.Conc. + Temp..of.the.Atmos. + Secondary.Effluent.Flow + CODto..mg.L. + NSEC.Aerobic.SRT + NSEC.Effluent.TSS",0.268895783089367,0.680236459188274,"3,2"
"7658","N..Eff..TSS.Conc. + Temp..of.the.Atmos. + Secondary.Effluent.Flow + CODto..mg.L. + NSEC.Aerobic.SRT + NSEC.Effluent.NO5",0.155728201243774,0.477821591553291,"3,2"
"7659","N..Eff..TSS.Conc. + Temp..of.the.Atmos. + Secondary.Effluent.Flow + CODto..mg.L. + NSEC.Aerobic.SRT + NSEC.Effluent.Flow",0.317303481324668,0.773564292996017,"3,2"
"7660","N..Eff..TSS.Conc. + Temp..of.the.Atmos. + Secondary.Effluent.Flow + CODto..mg.L. + NSEC.Effluent.NH3 + NSEC.Effluent.NO3",0.144882042600359,0.578021736793779,"3,2"
"7661","N..Eff..TSS.Conc. + Temp..of.the.Atmos. + Secondary.Effluent.Flow + CODto..mg.L. + NSEC.Effluent.NH3 + NSEC.Effluent.OP",0.0127104633675277,0.577920287431621,"3,2"
"7662","N..Eff..TSS.Conc. + Temp..of.the.Atmos. + Secondary.Effluent.Flow + CODto..mg.L. + NSEC.Effluent.NH3 + NSEC.Effluent.TSS",0.0206027428182323,0.633408681435368,"3,2"
"7663","N..Eff..TSS.Conc. + Temp..of.the.Atmos. + Secondary.Effluent.Flow + CODto..mg.L. + NSEC.Effluent.NH3 + NSEC.Effluent.NO5",0.0875181906407567,0.509314059758159,"3,2"
"7664","N..Eff..TSS.Conc. + Temp..of.the.Atmos. + Secondary.Effluent.Flow + CODto..mg.L. + NSEC.Effluent.NH3 + NSEC.Effluent.Flow",0.0872673108089175,0.616616248184256,"3,2"
"7665","N..Eff..TSS.Conc. + Temp..of.the.Atmos. + Secondary.Effluent.Flow + CODto..mg.L. + NSEC.Effluent.NO3 + NSEC.Effluent.OP",0.0319649787749821,0.597691793033762,"3,2"
"7666","N..Eff..TSS.Conc. + Temp..of.the.Atmos. + Secondary.Effluent.Flow + CODto..mg.L. + NSEC.Effluent.NO3 + NSEC.Effluent.TSS",0.0839511833123845,0.496824602229411,"3,2"
"7667","N..Eff..TSS.Conc. + Temp..of.the.Atmos. + Secondary.Effluent.Flow + CODto..mg.L. + NSEC.Effluent.NO3 + NSEC.Effluent.NO5",0.0705917450115763,0.624410154715196,"3,2"
"7668","N..Eff..TSS.Conc. + Temp..of.the.Atmos. + Secondary.Effluent.Flow + CODto..mg.L. + NSEC.Effluent.NO3 + NSEC.Effluent.Flow",0.168242605088402,0.642100356090381,"3,2"
"7669","N..Eff..TSS.Conc. + Temp..of.the.Atmos. + Secondary.Effluent.Flow + CODto..mg.L. + NSEC.Effluent.OP + NSEC.Effluent.TSS",0.269459334448264,0.577567549125302,"3,2"
"7670","N..Eff..TSS.Conc. + Temp..of.the.Atmos. + Secondary.Effluent.Flow + CODto..mg.L. + NSEC.Effluent.OP + NSEC.Effluent.NO5",0.0884719224734014,0.692101135004578,"3,2"
"7671","N..Eff..TSS.Conc. + Temp..of.the.Atmos. + Secondary.Effluent.Flow + CODto..mg.L. + NSEC.Effluent.OP + NSEC.Effluent.Flow",0.200199429969737,0.705216639231662,"3,2"
"7672","N..Eff..TSS.Conc. + Temp..of.the.Atmos. + Secondary.Effluent.Flow + CODto..mg.L. + NSEC.Effluent.TSS + NSEC.Effluent.NO5",0.377315933630424,0.656066805567413,"3,2"
"7673","N..Eff..TSS.Conc. + Temp..of.the.Atmos. + Secondary.Effluent.Flow + CODto..mg.L. + NSEC.Effluent.TSS + NSEC.Effluent.Flow",0.0506547960325481,0.603895039034679,"3,2"
"7674","N..Eff..TSS.Conc. + Temp..of.the.Atmos. + Secondary.Effluent.Flow + CODto..mg.L. + NSEC.Effluent.NO5 + NSEC.Effluent.Flow",0.201634699890922,0.684173621612546,"3,2"
"7675","N..Eff..TSS.Conc. + Temp..of.the.Atmos. + Secondary.Effluent.Flow + TSS..mg.L. + UVT.... + CODds..mg.L.",0.118012541466214,0.768619894855605,"3,2"
"7676","N..Eff..TSS.Conc. + Temp..of.the.Atmos. + Secondary.Effluent.Flow + TSS..mg.L. + UVT.... + SACto..1.m.",0.0865003063158409,0.679204788830341,"3,2"
"7677","N..Eff..TSS.Conc. + Temp..of.the.Atmos. + Secondary.Effluent.Flow + TSS..mg.L. + UVT.... + NSEC.Aerobic.SRT",0.0295324030447905,0.824038734634478,"3,2"
"7678","N..Eff..TSS.Conc. + Temp..of.the.Atmos. + Secondary.Effluent.Flow + TSS..mg.L. + UVT.... + NSEC.Effluent.NH3",0.143806628513039,0.775555231183109,"3,2"
"7679","N..Eff..TSS.Conc. + Temp..of.the.Atmos. + Secondary.Effluent.Flow + TSS..mg.L. + UVT.... + NSEC.Effluent.NO3",0.0790780983906672,0.792746344686435,"3,2"
"7680","N..Eff..TSS.Conc. + Temp..of.the.Atmos. + Secondary.Effluent.Flow + TSS..mg.L. + UVT.... + NSEC.Effluent.OP",0.0181220829240798,0.75472647083254,"3,2"
"7681","N..Eff..TSS.Conc. + Temp..of.the.Atmos. + Secondary.Effluent.Flow + TSS..mg.L. + UVT.... + NSEC.Effluent.TSS",0.264792612795801,0.746608323848993,"3,2"
"7682","N..Eff..TSS.Conc. + Temp..of.the.Atmos. + Secondary.Effluent.Flow + TSS..mg.L. + UVT.... + NSEC.Effluent.NO5",0.14679160790866,0.723273848506538,"3,2"
"7683","N..Eff..TSS.Conc. + Temp..of.the.Atmos. + Secondary.Effluent.Flow + TSS..mg.L. + UVT.... + NSEC.Effluent.Flow",0.052709338162003,0.70329222261454,"3,2"
"7684","N..Eff..TSS.Conc. + Temp..of.the.Atmos. + Secondary.Effluent.Flow + TSS..mg.L. + CODds..mg.L. + SACto..1.m.",0.153015892656183,0.769378157012774,"3,2"
"7685","N..Eff..TSS.Conc. + Temp..of.the.Atmos. + Secondary.Effluent.Flow + TSS..mg.L. + CODds..mg.L. + NSEC.Aerobic.SRT",0.169453903300326,0.789305054703867,"3,2"
"7686","N..Eff..TSS.Conc. + Temp..of.the.Atmos. + Secondary.Effluent.Flow + TSS..mg.L. + CODds..mg.L. + NSEC.Effluent.NH3",0.156342672555704,0.641903800963081,"3,2"
"7687","N..Eff..TSS.Conc. + Temp..of.the.Atmos. + Secondary.Effluent.Flow + TSS..mg.L. + CODds..mg.L. + NSEC.Effluent.NO3",0.141147106827602,0.692485670946231,"3,2"
"7688","N..Eff..TSS.Conc. + Temp..of.the.Atmos. + Secondary.Effluent.Flow + TSS..mg.L. + CODds..mg.L. + NSEC.Effluent.OP",0.0491218280985177,0.680030861203304,"3,2"
"7689","N..Eff..TSS.Conc. + Temp..of.the.Atmos. + Secondary.Effluent.Flow + TSS..mg.L. + CODds..mg.L. + NSEC.Effluent.TSS",0.128380748602853,0.659745343300767,"3,2"
"7690","N..Eff..TSS.Conc. + Temp..of.the.Atmos. + Secondary.Effluent.Flow + TSS..mg.L. + CODds..mg.L. + NSEC.Effluent.NO5",0.134446659098319,0.681022595631046,"3,2"
"7691","N..Eff..TSS.Conc. + Temp..of.the.Atmos. + Secondary.Effluent.Flow + TSS..mg.L. + CODds..mg.L. + NSEC.Effluent.Flow",0.0327581655813525,0.639103491733184,"3,2"
"7692","N..Eff..TSS.Conc. + Temp..of.the.Atmos. + Secondary.Effluent.Flow + TSS..mg.L. + SACto..1.m. + NSEC.Aerobic.SRT",0.108324317480862,0.822359367024623,"3,2"
"7693","N..Eff..TSS.Conc. + Temp..of.the.Atmos. + Secondary.Effluent.Flow + TSS..mg.L. + SACto..1.m. + NSEC.Effluent.NH3",0.253790202417852,0.733531050147394,"3,2"
"7694","N..Eff..TSS.Conc. + Temp..of.the.Atmos. + Secondary.Effluent.Flow + TSS..mg.L. + SACto..1.m. + NSEC.Effluent.NO3",0.253677986608278,0.725482638458722,"3,2"
"7695","N..Eff..TSS.Conc. + Temp..of.the.Atmos. + Secondary.Effluent.Flow + TSS..mg.L. + SACto..1.m. + NSEC.Effluent.OP",0.237209978905616,0.808642286204014,"3,2"
"7696","N..Eff..TSS.Conc. + Temp..of.the.Atmos. + Secondary.Effluent.Flow + TSS..mg.L. + SACto..1.m. + NSEC.Effluent.TSS",0.0443885304080156,0.777961348815361,"3,2"
"7697","N..Eff..TSS.Conc. + Temp..of.the.Atmos. + Secondary.Effluent.Flow + TSS..mg.L. + SACto..1.m. + NSEC.Effluent.NO5",0.0741420188716009,0.813164387625985,"3,2"
"7698","N..Eff..TSS.Conc. + Temp..of.the.Atmos. + Secondary.Effluent.Flow + TSS..mg.L. + SACto..1.m. + NSEC.Effluent.Flow",0.0523977310276482,0.684816659356667,"3,2"
"7699","N..Eff..TSS.Conc. + Temp..of.the.Atmos. + Secondary.Effluent.Flow + TSS..mg.L. + NSEC.Aerobic.SRT + NSEC.Effluent.NH3",0.203864249105356,0.693582297614256,"3,2"
"7700","N..Eff..TSS.Conc. + Temp..of.the.Atmos. + Secondary.Effluent.Flow + TSS..mg.L. + NSEC.Aerobic.SRT + NSEC.Effluent.NO3",0.366636754828022,0.731896627153355,"3,2"
"7701","N..Eff..TSS.Conc. + Temp..of.the.Atmos. + Secondary.Effluent.Flow + TSS..mg.L. + NSEC.Aerobic.SRT + NSEC.Effluent.OP",0.28182090610101,0.776533893446302,"3,2"
"7702","N..Eff..TSS.Conc. + Temp..of.the.Atmos. + Secondary.Effluent.Flow + TSS..mg.L. + NSEC.Aerobic.SRT + NSEC.Effluent.TSS",0.0100703171445711,0.462554688164653,"3,2"
"7703","N..Eff..TSS.Conc. + Temp..of.the.Atmos. + Secondary.Effluent.Flow + TSS..mg.L. + NSEC.Aerobic.SRT + NSEC.Effluent.NO5",0.192258968842317,0.00949875000523151,"3,2"
"7704","N..Eff..TSS.Conc. + Temp..of.the.Atmos. + Secondary.Effluent.Flow + TSS..mg.L. + NSEC.Aerobic.SRT + NSEC.Effluent.Flow",0.320669385395983,0.756942852344279,"3,2"
"7705","N..Eff..TSS.Conc. + Temp..of.the.Atmos. + Secondary.Effluent.Flow + TSS..mg.L. + NSEC.Effluent.NH3 + NSEC.Effluent.NO3",0.0499910702518043,0.441706994994501,"3,2"
"7706","N..Eff..TSS.Conc. + Temp..of.the.Atmos. + Secondary.Effluent.Flow + TSS..mg.L. + NSEC.Effluent.NH3 + NSEC.Effluent.OP",0.0046185056502841,0.586232464495414,"3,2"
"7707","N..Eff..TSS.Conc. + Temp..of.the.Atmos. + Secondary.Effluent.Flow + TSS..mg.L. + NSEC.Effluent.NH3 + NSEC.Effluent.TSS",0.0449988140275415,0.42275141297551,"3,2"
"7708","N..Eff..TSS.Conc. + Temp..of.the.Atmos. + Secondary.Effluent.Flow + TSS..mg.L. + NSEC.Effluent.NH3 + NSEC.Effluent.NO5",0.227440717534126,0.728539115352434,"3,2"
"7709","N..Eff..TSS.Conc. + Temp..of.the.Atmos. + Secondary.Effluent.Flow + TSS..mg.L. + NSEC.Effluent.NH3 + NSEC.Effluent.Flow",0.0345937305407484,0.454120339675465,"3,2"
"7710","N..Eff..TSS.Conc. + Temp..of.the.Atmos. + Secondary.Effluent.Flow + TSS..mg.L. + NSEC.Effluent.NO3 + NSEC.Effluent.OP",0.0616976284806412,0.547262301269791,"3,2"
"7711","N..Eff..TSS.Conc. + Temp..of.the.Atmos. + Secondary.Effluent.Flow + TSS..mg.L. + NSEC.Effluent.NO3 + NSEC.Effluent.TSS",0.0283483754644234,0.464694620741368,"3,2"
"7712","N..Eff..TSS.Conc. + Temp..of.the.Atmos. + Secondary.Effluent.Flow + TSS..mg.L. + NSEC.Effluent.NO3 + NSEC.Effluent.NO5",0.203889472413365,0.762283360900404,"3,2"
"7713","N..Eff..TSS.Conc. + Temp..of.the.Atmos. + Secondary.Effluent.Flow + TSS..mg.L. + NSEC.Effluent.NO3 + NSEC.Effluent.Flow",0.0413967431586661,0.468959350895764,"3,2"
"7714","N..Eff..TSS.Conc. + Temp..of.the.Atmos. + Secondary.Effluent.Flow + TSS..mg.L. + NSEC.Effluent.OP + NSEC.Effluent.TSS",0.202678209847918,0.620439110428269,"3,2"
"7715","N..Eff..TSS.Conc. + Temp..of.the.Atmos. + Secondary.Effluent.Flow + TSS..mg.L. + NSEC.Effluent.OP + NSEC.Effluent.NO5",0.00196925774638501,0.609311979344974,"3,2"
"7716","N..Eff..TSS.Conc. + Temp..of.the.Atmos. + Secondary.Effluent.Flow + TSS..mg.L. + NSEC.Effluent.OP + NSEC.Effluent.Flow",0.178849837794023,0.64807985364921,"3,2"
"7717","N..Eff..TSS.Conc. + Temp..of.the.Atmos. + Secondary.Effluent.Flow + TSS..mg.L. + NSEC.Effluent.TSS + NSEC.Effluent.NO5",0.233213064006879,0.571219970498653,"3,2"
"7718","N..Eff..TSS.Conc. + Temp..of.the.Atmos. + Secondary.Effluent.Flow + TSS..mg.L. + NSEC.Effluent.TSS + NSEC.Effluent.Flow",0.146787093481271,0.464646650901326,"3,2"
"7719","N..Eff..TSS.Conc. + Temp..of.the.Atmos. + Secondary.Effluent.Flow + TSS..mg.L. + NSEC.Effluent.NO5 + NSEC.Effluent.Flow",0.0826170529031112,0.429843701868057,"3,2"
"7720","N..Eff..TSS.Conc. + Temp..of.the.Atmos. + Secondary.Effluent.Flow + UVT.... + CODds..mg.L. + SACto..1.m.",0.141002179826063,0.678112151561614,"3,2"
"7721","N..Eff..TSS.Conc. + Temp..of.the.Atmos. + Secondary.Effluent.Flow + UVT.... + CODds..mg.L. + NSEC.Aerobic.SRT",0.0982453346760681,0.790176519942853,"3,2"
"7722","N..Eff..TSS.Conc. + Temp..of.the.Atmos. + Secondary.Effluent.Flow + UVT.... + CODds..mg.L. + NSEC.Effluent.NH3",0.193273689633771,0.669142918046687,"3,2"
"7723","N..Eff..TSS.Conc. + Temp..of.the.Atmos. + Secondary.Effluent.Flow + UVT.... + CODds..mg.L. + NSEC.Effluent.NO3",0.146691966842477,0.670382809591174,"3,2"
"7724","N..Eff..TSS.Conc. + Temp..of.the.Atmos. + Secondary.Effluent.Flow + UVT.... + CODds..mg.L. + NSEC.Effluent.OP",0.10511327075181,0.696264138784147,"3,2"
"7725","N..Eff..TSS.Conc. + Temp..of.the.Atmos. + Secondary.Effluent.Flow + UVT.... + CODds..mg.L. + NSEC.Effluent.TSS",0.259172250041989,0.694198088522109,"3,2"
"7726","N..Eff..TSS.Conc. + Temp..of.the.Atmos. + Secondary.Effluent.Flow + UVT.... + CODds..mg.L. + NSEC.Effluent.NO5",0.10284249918177,0.588016117407824,"3,2"
"7727","N..Eff..TSS.Conc. + Temp..of.the.Atmos. + Secondary.Effluent.Flow + UVT.... + CODds..mg.L. + NSEC.Effluent.Flow",0.14610760794839,0.748047154979252,"3,2"
"7728","N..Eff..TSS.Conc. + Temp..of.the.Atmos. + Secondary.Effluent.Flow + UVT.... + SACto..1.m. + NSEC.Aerobic.SRT",0.0594558839025037,0.669388251376306,"3,2"
"7729","N..Eff..TSS.Conc. + Temp..of.the.Atmos. + Secondary.Effluent.Flow + UVT.... + SACto..1.m. + NSEC.Effluent.NH3",0.0928174887022712,0.517677958970999,"3,2"
"7730","N..Eff..TSS.Conc. + Temp..of.the.Atmos. + Secondary.Effluent.Flow + UVT.... + SACto..1.m. + NSEC.Effluent.NO3",0.175974525703972,0.60989463491946,"3,2"
"7731","N..Eff..TSS.Conc. + Temp..of.the.Atmos. + Secondary.Effluent.Flow + UVT.... + SACto..1.m. + NSEC.Effluent.OP",0.0143971605307736,0.608282470879245,"3,2"
"7732","N..Eff..TSS.Conc. + Temp..of.the.Atmos. + Secondary.Effluent.Flow + UVT.... + SACto..1.m. + NSEC.Effluent.TSS",0.133057548888107,0.613092409313291,"3,2"
"7733","N..Eff..TSS.Conc. + Temp..of.the.Atmos. + Secondary.Effluent.Flow + UVT.... + SACto..1.m. + NSEC.Effluent.NO5",0.310563458110089,0.681885851756918,"3,2"
"7734","N..Eff..TSS.Conc. + Temp..of.the.Atmos. + Secondary.Effluent.Flow + UVT.... + SACto..1.m. + NSEC.Effluent.Flow",0.148425099058985,0.552481114780516,"3,2"
"7735","N..Eff..TSS.Conc. + Temp..of.the.Atmos. + Secondary.Effluent.Flow + UVT.... + NSEC.Aerobic.SRT + NSEC.Effluent.NH3",0.109942227716461,0.724518666140824,"3,2"
"7736","N..Eff..TSS.Conc. + Temp..of.the.Atmos. + Secondary.Effluent.Flow + UVT.... + NSEC.Aerobic.SRT + NSEC.Effluent.NO3",0.207802278686237,0.744940006534663,"3,2"
"7737","N..Eff..TSS.Conc. + Temp..of.the.Atmos. + Secondary.Effluent.Flow + UVT.... + NSEC.Aerobic.SRT + NSEC.Effluent.OP",0.123791078487357,0.6611285482475,"3,2"
"7738","N..Eff..TSS.Conc. + Temp..of.the.Atmos. + Secondary.Effluent.Flow + UVT.... + NSEC.Aerobic.SRT + NSEC.Effluent.TSS",0.0380444064164598,0.62789539154724,"3,2"
"7739","N..Eff..TSS.Conc. + Temp..of.the.Atmos. + Secondary.Effluent.Flow + UVT.... + NSEC.Aerobic.SRT + NSEC.Effluent.NO5",0.0373333568979344,0.756150345281573,"3,2"
"7740","N..Eff..TSS.Conc. + Temp..of.the.Atmos. + Secondary.Effluent.Flow + UVT.... + NSEC.Aerobic.SRT + NSEC.Effluent.Flow",0.184006767039814,0.702789511079807,"3,2"
"7741","N..Eff..TSS.Conc. + Temp..of.the.Atmos. + Secondary.Effluent.Flow + UVT.... + NSEC.Effluent.NH3 + NSEC.Effluent.NO3",0.0563951710991617,0.605821328923075,"3,2"
"7742","N..Eff..TSS.Conc. + Temp..of.the.Atmos. + Secondary.Effluent.Flow + UVT.... + NSEC.Effluent.NH3 + NSEC.Effluent.OP",0.169558252021261,0.636756782826235,"3,2"
"7743","N..Eff..TSS.Conc. + Temp..of.the.Atmos. + Secondary.Effluent.Flow + UVT.... + NSEC.Effluent.NH3 + NSEC.Effluent.TSS",0.0948299932328118,0.518737804770102,"3,2"
"7744","N..Eff..TSS.Conc. + Temp..of.the.Atmos. + Secondary.Effluent.Flow + UVT.... + NSEC.Effluent.NH3 + NSEC.Effluent.NO5",0.334119073051227,0.590199047278634,"3,2"
"7745","N..Eff..TSS.Conc. + Temp..of.the.Atmos. + Secondary.Effluent.Flow + UVT.... + NSEC.Effluent.NH3 + NSEC.Effluent.Flow",0.0798912847403381,0.506720832878988,"3,2"
"7746","N..Eff..TSS.Conc. + Temp..of.the.Atmos. + Secondary.Effluent.Flow + UVT.... + NSEC.Effluent.NO3 + NSEC.Effluent.OP",0.117458206782243,0.62276163260805,"3,2"
"7747","N..Eff..TSS.Conc. + Temp..of.the.Atmos. + Secondary.Effluent.Flow + UVT.... + NSEC.Effluent.NO3 + NSEC.Effluent.TSS",0.0484850623301001,0.539881109646853,"3,2"
"7748","N..Eff..TSS.Conc. + Temp..of.the.Atmos. + Secondary.Effluent.Flow + UVT.... + NSEC.Effluent.NO3 + NSEC.Effluent.NO5",0.059493860995478,0.61299785800618,"3,2"
"7749","N..Eff..TSS.Conc. + Temp..of.the.Atmos. + Secondary.Effluent.Flow + UVT.... + NSEC.Effluent.NO3 + NSEC.Effluent.Flow",0.0735013133880638,0.571435731762843,"3,2"
"7750","N..Eff..TSS.Conc. + Temp..of.the.Atmos. + Secondary.Effluent.Flow + UVT.... + NSEC.Effluent.OP + NSEC.Effluent.TSS",0.0510554253482929,0.650803422761794,"3,2"
"7751","N..Eff..TSS.Conc. + Temp..of.the.Atmos. + Secondary.Effluent.Flow + UVT.... + NSEC.Effluent.OP + NSEC.Effluent.NO5",0.0831950053992532,0.644330458330875,"3,2"
"7752","N..Eff..TSS.Conc. + Temp..of.the.Atmos. + Secondary.Effluent.Flow + UVT.... + NSEC.Effluent.OP + NSEC.Effluent.Flow",0.0756397694453175,0.661871302471544,"3,2"
"7753","N..Eff..TSS.Conc. + Temp..of.the.Atmos. + Secondary.Effluent.Flow + UVT.... + NSEC.Effluent.TSS + NSEC.Effluent.NO5",0.0808488438577242,0.556482099831832,"3,2"
"7754","N..Eff..TSS.Conc. + Temp..of.the.Atmos. + Secondary.Effluent.Flow + UVT.... + NSEC.Effluent.TSS + NSEC.Effluent.Flow",0.00300191665023686,0.538943854444897,"3,2"
"7755","N..Eff..TSS.Conc. + Temp..of.the.Atmos. + Secondary.Effluent.Flow + UVT.... + NSEC.Effluent.NO5 + NSEC.Effluent.Flow",0.00381582156401361,0.616931001470104,"3,2"
"7756","N..Eff..TSS.Conc. + Temp..of.the.Atmos. + Secondary.Effluent.Flow + CODds..mg.L. + SACto..1.m. + NSEC.Aerobic.SRT",0.0568602803517677,0.794308085836677,"3,2"
"7757","N..Eff..TSS.Conc. + Temp..of.the.Atmos. + Secondary.Effluent.Flow + CODds..mg.L. + SACto..1.m. + NSEC.Effluent.NH3",0.18703268809501,0.656469695633721,"3,2"
"7758","N..Eff..TSS.Conc. + Temp..of.the.Atmos. + Secondary.Effluent.Flow + CODds..mg.L. + SACto..1.m. + NSEC.Effluent.NO3",0.219454909120479,0.711999829320688,"3,2"
"7759","N..Eff..TSS.Conc. + Temp..of.the.Atmos. + Secondary.Effluent.Flow + CODds..mg.L. + SACto..1.m. + NSEC.Effluent.OP",0.125383216426782,0.657362931962409,"3,2"
"7760","N..Eff..TSS.Conc. + Temp..of.the.Atmos. + Secondary.Effluent.Flow + CODds..mg.L. + SACto..1.m. + NSEC.Effluent.TSS",0.208415020078459,0.682421713313838,"3,2"
"7761","N..Eff..TSS.Conc. + Temp..of.the.Atmos. + Secondary.Effluent.Flow + CODds..mg.L. + SACto..1.m. + NSEC.Effluent.NO5",0.24743538597936,0.71901867342065,"3,2"
"7762","N..Eff..TSS.Conc. + Temp..of.the.Atmos. + Secondary.Effluent.Flow + CODds..mg.L. + SACto..1.m. + NSEC.Effluent.Flow",0.162115774886137,0.720495271989065,"3,2"
"7763","N..Eff..TSS.Conc. + Temp..of.the.Atmos. + Secondary.Effluent.Flow + CODds..mg.L. + NSEC.Aerobic.SRT + NSEC.Effluent.NH3",0.176472410860392,0.829186237722824,"3,2"
"7764","N..Eff..TSS.Conc. + Temp..of.the.Atmos. + Secondary.Effluent.Flow + CODds..mg.L. + NSEC.Aerobic.SRT + NSEC.Effluent.NO3",0.581224927722697,0.795655316811609,"3,2"
"7765","N..Eff..TSS.Conc. + Temp..of.the.Atmos. + Secondary.Effluent.Flow + CODds..mg.L. + NSEC.Aerobic.SRT + NSEC.Effluent.OP",0.256919275536601,0.808828367451544,"3,2"
"7766","N..Eff..TSS.Conc. + Temp..of.the.Atmos. + Secondary.Effluent.Flow + CODds..mg.L. + NSEC.Aerobic.SRT + NSEC.Effluent.TSS",0.47008362530194,0.789392612138141,"3,2"
"7767","N..Eff..TSS.Conc. + Temp..of.the.Atmos. + Secondary.Effluent.Flow + CODds..mg.L. + NSEC.Aerobic.SRT + NSEC.Effluent.NO5",0.25696164040031,0.79779822866549,"3,2"
"7768","N..Eff..TSS.Conc. + Temp..of.the.Atmos. + Secondary.Effluent.Flow + CODds..mg.L. + NSEC.Aerobic.SRT + NSEC.Effluent.Flow",0.421961576122909,0.789744418317502,"3,2"
"7769","N..Eff..TSS.Conc. + Temp..of.the.Atmos. + Secondary.Effluent.Flow + CODds..mg.L. + NSEC.Effluent.NH3 + NSEC.Effluent.NO3",0.114955514002625,0.64172149809522,"3,2"
"7770","N..Eff..TSS.Conc. + Temp..of.the.Atmos. + Secondary.Effluent.Flow + CODds..mg.L. + NSEC.Effluent.NH3 + NSEC.Effluent.OP",0.0567834964887137,0.65095850875102,"3,2"
"7771","N..Eff..TSS.Conc. + Temp..of.the.Atmos. + Secondary.Effluent.Flow + CODds..mg.L. + NSEC.Effluent.NH3 + NSEC.Effluent.TSS",0.0775498338828338,0.618361004137151,"3,2"
"7772","N..Eff..TSS.Conc. + Temp..of.the.Atmos. + Secondary.Effluent.Flow + CODds..mg.L. + NSEC.Effluent.NH3 + NSEC.Effluent.NO5",0.0657311662637028,0.675729955642095,"3,2"
"7773","N..Eff..TSS.Conc. + Temp..of.the.Atmos. + Secondary.Effluent.Flow + CODds..mg.L. + NSEC.Effluent.NH3 + NSEC.Effluent.Flow",0.0215374253336029,0.642077794247691,"3,2"
"7774","N..Eff..TSS.Conc. + Temp..of.the.Atmos. + Secondary.Effluent.Flow + CODds..mg.L. + NSEC.Effluent.NO3 + NSEC.Effluent.OP",0.192859828908705,0.00346588154269015,"3,2"
"7775","N..Eff..TSS.Conc. + Temp..of.the.Atmos. + Secondary.Effluent.Flow + CODds..mg.L. + NSEC.Effluent.NO3 + NSEC.Effluent.TSS",0.0026218814110881,0.758945459318576,"3,2"
"7776","N..Eff..TSS.Conc. + Temp..of.the.Atmos. + Secondary.Effluent.Flow + CODds..mg.L. + NSEC.Effluent.NO3 + NSEC.Effluent.NO5",0.182268485426013,0.688884139808785,"3,2"
"7777","N..Eff..TSS.Conc. + Temp..of.the.Atmos. + Secondary.Effluent.Flow + CODds..mg.L. + NSEC.Effluent.NO3 + NSEC.Effluent.Flow",0.147318746109403,0.678778164384781,"3,2"
"7778","N..Eff..TSS.Conc. + Temp..of.the.Atmos. + Secondary.Effluent.Flow + CODds..mg.L. + NSEC.Effluent.OP + NSEC.Effluent.TSS",0.0568153419129227,0.658983746994167,"3,2"
"7779","N..Eff..TSS.Conc. + Temp..of.the.Atmos. + Secondary.Effluent.Flow + CODds..mg.L. + NSEC.Effluent.OP + NSEC.Effluent.NO5",0.0228421376660415,0.638162959449135,"3,2"
"7780","N..Eff..TSS.Conc. + Temp..of.the.Atmos. + Secondary.Effluent.Flow + CODds..mg.L. + NSEC.Effluent.OP + NSEC.Effluent.Flow",0.0771163879835413,0.670480655055373,"3,2"
"7781","N..Eff..TSS.Conc. + Temp..of.the.Atmos. + Secondary.Effluent.Flow + CODds..mg.L. + NSEC.Effluent.TSS + NSEC.Effluent.NO5",0.0566699721243396,0.629731538428768,"3,2"
"7782","N..Eff..TSS.Conc. + Temp..of.the.Atmos. + Secondary.Effluent.Flow + CODds..mg.L. + NSEC.Effluent.TSS + NSEC.Effluent.Flow",0.0109367773142306,0.621736091476529,"3,2"
"7783","N..Eff..TSS.Conc. + Temp..of.the.Atmos. + Secondary.Effluent.Flow + CODds..mg.L. + NSEC.Effluent.NO5 + NSEC.Effluent.Flow",0.00306650588325263,0.732063910324795,"3,2"
"7784","N..Eff..TSS.Conc. + Temp..of.the.Atmos. + Secondary.Effluent.Flow + SACto..1.m. + NSEC.Aerobic.SRT + NSEC.Effluent.NH3",0.318387382025212,0.635972181344692,"3,2"
"7785","N..Eff..TSS.Conc. + Temp..of.the.Atmos. + Secondary.Effluent.Flow + SACto..1.m. + NSEC.Aerobic.SRT + NSEC.Effluent.NO3",0.153690198085904,0.730163199402158,"3,2"
"7786","N..Eff..TSS.Conc. + Temp..of.the.Atmos. + Secondary.Effluent.Flow + SACto..1.m. + NSEC.Aerobic.SRT + NSEC.Effluent.OP",0.134773054697056,0.64515282339534,"3,2"
"7787","N..Eff..TSS.Conc. + Temp..of.the.Atmos. + Secondary.Effluent.Flow + SACto..1.m. + NSEC.Aerobic.SRT + NSEC.Effluent.TSS",0.150599230307496,0.665865920773293,"3,2"
"7788","N..Eff..TSS.Conc. + Temp..of.the.Atmos. + Secondary.Effluent.Flow + SACto..1.m. + NSEC.Aerobic.SRT + NSEC.Effluent.NO5",0.141424417070275,0.774731450549332,"3,2"
"7789","N..Eff..TSS.Conc. + Temp..of.the.Atmos. + Secondary.Effluent.Flow + SACto..1.m. + NSEC.Aerobic.SRT + NSEC.Effluent.Flow",0.206679516299034,0.763066455368494,"3,2"
"7790","N..Eff..TSS.Conc. + Temp..of.the.Atmos. + Secondary.Effluent.Flow + SACto..1.m. + NSEC.Effluent.NH3 + NSEC.Effluent.NO3",0.0114411173149529,0.714627985300934,"3,2"
"7791","N..Eff..TSS.Conc. + Temp..of.the.Atmos. + Secondary.Effluent.Flow + SACto..1.m. + NSEC.Effluent.NH3 + NSEC.Effluent.OP",0.144208906769291,0.611361288087064,"3,2"
"7792","N..Eff..TSS.Conc. + Temp..of.the.Atmos. + Secondary.Effluent.Flow + SACto..1.m. + NSEC.Effluent.NH3 + NSEC.Effluent.TSS",0.0945215142489899,0.501671243573557,"3,2"
"7793","N..Eff..TSS.Conc. + Temp..of.the.Atmos. + Secondary.Effluent.Flow + SACto..1.m. + NSEC.Effluent.NH3 + NSEC.Effluent.NO5",0.167229110661021,0.577235876632615,"3,2"
"7794","N..Eff..TSS.Conc. + Temp..of.the.Atmos. + Secondary.Effluent.Flow + SACto..1.m. + NSEC.Effluent.NH3 + NSEC.Effluent.Flow",0.0262240539462255,0.533353485796736,"3,2"
"7795","N..Eff..TSS.Conc. + Temp..of.the.Atmos. + Secondary.Effluent.Flow + SACto..1.m. + NSEC.Effluent.NO3 + NSEC.Effluent.OP",0.131569785861151,0.749374471921383,"3,2"
"7796","N..Eff..TSS.Conc. + Temp..of.the.Atmos. + Secondary.Effluent.Flow + SACto..1.m. + NSEC.Effluent.NO3 + NSEC.Effluent.TSS",0.0534262390894584,0.583312872452907,"3,2"
"7797","N..Eff..TSS.Conc. + Temp..of.the.Atmos. + Secondary.Effluent.Flow + SACto..1.m. + NSEC.Effluent.NO3 + NSEC.Effluent.NO5",0.112088336783606,0.513511416096277,"3,2"
"7798","N..Eff..TSS.Conc. + Temp..of.the.Atmos. + Secondary.Effluent.Flow + SACto..1.m. + NSEC.Effluent.NO3 + NSEC.Effluent.Flow",0.170185639044064,0.655784143220743,"3,2"
"7799","N..Eff..TSS.Conc. + Temp..of.the.Atmos. + Secondary.Effluent.Flow + SACto..1.m. + NSEC.Effluent.OP + NSEC.Effluent.TSS",0.21917939937946,0.664062454224634,"3,2"
"7800","N..Eff..TSS.Conc. + Temp..of.the.Atmos. + Secondary.Effluent.Flow + SACto..1.m. + NSEC.Effluent.OP + NSEC.Effluent.NO5",0.0979928671230392,0.60678192926068,"3,2"
"7801","N..Eff..TSS.Conc. + Temp..of.the.Atmos. + Secondary.Effluent.Flow + SACto..1.m. + NSEC.Effluent.OP + NSEC.Effluent.Flow",0.0232796473045056,0.523903321138936,"3,2"
"7802","N..Eff..TSS.Conc. + Temp..of.the.Atmos. + Secondary.Effluent.Flow + SACto..1.m. + NSEC.Effluent.TSS + NSEC.Effluent.NO5",0.161252066945796,0.517919549227026,"3,2"
"7803","N..Eff..TSS.Conc. + Temp..of.the.Atmos. + Secondary.Effluent.Flow + SACto..1.m. + NSEC.Effluent.TSS + NSEC.Effluent.Flow",0.0159818836597105,0.6488236109909,"3,2"
"7804","N..Eff..TSS.Conc. + Temp..of.the.Atmos. + Secondary.Effluent.Flow + SACto..1.m. + NSEC.Effluent.NO5 + NSEC.Effluent.Flow",0.129850041653325,0.53890018329814,"3,2"
"7805","N..Eff..TSS.Conc. + Temp..of.the.Atmos. + Secondary.Effluent.Flow + NSEC.Aerobic.SRT + NSEC.Effluent.NH3 + NSEC.Effluent.NO3",0.0230186700252843,0.441235454701497,"3,2"
"7806","N..Eff..TSS.Conc. + Temp..of.the.Atmos. + Secondary.Effluent.Flow + NSEC.Aerobic.SRT + NSEC.Effluent.NH3 + NSEC.Effluent.OP",0.0049201616665755,0.740977849219451,"3,2"
"7807","N..Eff..TSS.Conc. + Temp..of.the.Atmos. + Secondary.Effluent.Flow + NSEC.Aerobic.SRT + NSEC.Effluent.NH3 + NSEC.Effluent.TSS",0.017643031829861,0.457148373438758,"3,2"
"7808","N..Eff..TSS.Conc. + Temp..of.the.Atmos. + Secondary.Effluent.Flow + NSEC.Aerobic.SRT + NSEC.Effluent.NH3 + NSEC.Effluent.NO5",0.223450919237771,0.681299493209731,"3,2"
"7809","N..Eff..TSS.Conc. + Temp..of.the.Atmos. + Secondary.Effluent.Flow + NSEC.Aerobic.SRT + NSEC.Effluent.NH3 + NSEC.Effluent.Flow",0.144799893938857,0.614278744751002,"3,2"
"7810","N..Eff..TSS.Conc. + Temp..of.the.Atmos. + Secondary.Effluent.Flow + NSEC.Aerobic.SRT + NSEC.Effluent.NO3 + NSEC.Effluent.OP",0.154925198744799,0.773707197133351,"3,2"
"7811","N..Eff..TSS.Conc. + Temp..of.the.Atmos. + Secondary.Effluent.Flow + NSEC.Aerobic.SRT + NSEC.Effluent.NO3 + NSEC.Effluent.TSS",0.303579256710407,0.732235087322816,"3,2"
"7812","N..Eff..TSS.Conc. + Temp..of.the.Atmos. + Secondary.Effluent.Flow + NSEC.Aerobic.SRT + NSEC.Effluent.NO3 + NSEC.Effluent.NO5",0.155156537861856,0.777691051467139,"3,2"
"7813","N..Eff..TSS.Conc. + Temp..of.the.Atmos. + Secondary.Effluent.Flow + NSEC.Aerobic.SRT + NSEC.Effluent.NO3 + NSEC.Effluent.Flow",0.157195327554851,0.63777186317537,"3,2"
"7814","N..Eff..TSS.Conc. + Temp..of.the.Atmos. + Secondary.Effluent.Flow + NSEC.Aerobic.SRT + NSEC.Effluent.OP + NSEC.Effluent.TSS",0.3697498749725,0.712401942177457,"3,2"
"7815","N..Eff..TSS.Conc. + Temp..of.the.Atmos. + Secondary.Effluent.Flow + NSEC.Aerobic.SRT + NSEC.Effluent.OP + NSEC.Effluent.NO5",0.056471362909071,0.727100443348988,"3,2"
"7816","N..Eff..TSS.Conc. + Temp..of.the.Atmos. + Secondary.Effluent.Flow + NSEC.Aerobic.SRT + NSEC.Effluent.OP + NSEC.Effluent.Flow",0.401247697689738,0.735411954962541,"3,2"
"7817","N..Eff..TSS.Conc. + Temp..of.the.Atmos. + Secondary.Effluent.Flow + NSEC.Aerobic.SRT + NSEC.Effluent.TSS + NSEC.Effluent.NO5",0.0082610271225283,0.426160398915686,"3,2"
"7818","N..Eff..TSS.Conc. + Temp..of.the.Atmos. + Secondary.Effluent.Flow + NSEC.Aerobic.SRT + NSEC.Effluent.TSS + NSEC.Effluent.Flow",0.0241786062408402,0.456614920297539,"3,2"
"7819","N..Eff..TSS.Conc. + Temp..of.the.Atmos. + Secondary.Effluent.Flow + NSEC.Aerobic.SRT + NSEC.Effluent.NO5 + NSEC.Effluent.Flow",0.185608106324096,0.730933116235403,"3,2"
"7820","N..Eff..TSS.Conc. + Temp..of.the.Atmos. + Secondary.Effluent.Flow + NSEC.Effluent.NH3 + NSEC.Effluent.NO3 + NSEC.Effluent.OP",0.0268283198122266,0.55573691405135,"3,2"
"7821","N..Eff..TSS.Conc. + Temp..of.the.Atmos. + Secondary.Effluent.Flow + NSEC.Effluent.NH3 + NSEC.Effluent.NO3 + NSEC.Effluent.TSS",0.0121937953260063,0.353629838320779,"3,2"
"7822","N..Eff..TSS.Conc. + Temp..of.the.Atmos. + Secondary.Effluent.Flow + NSEC.Effluent.NH3 + NSEC.Effluent.NO3 + NSEC.Effluent.NO5",0.00444718966425706,0.651099047344119,"3,2"
"7823","N..Eff..TSS.Conc. + Temp..of.the.Atmos. + Secondary.Effluent.Flow + NSEC.Effluent.NH3 + NSEC.Effluent.NO3 + NSEC.Effluent.Flow",0.114366782404487,0.524783371774579,"3,2"
"7824","N..Eff..TSS.Conc. + Temp..of.the.Atmos. + Secondary.Effluent.Flow + NSEC.Effluent.NH3 + NSEC.Effluent.OP + NSEC.Effluent.TSS",0.475051061122947,0.745808645849747,"3,2"
"7825","N..Eff..TSS.Conc. + Temp..of.the.Atmos. + Secondary.Effluent.Flow + NSEC.Effluent.NH3 + NSEC.Effluent.OP + NSEC.Effluent.NO5",0.131920834379403,0.576971807440633,"3,2"
"7826","N..Eff..TSS.Conc. + Temp..of.the.Atmos. + Secondary.Effluent.Flow + NSEC.Effluent.NH3 + NSEC.Effluent.OP + NSEC.Effluent.Flow",0.0853974374770963,0.631206380098668,"3,2"
"7827","N..Eff..TSS.Conc. + Temp..of.the.Atmos. + Secondary.Effluent.Flow + NSEC.Effluent.NH3 + NSEC.Effluent.TSS + NSEC.Effluent.NO5",0.0290925363711987,0.356658207515882,"3,2"
"7828","N..Eff..TSS.Conc. + Temp..of.the.Atmos. + Secondary.Effluent.Flow + NSEC.Effluent.NH3 + NSEC.Effluent.TSS + NSEC.Effluent.Flow",0.123647086462547,0.518049423497208,"3,2"
"7829","N..Eff..TSS.Conc. + Temp..of.the.Atmos. + Secondary.Effluent.Flow + NSEC.Effluent.NH3 + NSEC.Effluent.NO5 + NSEC.Effluent.Flow",0.194211584716646,0.0209667050325189,"3,2"
"7830","N..Eff..TSS.Conc. + Temp..of.the.Atmos. + Secondary.Effluent.Flow + NSEC.Effluent.NO3 + NSEC.Effluent.OP + NSEC.Effluent.TSS",0.0354354132395707,0.609182838612839,"3,2"
"7831","N..Eff..TSS.Conc. + Temp..of.the.Atmos. + Secondary.Effluent.Flow + NSEC.Effluent.NO3 + NSEC.Effluent.OP + NSEC.Effluent.NO5",0.117158907583332,0.656961916031377,"3,2"
"7832","N..Eff..TSS.Conc. + Temp..of.the.Atmos. + Secondary.Effluent.Flow + NSEC.Effluent.NO3 + NSEC.Effluent.OP + NSEC.Effluent.Flow",0.0795884998212051,0.525382366976403,"3,2"
"7833","N..Eff..TSS.Conc. + Temp..of.the.Atmos. + Secondary.Effluent.Flow + NSEC.Effluent.NO3 + NSEC.Effluent.TSS + NSEC.Effluent.NO5",0.0363489829859778,0.619654630624325,"3,2"
"7834","N..Eff..TSS.Conc. + Temp..of.the.Atmos. + Secondary.Effluent.Flow + NSEC.Effluent.NO3 + NSEC.Effluent.TSS + NSEC.Effluent.Flow",0.0618461064714708,0.343487469931843,"3,2"
"7835","N..Eff..TSS.Conc. + Temp..of.the.Atmos. + Secondary.Effluent.Flow + NSEC.Effluent.NO3 + NSEC.Effluent.NO5 + NSEC.Effluent.Flow",0.19543053562848,0.575684671380118,"3,2"
"7836","N..Eff..TSS.Conc. + Temp..of.the.Atmos. + Secondary.Effluent.Flow + NSEC.Effluent.OP + NSEC.Effluent.TSS + NSEC.Effluent.NO5",0.407631287223759,0.700151705990225,"3,2"
"7837","N..Eff..TSS.Conc. + Temp..of.the.Atmos. + Secondary.Effluent.Flow + NSEC.Effluent.OP + NSEC.Effluent.TSS + NSEC.Effluent.Flow",0.124789998355778,0.63005902313134,"3,2"
"7838","N..Eff..TSS.Conc. + Temp..of.the.Atmos. + Secondary.Effluent.Flow + NSEC.Effluent.OP + NSEC.Effluent.NO5 + NSEC.Effluent.Flow",0.105200095073479,0.604785376694566,"3,2"
"7839","N..Eff..TSS.Conc. + Temp..of.the.Atmos. + Secondary.Effluent.Flow + NSEC.Effluent.TSS + NSEC.Effluent.NO5 + NSEC.Effluent.Flow",0.217062987250733,0.550178561702602,"3,2"
"7840","N..Eff..TSS.Conc. + Temp..of.the.Atmos. + N..Basin.Outfall + CODto..mg.L. + TSS..mg.L. + UVT....",0.11714800278199,0.708683246899675,"3,2"
"7841","N..Eff..TSS.Conc. + Temp..of.the.Atmos. + N..Basin.Outfall + CODto..mg.L. + TSS..mg.L. + CODds..mg.L.",0.147676482307958,0.734639011283447,"3,2"
"7842","N..Eff..TSS.Conc. + Temp..of.the.Atmos. + N..Basin.Outfall + CODto..mg.L. + TSS..mg.L. + SACto..1.m.",0.190830015277236,0.771269150552509,"3,2"
"7843","N..Eff..TSS.Conc. + Temp..of.the.Atmos. + N..Basin.Outfall + CODto..mg.L. + TSS..mg.L. + NSEC.Aerobic.SRT",0.0580626511012878,0.759199220023851,"3,2"
"7844","N..Eff..TSS.Conc. + Temp..of.the.Atmos. + N..Basin.Outfall + CODto..mg.L. + TSS..mg.L. + NSEC.Effluent.NH3",0.19687426893425,0.705261130528032,"3,2"
"7845","N..Eff..TSS.Conc. + Temp..of.the.Atmos. + N..Basin.Outfall + CODto..mg.L. + TSS..mg.L. + NSEC.Effluent.NO3",0.176453634185288,0.790617945799123,"3,2"
"7846","N..Eff..TSS.Conc. + Temp..of.the.Atmos. + N..Basin.Outfall + CODto..mg.L. + TSS..mg.L. + NSEC.Effluent.OP",0.145799491770891,0.772728256465141,"3,2"
"7847","N..Eff..TSS.Conc. + Temp..of.the.Atmos. + N..Basin.Outfall + CODto..mg.L. + TSS..mg.L. + NSEC.Effluent.TSS",0.0298353150463773,0.684023547894421,"3,2"
"7848","N..Eff..TSS.Conc. + Temp..of.the.Atmos. + N..Basin.Outfall + CODto..mg.L. + TSS..mg.L. + NSEC.Effluent.NO5",0.222900484009221,0.79771613426655,"3,2"
"7849","N..Eff..TSS.Conc. + Temp..of.the.Atmos. + N..Basin.Outfall + CODto..mg.L. + TSS..mg.L. + NSEC.Effluent.Flow",0.0774873230518187,0.664140429218697,"3,2"
"7850","N..Eff..TSS.Conc. + Temp..of.the.Atmos. + N..Basin.Outfall + CODto..mg.L. + UVT.... + CODds..mg.L.",0.112117291439995,0.696137693011099,"3,2"
"7851","N..Eff..TSS.Conc. + Temp..of.the.Atmos. + N..Basin.Outfall + CODto..mg.L. + UVT.... + SACto..1.m.",0.152271648199931,0.726818861647165,"3,2"
"7852","N..Eff..TSS.Conc. + Temp..of.the.Atmos. + N..Basin.Outfall + CODto..mg.L. + UVT.... + NSEC.Aerobic.SRT",0.0191366941323317,0.691170781015451,"3,2"
"7853","N..Eff..TSS.Conc. + Temp..of.the.Atmos. + N..Basin.Outfall + CODto..mg.L. + UVT.... + NSEC.Effluent.NH3",0.00437843627738688,0.647234827874966,"3,2"
"7854","N..Eff..TSS.Conc. + Temp..of.the.Atmos. + N..Basin.Outfall + CODto..mg.L. + UVT.... + NSEC.Effluent.NO3",0.00460373496094935,0.687536973195944,"3,2"
"7855","N..Eff..TSS.Conc. + Temp..of.the.Atmos. + N..Basin.Outfall + CODto..mg.L. + UVT.... + NSEC.Effluent.OP",0.0402122727116279,0.723922815624215,"3,2"
"7856","N..Eff..TSS.Conc. + Temp..of.the.Atmos. + N..Basin.Outfall + CODto..mg.L. + UVT.... + NSEC.Effluent.TSS",0.0404541465109176,0.623257213897179,"3,2"
"7857","N..Eff..TSS.Conc. + Temp..of.the.Atmos. + N..Basin.Outfall + CODto..mg.L. + UVT.... + NSEC.Effluent.NO5",0.17370718180869,0.631193405505781,"3,2"
"7858","N..Eff..TSS.Conc. + Temp..of.the.Atmos. + N..Basin.Outfall + CODto..mg.L. + UVT.... + NSEC.Effluent.Flow",0.272154741529097,0.658481345969625,"3,2"
"7859","N..Eff..TSS.Conc. + Temp..of.the.Atmos. + N..Basin.Outfall + CODto..mg.L. + CODds..mg.L. + SACto..1.m.",0.241911962940073,0.675332673732034,"3,2"
"7860","N..Eff..TSS.Conc. + Temp..of.the.Atmos. + N..Basin.Outfall + CODto..mg.L. + CODds..mg.L. + NSEC.Aerobic.SRT",0.23835822847625,0.692478306973289,"3,2"
"7861","N..Eff..TSS.Conc. + Temp..of.the.Atmos. + N..Basin.Outfall + CODto..mg.L. + CODds..mg.L. + NSEC.Effluent.NH3",0.240495452403045,0.745404819364058,"3,2"
"7862","N..Eff..TSS.Conc. + Temp..of.the.Atmos. + N..Basin.Outfall + CODto..mg.L. + CODds..mg.L. + NSEC.Effluent.NO3",0.236592129286566,0.660253513325329,"3,2"
"7863","N..Eff..TSS.Conc. + Temp..of.the.Atmos. + N..Basin.Outfall + CODto..mg.L. + CODds..mg.L. + NSEC.Effluent.OP",0.0984823862454651,0.696784728957338,"3,2"
"7864","N..Eff..TSS.Conc. + Temp..of.the.Atmos. + N..Basin.Outfall + CODto..mg.L. + CODds..mg.L. + NSEC.Effluent.TSS",0.148212740494971,0.637784543111854,"3,2"
"7865","N..Eff..TSS.Conc. + Temp..of.the.Atmos. + N..Basin.Outfall + CODto..mg.L. + CODds..mg.L. + NSEC.Effluent.NO5",0.181720442578041,0.663129321223942,"3,2"
"7866","N..Eff..TSS.Conc. + Temp..of.the.Atmos. + N..Basin.Outfall + CODto..mg.L. + CODds..mg.L. + NSEC.Effluent.Flow",0.242070509141821,0.668552854817267,"3,2"
"7867","N..Eff..TSS.Conc. + Temp..of.the.Atmos. + N..Basin.Outfall + CODto..mg.L. + SACto..1.m. + NSEC.Aerobic.SRT",0.201728811944887,0.706489106992594,"3,2"
"7868","N..Eff..TSS.Conc. + Temp..of.the.Atmos. + N..Basin.Outfall + CODto..mg.L. + SACto..1.m. + NSEC.Effluent.NH3",0.119741964943813,0.636633768268625,"3,2"
"7869","N..Eff..TSS.Conc. + Temp..of.the.Atmos. + N..Basin.Outfall + CODto..mg.L. + SACto..1.m. + NSEC.Effluent.NO3",0.239647450819229,0.767163465596325,"3,2"
"7870","N..Eff..TSS.Conc. + Temp..of.the.Atmos. + N..Basin.Outfall + CODto..mg.L. + SACto..1.m. + NSEC.Effluent.OP",0.0775535720598439,0.735293752446382,"3,2"
"7871","N..Eff..TSS.Conc. + Temp..of.the.Atmos. + N..Basin.Outfall + CODto..mg.L. + SACto..1.m. + NSEC.Effluent.TSS",0.177690068111032,0.735091825871657,"3,2"
"7872","N..Eff..TSS.Conc. + Temp..of.the.Atmos. + N..Basin.Outfall + CODto..mg.L. + SACto..1.m. + NSEC.Effluent.NO5",0.209744844489375,0.77638041652811,"3,2"
"7873","N..Eff..TSS.Conc. + Temp..of.the.Atmos. + N..Basin.Outfall + CODto..mg.L. + SACto..1.m. + NSEC.Effluent.Flow",0.0421479832773639,0.674950409927148,"3,2"
"7874","N..Eff..TSS.Conc. + Temp..of.the.Atmos. + N..Basin.Outfall + CODto..mg.L. + NSEC.Aerobic.SRT + NSEC.Effluent.NH3",0.311306444011354,0.790710590016624,"3,2"
"7875","N..Eff..TSS.Conc. + Temp..of.the.Atmos. + N..Basin.Outfall + CODto..mg.L. + NSEC.Aerobic.SRT + NSEC.Effluent.NO3",0.334987165738244,0.782526785185001,"3,2"
"7876","N..Eff..TSS.Conc. + Temp..of.the.Atmos. + N..Basin.Outfall + CODto..mg.L. + NSEC.Aerobic.SRT + NSEC.Effluent.OP",0.0613225794143497,0.75335022268175,"3,2"
"7877","N..Eff..TSS.Conc. + Temp..of.the.Atmos. + N..Basin.Outfall + CODto..mg.L. + NSEC.Aerobic.SRT + NSEC.Effluent.TSS",0.18203474460553,0.720681610269426,"3,2"
"7878","N..Eff..TSS.Conc. + Temp..of.the.Atmos. + N..Basin.Outfall + CODto..mg.L. + NSEC.Aerobic.SRT + NSEC.Effluent.NO5",0.393952098723835,0.722531548987364,"3,2"
"7879","N..Eff..TSS.Conc. + Temp..of.the.Atmos. + N..Basin.Outfall + CODto..mg.L. + NSEC.Aerobic.SRT + NSEC.Effluent.Flow",0.303725774097506,0.707698622618556,"3,2"
"7880","N..Eff..TSS.Conc. + Temp..of.the.Atmos. + N..Basin.Outfall + CODto..mg.L. + NSEC.Effluent.NH3 + NSEC.Effluent.NO3",0.194376474079242,0.715787169818974,"3,2"
"7881","N..Eff..TSS.Conc. + Temp..of.the.Atmos. + N..Basin.Outfall + CODto..mg.L. + NSEC.Effluent.NH3 + NSEC.Effluent.OP",0.0643712337914224,0.613476172026772,"3,2"
"7882","N..Eff..TSS.Conc. + Temp..of.the.Atmos. + N..Basin.Outfall + CODto..mg.L. + NSEC.Effluent.NH3 + NSEC.Effluent.TSS",0.0985990672320243,0.520155416320643,"3,2"
"7883","N..Eff..TSS.Conc. + Temp..of.the.Atmos. + N..Basin.Outfall + CODto..mg.L. + NSEC.Effluent.NH3 + NSEC.Effluent.NO5",0.111318005862929,0.53423297537515,"3,2"
"7884","N..Eff..TSS.Conc. + Temp..of.the.Atmos. + N..Basin.Outfall + CODto..mg.L. + NSEC.Effluent.NH3 + NSEC.Effluent.Flow",0.193238163642233,0.0191447725008839,"3,2"
"7885","N..Eff..TSS.Conc. + Temp..of.the.Atmos. + N..Basin.Outfall + CODto..mg.L. + NSEC.Effluent.NO3 + NSEC.Effluent.OP",0.00134354374805601,0.627046197729818,"3,2"
"7886","N..Eff..TSS.Conc. + Temp..of.the.Atmos. + N..Basin.Outfall + CODto..mg.L. + NSEC.Effluent.NO3 + NSEC.Effluent.TSS",0.26105049216015,0.593361135549341,"3,2"
"7887","N..Eff..TSS.Conc. + Temp..of.the.Atmos. + N..Basin.Outfall + CODto..mg.L. + NSEC.Effluent.NO3 + NSEC.Effluent.NO5",0.131379473403395,0.503380717187659,"3,2"
"7888","N..Eff..TSS.Conc. + Temp..of.the.Atmos. + N..Basin.Outfall + CODto..mg.L. + NSEC.Effluent.NO3 + NSEC.Effluent.Flow",0.36477919599635,0.631504444811741,"3,2"
"7889","N..Eff..TSS.Conc. + Temp..of.the.Atmos. + N..Basin.Outfall + CODto..mg.L. + NSEC.Effluent.OP + NSEC.Effluent.TSS",0.0462220319610034,0.590736096322142,"3,2"
"7890","N..Eff..TSS.Conc. + Temp..of.the.Atmos. + N..Basin.Outfall + CODto..mg.L. + NSEC.Effluent.OP + NSEC.Effluent.NO5",0.179908051170187,0.697632026020744,"3,2"
"7891","N..Eff..TSS.Conc. + Temp..of.the.Atmos. + N..Basin.Outfall + CODto..mg.L. + NSEC.Effluent.OP + NSEC.Effluent.Flow",0.231370352756705,0.704577438642915,"3,2"
"7892","N..Eff..TSS.Conc. + Temp..of.the.Atmos. + N..Basin.Outfall + CODto..mg.L. + NSEC.Effluent.TSS + NSEC.Effluent.NO5",0.145946992095024,0.485879542845985,"3,2"
"7893","N..Eff..TSS.Conc. + Temp..of.the.Atmos. + N..Basin.Outfall + CODto..mg.L. + NSEC.Effluent.TSS + NSEC.Effluent.Flow",0.0509535290963063,0.616917716845635,"3,2"
"7894","N..Eff..TSS.Conc. + Temp..of.the.Atmos. + N..Basin.Outfall + CODto..mg.L. + NSEC.Effluent.NO5 + NSEC.Effluent.Flow",0.183490818604578,0.614811604456157,"3,2"
"7895","N..Eff..TSS.Conc. + Temp..of.the.Atmos. + N..Basin.Outfall + TSS..mg.L. + UVT.... + CODds..mg.L.",0.022511143676031,0.747166556870936,"3,2"
"7896","N..Eff..TSS.Conc. + Temp..of.the.Atmos. + N..Basin.Outfall + TSS..mg.L. + UVT.... + SACto..1.m.",0.0935944596772362,0.722607517774342,"3,2"
"7897","N..Eff..TSS.Conc. + Temp..of.the.Atmos. + N..Basin.Outfall + TSS..mg.L. + UVT.... + NSEC.Aerobic.SRT",0.0468078687678459,0.807156198777698,"3,2"
"7898","N..Eff..TSS.Conc. + Temp..of.the.Atmos. + N..Basin.Outfall + TSS..mg.L. + UVT.... + NSEC.Effluent.NH3",0.0943657139789666,0.511743362833486,"3,2"
"7899","N..Eff..TSS.Conc. + Temp..of.the.Atmos. + N..Basin.Outfall + TSS..mg.L. + UVT.... + NSEC.Effluent.NO3",0.102878503888193,0.678746978153444,"3,2"
"7900","N..Eff..TSS.Conc. + Temp..of.the.Atmos. + N..Basin.Outfall + TSS..mg.L. + UVT.... + NSEC.Effluent.OP",0.0389842739882125,0.795104233609071,"3,2"
"7901","N..Eff..TSS.Conc. + Temp..of.the.Atmos. + N..Basin.Outfall + TSS..mg.L. + UVT.... + NSEC.Effluent.TSS",0.151380560560745,0.736830103127737,"3,2"
"7902","N..Eff..TSS.Conc. + Temp..of.the.Atmos. + N..Basin.Outfall + TSS..mg.L. + UVT.... + NSEC.Effluent.NO5",0.0762749136126795,0.684166367340873,"3,2"
"7903","N..Eff..TSS.Conc. + Temp..of.the.Atmos. + N..Basin.Outfall + TSS..mg.L. + UVT.... + NSEC.Effluent.Flow",0.0436235385042774,0.766479177090111,"3,2"
"7904","N..Eff..TSS.Conc. + Temp..of.the.Atmos. + N..Basin.Outfall + TSS..mg.L. + CODds..mg.L. + SACto..1.m.",0.266976522459283,0.772790409995398,"3,2"
"7905","N..Eff..TSS.Conc. + Temp..of.the.Atmos. + N..Basin.Outfall + TSS..mg.L. + CODds..mg.L. + NSEC.Aerobic.SRT",0.229889626329745,0.792482559314609,"3,2"
"7906","N..Eff..TSS.Conc. + Temp..of.the.Atmos. + N..Basin.Outfall + TSS..mg.L. + CODds..mg.L. + NSEC.Effluent.NH3",0.118902028380956,0.648030114196905,"3,2"
"7907","N..Eff..TSS.Conc. + Temp..of.the.Atmos. + N..Basin.Outfall + TSS..mg.L. + CODds..mg.L. + NSEC.Effluent.NO3",0.0822155313214747,0.647183630049688,"3,2"
"7908","N..Eff..TSS.Conc. + Temp..of.the.Atmos. + N..Basin.Outfall + TSS..mg.L. + CODds..mg.L. + NSEC.Effluent.OP",0.0597414840905308,0.677867065473698,"3,2"
"7909","N..Eff..TSS.Conc. + Temp..of.the.Atmos. + N..Basin.Outfall + TSS..mg.L. + CODds..mg.L. + NSEC.Effluent.TSS",0.106218702625086,0.638564168666939,"3,2"
"7910","N..Eff..TSS.Conc. + Temp..of.the.Atmos. + N..Basin.Outfall + TSS..mg.L. + CODds..mg.L. + NSEC.Effluent.NO5",0.239033036778905,0.659406175809269,"3,2"
"7911","N..Eff..TSS.Conc. + Temp..of.the.Atmos. + N..Basin.Outfall + TSS..mg.L. + CODds..mg.L. + NSEC.Effluent.Flow",0.0568207211326217,0.644187173845578,"3,2"
"7912","N..Eff..TSS.Conc. + Temp..of.the.Atmos. + N..Basin.Outfall + TSS..mg.L. + SACto..1.m. + NSEC.Aerobic.SRT",0.0678521777245513,0.832283625313443,"3,2"
"7913","N..Eff..TSS.Conc. + Temp..of.the.Atmos. + N..Basin.Outfall + TSS..mg.L. + SACto..1.m. + NSEC.Effluent.NH3",0.288449849318654,0.766000558270143,"3,2"
"7914","N..Eff..TSS.Conc. + Temp..of.the.Atmos. + N..Basin.Outfall + TSS..mg.L. + SACto..1.m. + NSEC.Effluent.NO3",0.187091211948677,0.763324239752896,"3,2"
"7915","N..Eff..TSS.Conc. + Temp..of.the.Atmos. + N..Basin.Outfall + TSS..mg.L. + SACto..1.m. + NSEC.Effluent.OP",0.167487379621343,0.748951949449631,"3,2"
"7916","N..Eff..TSS.Conc. + Temp..of.the.Atmos. + N..Basin.Outfall + TSS..mg.L. + SACto..1.m. + NSEC.Effluent.TSS",0.160717093892865,0.769142159436788,"3,2"
"7917","N..Eff..TSS.Conc. + Temp..of.the.Atmos. + N..Basin.Outfall + TSS..mg.L. + SACto..1.m. + NSEC.Effluent.NO5",0.0387773752166922,0.668448835942906,"3,2"
"7918","N..Eff..TSS.Conc. + Temp..of.the.Atmos. + N..Basin.Outfall + TSS..mg.L. + SACto..1.m. + NSEC.Effluent.Flow",0.0312302281600427,0.677019749166272,"3,2"
"7919","N..Eff..TSS.Conc. + Temp..of.the.Atmos. + N..Basin.Outfall + TSS..mg.L. + NSEC.Aerobic.SRT + NSEC.Effluent.NH3",0.00524019992271407,0.502391762916798,"3,2"
"7920","N..Eff..TSS.Conc. + Temp..of.the.Atmos. + N..Basin.Outfall + TSS..mg.L. + NSEC.Aerobic.SRT + NSEC.Effluent.NO3",0.386637177057159,0.764392873438316,"3,2"
"7921","N..Eff..TSS.Conc. + Temp..of.the.Atmos. + N..Basin.Outfall + TSS..mg.L. + NSEC.Aerobic.SRT + NSEC.Effluent.OP",0.189541231521204,0.798287948129188,"3,2"
"7922","N..Eff..TSS.Conc. + Temp..of.the.Atmos. + N..Basin.Outfall + TSS..mg.L. + NSEC.Aerobic.SRT + NSEC.Effluent.TSS",0.107686317625232,0.504603859027308,"3,2"
"7923","N..Eff..TSS.Conc. + Temp..of.the.Atmos. + N..Basin.Outfall + TSS..mg.L. + NSEC.Aerobic.SRT + NSEC.Effluent.NO5",0.3234507986328,0.773306201568359,"3,2"
"7924","N..Eff..TSS.Conc. + Temp..of.the.Atmos. + N..Basin.Outfall + TSS..mg.L. + NSEC.Aerobic.SRT + NSEC.Effluent.Flow",0.333849203965973,0.740954112890001,"3,2"
"7925","N..Eff..TSS.Conc. + Temp..of.the.Atmos. + N..Basin.Outfall + TSS..mg.L. + NSEC.Effluent.NH3 + NSEC.Effluent.NO3",0.300618871559357,0.563040499545246,"3,2"
"7926","N..Eff..TSS.Conc. + Temp..of.the.Atmos. + N..Basin.Outfall + TSS..mg.L. + NSEC.Effluent.NH3 + NSEC.Effluent.OP",0.069145521248994,0.507513829465912,"3,2"
"7927","N..Eff..TSS.Conc. + Temp..of.the.Atmos. + N..Basin.Outfall + TSS..mg.L. + NSEC.Effluent.NH3 + NSEC.Effluent.TSS",0.159969709254214,0.449580977988824,"3,2"
"7928","N..Eff..TSS.Conc. + Temp..of.the.Atmos. + N..Basin.Outfall + TSS..mg.L. + NSEC.Effluent.NH3 + NSEC.Effluent.NO5",0.342600505918998,0.693221748289641,"3,2"
"7929","N..Eff..TSS.Conc. + Temp..of.the.Atmos. + N..Basin.Outfall + TSS..mg.L. + NSEC.Effluent.NH3 + NSEC.Effluent.Flow",0.386263356167479,0.612059191418255,"3,2"
"7930","N..Eff..TSS.Conc. + Temp..of.the.Atmos. + N..Basin.Outfall + TSS..mg.L. + NSEC.Effluent.NO3 + NSEC.Effluent.OP",0.571599062621353,0.68304722656598,"3,2"
"7931","N..Eff..TSS.Conc. + Temp..of.the.Atmos. + N..Basin.Outfall + TSS..mg.L. + NSEC.Effluent.NO3 + NSEC.Effluent.TSS",0.364695179570274,0.641786136921346,"3,2"
"7932","N..Eff..TSS.Conc. + Temp..of.the.Atmos. + N..Basin.Outfall + TSS..mg.L. + NSEC.Effluent.NO3 + NSEC.Effluent.NO5",0.0682850727987376,0.623643652770518,"3,2"
"7933","N..Eff..TSS.Conc. + Temp..of.the.Atmos. + N..Basin.Outfall + TSS..mg.L. + NSEC.Effluent.NO3 + NSEC.Effluent.Flow",0.00254687134738441,0.491601082135691,"3,2"
"7934","N..Eff..TSS.Conc. + Temp..of.the.Atmos. + N..Basin.Outfall + TSS..mg.L. + NSEC.Effluent.OP + NSEC.Effluent.TSS",0.0793165006104228,0.558999368629645,"3,2"
"7935","N..Eff..TSS.Conc. + Temp..of.the.Atmos. + N..Basin.Outfall + TSS..mg.L. + NSEC.Effluent.OP + NSEC.Effluent.NO5",0.110067079279129,0.507076043146944,"3,2"
"7936","N..Eff..TSS.Conc. + Temp..of.the.Atmos. + N..Basin.Outfall + TSS..mg.L. + NSEC.Effluent.OP + NSEC.Effluent.Flow",0.018879651944977,0.60868108592927,"3,2"
"7937","N..Eff..TSS.Conc. + Temp..of.the.Atmos. + N..Basin.Outfall + TSS..mg.L. + NSEC.Effluent.TSS + NSEC.Effluent.NO5",0.169458933334627,0.503717994136743,"3,2"
"7938","N..Eff..TSS.Conc. + Temp..of.the.Atmos. + N..Basin.Outfall + TSS..mg.L. + NSEC.Effluent.TSS + NSEC.Effluent.Flow",0.0535513320017313,0.384596690055223,"3,2"
"7939","N..Eff..TSS.Conc. + Temp..of.the.Atmos. + N..Basin.Outfall + TSS..mg.L. + NSEC.Effluent.NO5 + NSEC.Effluent.Flow",0.0536521138014181,0.431484112601947,"3,2"
"7940","N..Eff..TSS.Conc. + Temp..of.the.Atmos. + N..Basin.Outfall + UVT.... + CODds..mg.L. + SACto..1.m.",0.189626509018399,0.663331329835718,"3,2"
"7941","N..Eff..TSS.Conc. + Temp..of.the.Atmos. + N..Basin.Outfall + UVT.... + CODds..mg.L. + NSEC.Aerobic.SRT",0.18443955077682,0.798207079240788,"3,2"
"7942","N..Eff..TSS.Conc. + Temp..of.the.Atmos. + N..Basin.Outfall + UVT.... + CODds..mg.L. + NSEC.Effluent.NH3",0.178702916454429,0.678917885057277,"3,2"
"7943","N..Eff..TSS.Conc. + Temp..of.the.Atmos. + N..Basin.Outfall + UVT.... + CODds..mg.L. + NSEC.Effluent.NO3",0.250960589419001,0.66882607471163,"3,2"
"7944","N..Eff..TSS.Conc. + Temp..of.the.Atmos. + N..Basin.Outfall + UVT.... + CODds..mg.L. + NSEC.Effluent.OP",0.105365295031975,0.726096378143102,"3,2"
"7945","N..Eff..TSS.Conc. + Temp..of.the.Atmos. + N..Basin.Outfall + UVT.... + CODds..mg.L. + NSEC.Effluent.TSS",0.260361190322958,0.656119838739237,"3,2"
"7946","N..Eff..TSS.Conc. + Temp..of.the.Atmos. + N..Basin.Outfall + UVT.... + CODds..mg.L. + NSEC.Effluent.NO5",0.18327008945778,0.719079438481884,"3,2"
"7947","N..Eff..TSS.Conc. + Temp..of.the.Atmos. + N..Basin.Outfall + UVT.... + CODds..mg.L. + NSEC.Effluent.Flow",0.21841980583392,0.698436680367097,"3,2"
"7948","N..Eff..TSS.Conc. + Temp..of.the.Atmos. + N..Basin.Outfall + UVT.... + SACto..1.m. + NSEC.Aerobic.SRT",0.294313092219176,0.756493947449694,"3,2"
"7949","N..Eff..TSS.Conc. + Temp..of.the.Atmos. + N..Basin.Outfall + UVT.... + SACto..1.m. + NSEC.Effluent.NH3",0.232220076868019,0.593734415446544,"3,2"
"7950","N..Eff..TSS.Conc. + Temp..of.the.Atmos. + N..Basin.Outfall + UVT.... + SACto..1.m. + NSEC.Effluent.NO3",0.12329786807661,0.571976478512038,"3,2"
"7951","N..Eff..TSS.Conc. + Temp..of.the.Atmos. + N..Basin.Outfall + UVT.... + SACto..1.m. + NSEC.Effluent.OP",0.0632802091099629,0.665005541113572,"3,2"
"7952","N..Eff..TSS.Conc. + Temp..of.the.Atmos. + N..Basin.Outfall + UVT.... + SACto..1.m. + NSEC.Effluent.TSS",0.0377604076924194,0.531750749034727,"3,2"
"7953","N..Eff..TSS.Conc. + Temp..of.the.Atmos. + N..Basin.Outfall + UVT.... + SACto..1.m. + NSEC.Effluent.NO5",0.0264239193642029,0.638913103569715,"3,2"
"7954","N..Eff..TSS.Conc. + Temp..of.the.Atmos. + N..Basin.Outfall + UVT.... + SACto..1.m. + NSEC.Effluent.Flow",0.129600683088327,0.650452003869548,"3,2"
"7955","N..Eff..TSS.Conc. + Temp..of.the.Atmos. + N..Basin.Outfall + UVT.... + NSEC.Aerobic.SRT + NSEC.Effluent.NH3",0.193389965171121,0.0672556272892304,"3,2"
"7956","N..Eff..TSS.Conc. + Temp..of.the.Atmos. + N..Basin.Outfall + UVT.... + NSEC.Aerobic.SRT + NSEC.Effluent.NO3",0.381227048703261,0.81314437629455,"3,2"
"7957","N..Eff..TSS.Conc. + Temp..of.the.Atmos. + N..Basin.Outfall + UVT.... + NSEC.Aerobic.SRT + NSEC.Effluent.OP",0.0103560695645712,0.742688013301066,"3,2"
"7958","N..Eff..TSS.Conc. + Temp..of.the.Atmos. + N..Basin.Outfall + UVT.... + NSEC.Aerobic.SRT + NSEC.Effluent.TSS",0.0076824121115,0.44829338652819,"3,2"
"7959","N..Eff..TSS.Conc. + Temp..of.the.Atmos. + N..Basin.Outfall + UVT.... + NSEC.Aerobic.SRT + NSEC.Effluent.NO5",0.253888460261633,0.803722863613092,"3,2"
"7960","N..Eff..TSS.Conc. + Temp..of.the.Atmos. + N..Basin.Outfall + UVT.... + NSEC.Aerobic.SRT + NSEC.Effluent.Flow",0.173979296442867,0.737271934351299,"3,2"
"7961","N..Eff..TSS.Conc. + Temp..of.the.Atmos. + N..Basin.Outfall + UVT.... + NSEC.Effluent.NH3 + NSEC.Effluent.NO3",0.172611304230393,0.627819212360941,"3,2"
"7962","N..Eff..TSS.Conc. + Temp..of.the.Atmos. + N..Basin.Outfall + UVT.... + NSEC.Effluent.NH3 + NSEC.Effluent.OP",0.086162983628594,0.570813241765703,"3,2"
"7963","N..Eff..TSS.Conc. + Temp..of.the.Atmos. + N..Basin.Outfall + UVT.... + NSEC.Effluent.NH3 + NSEC.Effluent.TSS",0.0816684627128614,0.460163154621229,"3,2"
"7964","N..Eff..TSS.Conc. + Temp..of.the.Atmos. + N..Basin.Outfall + UVT.... + NSEC.Effluent.NH3 + NSEC.Effluent.NO5",0.120569505039957,0.459580788478527,"3,2"
"7965","N..Eff..TSS.Conc. + Temp..of.the.Atmos. + N..Basin.Outfall + UVT.... + NSEC.Effluent.NH3 + NSEC.Effluent.Flow",0.00334123488099358,0.53230817384788,"3,2"
"7966","N..Eff..TSS.Conc. + Temp..of.the.Atmos. + N..Basin.Outfall + UVT.... + NSEC.Effluent.NO3 + NSEC.Effluent.OP",0.00677888229446344,0.62218213714272,"3,2"
"7967","N..Eff..TSS.Conc. + Temp..of.the.Atmos. + N..Basin.Outfall + UVT.... + NSEC.Effluent.NO3 + NSEC.Effluent.TSS",0.0776437069228102,0.502299141313367,"3,2"
"7968","N..Eff..TSS.Conc. + Temp..of.the.Atmos. + N..Basin.Outfall + UVT.... + NSEC.Effluent.NO3 + NSEC.Effluent.NO5",0.334428424137086,0.626707981501525,"3,2"
"7969","N..Eff..TSS.Conc. + Temp..of.the.Atmos. + N..Basin.Outfall + UVT.... + NSEC.Effluent.NO3 + NSEC.Effluent.Flow",0.149872905585886,0.608585052078102,"3,2"
"7970","N..Eff..TSS.Conc. + Temp..of.the.Atmos. + N..Basin.Outfall + UVT.... + NSEC.Effluent.OP + NSEC.Effluent.TSS",0.0262907675452717,0.60610192400948,"3,2"
"7971","N..Eff..TSS.Conc. + Temp..of.the.Atmos. + N..Basin.Outfall + UVT.... + NSEC.Effluent.OP + NSEC.Effluent.NO5",0.0699485099350563,0.641052920693154,"3,2"
"7972","N..Eff..TSS.Conc. + Temp..of.the.Atmos. + N..Basin.Outfall + UVT.... + NSEC.Effluent.OP + NSEC.Effluent.Flow",0.0758286459856103,0.640879002940919,"3,2"
"7973","N..Eff..TSS.Conc. + Temp..of.the.Atmos. + N..Basin.Outfall + UVT.... + NSEC.Effluent.TSS + NSEC.Effluent.NO5",0.335400067949111,0.580557761330742,"3,2"
"7974","N..Eff..TSS.Conc. + Temp..of.the.Atmos. + N..Basin.Outfall + UVT.... + NSEC.Effluent.TSS + NSEC.Effluent.Flow",0.256106173467146,0.544225705584264,"3,2"
"7975","N..Eff..TSS.Conc. + Temp..of.the.Atmos. + N..Basin.Outfall + UVT.... + NSEC.Effluent.NO5 + NSEC.Effluent.Flow",0.249980230249507,0.579981245594747,"3,2"
"7976","N..Eff..TSS.Conc. + Temp..of.the.Atmos. + N..Basin.Outfall + CODds..mg.L. + SACto..1.m. + NSEC.Aerobic.SRT",0.0334262651377193,0.805909902291392,"3,2"
"7977","N..Eff..TSS.Conc. + Temp..of.the.Atmos. + N..Basin.Outfall + CODds..mg.L. + SACto..1.m. + NSEC.Effluent.NH3",0.228627493553674,0.734293288625737,"3,2"
"7978","N..Eff..TSS.Conc. + Temp..of.the.Atmos. + N..Basin.Outfall + CODds..mg.L. + SACto..1.m. + NSEC.Effluent.NO3",0.250587177948784,0.683862516414325,"3,2"
"7979","N..Eff..TSS.Conc. + Temp..of.the.Atmos. + N..Basin.Outfall + CODds..mg.L. + SACto..1.m. + NSEC.Effluent.OP",0.224218072748698,0.737688588304034,"3,2"
"7980","N..Eff..TSS.Conc. + Temp..of.the.Atmos. + N..Basin.Outfall + CODds..mg.L. + SACto..1.m. + NSEC.Effluent.TSS",0.201214809279497,0.687564289938958,"3,2"
"7981","N..Eff..TSS.Conc. + Temp..of.the.Atmos. + N..Basin.Outfall + CODds..mg.L. + SACto..1.m. + NSEC.Effluent.NO5",0.207248017748892,0.660853376907421,"3,2"
"7982","N..Eff..TSS.Conc. + Temp..of.the.Atmos. + N..Basin.Outfall + CODds..mg.L. + SACto..1.m. + NSEC.Effluent.Flow",0.177465527558885,0.66933896980907,"3,2"
"7983","N..Eff..TSS.Conc. + Temp..of.the.Atmos. + N..Basin.Outfall + CODds..mg.L. + NSEC.Aerobic.SRT + NSEC.Effluent.NH3",0.232062474890927,0.824162520028119,"3,2"
"7984","N..Eff..TSS.Conc. + Temp..of.the.Atmos. + N..Basin.Outfall + CODds..mg.L. + NSEC.Aerobic.SRT + NSEC.Effluent.NO3",0.427361019203926,0.797943354736974,"3,2"
"7985","N..Eff..TSS.Conc. + Temp..of.the.Atmos. + N..Basin.Outfall + CODds..mg.L. + NSEC.Aerobic.SRT + NSEC.Effluent.OP",0.08046468814742,0.765049988693814,"3,2"
"7986","N..Eff..TSS.Conc. + Temp..of.the.Atmos. + N..Basin.Outfall + CODds..mg.L. + NSEC.Aerobic.SRT + NSEC.Effluent.TSS",0.340544514959047,0.779768988167488,"3,2"
"7987","N..Eff..TSS.Conc. + Temp..of.the.Atmos. + N..Basin.Outfall + CODds..mg.L. + NSEC.Aerobic.SRT + NSEC.Effluent.NO5",0.217718291303466,0.750840783173803,"3,2"
"7988","N..Eff..TSS.Conc. + Temp..of.the.Atmos. + N..Basin.Outfall + CODds..mg.L. + NSEC.Aerobic.SRT + NSEC.Effluent.Flow",0.15570032827516,0.812883451444831,"3,2"
"7989","N..Eff..TSS.Conc. + Temp..of.the.Atmos. + N..Basin.Outfall + CODds..mg.L. + NSEC.Effluent.NH3 + NSEC.Effluent.NO3",0.171991289259506,0.605673258330161,"3,2"
"7990","N..Eff..TSS.Conc. + Temp..of.the.Atmos. + N..Basin.Outfall + CODds..mg.L. + NSEC.Effluent.NH3 + NSEC.Effluent.OP",0.00722719986735121,0.631161037336632,"3,2"
"7991","N..Eff..TSS.Conc. + Temp..of.the.Atmos. + N..Basin.Outfall + CODds..mg.L. + NSEC.Effluent.NH3 + NSEC.Effluent.TSS",0.010856021496918,0.621168870032712,"3,2"
"7992","N..Eff..TSS.Conc. + Temp..of.the.Atmos. + N..Basin.Outfall + CODds..mg.L. + NSEC.Effluent.NH3 + NSEC.Effluent.NO5",0.0387215463579134,0.655553484293175,"3,2"
"7993","N..Eff..TSS.Conc. + Temp..of.the.Atmos. + N..Basin.Outfall + CODds..mg.L. + NSEC.Effluent.NH3 + NSEC.Effluent.Flow",0.141359041379288,0.633465820007372,"3,2"
"7994","N..Eff..TSS.Conc. + Temp..of.the.Atmos. + N..Basin.Outfall + CODds..mg.L. + NSEC.Effluent.NO3 + NSEC.Effluent.OP",0.0277864393200913,0.655137714556152,"3,2"
"7995","N..Eff..TSS.Conc. + Temp..of.the.Atmos. + N..Basin.Outfall + CODds..mg.L. + NSEC.Effluent.NO3 + NSEC.Effluent.TSS",0.031477628531523,0.633930122630457,"3,2"
"7996","N..Eff..TSS.Conc. + Temp..of.the.Atmos. + N..Basin.Outfall + CODds..mg.L. + NSEC.Effluent.NO3 + NSEC.Effluent.NO5",0.119010907587192,0.692276442034563,"3,2"
"7997","N..Eff..TSS.Conc. + Temp..of.the.Atmos. + N..Basin.Outfall + CODds..mg.L. + NSEC.Effluent.NO3 + NSEC.Effluent.Flow",0.044970097305765,0.653264980088772,"3,2"
"7998","N..Eff..TSS.Conc. + Temp..of.the.Atmos. + N..Basin.Outfall + CODds..mg.L. + NSEC.Effluent.OP + NSEC.Effluent.TSS",0.1874403628474,0.645613684169711,"3,2"
"7999","N..Eff..TSS.Conc. + Temp..of.the.Atmos. + N..Basin.Outfall + CODds..mg.L. + NSEC.Effluent.OP + NSEC.Effluent.NO5",0.0586842689443037,0.629204760573375,"3,2"
"8000","N..Eff..TSS.Conc. + Temp..of.the.Atmos. + N..Basin.Outfall + CODds..mg.L. + NSEC.Effluent.OP + NSEC.Effluent.Flow",0.0440435824280883,0.648302350673625,"3,2"
"8001","N..Eff..TSS.Conc. + Temp..of.the.Atmos. + N..Basin.Outfall + CODds..mg.L. + NSEC.Effluent.TSS + NSEC.Effluent.NO5",0.032255917696085,0.635884549520817,"3,2"
"8002","N..Eff..TSS.Conc. + Temp..of.the.Atmos. + N..Basin.Outfall + CODds..mg.L. + NSEC.Effluent.TSS + NSEC.Effluent.Flow",0.0453852185204116,0.603410577474389,"3,2"
"8003","N..Eff..TSS.Conc. + Temp..of.the.Atmos. + N..Basin.Outfall + CODds..mg.L. + NSEC.Effluent.NO5 + NSEC.Effluent.Flow",0.0156297574298243,0.636647660630117,"3,2"
"8004","N..Eff..TSS.Conc. + Temp..of.the.Atmos. + N..Basin.Outfall + SACto..1.m. + NSEC.Aerobic.SRT + NSEC.Effluent.NH3",0.298290485025734,0.702664834416659,"3,2"
"8005","N..Eff..TSS.Conc. + Temp..of.the.Atmos. + N..Basin.Outfall + SACto..1.m. + NSEC.Aerobic.SRT + NSEC.Effluent.NO3",0.0507252942446104,0.65908489583478,"3,2"
"8006","N..Eff..TSS.Conc. + Temp..of.the.Atmos. + N..Basin.Outfall + SACto..1.m. + NSEC.Aerobic.SRT + NSEC.Effluent.OP",0.126591327699771,0.719739491085905,"3,2"
"8007","N..Eff..TSS.Conc. + Temp..of.the.Atmos. + N..Basin.Outfall + SACto..1.m. + NSEC.Aerobic.SRT + NSEC.Effluent.TSS",0.504612724334961,0.768036176754562,"3,2"
"8008","N..Eff..TSS.Conc. + Temp..of.the.Atmos. + N..Basin.Outfall + SACto..1.m. + NSEC.Aerobic.SRT + NSEC.Effluent.NO5",0.319262726985184,0.773078063148871,"3,2"
"8009","N..Eff..TSS.Conc. + Temp..of.the.Atmos. + N..Basin.Outfall + SACto..1.m. + NSEC.Aerobic.SRT + NSEC.Effluent.Flow",0.266504725029158,0.775251239941384,"3,2"
"8010","N..Eff..TSS.Conc. + Temp..of.the.Atmos. + N..Basin.Outfall + SACto..1.m. + NSEC.Effluent.NH3 + NSEC.Effluent.NO3",0.226672380854005,0.634005603903294,"3,2"
"8011","N..Eff..TSS.Conc. + Temp..of.the.Atmos. + N..Basin.Outfall + SACto..1.m. + NSEC.Effluent.NH3 + NSEC.Effluent.OP",0.0553236767421841,0.608642641317487,"3,2"
"8012","N..Eff..TSS.Conc. + Temp..of.the.Atmos. + N..Basin.Outfall + SACto..1.m. + NSEC.Effluent.NH3 + NSEC.Effluent.TSS",0.220339361651926,0.586520076040692,"3,2"
"8013","N..Eff..TSS.Conc. + Temp..of.the.Atmos. + N..Basin.Outfall + SACto..1.m. + NSEC.Effluent.NH3 + NSEC.Effluent.NO5",0.128506819921038,0.527837033085121,"3,2"
"8014","N..Eff..TSS.Conc. + Temp..of.the.Atmos. + N..Basin.Outfall + SACto..1.m. + NSEC.Effluent.NH3 + NSEC.Effluent.Flow",0.11149607844565,0.608535657510672,"3,2"
"8015","N..Eff..TSS.Conc. + Temp..of.the.Atmos. + N..Basin.Outfall + SACto..1.m. + NSEC.Effluent.NO3 + NSEC.Effluent.OP",0.198359630574371,0.673344269711879,"3,2"
"8016","N..Eff..TSS.Conc. + Temp..of.the.Atmos. + N..Basin.Outfall + SACto..1.m. + NSEC.Effluent.NO3 + NSEC.Effluent.TSS",0.127016200644136,0.587526479459953,"3,2"
"8017","N..Eff..TSS.Conc. + Temp..of.the.Atmos. + N..Basin.Outfall + SACto..1.m. + NSEC.Effluent.NO3 + NSEC.Effluent.NO5",0.213500476972194,0.615879378338858,"3,2"
"8018","N..Eff..TSS.Conc. + Temp..of.the.Atmos. + N..Basin.Outfall + SACto..1.m. + NSEC.Effluent.NO3 + NSEC.Effluent.Flow",0.193103776012477,0.00201821722799928,"3,2"
"8019","N..Eff..TSS.Conc. + Temp..of.the.Atmos. + N..Basin.Outfall + SACto..1.m. + NSEC.Effluent.OP + NSEC.Effluent.TSS",0.0609398620903212,0.645458271003017,"3,2"
"8020","N..Eff..TSS.Conc. + Temp..of.the.Atmos. + N..Basin.Outfall + SACto..1.m. + NSEC.Effluent.OP + NSEC.Effluent.NO5",0.170264700842926,0.629571540289121,"3,2"
"8021","N..Eff..TSS.Conc. + Temp..of.the.Atmos. + N..Basin.Outfall + SACto..1.m. + NSEC.Effluent.OP + NSEC.Effluent.Flow",0.225616030839499,0.691793816141741,"3,2"
"8022","N..Eff..TSS.Conc. + Temp..of.the.Atmos. + N..Basin.Outfall + SACto..1.m. + NSEC.Effluent.TSS + NSEC.Effluent.NO5",0.233433604667677,0.611552190709295,"3,2"
"8023","N..Eff..TSS.Conc. + Temp..of.the.Atmos. + N..Basin.Outfall + SACto..1.m. + NSEC.Effluent.TSS + NSEC.Effluent.Flow",0.19603734103559,0.00125322312277397,"3,2"
"8024","N..Eff..TSS.Conc. + Temp..of.the.Atmos. + N..Basin.Outfall + SACto..1.m. + NSEC.Effluent.NO5 + NSEC.Effluent.Flow",0.0162877739697667,0.622805316423774,"3,2"
"8025","N..Eff..TSS.Conc. + Temp..of.the.Atmos. + N..Basin.Outfall + NSEC.Aerobic.SRT + NSEC.Effluent.NH3 + NSEC.Effluent.NO3",0.0256729606742025,0.444057278346851,"3,2"
"8026","N..Eff..TSS.Conc. + Temp..of.the.Atmos. + N..Basin.Outfall + NSEC.Aerobic.SRT + NSEC.Effluent.NH3 + NSEC.Effluent.OP",0.281269720992179,0.715734213716276,"3,2"
"8027","N..Eff..TSS.Conc. + Temp..of.the.Atmos. + N..Basin.Outfall + NSEC.Aerobic.SRT + NSEC.Effluent.NH3 + NSEC.Effluent.TSS",0.00430921739318491,0.448912096683222,"3,2"
"8028","N..Eff..TSS.Conc. + Temp..of.the.Atmos. + N..Basin.Outfall + NSEC.Aerobic.SRT + NSEC.Effluent.NH3 + NSEC.Effluent.NO5",0.00543115522290982,0.379497962051865,"3,2"
"8029","N..Eff..TSS.Conc. + Temp..of.the.Atmos. + N..Basin.Outfall + NSEC.Aerobic.SRT + NSEC.Effluent.NH3 + NSEC.Effluent.Flow",0.295157218875315,0.724482339583529,"3,2"
"8030","N..Eff..TSS.Conc. + Temp..of.the.Atmos. + N..Basin.Outfall + NSEC.Aerobic.SRT + NSEC.Effluent.NO3 + NSEC.Effluent.OP",0.268979977191409,0.755544257167164,"3,2"
"8031","N..Eff..TSS.Conc. + Temp..of.the.Atmos. + N..Basin.Outfall + NSEC.Aerobic.SRT + NSEC.Effluent.NO3 + NSEC.Effluent.TSS",0.0280718803561664,0.432053411690733,"3,2"
"8032","N..Eff..TSS.Conc. + Temp..of.the.Atmos. + N..Basin.Outfall + NSEC.Aerobic.SRT + NSEC.Effluent.NO3 + NSEC.Effluent.NO5",0.142250281966397,0.638204439454023,"3,2"
"8033","N..Eff..TSS.Conc. + Temp..of.the.Atmos. + N..Basin.Outfall + NSEC.Aerobic.SRT + NSEC.Effluent.NO3 + NSEC.Effluent.Flow",0.159767242318441,0.631083084850325,"3,2"
"8034","N..Eff..TSS.Conc. + Temp..of.the.Atmos. + N..Basin.Outfall + NSEC.Aerobic.SRT + NSEC.Effluent.OP + NSEC.Effluent.TSS",0.0217382228111918,0.655934855162434,"3,2"
"8035","N..Eff..TSS.Conc. + Temp..of.the.Atmos. + N..Basin.Outfall + NSEC.Aerobic.SRT + NSEC.Effluent.OP + NSEC.Effluent.NO5",0.525158192781801,0.731684805057009,"3,2"
"8036","N..Eff..TSS.Conc. + Temp..of.the.Atmos. + N..Basin.Outfall + NSEC.Aerobic.SRT + NSEC.Effluent.OP + NSEC.Effluent.Flow",0.103984067693368,0.779373807522109,"3,2"
"8037","N..Eff..TSS.Conc. + Temp..of.the.Atmos. + N..Basin.Outfall + NSEC.Aerobic.SRT + NSEC.Effluent.TSS + NSEC.Effluent.NO5",0.00985682445594516,0.394452855426698,"3,2"
"8038","N..Eff..TSS.Conc. + Temp..of.the.Atmos. + N..Basin.Outfall + NSEC.Aerobic.SRT + NSEC.Effluent.TSS + NSEC.Effluent.Flow",0.354091075926277,0.699724271796056,"3,2"
"8039","N..Eff..TSS.Conc. + Temp..of.the.Atmos. + N..Basin.Outfall + NSEC.Aerobic.SRT + NSEC.Effluent.NO5 + NSEC.Effluent.Flow",0.300930040942894,0.750022029500453,"3,2"
"8040","N..Eff..TSS.Conc. + Temp..of.the.Atmos. + N..Basin.Outfall + NSEC.Effluent.NH3 + NSEC.Effluent.NO3 + NSEC.Effluent.OP",0.0483042445564834,0.641404163026056,"3,2"
"8041","N..Eff..TSS.Conc. + Temp..of.the.Atmos. + N..Basin.Outfall + NSEC.Effluent.NH3 + NSEC.Effluent.NO3 + NSEC.Effluent.TSS",0.0439013743772891,0.471129134784868,"3,2"
"8042","N..Eff..TSS.Conc. + Temp..of.the.Atmos. + N..Basin.Outfall + NSEC.Effluent.NH3 + NSEC.Effluent.NO3 + NSEC.Effluent.NO5",0.1938312523488,0.000258099219603926,"3,2"
"8043","N..Eff..TSS.Conc. + Temp..of.the.Atmos. + N..Basin.Outfall + NSEC.Effluent.NH3 + NSEC.Effluent.NO3 + NSEC.Effluent.Flow",0.218024894367885,0.488793046546297,"3,2"
"8044","N..Eff..TSS.Conc. + Temp..of.the.Atmos. + N..Basin.Outfall + NSEC.Effluent.NH3 + NSEC.Effluent.OP + NSEC.Effluent.TSS",0.00405891710911099,0.559838174601744,"3,2"
"8045","N..Eff..TSS.Conc. + Temp..of.the.Atmos. + N..Basin.Outfall + NSEC.Effluent.NH3 + NSEC.Effluent.OP + NSEC.Effluent.NO5",0.0151323724499672,0.564531099933206,"3,2"
"8046","N..Eff..TSS.Conc. + Temp..of.the.Atmos. + N..Basin.Outfall + NSEC.Effluent.NH3 + NSEC.Effluent.OP + NSEC.Effluent.Flow",0.0179576417056793,0.568816590027238,"3,2"
"8047","N..Eff..TSS.Conc. + Temp..of.the.Atmos. + N..Basin.Outfall + NSEC.Effluent.NH3 + NSEC.Effluent.TSS + NSEC.Effluent.NO5",0.0474103507661787,0.469666551974952,"3,2"
"8048","N..Eff..TSS.Conc. + Temp..of.the.Atmos. + N..Basin.Outfall + NSEC.Effluent.NH3 + NSEC.Effluent.TSS + NSEC.Effluent.Flow",0.19429670048247,0.550085298594636,"3,2"
"8049","N..Eff..TSS.Conc. + Temp..of.the.Atmos. + N..Basin.Outfall + NSEC.Effluent.NH3 + NSEC.Effluent.NO5 + NSEC.Effluent.Flow",0.124583151789204,0.549504213950388,"3,2"
"8050","N..Eff..TSS.Conc. + Temp..of.the.Atmos. + N..Basin.Outfall + NSEC.Effluent.NO3 + NSEC.Effluent.OP + NSEC.Effluent.TSS",0.0283516421465571,0.581116653315923,"3,2"
"8051","N..Eff..TSS.Conc. + Temp..of.the.Atmos. + N..Basin.Outfall + NSEC.Effluent.NO3 + NSEC.Effluent.OP + NSEC.Effluent.NO5",0.0411742853039299,0.598112976374129,"3,2"
"8052","N..Eff..TSS.Conc. + Temp..of.the.Atmos. + N..Basin.Outfall + NSEC.Effluent.NO3 + NSEC.Effluent.OP + NSEC.Effluent.Flow",0.0586574155719939,0.563486067800637,"3,2"
"8053","N..Eff..TSS.Conc. + Temp..of.the.Atmos. + N..Basin.Outfall + NSEC.Effluent.NO3 + NSEC.Effluent.TSS + NSEC.Effluent.NO5",0.356931960247589,0.618404891911028,"3,2"
"8054","N..Eff..TSS.Conc. + Temp..of.the.Atmos. + N..Basin.Outfall + NSEC.Effluent.NO3 + NSEC.Effluent.TSS + NSEC.Effluent.Flow",0.0653359305082661,0.333064919029778,"3,2"
"8055","N..Eff..TSS.Conc. + Temp..of.the.Atmos. + N..Basin.Outfall + NSEC.Effluent.NO3 + NSEC.Effluent.NO5 + NSEC.Effluent.Flow",0.00495850125952124,0.478646399361534,"3,2"
"8056","N..Eff..TSS.Conc. + Temp..of.the.Atmos. + N..Basin.Outfall + NSEC.Effluent.OP + NSEC.Effluent.TSS + NSEC.Effluent.NO5",0.0231131085333656,0.559816805781245,"3,2"
"8057","N..Eff..TSS.Conc. + Temp..of.the.Atmos. + N..Basin.Outfall + NSEC.Effluent.OP + NSEC.Effluent.TSS + NSEC.Effluent.Flow",0.102869802883095,0.610103566970378,"3,2"
"8058","N..Eff..TSS.Conc. + Temp..of.the.Atmos. + N..Basin.Outfall + NSEC.Effluent.OP + NSEC.Effluent.NO5 + NSEC.Effluent.Flow",0.144431574568954,0.659205393769338,"3,2"
"8059","N..Eff..TSS.Conc. + Temp..of.the.Atmos. + N..Basin.Outfall + NSEC.Effluent.TSS + NSEC.Effluent.NO5 + NSEC.Effluent.Flow",0.0592025145205319,0.33664632390546,"3,2"
"8060","N..Eff..TSS.Conc. + Temp..of.the.Atmos. + CODto..mg.L. + TSS..mg.L. + UVT.... + CODds..mg.L.",0.0781131482553896,0.648573831877721,"3,2"
"8061","N..Eff..TSS.Conc. + Temp..of.the.Atmos. + CODto..mg.L. + TSS..mg.L. + UVT.... + SACto..1.m.",0.186678375491572,0.669349721638379,"3,2"
"8062","N..Eff..TSS.Conc. + Temp..of.the.Atmos. + CODto..mg.L. + TSS..mg.L. + UVT.... + NSEC.Aerobic.SRT",0.171167275870078,0.71497352779713,"3,2"
"8063","N..Eff..TSS.Conc. + Temp..of.the.Atmos. + CODto..mg.L. + TSS..mg.L. + UVT.... + NSEC.Effluent.NH3",0.105550000652621,0.653902820557542,"3,2"
"8064","N..Eff..TSS.Conc. + Temp..of.the.Atmos. + CODto..mg.L. + TSS..mg.L. + UVT.... + NSEC.Effluent.NO3",0.0531858642174237,0.73667533353332,"3,2"
"8065","N..Eff..TSS.Conc. + Temp..of.the.Atmos. + CODto..mg.L. + TSS..mg.L. + UVT.... + NSEC.Effluent.OP",0.058714910530099,0.722217384197145,"3,2"
"8066","N..Eff..TSS.Conc. + Temp..of.the.Atmos. + CODto..mg.L. + TSS..mg.L. + UVT.... + NSEC.Effluent.TSS",0.118243529011977,0.741571336643259,"3,2"
"8067","N..Eff..TSS.Conc. + Temp..of.the.Atmos. + CODto..mg.L. + TSS..mg.L. + UVT.... + NSEC.Effluent.NO5",6.75074446658819e-05,0.72695074119051,"3,2"
"8068","N..Eff..TSS.Conc. + Temp..of.the.Atmos. + CODto..mg.L. + TSS..mg.L. + UVT.... + NSEC.Effluent.Flow",0.0874183714191645,0.73988153855928,"3,2"
"8069","N..Eff..TSS.Conc. + Temp..of.the.Atmos. + CODto..mg.L. + TSS..mg.L. + CODds..mg.L. + SACto..1.m.",0.0450938694921514,0.689642738306213,"3,2"
"8070","N..Eff..TSS.Conc. + Temp..of.the.Atmos. + CODto..mg.L. + TSS..mg.L. + CODds..mg.L. + NSEC.Aerobic.SRT",0.0962888214738737,0.756624594940444,"3,2"
"8071","N..Eff..TSS.Conc. + Temp..of.the.Atmos. + CODto..mg.L. + TSS..mg.L. + CODds..mg.L. + NSEC.Effluent.NH3",0.0562111463750772,0.736860411691865,"3,2"
"8072","N..Eff..TSS.Conc. + Temp..of.the.Atmos. + CODto..mg.L. + TSS..mg.L. + CODds..mg.L. + NSEC.Effluent.NO3",0.130097867787374,0.672477392021471,"3,2"
"8073","N..Eff..TSS.Conc. + Temp..of.the.Atmos. + CODto..mg.L. + TSS..mg.L. + CODds..mg.L. + NSEC.Effluent.OP",0.225412859404511,0.699469425177764,"3,2"
"8074","N..Eff..TSS.Conc. + Temp..of.the.Atmos. + CODto..mg.L. + TSS..mg.L. + CODds..mg.L. + NSEC.Effluent.TSS",0.0880619230109194,0.659173245226707,"3,2"
"8075","N..Eff..TSS.Conc. + Temp..of.the.Atmos. + CODto..mg.L. + TSS..mg.L. + CODds..mg.L. + NSEC.Effluent.NO5",0.0844095005466987,0.678675446033533,"3,2"
"8076","N..Eff..TSS.Conc. + Temp..of.the.Atmos. + CODto..mg.L. + TSS..mg.L. + CODds..mg.L. + NSEC.Effluent.Flow",0.136796579499022,0.744634287578912,"3,2"
"8077","N..Eff..TSS.Conc. + Temp..of.the.Atmos. + CODto..mg.L. + TSS..mg.L. + SACto..1.m. + NSEC.Aerobic.SRT",0.0611732531622748,0.699134896728419,"3,2"
"8078","N..Eff..TSS.Conc. + Temp..of.the.Atmos. + CODto..mg.L. + TSS..mg.L. + SACto..1.m. + NSEC.Effluent.NH3",0.134710990616986,0.661880676305025,"3,2"
"8079","N..Eff..TSS.Conc. + Temp..of.the.Atmos. + CODto..mg.L. + TSS..mg.L. + SACto..1.m. + NSEC.Effluent.NO3",0.062176590244839,0.664763642387431,"3,2"
"8080","N..Eff..TSS.Conc. + Temp..of.the.Atmos. + CODto..mg.L. + TSS..mg.L. + SACto..1.m. + NSEC.Effluent.OP",0.0791270051021358,0.657485654383333,"3,2"
"8081","N..Eff..TSS.Conc. + Temp..of.the.Atmos. + CODto..mg.L. + TSS..mg.L. + SACto..1.m. + NSEC.Effluent.TSS",0.000198654284429001,0.705438075848779,"3,2"
"8082","N..Eff..TSS.Conc. + Temp..of.the.Atmos. + CODto..mg.L. + TSS..mg.L. + SACto..1.m. + NSEC.Effluent.NO5",0.00429851771165324,0.669481140804347,"3,2"
"8083","N..Eff..TSS.Conc. + Temp..of.the.Atmos. + CODto..mg.L. + TSS..mg.L. + SACto..1.m. + NSEC.Effluent.Flow",0.0691760421423817,0.681589007242999,"3,2"
"8084","N..Eff..TSS.Conc. + Temp..of.the.Atmos. + CODto..mg.L. + TSS..mg.L. + NSEC.Aerobic.SRT + NSEC.Effluent.NH3",0.406839005046331,0.799762094969141,"3,2"
"8085","N..Eff..TSS.Conc. + Temp..of.the.Atmos. + CODto..mg.L. + TSS..mg.L. + NSEC.Aerobic.SRT + NSEC.Effluent.NO3",0.00340067246116571,0.760278812507022,"3,2"
"8086","N..Eff..TSS.Conc. + Temp..of.the.Atmos. + CODto..mg.L. + TSS..mg.L. + NSEC.Aerobic.SRT + NSEC.Effluent.OP",0.14301754290111,0.704501561755344,"3,2"
"8087","N..Eff..TSS.Conc. + Temp..of.the.Atmos. + CODto..mg.L. + TSS..mg.L. + NSEC.Aerobic.SRT + NSEC.Effluent.TSS",0.369453213380416,0.680667597529672,"3,2"
"8088","N..Eff..TSS.Conc. + Temp..of.the.Atmos. + CODto..mg.L. + TSS..mg.L. + NSEC.Aerobic.SRT + NSEC.Effluent.NO5",0.0784533869731128,0.720186138684613,"3,2"
"8089","N..Eff..TSS.Conc. + Temp..of.the.Atmos. + CODto..mg.L. + TSS..mg.L. + NSEC.Aerobic.SRT + NSEC.Effluent.Flow",0.0100647106423915,0.80540118944131,"3,2"
"8090","N..Eff..TSS.Conc. + Temp..of.the.Atmos. + CODto..mg.L. + TSS..mg.L. + NSEC.Effluent.NH3 + NSEC.Effluent.NO3",0.122842012906467,0.761488517598359,"3,2"
"8091","N..Eff..TSS.Conc. + Temp..of.the.Atmos. + CODto..mg.L. + TSS..mg.L. + NSEC.Effluent.NH3 + NSEC.Effluent.OP",0.0839898799958159,0.665363103184532,"3,2"
"8092","N..Eff..TSS.Conc. + Temp..of.the.Atmos. + CODto..mg.L. + TSS..mg.L. + NSEC.Effluent.NH3 + NSEC.Effluent.TSS",0.153579907301176,0.749557215038252,"3,2"
"8093","N..Eff..TSS.Conc. + Temp..of.the.Atmos. + CODto..mg.L. + TSS..mg.L. + NSEC.Effluent.NH3 + NSEC.Effluent.NO5",0.101370992680932,0.780320000908693,"3,2"
"8094","N..Eff..TSS.Conc. + Temp..of.the.Atmos. + CODto..mg.L. + TSS..mg.L. + NSEC.Effluent.NH3 + NSEC.Effluent.Flow",0.259841889457584,0.696806683996885,"3,2"
"8095","N..Eff..TSS.Conc. + Temp..of.the.Atmos. + CODto..mg.L. + TSS..mg.L. + NSEC.Effluent.NO3 + NSEC.Effluent.OP",0.00164678040756994,0.639105437761058,"3,2"
"8096","N..Eff..TSS.Conc. + Temp..of.the.Atmos. + CODto..mg.L. + TSS..mg.L. + NSEC.Effluent.NO3 + NSEC.Effluent.TSS",0.0558895158590882,0.620227605748249,"3,2"
"8097","N..Eff..TSS.Conc. + Temp..of.the.Atmos. + CODto..mg.L. + TSS..mg.L. + NSEC.Effluent.NO3 + NSEC.Effluent.NO5",0.0803387643063949,0.668081424584332,"3,2"
"8098","N..Eff..TSS.Conc. + Temp..of.the.Atmos. + CODto..mg.L. + TSS..mg.L. + NSEC.Effluent.NO3 + NSEC.Effluent.Flow",0.267211787780511,0.743009266582699,"3,2"
"8099","N..Eff..TSS.Conc. + Temp..of.the.Atmos. + CODto..mg.L. + TSS..mg.L. + NSEC.Effluent.OP + NSEC.Effluent.TSS",0.0206155258109781,0.629877261945299,"3,2"
"8100","N..Eff..TSS.Conc. + Temp..of.the.Atmos. + CODto..mg.L. + TSS..mg.L. + NSEC.Effluent.OP + NSEC.Effluent.NO5",0.316782263934942,0.737726519366589,"3,2"
"8101","N..Eff..TSS.Conc. + Temp..of.the.Atmos. + CODto..mg.L. + TSS..mg.L. + NSEC.Effluent.OP + NSEC.Effluent.Flow",0.244126877627458,0.777340939497017,"3,2"
"8102","N..Eff..TSS.Conc. + Temp..of.the.Atmos. + CODto..mg.L. + TSS..mg.L. + NSEC.Effluent.TSS + NSEC.Effluent.NO5",0.0541800344788184,0.750134045575197,"3,2"
"8103","N..Eff..TSS.Conc. + Temp..of.the.Atmos. + CODto..mg.L. + TSS..mg.L. + NSEC.Effluent.TSS + NSEC.Effluent.Flow",0.107939049973295,0.592385647885194,"3,2"
"8104","N..Eff..TSS.Conc. + Temp..of.the.Atmos. + CODto..mg.L. + TSS..mg.L. + NSEC.Effluent.NO5 + NSEC.Effluent.Flow",0.0816985008156845,0.690069671484085,"3,2"
"8105","N..Eff..TSS.Conc. + Temp..of.the.Atmos. + CODto..mg.L. + UVT.... + CODds..mg.L. + SACto..1.m.",0.113802810920686,0.586250114906107,"3,2"
"8106","N..Eff..TSS.Conc. + Temp..of.the.Atmos. + CODto..mg.L. + UVT.... + CODds..mg.L. + NSEC.Aerobic.SRT",0.0221338396201052,0.757585908402992,"3,2"
"8107","N..Eff..TSS.Conc. + Temp..of.the.Atmos. + CODto..mg.L. + UVT.... + CODds..mg.L. + NSEC.Effluent.NH3",0.0285983157989655,0.686315335451368,"3,2"
"8108","N..Eff..TSS.Conc. + Temp..of.the.Atmos. + CODto..mg.L. + UVT.... + CODds..mg.L. + NSEC.Effluent.NO3",0.0648298848327395,0.720239404608309,"3,2"
"8109","N..Eff..TSS.Conc. + Temp..of.the.Atmos. + CODto..mg.L. + UVT.... + CODds..mg.L. + NSEC.Effluent.OP",0.18774290587423,0.688359599447007,"3,2"
"8110","N..Eff..TSS.Conc. + Temp..of.the.Atmos. + CODto..mg.L. + UVT.... + CODds..mg.L. + NSEC.Effluent.TSS",0.0933224535010697,0.712235524349644,"3,2"
"8111","N..Eff..TSS.Conc. + Temp..of.the.Atmos. + CODto..mg.L. + UVT.... + CODds..mg.L. + NSEC.Effluent.NO5",0.0725052538713227,0.679393398232077,"3,2"
"8112","N..Eff..TSS.Conc. + Temp..of.the.Atmos. + CODto..mg.L. + UVT.... + CODds..mg.L. + NSEC.Effluent.Flow",0.184007251087662,0.706200462802396,"3,2"
"8113","N..Eff..TSS.Conc. + Temp..of.the.Atmos. + CODto..mg.L. + UVT.... + SACto..1.m. + NSEC.Aerobic.SRT",0.263847044985251,0.729564682909208,"3,2"
"8114","N..Eff..TSS.Conc. + Temp..of.the.Atmos. + CODto..mg.L. + UVT.... + SACto..1.m. + NSEC.Effluent.NH3",0.107582612957899,0.644968722219587,"3,2"
"8115","N..Eff..TSS.Conc. + Temp..of.the.Atmos. + CODto..mg.L. + UVT.... + SACto..1.m. + NSEC.Effluent.NO3",0.00420302476314616,0.668494634426221,"3,2"
"8116","N..Eff..TSS.Conc. + Temp..of.the.Atmos. + CODto..mg.L. + UVT.... + SACto..1.m. + NSEC.Effluent.OP",0.00158659686694618,0.72267459135201,"3,2"
"8117","N..Eff..TSS.Conc. + Temp..of.the.Atmos. + CODto..mg.L. + UVT.... + SACto..1.m. + NSEC.Effluent.TSS",0.0175335880683851,0.68471235807276,"3,2"
"8118","N..Eff..TSS.Conc. + Temp..of.the.Atmos. + CODto..mg.L. + UVT.... + SACto..1.m. + NSEC.Effluent.NO5",0.016068272521097,0.74796824000636,"3,2"
"8119","N..Eff..TSS.Conc. + Temp..of.the.Atmos. + CODto..mg.L. + UVT.... + SACto..1.m. + NSEC.Effluent.Flow",0.233039886077067,0.719123133479128,"3,2"
"8120","N..Eff..TSS.Conc. + Temp..of.the.Atmos. + CODto..mg.L. + UVT.... + NSEC.Aerobic.SRT + NSEC.Effluent.NH3",0.0781797313251973,0.763071456350957,"3,2"
"8121","N..Eff..TSS.Conc. + Temp..of.the.Atmos. + CODto..mg.L. + UVT.... + NSEC.Aerobic.SRT + NSEC.Effluent.NO3",0.047126492090813,0.770650224342627,"3,2"
"8122","N..Eff..TSS.Conc. + Temp..of.the.Atmos. + CODto..mg.L. + UVT.... + NSEC.Aerobic.SRT + NSEC.Effluent.OP",0.141600589674045,0.767320748771476,"3,2"
"8123","N..Eff..TSS.Conc. + Temp..of.the.Atmos. + CODto..mg.L. + UVT.... + NSEC.Aerobic.SRT + NSEC.Effluent.TSS",0.129150163309669,0.712464369559675,"3,2"
"8124","N..Eff..TSS.Conc. + Temp..of.the.Atmos. + CODto..mg.L. + UVT.... + NSEC.Aerobic.SRT + NSEC.Effluent.NO5",0.168845321062883,0.763354511504306,"3,2"
"8125","N..Eff..TSS.Conc. + Temp..of.the.Atmos. + CODto..mg.L. + UVT.... + NSEC.Aerobic.SRT + NSEC.Effluent.Flow",0.190654920576083,0.770604620641991,"3,2"
"8126","N..Eff..TSS.Conc. + Temp..of.the.Atmos. + CODto..mg.L. + UVT.... + NSEC.Effluent.NH3 + NSEC.Effluent.NO3",0.162444016243117,0.646866054076992,"3,2"
"8127","N..Eff..TSS.Conc. + Temp..of.the.Atmos. + CODto..mg.L. + UVT.... + NSEC.Effluent.NH3 + NSEC.Effluent.OP",0.162484078666846,0.636872433855783,"3,2"
"8128","N..Eff..TSS.Conc. + Temp..of.the.Atmos. + CODto..mg.L. + UVT.... + NSEC.Effluent.NH3 + NSEC.Effluent.TSS",0.0492030188211352,0.651345180525858,"3,2"
"8129","N..Eff..TSS.Conc. + Temp..of.the.Atmos. + CODto..mg.L. + UVT.... + NSEC.Effluent.NH3 + NSEC.Effluent.NO5",0.00491154017443329,0.638525752722147,"3,2"
"8130","N..Eff..TSS.Conc. + Temp..of.the.Atmos. + CODto..mg.L. + UVT.... + NSEC.Effluent.NH3 + NSEC.Effluent.Flow",0.180698388733906,0.661657867714454,"3,2"
"8131","N..Eff..TSS.Conc. + Temp..of.the.Atmos. + CODto..mg.L. + UVT.... + NSEC.Effluent.NO3 + NSEC.Effluent.OP",0.0425580498658076,0.729107279681074,"3,2"
"8132","N..Eff..TSS.Conc. + Temp..of.the.Atmos. + CODto..mg.L. + UVT.... + NSEC.Effluent.NO3 + NSEC.Effluent.TSS",0.0261344849868423,0.640412868418396,"3,2"
"8133","N..Eff..TSS.Conc. + Temp..of.the.Atmos. + CODto..mg.L. + UVT.... + NSEC.Effluent.NO3 + NSEC.Effluent.NO5",0.0444509562733997,0.609933164304562,"3,2"
"8134","N..Eff..TSS.Conc. + Temp..of.the.Atmos. + CODto..mg.L. + UVT.... + NSEC.Effluent.NO3 + NSEC.Effluent.Flow",0.0578802600477597,0.637149608473695,"3,2"
"8135","N..Eff..TSS.Conc. + Temp..of.the.Atmos. + CODto..mg.L. + UVT.... + NSEC.Effluent.OP + NSEC.Effluent.TSS",0.167899099375503,0.698665480775291,"3,2"
"8136","N..Eff..TSS.Conc. + Temp..of.the.Atmos. + CODto..mg.L. + UVT.... + NSEC.Effluent.OP + NSEC.Effluent.NO5",0.0194937091593925,0.636434809857255,"3,2"
"8137","N..Eff..TSS.Conc. + Temp..of.the.Atmos. + CODto..mg.L. + UVT.... + NSEC.Effluent.OP + NSEC.Effluent.Flow",0.100661083620211,0.687658335469366,"3,2"
"8138","N..Eff..TSS.Conc. + Temp..of.the.Atmos. + CODto..mg.L. + UVT.... + NSEC.Effluent.TSS + NSEC.Effluent.NO5",0.078095357212467,0.6984893549461,"3,2"
"8139","N..Eff..TSS.Conc. + Temp..of.the.Atmos. + CODto..mg.L. + UVT.... + NSEC.Effluent.TSS + NSEC.Effluent.Flow",0.0829819247588297,0.685276327430438,"3,2"
"8140","N..Eff..TSS.Conc. + Temp..of.the.Atmos. + CODto..mg.L. + UVT.... + NSEC.Effluent.NO5 + NSEC.Effluent.Flow",0.132452181636221,0.630931091674237,"3,2"
"8141","N..Eff..TSS.Conc. + Temp..of.the.Atmos. + CODto..mg.L. + CODds..mg.L. + SACto..1.m. + NSEC.Aerobic.SRT",0.129727050210738,0.750520275536057,"3,2"
"8142","N..Eff..TSS.Conc. + Temp..of.the.Atmos. + CODto..mg.L. + CODds..mg.L. + SACto..1.m. + NSEC.Effluent.NH3",0.0714834124182044,0.647967664096752,"3,2"
"8143","N..Eff..TSS.Conc. + Temp..of.the.Atmos. + CODto..mg.L. + CODds..mg.L. + SACto..1.m. + NSEC.Effluent.NO3",0.134294149176539,0.697368363919384,"3,2"
"8144","N..Eff..TSS.Conc. + Temp..of.the.Atmos. + CODto..mg.L. + CODds..mg.L. + SACto..1.m. + NSEC.Effluent.OP",0.111068250644232,0.566113542821645,"3,2"
"8145","N..Eff..TSS.Conc. + Temp..of.the.Atmos. + CODto..mg.L. + CODds..mg.L. + SACto..1.m. + NSEC.Effluent.TSS",0.0574571127927017,0.690532889715868,"3,2"
"8146","N..Eff..TSS.Conc. + Temp..of.the.Atmos. + CODto..mg.L. + CODds..mg.L. + SACto..1.m. + NSEC.Effluent.NO5",0.0751900663211509,0.723064278767185,"3,2"
"8147","N..Eff..TSS.Conc. + Temp..of.the.Atmos. + CODto..mg.L. + CODds..mg.L. + SACto..1.m. + NSEC.Effluent.Flow",0.200631658372143,0.69307033475846,"3,2"
"8148","N..Eff..TSS.Conc. + Temp..of.the.Atmos. + CODto..mg.L. + CODds..mg.L. + NSEC.Aerobic.SRT + NSEC.Effluent.NH3",0.264399442893514,0.707623215777856,"3,2"
"8149","N..Eff..TSS.Conc. + Temp..of.the.Atmos. + CODto..mg.L. + CODds..mg.L. + NSEC.Aerobic.SRT + NSEC.Effluent.NO3",0.0889621472305744,0.775750781233146,"3,2"
"8150","N..Eff..TSS.Conc. + Temp..of.the.Atmos. + CODto..mg.L. + CODds..mg.L. + NSEC.Aerobic.SRT + NSEC.Effluent.OP",0.162441905315515,0.756416289903187,"3,2"
"8151","N..Eff..TSS.Conc. + Temp..of.the.Atmos. + CODto..mg.L. + CODds..mg.L. + NSEC.Aerobic.SRT + NSEC.Effluent.TSS",0.0614251770340228,0.717100361226835,"3,2"
"8152","N..Eff..TSS.Conc. + Temp..of.the.Atmos. + CODto..mg.L. + CODds..mg.L. + NSEC.Aerobic.SRT + NSEC.Effluent.NO5",0.267173269102383,0.739177864388235,"3,2"
"8153","N..Eff..TSS.Conc. + Temp..of.the.Atmos. + CODto..mg.L. + CODds..mg.L. + NSEC.Aerobic.SRT + NSEC.Effluent.Flow",0.13386151870567,0.794690489463368,"3,2"
"8154","N..Eff..TSS.Conc. + Temp..of.the.Atmos. + CODto..mg.L. + CODds..mg.L. + NSEC.Effluent.NH3 + NSEC.Effluent.NO3",0.26609144541171,0.678631029263269,"3,2"
"8155","N..Eff..TSS.Conc. + Temp..of.the.Atmos. + CODto..mg.L. + CODds..mg.L. + NSEC.Effluent.NH3 + NSEC.Effluent.OP",0.27479973932686,0.625070608525647,"3,2"
"8156","N..Eff..TSS.Conc. + Temp..of.the.Atmos. + CODto..mg.L. + CODds..mg.L. + NSEC.Effluent.NH3 + NSEC.Effluent.TSS",0.101812766429096,0.616387008617599,"3,2"
"8157","N..Eff..TSS.Conc. + Temp..of.the.Atmos. + CODto..mg.L. + CODds..mg.L. + NSEC.Effluent.NH3 + NSEC.Effluent.NO5",0.221586735885203,0.612992474652571,"3,2"
"8158","N..Eff..TSS.Conc. + Temp..of.the.Atmos. + CODto..mg.L. + CODds..mg.L. + NSEC.Effluent.NH3 + NSEC.Effluent.Flow",0.305943939805953,0.680132352171779,"3,2"
"8159","N..Eff..TSS.Conc. + Temp..of.the.Atmos. + CODto..mg.L. + CODds..mg.L. + NSEC.Effluent.NO3 + NSEC.Effluent.OP",0.0970637785052646,0.593701446339931,"3,2"
"8160","N..Eff..TSS.Conc. + Temp..of.the.Atmos. + CODto..mg.L. + CODds..mg.L. + NSEC.Effluent.NO3 + NSEC.Effluent.TSS",0.217659703734018,0.617849427257788,"3,2"
"8161","N..Eff..TSS.Conc. + Temp..of.the.Atmos. + CODto..mg.L. + CODds..mg.L. + NSEC.Effluent.NO3 + NSEC.Effluent.NO5",0.00892931818359899,0.706045915703767,"3,2"
"8162","N..Eff..TSS.Conc. + Temp..of.the.Atmos. + CODto..mg.L. + CODds..mg.L. + NSEC.Effluent.NO3 + NSEC.Effluent.Flow",0.208832420789895,0.643358457266668,"3,2"
"8163","N..Eff..TSS.Conc. + Temp..of.the.Atmos. + CODto..mg.L. + CODds..mg.L. + NSEC.Effluent.OP + NSEC.Effluent.TSS",0.000155929747027939,0.655256654250604,"3,2"
"8164","N..Eff..TSS.Conc. + Temp..of.the.Atmos. + CODto..mg.L. + CODds..mg.L. + NSEC.Effluent.OP + NSEC.Effluent.NO5",0.21310731811336,0.664575634710027,"3,2"
"8165","N..Eff..TSS.Conc. + Temp..of.the.Atmos. + CODto..mg.L. + CODds..mg.L. + NSEC.Effluent.OP + NSEC.Effluent.Flow",0.22911440138477,0.645911864299561,"3,2"
"8166","N..Eff..TSS.Conc. + Temp..of.the.Atmos. + CODto..mg.L. + CODds..mg.L. + NSEC.Effluent.TSS + NSEC.Effluent.NO5",0.171400193883774,0.617304956013437,"3,2"
"8167","N..Eff..TSS.Conc. + Temp..of.the.Atmos. + CODto..mg.L. + CODds..mg.L. + NSEC.Effluent.TSS + NSEC.Effluent.Flow",0.208785399132736,0.690778578236222,"3,2"
"8168","N..Eff..TSS.Conc. + Temp..of.the.Atmos. + CODto..mg.L. + CODds..mg.L. + NSEC.Effluent.NO5 + NSEC.Effluent.Flow",0.232661349476989,0.653824441930732,"3,2"
"8169","N..Eff..TSS.Conc. + Temp..of.the.Atmos. + CODto..mg.L. + SACto..1.m. + NSEC.Aerobic.SRT + NSEC.Effluent.NH3",0.0888765940408938,0.670296979807919,"3,2"
"8170","N..Eff..TSS.Conc. + Temp..of.the.Atmos. + CODto..mg.L. + SACto..1.m. + NSEC.Aerobic.SRT + NSEC.Effluent.NO3",0.137923251157617,0.779215952737986,"3,2"
"8171","N..Eff..TSS.Conc. + Temp..of.the.Atmos. + CODto..mg.L. + SACto..1.m. + NSEC.Aerobic.SRT + NSEC.Effluent.OP",0.061779788276112,0.741196180664538,"3,2"
"8172","N..Eff..TSS.Conc. + Temp..of.the.Atmos. + CODto..mg.L. + SACto..1.m. + NSEC.Aerobic.SRT + NSEC.Effluent.TSS",0.177970109008168,0.655791928783034,"3,2"
"8173","N..Eff..TSS.Conc. + Temp..of.the.Atmos. + CODto..mg.L. + SACto..1.m. + NSEC.Aerobic.SRT + NSEC.Effluent.NO5",0.115702488981172,0.730827887476295,"3,2"
"8174","N..Eff..TSS.Conc. + Temp..of.the.Atmos. + CODto..mg.L. + SACto..1.m. + NSEC.Aerobic.SRT + NSEC.Effluent.Flow",0.245621024449678,0.815372860846658,"3,2"
"8175","N..Eff..TSS.Conc. + Temp..of.the.Atmos. + CODto..mg.L. + SACto..1.m. + NSEC.Effluent.NH3 + NSEC.Effluent.NO3",0.134885462538638,0.715755391078287,"3,2"
"8176","N..Eff..TSS.Conc. + Temp..of.the.Atmos. + CODto..mg.L. + SACto..1.m. + NSEC.Effluent.NH3 + NSEC.Effluent.OP",0.0207277128876691,0.65513006268127,"3,2"
"8177","N..Eff..TSS.Conc. + Temp..of.the.Atmos. + CODto..mg.L. + SACto..1.m. + NSEC.Effluent.NH3 + NSEC.Effluent.TSS",0.240370026013657,0.733158306179296,"3,2"
"8178","N..Eff..TSS.Conc. + Temp..of.the.Atmos. + CODto..mg.L. + SACto..1.m. + NSEC.Effluent.NH3 + NSEC.Effluent.NO5",0.0501874794676964,0.648175633576338,"3,2"
"8179","N..Eff..TSS.Conc. + Temp..of.the.Atmos. + CODto..mg.L. + SACto..1.m. + NSEC.Effluent.NH3 + NSEC.Effluent.Flow",0.0873576312610793,0.752017026543591,"3,2"
"8180","N..Eff..TSS.Conc. + Temp..of.the.Atmos. + CODto..mg.L. + SACto..1.m. + NSEC.Effluent.NO3 + NSEC.Effluent.OP",0.0141487853231799,0.72090918280542,"3,2"
"8181","N..Eff..TSS.Conc. + Temp..of.the.Atmos. + CODto..mg.L. + SACto..1.m. + NSEC.Effluent.NO3 + NSEC.Effluent.TSS",0.162106806594968,0.552834784325025,"3,2"
"8182","N..Eff..TSS.Conc. + Temp..of.the.Atmos. + CODto..mg.L. + SACto..1.m. + NSEC.Effluent.NO3 + NSEC.Effluent.NO5",0.0803180124170586,0.758619023693127,"3,2"
"8183","N..Eff..TSS.Conc. + Temp..of.the.Atmos. + CODto..mg.L. + SACto..1.m. + NSEC.Effluent.NO3 + NSEC.Effluent.Flow",0.190167627182711,0.718654210601911,"3,2"
"8184","N..Eff..TSS.Conc. + Temp..of.the.Atmos. + CODto..mg.L. + SACto..1.m. + NSEC.Effluent.OP + NSEC.Effluent.TSS",0.0782376407690537,0.565942344802919,"3,2"
"8185","N..Eff..TSS.Conc. + Temp..of.the.Atmos. + CODto..mg.L. + SACto..1.m. + NSEC.Effluent.OP + NSEC.Effluent.NO5",0.458471756135843,0.685505011819207,"3,2"
"8186","N..Eff..TSS.Conc. + Temp..of.the.Atmos. + CODto..mg.L. + SACto..1.m. + NSEC.Effluent.OP + NSEC.Effluent.Flow",0.122078517202913,0.731672127295385,"3,2"
"8187","N..Eff..TSS.Conc. + Temp..of.the.Atmos. + CODto..mg.L. + SACto..1.m. + NSEC.Effluent.TSS + NSEC.Effluent.NO5",0.0695953037024448,0.765659264161034,"3,2"
"8188","N..Eff..TSS.Conc. + Temp..of.the.Atmos. + CODto..mg.L. + SACto..1.m. + NSEC.Effluent.TSS + NSEC.Effluent.Flow",0.0835558189059673,0.661228379510756,"3,2"
"8189","N..Eff..TSS.Conc. + Temp..of.the.Atmos. + CODto..mg.L. + SACto..1.m. + NSEC.Effluent.NO5 + NSEC.Effluent.Flow",0.167087776646275,0.727848380696039,"3,2"
"8190","N..Eff..TSS.Conc. + Temp..of.the.Atmos. + CODto..mg.L. + NSEC.Aerobic.SRT + NSEC.Effluent.NH3 + NSEC.Effluent.NO3",0.266007507473532,0.76881697384826,"3,2"
"8191","N..Eff..TSS.Conc. + Temp..of.the.Atmos. + CODto..mg.L. + NSEC.Aerobic.SRT + NSEC.Effluent.NH3 + NSEC.Effluent.OP",0.236538353331323,0.757587568730048,"3,2"
"8192","N..Eff..TSS.Conc. + Temp..of.the.Atmos. + CODto..mg.L. + NSEC.Aerobic.SRT + NSEC.Effluent.NH3 + NSEC.Effluent.TSS",0.281406756999958,0.737952911835813,"3,2"
"8193","N..Eff..TSS.Conc. + Temp..of.the.Atmos. + CODto..mg.L. + NSEC.Aerobic.SRT + NSEC.Effluent.NH3 + NSEC.Effluent.NO5",0.413409203477431,0.742770854395419,"3,2"
"8194","N..Eff..TSS.Conc. + Temp..of.the.Atmos. + CODto..mg.L. + NSEC.Aerobic.SRT + NSEC.Effluent.NH3 + NSEC.Effluent.Flow",0.218815330343397,0.743905465908637,"3,2"
"8195","N..Eff..TSS.Conc. + Temp..of.the.Atmos. + CODto..mg.L. + NSEC.Aerobic.SRT + NSEC.Effluent.NO3 + NSEC.Effluent.OP",0.0107629291909039,0.669703143434332,"3,2"
"8196","N..Eff..TSS.Conc. + Temp..of.the.Atmos. + CODto..mg.L. + NSEC.Aerobic.SRT + NSEC.Effluent.NO3 + NSEC.Effluent.TSS",0.200059589882128,0.735620104085829,"3,2"
"8197","N..Eff..TSS.Conc. + Temp..of.the.Atmos. + CODto..mg.L. + NSEC.Aerobic.SRT + NSEC.Effluent.NO3 + NSEC.Effluent.NO5",0.206692636204842,0.748300719113144,"3,2"
"8198","N..Eff..TSS.Conc. + Temp..of.the.Atmos. + CODto..mg.L. + NSEC.Aerobic.SRT + NSEC.Effluent.NO3 + NSEC.Effluent.Flow",0.338746431988886,0.742250674935148,"3,2"
"8199","N..Eff..TSS.Conc. + Temp..of.the.Atmos. + CODto..mg.L. + NSEC.Aerobic.SRT + NSEC.Effluent.OP + NSEC.Effluent.TSS",0.438881572057801,0.768542532534688,"3,2"
"8200","N..Eff..TSS.Conc. + Temp..of.the.Atmos. + CODto..mg.L. + NSEC.Aerobic.SRT + NSEC.Effluent.OP + NSEC.Effluent.NO5",0.265862168110133,0.744775693205388,"3,2"
"8201","N..Eff..TSS.Conc. + Temp..of.the.Atmos. + CODto..mg.L. + NSEC.Aerobic.SRT + NSEC.Effluent.OP + NSEC.Effluent.Flow",0.130610179360133,0.662371924127529,"3,2"
"8202","N..Eff..TSS.Conc. + Temp..of.the.Atmos. + CODto..mg.L. + NSEC.Aerobic.SRT + NSEC.Effluent.TSS + NSEC.Effluent.NO5",0.279394072223582,0.761305399979442,"3,2"
"8203","N..Eff..TSS.Conc. + Temp..of.the.Atmos. + CODto..mg.L. + NSEC.Aerobic.SRT + NSEC.Effluent.TSS + NSEC.Effluent.Flow",0.0262205733156433,0.641252899449468,"3,2"
"8204","N..Eff..TSS.Conc. + Temp..of.the.Atmos. + CODto..mg.L. + NSEC.Aerobic.SRT + NSEC.Effluent.NO5 + NSEC.Effluent.Flow",0.193100375050796,0.103664013245337,"3,2"
"8205","N..Eff..TSS.Conc. + Temp..of.the.Atmos. + CODto..mg.L. + NSEC.Effluent.NH3 + NSEC.Effluent.NO3 + NSEC.Effluent.OP",0.171982798670558,0.700374438351869,"3,2"
"8206","N..Eff..TSS.Conc. + Temp..of.the.Atmos. + CODto..mg.L. + NSEC.Effluent.NH3 + NSEC.Effluent.NO3 + NSEC.Effluent.TSS",0.0565711235704041,0.669208104264287,"3,2"
"8207","N..Eff..TSS.Conc. + Temp..of.the.Atmos. + CODto..mg.L. + NSEC.Effluent.NH3 + NSEC.Effluent.NO3 + NSEC.Effluent.NO5",0.256061963984094,0.63960760971745,"3,2"
"8208","N..Eff..TSS.Conc. + Temp..of.the.Atmos. + CODto..mg.L. + NSEC.Effluent.NH3 + NSEC.Effluent.NO3 + NSEC.Effluent.Flow",0.212726442382757,0.632242793719653,"3,2"
"8209","N..Eff..TSS.Conc. + Temp..of.the.Atmos. + CODto..mg.L. + NSEC.Effluent.NH3 + NSEC.Effluent.OP + NSEC.Effluent.TSS",0.0699177419344774,0.520960109323886,"3,2"
"8210","N..Eff..TSS.Conc. + Temp..of.the.Atmos. + CODto..mg.L. + NSEC.Effluent.NH3 + NSEC.Effluent.OP + NSEC.Effluent.NO5",0.0676654050193588,0.666721072163709,"3,2"
"8211","N..Eff..TSS.Conc. + Temp..of.the.Atmos. + CODto..mg.L. + NSEC.Effluent.NH3 + NSEC.Effluent.OP + NSEC.Effluent.Flow",0.169910915884172,0.638135528007112,"3,2"
"8212","N..Eff..TSS.Conc. + Temp..of.the.Atmos. + CODto..mg.L. + NSEC.Effluent.NH3 + NSEC.Effluent.TSS + NSEC.Effluent.NO5",0.112393293346086,0.277951467012404,"3,2"
"8213","N..Eff..TSS.Conc. + Temp..of.the.Atmos. + CODto..mg.L. + NSEC.Effluent.NH3 + NSEC.Effluent.TSS + NSEC.Effluent.Flow",0.160180139136879,0.513527378076385,"3,2"
"8214","N..Eff..TSS.Conc. + Temp..of.the.Atmos. + CODto..mg.L. + NSEC.Effluent.NH3 + NSEC.Effluent.NO5 + NSEC.Effluent.Flow",0.149821434618181,0.47589437488119,"3,2"
"8215","N..Eff..TSS.Conc. + Temp..of.the.Atmos. + CODto..mg.L. + NSEC.Effluent.NO3 + NSEC.Effluent.OP + NSEC.Effluent.TSS",0.538128258432069,0.691068034699513,"3,2"
"8216","N..Eff..TSS.Conc. + Temp..of.the.Atmos. + CODto..mg.L. + NSEC.Effluent.NO3 + NSEC.Effluent.OP + NSEC.Effluent.NO5",0.0799287565947115,0.635795825603605,"3,2"
"8217","N..Eff..TSS.Conc. + Temp..of.the.Atmos. + CODto..mg.L. + NSEC.Effluent.NO3 + NSEC.Effluent.OP + NSEC.Effluent.Flow",0.192305201937478,0.00106735468988693,"3,2"
"8218","N..Eff..TSS.Conc. + Temp..of.the.Atmos. + CODto..mg.L. + NSEC.Effluent.NO3 + NSEC.Effluent.TSS + NSEC.Effluent.NO5",0.00324067560560848,0.594451586445207,"3,2"
"8219","N..Eff..TSS.Conc. + Temp..of.the.Atmos. + CODto..mg.L. + NSEC.Effluent.NO3 + NSEC.Effluent.TSS + NSEC.Effluent.Flow",0.0310853303531178,0.335943485276062,"3,2"
"8220","N..Eff..TSS.Conc. + Temp..of.the.Atmos. + CODto..mg.L. + NSEC.Effluent.NO3 + NSEC.Effluent.NO5 + NSEC.Effluent.Flow",0.254798686201746,0.571936216838489,"3,2"
"8221","N..Eff..TSS.Conc. + Temp..of.the.Atmos. + CODto..mg.L. + NSEC.Effluent.OP + NSEC.Effluent.TSS + NSEC.Effluent.NO5",0.202320803436626,0.702884190220317,"3,2"
"8222","N..Eff..TSS.Conc. + Temp..of.the.Atmos. + CODto..mg.L. + NSEC.Effluent.OP + NSEC.Effluent.TSS + NSEC.Effluent.Flow",0.188296513756943,0.719327611702912,"3,2"
"8223","N..Eff..TSS.Conc. + Temp..of.the.Atmos. + CODto..mg.L. + NSEC.Effluent.OP + NSEC.Effluent.NO5 + NSEC.Effluent.Flow",0.124648971425451,0.655171638718061,"3,2"
"8224","N..Eff..TSS.Conc. + Temp..of.the.Atmos. + CODto..mg.L. + NSEC.Effluent.TSS + NSEC.Effluent.NO5 + NSEC.Effluent.Flow",0.0998368171515462,0.54880839734376,"3,2"
"8225","N..Eff..TSS.Conc. + Temp..of.the.Atmos. + TSS..mg.L. + UVT.... + CODds..mg.L. + SACto..1.m.",0.0651997216365539,0.715025577774097,"3,2"
"8226","N..Eff..TSS.Conc. + Temp..of.the.Atmos. + TSS..mg.L. + UVT.... + CODds..mg.L. + NSEC.Aerobic.SRT",0.0511743867055481,0.770567942822879,"3,2"
"8227","N..Eff..TSS.Conc. + Temp..of.the.Atmos. + TSS..mg.L. + UVT.... + CODds..mg.L. + NSEC.Effluent.NH3",0.0801647814362316,0.680504099316717,"3,2"
"8228","N..Eff..TSS.Conc. + Temp..of.the.Atmos. + TSS..mg.L. + UVT.... + CODds..mg.L. + NSEC.Effluent.NO3",0.059855666018255,0.725683586450851,"3,2"
"8229","N..Eff..TSS.Conc. + Temp..of.the.Atmos. + TSS..mg.L. + UVT.... + CODds..mg.L. + NSEC.Effluent.OP",0.0671031694055955,0.739732777164504,"3,2"
"8230","N..Eff..TSS.Conc. + Temp..of.the.Atmos. + TSS..mg.L. + UVT.... + CODds..mg.L. + NSEC.Effluent.TSS",0.0395565547589702,0.687945394234279,"3,2"
"8231","N..Eff..TSS.Conc. + Temp..of.the.Atmos. + TSS..mg.L. + UVT.... + CODds..mg.L. + NSEC.Effluent.NO5",0.00748477600813668,0.761359214506147,"3,2"
"8232","N..Eff..TSS.Conc. + Temp..of.the.Atmos. + TSS..mg.L. + UVT.... + CODds..mg.L. + NSEC.Effluent.Flow",0.090028777875313,0.738709596445491,"3,2"
"8233","N..Eff..TSS.Conc. + Temp..of.the.Atmos. + TSS..mg.L. + UVT.... + SACto..1.m. + NSEC.Aerobic.SRT",0.0432955574988265,0.734917295805194,"3,2"
"8234","N..Eff..TSS.Conc. + Temp..of.the.Atmos. + TSS..mg.L. + UVT.... + SACto..1.m. + NSEC.Effluent.NH3",0.060814354531308,0.632591536665073,"3,2"
"8235","N..Eff..TSS.Conc. + Temp..of.the.Atmos. + TSS..mg.L. + UVT.... + SACto..1.m. + NSEC.Effluent.NO3",0.137960457207213,0.727269171702103,"3,2"
"8236","N..Eff..TSS.Conc. + Temp..of.the.Atmos. + TSS..mg.L. + UVT.... + SACto..1.m. + NSEC.Effluent.OP",0.0781302864625693,0.72319479091957,"3,2"
"8237","N..Eff..TSS.Conc. + Temp..of.the.Atmos. + TSS..mg.L. + UVT.... + SACto..1.m. + NSEC.Effluent.TSS",0.283740410617685,0.663479842493644,"3,2"
"8238","N..Eff..TSS.Conc. + Temp..of.the.Atmos. + TSS..mg.L. + UVT.... + SACto..1.m. + NSEC.Effluent.NO5",0.0407429150473597,0.66014769129637,"3,2"
"8239","N..Eff..TSS.Conc. + Temp..of.the.Atmos. + TSS..mg.L. + UVT.... + SACto..1.m. + NSEC.Effluent.Flow",0.1831681563767,0.733553945149245,"3,2"
"8240","N..Eff..TSS.Conc. + Temp..of.the.Atmos. + TSS..mg.L. + UVT.... + NSEC.Aerobic.SRT + NSEC.Effluent.NH3",0.350991168936831,0.787903766621404,"3,2"
"8241","N..Eff..TSS.Conc. + Temp..of.the.Atmos. + TSS..mg.L. + UVT.... + NSEC.Aerobic.SRT + NSEC.Effluent.NO3",0.00798512965823051,0.771734578695591,"3,2"
"8242","N..Eff..TSS.Conc. + Temp..of.the.Atmos. + TSS..mg.L. + UVT.... + NSEC.Aerobic.SRT + NSEC.Effluent.OP",0.0296967639362311,0.733303960897088,"3,2"
"8243","N..Eff..TSS.Conc. + Temp..of.the.Atmos. + TSS..mg.L. + UVT.... + NSEC.Aerobic.SRT + NSEC.Effluent.TSS",0.240707810535504,0.730757127634236,"3,2"
"8244","N..Eff..TSS.Conc. + Temp..of.the.Atmos. + TSS..mg.L. + UVT.... + NSEC.Aerobic.SRT + NSEC.Effluent.NO5",0.10090717267238,0.749643040532776,"3,2"
"8245","N..Eff..TSS.Conc. + Temp..of.the.Atmos. + TSS..mg.L. + UVT.... + NSEC.Aerobic.SRT + NSEC.Effluent.Flow",0.115900603263927,0.821730655351016,"3,2"
"8246","N..Eff..TSS.Conc. + Temp..of.the.Atmos. + TSS..mg.L. + UVT.... + NSEC.Effluent.NH3 + NSEC.Effluent.NO3",0.0499626258171311,0.726972352409581,"3,2"
"8247","N..Eff..TSS.Conc. + Temp..of.the.Atmos. + TSS..mg.L. + UVT.... + NSEC.Effluent.NH3 + NSEC.Effluent.OP",0.00345810462165019,0.692834661236948,"3,2"
"8248","N..Eff..TSS.Conc. + Temp..of.the.Atmos. + TSS..mg.L. + UVT.... + NSEC.Effluent.NH3 + NSEC.Effluent.TSS",0.00653595921527694,0.636768297817631,"3,2"
"8249","N..Eff..TSS.Conc. + Temp..of.the.Atmos. + TSS..mg.L. + UVT.... + NSEC.Effluent.NH3 + NSEC.Effluent.NO5",0.0791550021943732,0.658488514296707,"3,2"
"8250","N..Eff..TSS.Conc. + Temp..of.the.Atmos. + TSS..mg.L. + UVT.... + NSEC.Effluent.NH3 + NSEC.Effluent.Flow",0.0739592940583602,0.746807333153124,"3,2"
"8251","N..Eff..TSS.Conc. + Temp..of.the.Atmos. + TSS..mg.L. + UVT.... + NSEC.Effluent.NO3 + NSEC.Effluent.OP",0.124670577935269,0.632055694226305,"3,2"
"8252","N..Eff..TSS.Conc. + Temp..of.the.Atmos. + TSS..mg.L. + UVT.... + NSEC.Effluent.NO3 + NSEC.Effluent.TSS",0.193547284970826,0.0010499357601564,"3,2"
"8253","N..Eff..TSS.Conc. + Temp..of.the.Atmos. + TSS..mg.L. + UVT.... + NSEC.Effluent.NO3 + NSEC.Effluent.NO5",0.0119777397892813,0.75790191940968,"3,2"
"8254","N..Eff..TSS.Conc. + Temp..of.the.Atmos. + TSS..mg.L. + UVT.... + NSEC.Effluent.NO3 + NSEC.Effluent.Flow",0.193358667092103,0.0114481693504189,"3,2"
"8255","N..Eff..TSS.Conc. + Temp..of.the.Atmos. + TSS..mg.L. + UVT.... + NSEC.Effluent.OP + NSEC.Effluent.TSS",0.054076319874139,0.702568384182264,"3,2"
"8256","N..Eff..TSS.Conc. + Temp..of.the.Atmos. + TSS..mg.L. + UVT.... + NSEC.Effluent.OP + NSEC.Effluent.NO5",0.0156628563979784,0.737303509278847,"3,2"
"8257","N..Eff..TSS.Conc. + Temp..of.the.Atmos. + TSS..mg.L. + UVT.... + NSEC.Effluent.OP + NSEC.Effluent.Flow",0.0465154911112873,0.792206378438081,"3,2"
"8258","N..Eff..TSS.Conc. + Temp..of.the.Atmos. + TSS..mg.L. + UVT.... + NSEC.Effluent.TSS + NSEC.Effluent.NO5",0.141868704444176,0.611002038758368,"3,2"
"8259","N..Eff..TSS.Conc. + Temp..of.the.Atmos. + TSS..mg.L. + UVT.... + NSEC.Effluent.TSS + NSEC.Effluent.Flow",0.210190183181111,0.735461295288457,"3,2"
"8260","N..Eff..TSS.Conc. + Temp..of.the.Atmos. + TSS..mg.L. + UVT.... + NSEC.Effluent.NO5 + NSEC.Effluent.Flow",0.14706581529865,0.717358349054434,"3,2"
"8261","N..Eff..TSS.Conc. + Temp..of.the.Atmos. + TSS..mg.L. + CODds..mg.L. + SACto..1.m. + NSEC.Aerobic.SRT",0.170364748824111,0.751416953580824,"3,2"
"8262","N..Eff..TSS.Conc. + Temp..of.the.Atmos. + TSS..mg.L. + CODds..mg.L. + SACto..1.m. + NSEC.Effluent.NH3",0.113547440535988,0.658964169165144,"3,2"
"8263","N..Eff..TSS.Conc. + Temp..of.the.Atmos. + TSS..mg.L. + CODds..mg.L. + SACto..1.m. + NSEC.Effluent.NO3",0.104759733075415,0.668258252931953,"3,2"
"8264","N..Eff..TSS.Conc. + Temp..of.the.Atmos. + TSS..mg.L. + CODds..mg.L. + SACto..1.m. + NSEC.Effluent.OP",0.113029205890592,0.715927148418001,"3,2"
"8265","N..Eff..TSS.Conc. + Temp..of.the.Atmos. + TSS..mg.L. + CODds..mg.L. + SACto..1.m. + NSEC.Effluent.TSS",0.107164193965256,0.634801210784488,"3,2"
"8266","N..Eff..TSS.Conc. + Temp..of.the.Atmos. + TSS..mg.L. + CODds..mg.L. + SACto..1.m. + NSEC.Effluent.NO5",0.123830935980799,0.768434438197237,"3,2"
"8267","N..Eff..TSS.Conc. + Temp..of.the.Atmos. + TSS..mg.L. + CODds..mg.L. + SACto..1.m. + NSEC.Effluent.Flow",0.237261107146107,0.726503830295376,"3,2"
"8268","N..Eff..TSS.Conc. + Temp..of.the.Atmos. + TSS..mg.L. + CODds..mg.L. + NSEC.Aerobic.SRT + NSEC.Effluent.NH3",0.263749744834157,0.705772078100376,"3,2"
"8269","N..Eff..TSS.Conc. + Temp..of.the.Atmos. + TSS..mg.L. + CODds..mg.L. + NSEC.Aerobic.SRT + NSEC.Effluent.NO3",0.271289214476611,0.667955548912254,"3,2"
"8270","N..Eff..TSS.Conc. + Temp..of.the.Atmos. + TSS..mg.L. + CODds..mg.L. + NSEC.Aerobic.SRT + NSEC.Effluent.OP",0.129874868760152,0.751117771791465,"3,2"
"8271","N..Eff..TSS.Conc. + Temp..of.the.Atmos. + TSS..mg.L. + CODds..mg.L. + NSEC.Aerobic.SRT + NSEC.Effluent.TSS",0.309160251423916,0.649665813617261,"3,2"
"8272","N..Eff..TSS.Conc. + Temp..of.the.Atmos. + TSS..mg.L. + CODds..mg.L. + NSEC.Aerobic.SRT + NSEC.Effluent.NO5",0.453299258513543,0.723987569994447,"3,2"
"8273","N..Eff..TSS.Conc. + Temp..of.the.Atmos. + TSS..mg.L. + CODds..mg.L. + NSEC.Aerobic.SRT + NSEC.Effluent.Flow",0.00485448003131195,0.74085687088655,"3,2"
"8274","N..Eff..TSS.Conc. + Temp..of.the.Atmos. + TSS..mg.L. + CODds..mg.L. + NSEC.Effluent.NH3 + NSEC.Effluent.NO3",0.135082693649862,0.734553932548793,"3,2"
"8275","N..Eff..TSS.Conc. + Temp..of.the.Atmos. + TSS..mg.L. + CODds..mg.L. + NSEC.Effluent.NH3 + NSEC.Effluent.OP",0.0256689717483147,0.584352514754884,"3,2"
"8276","N..Eff..TSS.Conc. + Temp..of.the.Atmos. + TSS..mg.L. + CODds..mg.L. + NSEC.Effluent.NH3 + NSEC.Effluent.TSS",0.0356639364241216,0.571310521628994,"3,2"
"8277","N..Eff..TSS.Conc. + Temp..of.the.Atmos. + TSS..mg.L. + CODds..mg.L. + NSEC.Effluent.NH3 + NSEC.Effluent.NO5",0.176995327689918,0.675408811200727,"3,2"
"8278","N..Eff..TSS.Conc. + Temp..of.the.Atmos. + TSS..mg.L. + CODds..mg.L. + NSEC.Effluent.NH3 + NSEC.Effluent.Flow",0.075732277306088,0.612147630265528,"3,2"
"8279","N..Eff..TSS.Conc. + Temp..of.the.Atmos. + TSS..mg.L. + CODds..mg.L. + NSEC.Effluent.NO3 + NSEC.Effluent.OP",0.0922217508039833,0.574407571712442,"3,2"
"8280","N..Eff..TSS.Conc. + Temp..of.the.Atmos. + TSS..mg.L. + CODds..mg.L. + NSEC.Effluent.NO3 + NSEC.Effluent.TSS",0.109448297913005,0.621542292265388,"3,2"
"8281","N..Eff..TSS.Conc. + Temp..of.the.Atmos. + TSS..mg.L. + CODds..mg.L. + NSEC.Effluent.NO3 + NSEC.Effluent.NO5",0.0355323320928072,0.697392653691042,"3,2"
"8282","N..Eff..TSS.Conc. + Temp..of.the.Atmos. + TSS..mg.L. + CODds..mg.L. + NSEC.Effluent.NO3 + NSEC.Effluent.Flow",0.21057144567484,0.736099452047594,"3,2"
"8283","N..Eff..TSS.Conc. + Temp..of.the.Atmos. + TSS..mg.L. + CODds..mg.L. + NSEC.Effluent.OP + NSEC.Effluent.TSS",0.180669492299986,0.618128894933318,"3,2"
"8284","N..Eff..TSS.Conc. + Temp..of.the.Atmos. + TSS..mg.L. + CODds..mg.L. + NSEC.Effluent.OP + NSEC.Effluent.NO5",0.196127778407949,0.636779508177541,"3,2"
"8285","N..Eff..TSS.Conc. + Temp..of.the.Atmos. + TSS..mg.L. + CODds..mg.L. + NSEC.Effluent.OP + NSEC.Effluent.Flow",0.202151929756739,0.69272982581969,"3,2"
"8286","N..Eff..TSS.Conc. + Temp..of.the.Atmos. + TSS..mg.L. + CODds..mg.L. + NSEC.Effluent.TSS + NSEC.Effluent.NO5",0.0224007765069265,0.510134207179988,"3,2"
"8287","N..Eff..TSS.Conc. + Temp..of.the.Atmos. + TSS..mg.L. + CODds..mg.L. + NSEC.Effluent.TSS + NSEC.Effluent.Flow",0.0391078259335194,0.730389496269699,"3,2"
"8288","N..Eff..TSS.Conc. + Temp..of.the.Atmos. + TSS..mg.L. + CODds..mg.L. + NSEC.Effluent.NO5 + NSEC.Effluent.Flow",0.190626401348957,0.655101548481141,"3,2"
"8289","N..Eff..TSS.Conc. + Temp..of.the.Atmos. + TSS..mg.L. + SACto..1.m. + NSEC.Aerobic.SRT + NSEC.Effluent.NH3",0.330608110039143,0.788180174872581,"3,2"
"8290","N..Eff..TSS.Conc. + Temp..of.the.Atmos. + TSS..mg.L. + SACto..1.m. + NSEC.Aerobic.SRT + NSEC.Effluent.NO3",0.0497104483872253,0.775918593396893,"3,2"
"8291","N..Eff..TSS.Conc. + Temp..of.the.Atmos. + TSS..mg.L. + SACto..1.m. + NSEC.Aerobic.SRT + NSEC.Effluent.OP",0.00787888639245837,0.740572677247157,"3,2"
"8292","N..Eff..TSS.Conc. + Temp..of.the.Atmos. + TSS..mg.L. + SACto..1.m. + NSEC.Aerobic.SRT + NSEC.Effluent.TSS",0.219045359348272,0.72798889486146,"3,2"
"8293","N..Eff..TSS.Conc. + Temp..of.the.Atmos. + TSS..mg.L. + SACto..1.m. + NSEC.Aerobic.SRT + NSEC.Effluent.NO5",0.176770309509112,0.727461108739516,"3,2"
"8294","N..Eff..TSS.Conc. + Temp..of.the.Atmos. + TSS..mg.L. + SACto..1.m. + NSEC.Aerobic.SRT + NSEC.Effluent.Flow",0.204695708777026,0.836977885923078,"3,2"
"8295","N..Eff..TSS.Conc. + Temp..of.the.Atmos. + TSS..mg.L. + SACto..1.m. + NSEC.Effluent.NH3 + NSEC.Effluent.NO3",0.0462894476323936,0.60532009509828,"3,2"
"8296","N..Eff..TSS.Conc. + Temp..of.the.Atmos. + TSS..mg.L. + SACto..1.m. + NSEC.Effluent.NH3 + NSEC.Effluent.OP",0.00408499044542765,0.64667268479519,"3,2"
"8297","N..Eff..TSS.Conc. + Temp..of.the.Atmos. + TSS..mg.L. + SACto..1.m. + NSEC.Effluent.NH3 + NSEC.Effluent.TSS",0.0512780654372633,0.698734422146513,"3,2"
"8298","N..Eff..TSS.Conc. + Temp..of.the.Atmos. + TSS..mg.L. + SACto..1.m. + NSEC.Effluent.NH3 + NSEC.Effluent.NO5",0.168441054065879,0.725075090107436,"3,2"
"8299","N..Eff..TSS.Conc. + Temp..of.the.Atmos. + TSS..mg.L. + SACto..1.m. + NSEC.Effluent.NH3 + NSEC.Effluent.Flow",0.170856024454389,0.740949292929297,"3,2"
"8300","N..Eff..TSS.Conc. + Temp..of.the.Atmos. + TSS..mg.L. + SACto..1.m. + NSEC.Effluent.NO3 + NSEC.Effluent.OP",0.0339118477477405,0.640335921944184,"3,2"
"8301","N..Eff..TSS.Conc. + Temp..of.the.Atmos. + TSS..mg.L. + SACto..1.m. + NSEC.Effluent.NO3 + NSEC.Effluent.TSS",0.0865205872747059,0.740144556570251,"3,2"
"8302","N..Eff..TSS.Conc. + Temp..of.the.Atmos. + TSS..mg.L. + SACto..1.m. + NSEC.Effluent.NO3 + NSEC.Effluent.NO5",0.0345493482264903,0.734615541510724,"3,2"
"8303","N..Eff..TSS.Conc. + Temp..of.the.Atmos. + TSS..mg.L. + SACto..1.m. + NSEC.Effluent.NO3 + NSEC.Effluent.Flow",0.0883173668732502,0.70059252644677,"3,2"
"8304","N..Eff..TSS.Conc. + Temp..of.the.Atmos. + TSS..mg.L. + SACto..1.m. + NSEC.Effluent.OP + NSEC.Effluent.TSS",0.114459737610263,0.719633571741003,"3,2"
"8305","N..Eff..TSS.Conc. + Temp..of.the.Atmos. + TSS..mg.L. + SACto..1.m. + NSEC.Effluent.OP + NSEC.Effluent.NO5",0.0991712823256474,0.746825847861302,"3,2"
"8306","N..Eff..TSS.Conc. + Temp..of.the.Atmos. + TSS..mg.L. + SACto..1.m. + NSEC.Effluent.OP + NSEC.Effluent.Flow",0.192235594197673,0.784796089172395,"3,2"
"8307","N..Eff..TSS.Conc. + Temp..of.the.Atmos. + TSS..mg.L. + SACto..1.m. + NSEC.Effluent.TSS + NSEC.Effluent.NO5",0.114606279285391,0.645918707234505,"3,2"
"8308","N..Eff..TSS.Conc. + Temp..of.the.Atmos. + TSS..mg.L. + SACto..1.m. + NSEC.Effluent.TSS + NSEC.Effluent.Flow",0.0541300898108377,0.695145853863399,"3,2"
"8309","N..Eff..TSS.Conc. + Temp..of.the.Atmos. + TSS..mg.L. + SACto..1.m. + NSEC.Effluent.NO5 + NSEC.Effluent.Flow",0.245725278007233,0.72863775148727,"3,2"
"8310","N..Eff..TSS.Conc. + Temp..of.the.Atmos. + TSS..mg.L. + NSEC.Aerobic.SRT + NSEC.Effluent.NH3 + NSEC.Effluent.NO3",0.167749883433804,0.6030717994675,"3,2"
"8311","N..Eff..TSS.Conc. + Temp..of.the.Atmos. + TSS..mg.L. + NSEC.Aerobic.SRT + NSEC.Effluent.NH3 + NSEC.Effluent.OP",0.273536335282304,0.724103105000746,"3,2"
"8312","N..Eff..TSS.Conc. + Temp..of.the.Atmos. + TSS..mg.L. + NSEC.Aerobic.SRT + NSEC.Effluent.NH3 + NSEC.Effluent.TSS",0.475604417405504,0.71529847640849,"3,2"
"8313","N..Eff..TSS.Conc. + Temp..of.the.Atmos. + TSS..mg.L. + NSEC.Aerobic.SRT + NSEC.Effluent.NH3 + NSEC.Effluent.NO5",0.0271633250340366,0.484646963588295,"3,2"
"8314","N..Eff..TSS.Conc. + Temp..of.the.Atmos. + TSS..mg.L. + NSEC.Aerobic.SRT + NSEC.Effluent.NH3 + NSEC.Effluent.Flow",0.0187318240089844,0.51153269215689,"3,2"
"8315","N..Eff..TSS.Conc. + Temp..of.the.Atmos. + TSS..mg.L. + NSEC.Aerobic.SRT + NSEC.Effluent.NO3 + NSEC.Effluent.OP",0.421886683067871,0.731279764323698,"3,2"
"8316","N..Eff..TSS.Conc. + Temp..of.the.Atmos. + TSS..mg.L. + NSEC.Aerobic.SRT + NSEC.Effluent.NO3 + NSEC.Effluent.TSS",0.0300897052455833,0.371144618555515,"3,2"
"8317","N..Eff..TSS.Conc. + Temp..of.the.Atmos. + TSS..mg.L. + NSEC.Aerobic.SRT + NSEC.Effluent.NO3 + NSEC.Effluent.NO5",0.359694495658194,0.766253418306091,"3,2"
"8318","N..Eff..TSS.Conc. + Temp..of.the.Atmos. + TSS..mg.L. + NSEC.Aerobic.SRT + NSEC.Effluent.NO3 + NSEC.Effluent.Flow",0.334692229930687,0.750197199850644,"3,2"
"8319","N..Eff..TSS.Conc. + Temp..of.the.Atmos. + TSS..mg.L. + NSEC.Aerobic.SRT + NSEC.Effluent.OP + NSEC.Effluent.TSS",0.0155893618390086,0.705243942184954,"3,2"
"8320","N..Eff..TSS.Conc. + Temp..of.the.Atmos. + TSS..mg.L. + NSEC.Aerobic.SRT + NSEC.Effluent.OP + NSEC.Effluent.NO5",0.431129410037837,0.768246226015972,"3,2"
"8321","N..Eff..TSS.Conc. + Temp..of.the.Atmos. + TSS..mg.L. + NSEC.Aerobic.SRT + NSEC.Effluent.OP + NSEC.Effluent.Flow",0.166769508225176,0.709480713259209,"3,2"
"8322","N..Eff..TSS.Conc. + Temp..of.the.Atmos. + TSS..mg.L. + NSEC.Aerobic.SRT + NSEC.Effluent.TSS + NSEC.Effluent.NO5",0.125962059843125,0.637938609675794,"3,2"
"8323","N..Eff..TSS.Conc. + Temp..of.the.Atmos. + TSS..mg.L. + NSEC.Aerobic.SRT + NSEC.Effluent.TSS + NSEC.Effluent.Flow",0.284591198491915,0.788274545633446,"3,2"
"8324","N..Eff..TSS.Conc. + Temp..of.the.Atmos. + TSS..mg.L. + NSEC.Aerobic.SRT + NSEC.Effluent.NO5 + NSEC.Effluent.Flow",0.199378377054425,0.732470130402899,"3,2"
"8325","N..Eff..TSS.Conc. + Temp..of.the.Atmos. + TSS..mg.L. + NSEC.Effluent.NH3 + NSEC.Effluent.NO3 + NSEC.Effluent.OP",0.122285543008893,0.70723432487833,"3,2"
"8326","N..Eff..TSS.Conc. + Temp..of.the.Atmos. + TSS..mg.L. + NSEC.Effluent.NH3 + NSEC.Effluent.NO3 + NSEC.Effluent.TSS",0.199323149980362,0.467107418054503,"3,2"
"8327","N..Eff..TSS.Conc. + Temp..of.the.Atmos. + TSS..mg.L. + NSEC.Effluent.NH3 + NSEC.Effluent.NO3 + NSEC.Effluent.NO5",0.150469315623026,0.527418721711659,"3,2"
"8328","N..Eff..TSS.Conc. + Temp..of.the.Atmos. + TSS..mg.L. + NSEC.Effluent.NH3 + NSEC.Effluent.NO3 + NSEC.Effluent.Flow",0.0663848318230689,0.60365616740312,"3,2"
"8329","N..Eff..TSS.Conc. + Temp..of.the.Atmos. + TSS..mg.L. + NSEC.Effluent.NH3 + NSEC.Effluent.OP + NSEC.Effluent.TSS",0.506917125852763,0.625512050719206,"3,2"
"8330","N..Eff..TSS.Conc. + Temp..of.the.Atmos. + TSS..mg.L. + NSEC.Effluent.NH3 + NSEC.Effluent.OP + NSEC.Effluent.NO5",0.0976978717997716,0.676025358939893,"3,2"
"8331","N..Eff..TSS.Conc. + Temp..of.the.Atmos. + TSS..mg.L. + NSEC.Effluent.NH3 + NSEC.Effluent.OP + NSEC.Effluent.Flow",0.12073318971541,0.616444450067277,"3,2"
"8332","N..Eff..TSS.Conc. + Temp..of.the.Atmos. + TSS..mg.L. + NSEC.Effluent.NH3 + NSEC.Effluent.TSS + NSEC.Effluent.NO5",0.577149338587804,0.643087647701342,"3,2"
"8333","N..Eff..TSS.Conc. + Temp..of.the.Atmos. + TSS..mg.L. + NSEC.Effluent.NH3 + NSEC.Effluent.TSS + NSEC.Effluent.Flow",0.0214529716095417,0.462949882645121,"3,2"
"8334","N..Eff..TSS.Conc. + Temp..of.the.Atmos. + TSS..mg.L. + NSEC.Effluent.NH3 + NSEC.Effluent.NO5 + NSEC.Effluent.Flow",0.0144753707992509,0.437056123678829,"3,2"
"8335","N..Eff..TSS.Conc. + Temp..of.the.Atmos. + TSS..mg.L. + NSEC.Effluent.NO3 + NSEC.Effluent.OP + NSEC.Effluent.TSS",0.144050844949113,0.643832264016012,"3,2"
"8336","N..Eff..TSS.Conc. + Temp..of.the.Atmos. + TSS..mg.L. + NSEC.Effluent.NO3 + NSEC.Effluent.OP + NSEC.Effluent.NO5",0.37981867008541,0.595117942780875,"3,2"
"8337","N..Eff..TSS.Conc. + Temp..of.the.Atmos. + TSS..mg.L. + NSEC.Effluent.NO3 + NSEC.Effluent.OP + NSEC.Effluent.Flow",0.00716308069627569,0.699701835657368,"3,2"
"8338","N..Eff..TSS.Conc. + Temp..of.the.Atmos. + TSS..mg.L. + NSEC.Effluent.NO3 + NSEC.Effluent.TSS + NSEC.Effluent.NO5",0.181838724620178,0.606373422288889,"3,2"
"8339","N..Eff..TSS.Conc. + Temp..of.the.Atmos. + TSS..mg.L. + NSEC.Effluent.NO3 + NSEC.Effluent.TSS + NSEC.Effluent.Flow",0.331578480423589,0.587361828274494,"3,2"
"8340","N..Eff..TSS.Conc. + Temp..of.the.Atmos. + TSS..mg.L. + NSEC.Effluent.NO3 + NSEC.Effluent.NO5 + NSEC.Effluent.Flow",0.0947139146553044,0.559479417507586,"3,2"
"8341","N..Eff..TSS.Conc. + Temp..of.the.Atmos. + TSS..mg.L. + NSEC.Effluent.OP + NSEC.Effluent.TSS + NSEC.Effluent.NO5",0.171249256608148,0.473761894685362,"3,2"
"8342","N..Eff..TSS.Conc. + Temp..of.the.Atmos. + TSS..mg.L. + NSEC.Effluent.OP + NSEC.Effluent.TSS + NSEC.Effluent.Flow",0.074491914511055,0.505297873988585,"3,2"
"8343","N..Eff..TSS.Conc. + Temp..of.the.Atmos. + TSS..mg.L. + NSEC.Effluent.OP + NSEC.Effluent.NO5 + NSEC.Effluent.Flow",0.0768054678867274,0.692623474786595,"3,2"
"8344","N..Eff..TSS.Conc. + Temp..of.the.Atmos. + TSS..mg.L. + NSEC.Effluent.TSS + NSEC.Effluent.NO5 + NSEC.Effluent.Flow",0.0767195744961722,0.395459151373774,"3,2"
"8345","N..Eff..TSS.Conc. + Temp..of.the.Atmos. + UVT.... + CODds..mg.L. + SACto..1.m. + NSEC.Aerobic.SRT",0.00463581143441827,0.763702586028443,"3,2"
"8346","N..Eff..TSS.Conc. + Temp..of.the.Atmos. + UVT.... + CODds..mg.L. + SACto..1.m. + NSEC.Effluent.NH3",0.0306024271622221,0.580948458872154,"3,2"
"8347","N..Eff..TSS.Conc. + Temp..of.the.Atmos. + UVT.... + CODds..mg.L. + SACto..1.m. + NSEC.Effluent.NO3",0.237756585992307,0.660955716317994,"3,2"
"8348","N..Eff..TSS.Conc. + Temp..of.the.Atmos. + UVT.... + CODds..mg.L. + SACto..1.m. + NSEC.Effluent.OP",0.035297102679972,0.685000726475048,"3,2"
"8349","N..Eff..TSS.Conc. + Temp..of.the.Atmos. + UVT.... + CODds..mg.L. + SACto..1.m. + NSEC.Effluent.TSS",0.00356882909166623,0.643236908358106,"3,2"
"8350","N..Eff..TSS.Conc. + Temp..of.the.Atmos. + UVT.... + CODds..mg.L. + SACto..1.m. + NSEC.Effluent.NO5",0.077788583763577,0.756286470038643,"3,2"
"8351","N..Eff..TSS.Conc. + Temp..of.the.Atmos. + UVT.... + CODds..mg.L. + SACto..1.m. + NSEC.Effluent.Flow",0.168463389725428,0.64484736869834,"3,2"
"8352","N..Eff..TSS.Conc. + Temp..of.the.Atmos. + UVT.... + CODds..mg.L. + NSEC.Aerobic.SRT + NSEC.Effluent.NH3",0.191663012848149,0.698028859343807,"3,2"
"8353","N..Eff..TSS.Conc. + Temp..of.the.Atmos. + UVT.... + CODds..mg.L. + NSEC.Aerobic.SRT + NSEC.Effluent.NO3",0.20525835413177,0.783913173735639,"3,2"
"8354","N..Eff..TSS.Conc. + Temp..of.the.Atmos. + UVT.... + CODds..mg.L. + NSEC.Aerobic.SRT + NSEC.Effluent.OP",0.356406801829479,0.778721428351511,"3,2"
"8355","N..Eff..TSS.Conc. + Temp..of.the.Atmos. + UVT.... + CODds..mg.L. + NSEC.Aerobic.SRT + NSEC.Effluent.TSS",0.0212292852118496,0.786226125631084,"3,2"
"8356","N..Eff..TSS.Conc. + Temp..of.the.Atmos. + UVT.... + CODds..mg.L. + NSEC.Aerobic.SRT + NSEC.Effluent.NO5",0.179124233579576,0.700702001380025,"3,2"
"8357","N..Eff..TSS.Conc. + Temp..of.the.Atmos. + UVT.... + CODds..mg.L. + NSEC.Aerobic.SRT + NSEC.Effluent.Flow",0.0276832361927819,0.776472519381157,"3,2"
"8358","N..Eff..TSS.Conc. + Temp..of.the.Atmos. + UVT.... + CODds..mg.L. + NSEC.Effluent.NH3 + NSEC.Effluent.NO3",0.286624977879835,0.698867941659919,"3,2"
"8359","N..Eff..TSS.Conc. + Temp..of.the.Atmos. + UVT.... + CODds..mg.L. + NSEC.Effluent.NH3 + NSEC.Effluent.OP",0.095350973484627,0.530326617790826,"3,2"
"8360","N..Eff..TSS.Conc. + Temp..of.the.Atmos. + UVT.... + CODds..mg.L. + NSEC.Effluent.NH3 + NSEC.Effluent.TSS",0.00918789539219711,0.642927513113692,"3,2"
"8361","N..Eff..TSS.Conc. + Temp..of.the.Atmos. + UVT.... + CODds..mg.L. + NSEC.Effluent.NH3 + NSEC.Effluent.NO5",0.0702197883320932,0.682903737260137,"3,2"
"8362","N..Eff..TSS.Conc. + Temp..of.the.Atmos. + UVT.... + CODds..mg.L. + NSEC.Effluent.NH3 + NSEC.Effluent.Flow",0.281083309576781,0.721850428393774,"3,2"
"8363","N..Eff..TSS.Conc. + Temp..of.the.Atmos. + UVT.... + CODds..mg.L. + NSEC.Effluent.NO3 + NSEC.Effluent.OP",0.109079441656827,0.673923214929836,"3,2"
"8364","N..Eff..TSS.Conc. + Temp..of.the.Atmos. + UVT.... + CODds..mg.L. + NSEC.Effluent.NO3 + NSEC.Effluent.TSS",0.190380545386248,0.65597210392552,"3,2"
"8365","N..Eff..TSS.Conc. + Temp..of.the.Atmos. + UVT.... + CODds..mg.L. + NSEC.Effluent.NO3 + NSEC.Effluent.NO5",0.249939335536048,0.705138316369479,"3,2"
"8366","N..Eff..TSS.Conc. + Temp..of.the.Atmos. + UVT.... + CODds..mg.L. + NSEC.Effluent.NO3 + NSEC.Effluent.Flow",0.189691113636096,0.711080397740902,"3,2"
"8367","N..Eff..TSS.Conc. + Temp..of.the.Atmos. + UVT.... + CODds..mg.L. + NSEC.Effluent.OP + NSEC.Effluent.TSS",0.596133013600211,0.773820087428801,"3,2"
"8368","N..Eff..TSS.Conc. + Temp..of.the.Atmos. + UVT.... + CODds..mg.L. + NSEC.Effluent.OP + NSEC.Effluent.NO5",0.200266677627926,0.692885984255318,"3,2"
"8369","N..Eff..TSS.Conc. + Temp..of.the.Atmos. + UVT.... + CODds..mg.L. + NSEC.Effluent.OP + NSEC.Effluent.Flow",0.274664449893099,0.708310014069283,"3,2"
"8370","N..Eff..TSS.Conc. + Temp..of.the.Atmos. + UVT.... + CODds..mg.L. + NSEC.Effluent.TSS + NSEC.Effluent.NO5",0.10993026603056,0.690226426636448,"3,2"
"8371","N..Eff..TSS.Conc. + Temp..of.the.Atmos. + UVT.... + CODds..mg.L. + NSEC.Effluent.TSS + NSEC.Effluent.Flow",0.281511883175936,0.671125113187478,"3,2"
"8372","N..Eff..TSS.Conc. + Temp..of.the.Atmos. + UVT.... + CODds..mg.L. + NSEC.Effluent.NO5 + NSEC.Effluent.Flow",0.24577037796992,0.71860449315115,"3,2"
"8373","N..Eff..TSS.Conc. + Temp..of.the.Atmos. + UVT.... + SACto..1.m. + NSEC.Aerobic.SRT + NSEC.Effluent.NH3",0.00223299121146026,0.386327601000689,"3,2"
"8374","N..Eff..TSS.Conc. + Temp..of.the.Atmos. + UVT.... + SACto..1.m. + NSEC.Aerobic.SRT + NSEC.Effluent.NO3",0.394041766784137,0.776473683492669,"3,2"
"8375","N..Eff..TSS.Conc. + Temp..of.the.Atmos. + UVT.... + SACto..1.m. + NSEC.Aerobic.SRT + NSEC.Effluent.OP",0.0329649382661052,0.392091270282413,"3,2"
"8376","N..Eff..TSS.Conc. + Temp..of.the.Atmos. + UVT.... + SACto..1.m. + NSEC.Aerobic.SRT + NSEC.Effluent.TSS",0.258098650677114,0.705956098986463,"3,2"
"8377","N..Eff..TSS.Conc. + Temp..of.the.Atmos. + UVT.... + SACto..1.m. + NSEC.Aerobic.SRT + NSEC.Effluent.NO5",0.227856823904357,0.735064330527165,"3,2"
"8378","N..Eff..TSS.Conc. + Temp..of.the.Atmos. + UVT.... + SACto..1.m. + NSEC.Aerobic.SRT + NSEC.Effluent.Flow",0.067117984509883,0.705802125388463,"3,2"
"8379","N..Eff..TSS.Conc. + Temp..of.the.Atmos. + UVT.... + SACto..1.m. + NSEC.Effluent.NH3 + NSEC.Effluent.NO3",0.229000347221795,0.613970115422892,"3,2"
"8380","N..Eff..TSS.Conc. + Temp..of.the.Atmos. + UVT.... + SACto..1.m. + NSEC.Effluent.NH3 + NSEC.Effluent.OP",0.101305553708747,0.489195468018165,"3,2"
"8381","N..Eff..TSS.Conc. + Temp..of.the.Atmos. + UVT.... + SACto..1.m. + NSEC.Effluent.NH3 + NSEC.Effluent.TSS",0.46980164262469,0.563824036942875,"3,2"
"8382","N..Eff..TSS.Conc. + Temp..of.the.Atmos. + UVT.... + SACto..1.m. + NSEC.Effluent.NH3 + NSEC.Effluent.NO5",0.069823986733869,0.576311071973032,"3,2"
"8383","N..Eff..TSS.Conc. + Temp..of.the.Atmos. + UVT.... + SACto..1.m. + NSEC.Effluent.NH3 + NSEC.Effluent.Flow",0.0136880343755093,0.389294880578166,"3,2"
"8384","N..Eff..TSS.Conc. + Temp..of.the.Atmos. + UVT.... + SACto..1.m. + NSEC.Effluent.NO3 + NSEC.Effluent.OP",0.000232310641662181,0.461675560521609,"3,2"
"8385","N..Eff..TSS.Conc. + Temp..of.the.Atmos. + UVT.... + SACto..1.m. + NSEC.Effluent.NO3 + NSEC.Effluent.TSS",0.0863177064871437,0.621076903833416,"3,2"
"8386","N..Eff..TSS.Conc. + Temp..of.the.Atmos. + UVT.... + SACto..1.m. + NSEC.Effluent.NO3 + NSEC.Effluent.NO5",0.0441026193043887,0.567010479860252,"3,2"
"8387","N..Eff..TSS.Conc. + Temp..of.the.Atmos. + UVT.... + SACto..1.m. + NSEC.Effluent.NO3 + NSEC.Effluent.Flow",0.199597081948704,0.610142785386584,"3,2"
"8388","N..Eff..TSS.Conc. + Temp..of.the.Atmos. + UVT.... + SACto..1.m. + NSEC.Effluent.OP + NSEC.Effluent.TSS",0.0531313087554603,0.324039317062578,"3,2"
"8389","N..Eff..TSS.Conc. + Temp..of.the.Atmos. + UVT.... + SACto..1.m. + NSEC.Effluent.OP + NSEC.Effluent.NO5",0.07336649768932,0.321752898310838,"3,2"
"8390","N..Eff..TSS.Conc. + Temp..of.the.Atmos. + UVT.... + SACto..1.m. + NSEC.Effluent.OP + NSEC.Effluent.Flow",0.110125287961351,0.578817853495739,"3,2"
"8391","N..Eff..TSS.Conc. + Temp..of.the.Atmos. + UVT.... + SACto..1.m. + NSEC.Effluent.TSS + NSEC.Effluent.NO5",0.0201078308570366,0.532978816310984,"3,2"
"8392","N..Eff..TSS.Conc. + Temp..of.the.Atmos. + UVT.... + SACto..1.m. + NSEC.Effluent.TSS + NSEC.Effluent.Flow",0.234503191557176,0.642760736647025,"3,2"
"8393","N..Eff..TSS.Conc. + Temp..of.the.Atmos. + UVT.... + SACto..1.m. + NSEC.Effluent.NO5 + NSEC.Effluent.Flow",0.0730780051315545,0.430345541779596,"3,2"
"8394","N..Eff..TSS.Conc. + Temp..of.the.Atmos. + UVT.... + NSEC.Aerobic.SRT + NSEC.Effluent.NH3 + NSEC.Effluent.NO3",0.16994464816423,0.614468835065691,"3,2"
"8395","N..Eff..TSS.Conc. + Temp..of.the.Atmos. + UVT.... + NSEC.Aerobic.SRT + NSEC.Effluent.NH3 + NSEC.Effluent.OP",0.0393999973419268,0.73495573859961,"3,2"
"8396","N..Eff..TSS.Conc. + Temp..of.the.Atmos. + UVT.... + NSEC.Aerobic.SRT + NSEC.Effluent.NH3 + NSEC.Effluent.TSS",0.0068117354444035,0.31261941144091,"3,2"
"8397","N..Eff..TSS.Conc. + Temp..of.the.Atmos. + UVT.... + NSEC.Aerobic.SRT + NSEC.Effluent.NH3 + NSEC.Effluent.NO5",0.0532676317898781,0.705828080576057,"3,2"
"8398","N..Eff..TSS.Conc. + Temp..of.the.Atmos. + UVT.... + NSEC.Aerobic.SRT + NSEC.Effluent.NH3 + NSEC.Effluent.Flow",0.0376698688378698,0.797205275139186,"3,2"
"8399","N..Eff..TSS.Conc. + Temp..of.the.Atmos. + UVT.... + NSEC.Aerobic.SRT + NSEC.Effluent.NO3 + NSEC.Effluent.OP",0.179927634167008,0.627942845821968,"3,2"
"8400","N..Eff..TSS.Conc. + Temp..of.the.Atmos. + UVT.... + NSEC.Aerobic.SRT + NSEC.Effluent.NO3 + NSEC.Effluent.TSS",0.0224614661427436,0.3294102919536,"3,2"
"8401","N..Eff..TSS.Conc. + Temp..of.the.Atmos. + UVT.... + NSEC.Aerobic.SRT + NSEC.Effluent.NO3 + NSEC.Effluent.NO5",0.130813551239662,0.785513831045649,"3,2"
"8402","N..Eff..TSS.Conc. + Temp..of.the.Atmos. + UVT.... + NSEC.Aerobic.SRT + NSEC.Effluent.NO3 + NSEC.Effluent.Flow",0.148519157766267,0.743981363198424,"3,2"
"8403","N..Eff..TSS.Conc. + Temp..of.the.Atmos. + UVT.... + NSEC.Aerobic.SRT + NSEC.Effluent.OP + NSEC.Effluent.TSS",0.181445239536992,0.639190163422307,"3,2"
"8404","N..Eff..TSS.Conc. + Temp..of.the.Atmos. + UVT.... + NSEC.Aerobic.SRT + NSEC.Effluent.OP + NSEC.Effluent.NO5",0.0420315463624026,0.744273786577681,"3,2"
"8405","N..Eff..TSS.Conc. + Temp..of.the.Atmos. + UVT.... + NSEC.Aerobic.SRT + NSEC.Effluent.OP + NSEC.Effluent.Flow",0.0383709133869352,0.649178072175254,"3,2"
"8406","N..Eff..TSS.Conc. + Temp..of.the.Atmos. + UVT.... + NSEC.Aerobic.SRT + NSEC.Effluent.TSS + NSEC.Effluent.NO5",0.00118389411113062,0.326647347910152,"3,2"
"8407","N..Eff..TSS.Conc. + Temp..of.the.Atmos. + UVT.... + NSEC.Aerobic.SRT + NSEC.Effluent.TSS + NSEC.Effluent.Flow",0.132314687118437,0.750399007504882,"3,2"
"8408","N..Eff..TSS.Conc. + Temp..of.the.Atmos. + UVT.... + NSEC.Aerobic.SRT + NSEC.Effluent.NO5 + NSEC.Effluent.Flow",0.0177598889482815,0.776935126346255,"3,2"
"8409","N..Eff..TSS.Conc. + Temp..of.the.Atmos. + UVT.... + NSEC.Effluent.NH3 + NSEC.Effluent.NO3 + NSEC.Effluent.OP",0.170195764672028,0.560232070088876,"3,2"
"8410","N..Eff..TSS.Conc. + Temp..of.the.Atmos. + UVT.... + NSEC.Effluent.NH3 + NSEC.Effluent.NO3 + NSEC.Effluent.TSS",0.183310482265207,0.515792595989186,"3,2"
"8411","N..Eff..TSS.Conc. + Temp..of.the.Atmos. + UVT.... + NSEC.Effluent.NH3 + NSEC.Effluent.NO3 + NSEC.Effluent.NO5",0.0236955790725273,0.632250595758644,"3,2"
"8412","N..Eff..TSS.Conc. + Temp..of.the.Atmos. + UVT.... + NSEC.Effluent.NH3 + NSEC.Effluent.NO3 + NSEC.Effluent.Flow",0.0173377051246697,0.654851197065257,"3,2"
"8413","N..Eff..TSS.Conc. + Temp..of.the.Atmos. + UVT.... + NSEC.Effluent.NH3 + NSEC.Effluent.OP + NSEC.Effluent.TSS",0.124985866766724,0.514065196012901,"3,2"
"8414","N..Eff..TSS.Conc. + Temp..of.the.Atmos. + UVT.... + NSEC.Effluent.NH3 + NSEC.Effluent.OP + NSEC.Effluent.NO5",0.0560370195732758,0.540228065994683,"3,2"
"8415","N..Eff..TSS.Conc. + Temp..of.the.Atmos. + UVT.... + NSEC.Effluent.NH3 + NSEC.Effluent.OP + NSEC.Effluent.Flow",0.0637031432831354,0.647998977185591,"3,2"
"8416","N..Eff..TSS.Conc. + Temp..of.the.Atmos. + UVT.... + NSEC.Effluent.NH3 + NSEC.Effluent.TSS + NSEC.Effluent.NO5",0.184286793658158,0.471479550636077,"3,2"
"8417","N..Eff..TSS.Conc. + Temp..of.the.Atmos. + UVT.... + NSEC.Effluent.NH3 + NSEC.Effluent.TSS + NSEC.Effluent.Flow",0.210346189104492,0.530138996612255,"3,2"
"8418","N..Eff..TSS.Conc. + Temp..of.the.Atmos. + UVT.... + NSEC.Effluent.NH3 + NSEC.Effluent.NO5 + NSEC.Effluent.Flow",0.184583747533934,0.635308093980717,"3,2"
"8419","N..Eff..TSS.Conc. + Temp..of.the.Atmos. + UVT.... + NSEC.Effluent.NO3 + NSEC.Effluent.OP + NSEC.Effluent.TSS",0.0399951504893488,0.507857941090549,"3,2"
"8420","N..Eff..TSS.Conc. + Temp..of.the.Atmos. + UVT.... + NSEC.Effluent.NO3 + NSEC.Effluent.OP + NSEC.Effluent.NO5",0.123869821434266,0.552841260303098,"3,2"
"8421","N..Eff..TSS.Conc. + Temp..of.the.Atmos. + UVT.... + NSEC.Effluent.NO3 + NSEC.Effluent.OP + NSEC.Effluent.Flow",0.238101846979377,0.677743944019918,"3,2"
"8422","N..Eff..TSS.Conc. + Temp..of.the.Atmos. + UVT.... + NSEC.Effluent.NO3 + NSEC.Effluent.TSS + NSEC.Effluent.NO5",0.0126900067434383,0.582455031290166,"3,2"
"8423","N..Eff..TSS.Conc. + Temp..of.the.Atmos. + UVT.... + NSEC.Effluent.NO3 + NSEC.Effluent.TSS + NSEC.Effluent.Flow",0.00531221268788862,0.615694215375426,"3,2"
"8424","N..Eff..TSS.Conc. + Temp..of.the.Atmos. + UVT.... + NSEC.Effluent.NO3 + NSEC.Effluent.NO5 + NSEC.Effluent.Flow",0.204854933602442,0.573709638647823,"3,2"
"8425","N..Eff..TSS.Conc. + Temp..of.the.Atmos. + UVT.... + NSEC.Effluent.OP + NSEC.Effluent.TSS + NSEC.Effluent.NO5",0.161492078395713,0.633483402393931,"3,2"
"8426","N..Eff..TSS.Conc. + Temp..of.the.Atmos. + UVT.... + NSEC.Effluent.OP + NSEC.Effluent.TSS + NSEC.Effluent.Flow",0.0869057786900655,0.621793820480261,"3,2"
"8427","N..Eff..TSS.Conc. + Temp..of.the.Atmos. + UVT.... + NSEC.Effluent.OP + NSEC.Effluent.NO5 + NSEC.Effluent.Flow",0.0947287121776235,0.613347620009713,"3,2"
"8428","N..Eff..TSS.Conc. + Temp..of.the.Atmos. + UVT.... + NSEC.Effluent.TSS + NSEC.Effluent.NO5 + NSEC.Effluent.Flow",0.159506211498107,0.580536564839289,"3,2"
"8429","N..Eff..TSS.Conc. + Temp..of.the.Atmos. + CODds..mg.L. + SACto..1.m. + NSEC.Aerobic.SRT + NSEC.Effluent.NH3",0.109697079886022,0.760106848965125,"3,2"
"8430","N..Eff..TSS.Conc. + Temp..of.the.Atmos. + CODds..mg.L. + SACto..1.m. + NSEC.Aerobic.SRT + NSEC.Effluent.NO3",0.22536319568747,0.614088032364357,"3,2"
"8431","N..Eff..TSS.Conc. + Temp..of.the.Atmos. + CODds..mg.L. + SACto..1.m. + NSEC.Aerobic.SRT + NSEC.Effluent.OP",0.255745813599518,0.75838067381156,"3,2"
"8432","N..Eff..TSS.Conc. + Temp..of.the.Atmos. + CODds..mg.L. + SACto..1.m. + NSEC.Aerobic.SRT + NSEC.Effluent.TSS",0.106575889527367,0.751077809176239,"3,2"
"8433","N..Eff..TSS.Conc. + Temp..of.the.Atmos. + CODds..mg.L. + SACto..1.m. + NSEC.Aerobic.SRT + NSEC.Effluent.NO5",0.114202926372215,0.764006161073105,"3,2"
"8434","N..Eff..TSS.Conc. + Temp..of.the.Atmos. + CODds..mg.L. + SACto..1.m. + NSEC.Aerobic.SRT + NSEC.Effluent.Flow",0.0857369117720523,0.788504532007811,"3,2"
"8435","N..Eff..TSS.Conc. + Temp..of.the.Atmos. + CODds..mg.L. + SACto..1.m. + NSEC.Effluent.NH3 + NSEC.Effluent.NO3",0.16028594377466,0.707786728234219,"3,2"
"8436","N..Eff..TSS.Conc. + Temp..of.the.Atmos. + CODds..mg.L. + SACto..1.m. + NSEC.Effluent.NH3 + NSEC.Effluent.OP",0.23848939866345,0.667942037894685,"3,2"
"8437","N..Eff..TSS.Conc. + Temp..of.the.Atmos. + CODds..mg.L. + SACto..1.m. + NSEC.Effluent.NH3 + NSEC.Effluent.TSS",0.0594891009561516,0.66566946979411,"3,2"
"8438","N..Eff..TSS.Conc. + Temp..of.the.Atmos. + CODds..mg.L. + SACto..1.m. + NSEC.Effluent.NH3 + NSEC.Effluent.NO5",0.196112233726259,0.672014836621834,"3,2"
"8439","N..Eff..TSS.Conc. + Temp..of.the.Atmos. + CODds..mg.L. + SACto..1.m. + NSEC.Effluent.NH3 + NSEC.Effluent.Flow",0.210445970158846,0.645385296537746,"3,2"
"8440","N..Eff..TSS.Conc. + Temp..of.the.Atmos. + CODds..mg.L. + SACto..1.m. + NSEC.Effluent.NO3 + NSEC.Effluent.OP",0.129897049589083,0.737245301414724,"3,2"
"8441","N..Eff..TSS.Conc. + Temp..of.the.Atmos. + CODds..mg.L. + SACto..1.m. + NSEC.Effluent.NO3 + NSEC.Effluent.TSS",0.0880186228926858,0.647530576202181,"3,2"
"8442","N..Eff..TSS.Conc. + Temp..of.the.Atmos. + CODds..mg.L. + SACto..1.m. + NSEC.Effluent.NO3 + NSEC.Effluent.NO5",0.177197484439805,0.711901998442138,"3,2"
"8443","N..Eff..TSS.Conc. + Temp..of.the.Atmos. + CODds..mg.L. + SACto..1.m. + NSEC.Effluent.NO3 + NSEC.Effluent.Flow",0.0743415474481337,0.783215992254448,"3,2"
"8444","N..Eff..TSS.Conc. + Temp..of.the.Atmos. + CODds..mg.L. + SACto..1.m. + NSEC.Effluent.OP + NSEC.Effluent.TSS",0.12246163761399,0.659263552926737,"3,2"
"8445","N..Eff..TSS.Conc. + Temp..of.the.Atmos. + CODds..mg.L. + SACto..1.m. + NSEC.Effluent.OP + NSEC.Effluent.NO5",0.25148811238827,0.715645234560952,"3,2"
"8446","N..Eff..TSS.Conc. + Temp..of.the.Atmos. + CODds..mg.L. + SACto..1.m. + NSEC.Effluent.OP + NSEC.Effluent.Flow",0.231747917691071,0.687082996610112,"3,2"
"8447","N..Eff..TSS.Conc. + Temp..of.the.Atmos. + CODds..mg.L. + SACto..1.m. + NSEC.Effluent.TSS + NSEC.Effluent.NO5",0.203257003054176,0.687824316014473,"3,2"
"8448","N..Eff..TSS.Conc. + Temp..of.the.Atmos. + CODds..mg.L. + SACto..1.m. + NSEC.Effluent.TSS + NSEC.Effluent.Flow",0.24732449583709,0.708659595769834,"3,2"
"8449","N..Eff..TSS.Conc. + Temp..of.the.Atmos. + CODds..mg.L. + SACto..1.m. + NSEC.Effluent.NO5 + NSEC.Effluent.Flow",0.168412463457511,0.69303827621303,"3,2"
"8450","N..Eff..TSS.Conc. + Temp..of.the.Atmos. + CODds..mg.L. + NSEC.Aerobic.SRT + NSEC.Effluent.NH3 + NSEC.Effluent.NO3",0.275616702457991,0.690141574970683,"3,2"
"8451","N..Eff..TSS.Conc. + Temp..of.the.Atmos. + CODds..mg.L. + NSEC.Aerobic.SRT + NSEC.Effluent.NH3 + NSEC.Effluent.OP",0.370097311918183,0.811711362957567,"3,2"
"8452","N..Eff..TSS.Conc. + Temp..of.the.Atmos. + CODds..mg.L. + NSEC.Aerobic.SRT + NSEC.Effluent.NH3 + NSEC.Effluent.TSS",0.339323697777975,0.676829892188863,"3,2"
"8453","N..Eff..TSS.Conc. + Temp..of.the.Atmos. + CODds..mg.L. + NSEC.Aerobic.SRT + NSEC.Effluent.NH3 + NSEC.Effluent.NO5",0.112454024718307,0.774887331232815,"3,2"
"8454","N..Eff..TSS.Conc. + Temp..of.the.Atmos. + CODds..mg.L. + NSEC.Aerobic.SRT + NSEC.Effluent.NH3 + NSEC.Effluent.Flow",0.178804170982264,0.811820904420355,"3,2"
"8455","N..Eff..TSS.Conc. + Temp..of.the.Atmos. + CODds..mg.L. + NSEC.Aerobic.SRT + NSEC.Effluent.NO3 + NSEC.Effluent.OP",0.318781247038021,0.682982155012681,"3,2"
"8456","N..Eff..TSS.Conc. + Temp..of.the.Atmos. + CODds..mg.L. + NSEC.Aerobic.SRT + NSEC.Effluent.NO3 + NSEC.Effluent.TSS",0.292370821596766,0.724199570346312,"3,2"
"8457","N..Eff..TSS.Conc. + Temp..of.the.Atmos. + CODds..mg.L. + NSEC.Aerobic.SRT + NSEC.Effluent.NO3 + NSEC.Effluent.NO5",0.0262158919261557,0.796723178010883,"3,2"
"8458","N..Eff..TSS.Conc. + Temp..of.the.Atmos. + CODds..mg.L. + NSEC.Aerobic.SRT + NSEC.Effluent.NO3 + NSEC.Effluent.Flow",0.401256106477623,0.76532854691011,"3,2"
"8459","N..Eff..TSS.Conc. + Temp..of.the.Atmos. + CODds..mg.L. + NSEC.Aerobic.SRT + NSEC.Effluent.OP + NSEC.Effluent.TSS",0.271505584523365,0.700301273154369,"3,2"
"8460","N..Eff..TSS.Conc. + Temp..of.the.Atmos. + CODds..mg.L. + NSEC.Aerobic.SRT + NSEC.Effluent.OP + NSEC.Effluent.NO5",0.315806625597211,0.718027058568484,"3,2"
"8461","N..Eff..TSS.Conc. + Temp..of.the.Atmos. + CODds..mg.L. + NSEC.Aerobic.SRT + NSEC.Effluent.OP + NSEC.Effluent.Flow",0.336845457356302,0.789358514766928,"3,2"
"8462","N..Eff..TSS.Conc. + Temp..of.the.Atmos. + CODds..mg.L. + NSEC.Aerobic.SRT + NSEC.Effluent.TSS + NSEC.Effluent.NO5",0.457052663295619,0.701806262159321,"3,2"
"8463","N..Eff..TSS.Conc. + Temp..of.the.Atmos. + CODds..mg.L. + NSEC.Aerobic.SRT + NSEC.Effluent.TSS + NSEC.Effluent.Flow",0.362878818016163,0.745175905528805,"3,2"
"8464","N..Eff..TSS.Conc. + Temp..of.the.Atmos. + CODds..mg.L. + NSEC.Aerobic.SRT + NSEC.Effluent.NO5 + NSEC.Effluent.Flow",0.223079676640403,0.808001038119992,"3,2"
"8465","N..Eff..TSS.Conc. + Temp..of.the.Atmos. + CODds..mg.L. + NSEC.Effluent.NH3 + NSEC.Effluent.NO3 + NSEC.Effluent.OP",0.109803891576957,0.656833694492582,"3,2"
"8466","N..Eff..TSS.Conc. + Temp..of.the.Atmos. + CODds..mg.L. + NSEC.Effluent.NH3 + NSEC.Effluent.NO3 + NSEC.Effluent.TSS",0.101798958758317,0.585208696187302,"3,2"
"8467","N..Eff..TSS.Conc. + Temp..of.the.Atmos. + CODds..mg.L. + NSEC.Effluent.NH3 + NSEC.Effluent.NO3 + NSEC.Effluent.NO5",0.0417849283952179,0.724309751019037,"3,2"
"8468","N..Eff..TSS.Conc. + Temp..of.the.Atmos. + CODds..mg.L. + NSEC.Effluent.NH3 + NSEC.Effluent.NO3 + NSEC.Effluent.Flow",0.159459432426421,0.6125860654635,"3,2"
"8469","N..Eff..TSS.Conc. + Temp..of.the.Atmos. + CODds..mg.L. + NSEC.Effluent.NH3 + NSEC.Effluent.OP + NSEC.Effluent.TSS",0.0680220789558423,0.608065654927465,"3,2"
"8470","N..Eff..TSS.Conc. + Temp..of.the.Atmos. + CODds..mg.L. + NSEC.Effluent.NH3 + NSEC.Effluent.OP + NSEC.Effluent.NO5",0.0836519796906354,0.710580954677937,"3,2"
"8471","N..Eff..TSS.Conc. + Temp..of.the.Atmos. + CODds..mg.L. + NSEC.Effluent.NH3 + NSEC.Effluent.OP + NSEC.Effluent.Flow",0.13425130002301,0.695073797053205,"3,2"
"8472","N..Eff..TSS.Conc. + Temp..of.the.Atmos. + CODds..mg.L. + NSEC.Effluent.NH3 + NSEC.Effluent.TSS + NSEC.Effluent.NO5",0.141031009382274,0.668318030316877,"3,2"
"8473","N..Eff..TSS.Conc. + Temp..of.the.Atmos. + CODds..mg.L. + NSEC.Effluent.NH3 + NSEC.Effluent.TSS + NSEC.Effluent.Flow",0.00689239642496031,0.602287847294723,"3,2"
"8474","N..Eff..TSS.Conc. + Temp..of.the.Atmos. + CODds..mg.L. + NSEC.Effluent.NH3 + NSEC.Effluent.NO5 + NSEC.Effluent.Flow",0.173117087840481,0.629158645857747,"3,2"
"8475","N..Eff..TSS.Conc. + Temp..of.the.Atmos. + CODds..mg.L. + NSEC.Effluent.NO3 + NSEC.Effluent.OP + NSEC.Effluent.TSS",0.0525999224850677,0.597434142549618,"3,2"
"8476","N..Eff..TSS.Conc. + Temp..of.the.Atmos. + CODds..mg.L. + NSEC.Effluent.NO3 + NSEC.Effluent.OP + NSEC.Effluent.NO5",0.0821592943597254,0.678228470980861,"3,2"
"8477","N..Eff..TSS.Conc. + Temp..of.the.Atmos. + CODds..mg.L. + NSEC.Effluent.NO3 + NSEC.Effluent.OP + NSEC.Effluent.Flow",0.0248409206167806,0.663798388001778,"3,2"
"8478","N..Eff..TSS.Conc. + Temp..of.the.Atmos. + CODds..mg.L. + NSEC.Effluent.NO3 + NSEC.Effluent.TSS + NSEC.Effluent.NO5",0.0651887724567102,0.637327713330022,"3,2"
"8479","N..Eff..TSS.Conc. + Temp..of.the.Atmos. + CODds..mg.L. + NSEC.Effluent.NO3 + NSEC.Effluent.TSS + NSEC.Effluent.Flow",0.170328067458985,0.6212848571469,"3,2"
"8480","N..Eff..TSS.Conc. + Temp..of.the.Atmos. + CODds..mg.L. + NSEC.Effluent.NO3 + NSEC.Effluent.NO5 + NSEC.Effluent.Flow",0.296816296929257,0.734458757170468,"3,2"
"8481","N..Eff..TSS.Conc. + Temp..of.the.Atmos. + CODds..mg.L. + NSEC.Effluent.OP + NSEC.Effluent.TSS + NSEC.Effluent.NO5",0.0251615092391546,0.58865183884924,"3,2"
"8482","N..Eff..TSS.Conc. + Temp..of.the.Atmos. + CODds..mg.L. + NSEC.Effluent.OP + NSEC.Effluent.TSS + NSEC.Effluent.Flow",0.190522766328211,0.643474332546653,"3,2"
"8483","N..Eff..TSS.Conc. + Temp..of.the.Atmos. + CODds..mg.L. + NSEC.Effluent.OP + NSEC.Effluent.NO5 + NSEC.Effluent.Flow",0.053074168117228,0.664418594359512,"3,2"
"8484","N..Eff..TSS.Conc. + Temp..of.the.Atmos. + CODds..mg.L. + NSEC.Effluent.TSS + NSEC.Effluent.NO5 + NSEC.Effluent.Flow",0.000877053627384994,0.674504642363945,"3,2"
"8485","N..Eff..TSS.Conc. + Temp..of.the.Atmos. + SACto..1.m. + NSEC.Aerobic.SRT + NSEC.Effluent.NH3 + NSEC.Effluent.NO3",0.438708841443915,0.781426221798765,"3,2"
"8486","N..Eff..TSS.Conc. + Temp..of.the.Atmos. + SACto..1.m. + NSEC.Aerobic.SRT + NSEC.Effluent.NH3 + NSEC.Effluent.OP",0.0848627414622647,0.644157434966725,"3,2"
"8487","N..Eff..TSS.Conc. + Temp..of.the.Atmos. + SACto..1.m. + NSEC.Aerobic.SRT + NSEC.Effluent.NH3 + NSEC.Effluent.TSS",0.109256022704244,0.742522814448513,"3,2"
"8488","N..Eff..TSS.Conc. + Temp..of.the.Atmos. + SACto..1.m. + NSEC.Aerobic.SRT + NSEC.Effluent.NH3 + NSEC.Effluent.NO5",0.2288970067896,0.658871229717506,"3,2"
"8489","N..Eff..TSS.Conc. + Temp..of.the.Atmos. + SACto..1.m. + NSEC.Aerobic.SRT + NSEC.Effluent.NH3 + NSEC.Effluent.Flow",0.0885520826294983,0.527809575440494,"3,2"
"8490","N..Eff..TSS.Conc. + Temp..of.the.Atmos. + SACto..1.m. + NSEC.Aerobic.SRT + NSEC.Effluent.NO3 + NSEC.Effluent.OP",0.407889196365496,0.729477111366094,"3,2"
"8491","N..Eff..TSS.Conc. + Temp..of.the.Atmos. + SACto..1.m. + NSEC.Aerobic.SRT + NSEC.Effluent.NO3 + NSEC.Effluent.TSS",0.327495275010593,0.789616566064666,"3,2"
"8492","N..Eff..TSS.Conc. + Temp..of.the.Atmos. + SACto..1.m. + NSEC.Aerobic.SRT + NSEC.Effluent.NO3 + NSEC.Effluent.NO5",0.00763502848384867,0.743475486880044,"3,2"
"8493","N..Eff..TSS.Conc. + Temp..of.the.Atmos. + SACto..1.m. + NSEC.Aerobic.SRT + NSEC.Effluent.NO3 + NSEC.Effluent.Flow",0.269345975151495,0.780621866028334,"3,2"
"8494","N..Eff..TSS.Conc. + Temp..of.the.Atmos. + SACto..1.m. + NSEC.Aerobic.SRT + NSEC.Effluent.OP + NSEC.Effluent.TSS",0.0590092921210164,0.40442704191412,"3,2"
"8495","N..Eff..TSS.Conc. + Temp..of.the.Atmos. + SACto..1.m. + NSEC.Aerobic.SRT + NSEC.Effluent.OP + NSEC.Effluent.NO5",0.292327725743889,0.742342176224499,"3,2"
"8496","N..Eff..TSS.Conc. + Temp..of.the.Atmos. + SACto..1.m. + NSEC.Aerobic.SRT + NSEC.Effluent.OP + NSEC.Effluent.Flow",0.239676252872616,0.766194679968164,"3,2"
"8497","N..Eff..TSS.Conc. + Temp..of.the.Atmos. + SACto..1.m. + NSEC.Aerobic.SRT + NSEC.Effluent.TSS + NSEC.Effluent.NO5",0.193044823112241,0.622241225093026,"3,2"
"8498","N..Eff..TSS.Conc. + Temp..of.the.Atmos. + SACto..1.m. + NSEC.Aerobic.SRT + NSEC.Effluent.TSS + NSEC.Effluent.Flow",0.217504376158406,0.773032069644985,"3,2"
"8499","N..Eff..TSS.Conc. + Temp..of.the.Atmos. + SACto..1.m. + NSEC.Aerobic.SRT + NSEC.Effluent.NO5 + NSEC.Effluent.Flow",0.165602588220582,0.787859059552334,"3,2"
"8500","N..Eff..TSS.Conc. + Temp..of.the.Atmos. + SACto..1.m. + NSEC.Effluent.NH3 + NSEC.Effluent.NO3 + NSEC.Effluent.OP",0.0466865122589353,0.663860747892518,"3,2"
"8501","N..Eff..TSS.Conc. + Temp..of.the.Atmos. + SACto..1.m. + NSEC.Effluent.NH3 + NSEC.Effluent.NO3 + NSEC.Effluent.TSS",0.0331813589226655,0.645103461444977,"3,2"
"8502","N..Eff..TSS.Conc. + Temp..of.the.Atmos. + SACto..1.m. + NSEC.Effluent.NH3 + NSEC.Effluent.NO3 + NSEC.Effluent.NO5",0.0222731654154134,0.623414365644202,"3,2"
"8503","N..Eff..TSS.Conc. + Temp..of.the.Atmos. + SACto..1.m. + NSEC.Effluent.NH3 + NSEC.Effluent.NO3 + NSEC.Effluent.Flow",0.242931054343352,0.606287361569004,"3,2"
"8504","N..Eff..TSS.Conc. + Temp..of.the.Atmos. + SACto..1.m. + NSEC.Effluent.NH3 + NSEC.Effluent.OP + NSEC.Effluent.TSS",0.399086309177611,0.705980614517869,"3,2"
"8505","N..Eff..TSS.Conc. + Temp..of.the.Atmos. + SACto..1.m. + NSEC.Effluent.NH3 + NSEC.Effluent.OP + NSEC.Effluent.NO5",0.277935027644418,0.713374896425768,"3,2"
"8506","N..Eff..TSS.Conc. + Temp..of.the.Atmos. + SACto..1.m. + NSEC.Effluent.NH3 + NSEC.Effluent.OP + NSEC.Effluent.Flow",0.0550979496167123,0.61330096186961,"3,2"
"8507","N..Eff..TSS.Conc. + Temp..of.the.Atmos. + SACto..1.m. + NSEC.Effluent.NH3 + NSEC.Effluent.TSS + NSEC.Effluent.NO5",0.00560688668517884,0.659438096655725,"3,2"
"8508","N..Eff..TSS.Conc. + Temp..of.the.Atmos. + SACto..1.m. + NSEC.Effluent.NH3 + NSEC.Effluent.TSS + NSEC.Effluent.Flow",0.125762940876326,0.49620459257274,"3,2"
"8509","N..Eff..TSS.Conc. + Temp..of.the.Atmos. + SACto..1.m. + NSEC.Effluent.NH3 + NSEC.Effluent.NO5 + NSEC.Effluent.Flow",0.0284711550003518,0.582130998715601,"3,2"
"8510","N..Eff..TSS.Conc. + Temp..of.the.Atmos. + SACto..1.m. + NSEC.Effluent.NO3 + NSEC.Effluent.OP + NSEC.Effluent.TSS",0.364051650242737,0.599412036972965,"3,2"
"8511","N..Eff..TSS.Conc. + Temp..of.the.Atmos. + SACto..1.m. + NSEC.Effluent.NO3 + NSEC.Effluent.OP + NSEC.Effluent.NO5",0.000981950656995245,0.65861411142726,"3,2"
"8512","N..Eff..TSS.Conc. + Temp..of.the.Atmos. + SACto..1.m. + NSEC.Effluent.NO3 + NSEC.Effluent.OP + NSEC.Effluent.Flow",0.0129362908150981,0.695333280472729,"3,2"
"8513","N..Eff..TSS.Conc. + Temp..of.the.Atmos. + SACto..1.m. + NSEC.Effluent.NO3 + NSEC.Effluent.TSS + NSEC.Effluent.NO5",0.134401448520662,0.491956382215649,"3,2"
"8514","N..Eff..TSS.Conc. + Temp..of.the.Atmos. + SACto..1.m. + NSEC.Effluent.NO3 + NSEC.Effluent.TSS + NSEC.Effluent.Flow",0.239224980969754,0.666095662039896,"3,2"
"8515","N..Eff..TSS.Conc. + Temp..of.the.Atmos. + SACto..1.m. + NSEC.Effluent.NO3 + NSEC.Effluent.NO5 + NSEC.Effluent.Flow",0.271800355416425,0.70428705763321,"3,2"
"8516","N..Eff..TSS.Conc. + Temp..of.the.Atmos. + SACto..1.m. + NSEC.Effluent.OP + NSEC.Effluent.TSS + NSEC.Effluent.NO5",0.349851251102468,0.674942912064158,"3,2"
"8517","N..Eff..TSS.Conc. + Temp..of.the.Atmos. + SACto..1.m. + NSEC.Effluent.OP + NSEC.Effluent.TSS + NSEC.Effluent.Flow",0.115112570753414,0.587385786491455,"3,2"
"8518","N..Eff..TSS.Conc. + Temp..of.the.Atmos. + SACto..1.m. + NSEC.Effluent.OP + NSEC.Effluent.NO5 + NSEC.Effluent.Flow",0.182864888026134,0.732215849972556,"3,2"
"8519","N..Eff..TSS.Conc. + Temp..of.the.Atmos. + SACto..1.m. + NSEC.Effluent.TSS + NSEC.Effluent.NO5 + NSEC.Effluent.Flow",0.162967524625878,0.507340891106112,"3,2"
"8520","N..Eff..TSS.Conc. + Temp..of.the.Atmos. + NSEC.Aerobic.SRT + NSEC.Effluent.NH3 + NSEC.Effluent.NO3 + NSEC.Effluent.OP",0.00971880782052259,0.334337131760738,"3,2"
"8521","N..Eff..TSS.Conc. + Temp..of.the.Atmos. + NSEC.Aerobic.SRT + NSEC.Effluent.NH3 + NSEC.Effluent.NO3 + NSEC.Effluent.TSS",0.00800409914315736,0.390942906493436,"3,2"
"8522","N..Eff..TSS.Conc. + Temp..of.the.Atmos. + NSEC.Aerobic.SRT + NSEC.Effluent.NH3 + NSEC.Effluent.NO3 + NSEC.Effluent.NO5",0.320356746025789,0.677970436725709,"3,2"
"8523","N..Eff..TSS.Conc. + Temp..of.the.Atmos. + NSEC.Aerobic.SRT + NSEC.Effluent.NH3 + NSEC.Effluent.NO3 + NSEC.Effluent.Flow",0.336417545500369,0.741192955149938,"3,2"
"8524","N..Eff..TSS.Conc. + Temp..of.the.Atmos. + NSEC.Aerobic.SRT + NSEC.Effluent.NH3 + NSEC.Effluent.OP + NSEC.Effluent.TSS",0.00702439738414062,0.383980017064584,"3,2"
"8525","N..Eff..TSS.Conc. + Temp..of.the.Atmos. + NSEC.Aerobic.SRT + NSEC.Effluent.NH3 + NSEC.Effluent.OP + NSEC.Effluent.NO5",0.29454537820398,0.730571310689492,"3,2"
"8526","N..Eff..TSS.Conc. + Temp..of.the.Atmos. + NSEC.Aerobic.SRT + NSEC.Effluent.NH3 + NSEC.Effluent.OP + NSEC.Effluent.Flow",0.344575203870645,0.683525861604472,"3,2"
"8527","N..Eff..TSS.Conc. + Temp..of.the.Atmos. + NSEC.Aerobic.SRT + NSEC.Effluent.NH3 + NSEC.Effluent.TSS + NSEC.Effluent.NO5",0.169495301835428,0.674087526629858,"3,2"
"8528","N..Eff..TSS.Conc. + Temp..of.the.Atmos. + NSEC.Aerobic.SRT + NSEC.Effluent.NH3 + NSEC.Effluent.TSS + NSEC.Effluent.Flow",0.178584854143013,0.547558430120239,"3,2"
"8529","N..Eff..TSS.Conc. + Temp..of.the.Atmos. + NSEC.Aerobic.SRT + NSEC.Effluent.NH3 + NSEC.Effluent.NO5 + NSEC.Effluent.Flow",0.140976380393448,0.59993809798111,"3,2"
"8530","N..Eff..TSS.Conc. + Temp..of.the.Atmos. + NSEC.Aerobic.SRT + NSEC.Effluent.NO3 + NSEC.Effluent.OP + NSEC.Effluent.TSS",0.237831205236899,0.70384446494045,"3,2"
"8531","N..Eff..TSS.Conc. + Temp..of.the.Atmos. + NSEC.Aerobic.SRT + NSEC.Effluent.NO3 + NSEC.Effluent.OP + NSEC.Effluent.NO5",0.169667719840845,0.800308950438866,"3,2"
"8532","N..Eff..TSS.Conc. + Temp..of.the.Atmos. + NSEC.Aerobic.SRT + NSEC.Effluent.NO3 + NSEC.Effluent.OP + NSEC.Effluent.Flow",0.259852251472446,0.760114274025001,"3,2"
"8533","N..Eff..TSS.Conc. + Temp..of.the.Atmos. + NSEC.Aerobic.SRT + NSEC.Effluent.NO3 + NSEC.Effluent.TSS + NSEC.Effluent.NO5",0.264754228667438,0.668114478795756,"3,2"
"8534","N..Eff..TSS.Conc. + Temp..of.the.Atmos. + NSEC.Aerobic.SRT + NSEC.Effluent.NO3 + NSEC.Effluent.TSS + NSEC.Effluent.Flow",0.00772431689195696,0.404231363286015,"3,2"
"8535","N..Eff..TSS.Conc. + Temp..of.the.Atmos. + NSEC.Aerobic.SRT + NSEC.Effluent.NO3 + NSEC.Effluent.NO5 + NSEC.Effluent.Flow",0.142184899117727,0.635552035096429,"3,2"
"8536","N..Eff..TSS.Conc. + Temp..of.the.Atmos. + NSEC.Aerobic.SRT + NSEC.Effluent.OP + NSEC.Effluent.TSS + NSEC.Effluent.NO5",0.00761647658726705,0.325722163701732,"3,2"
"8537","N..Eff..TSS.Conc. + Temp..of.the.Atmos. + NSEC.Aerobic.SRT + NSEC.Effluent.OP + NSEC.Effluent.TSS + NSEC.Effluent.Flow",0.0105507002161529,0.444031195438235,"3,2"
"8538","N..Eff..TSS.Conc. + Temp..of.the.Atmos. + NSEC.Aerobic.SRT + NSEC.Effluent.OP + NSEC.Effluent.NO5 + NSEC.Effluent.Flow",0.360306473687195,0.747768475604246,"3,2"
"8539","N..Eff..TSS.Conc. + Temp..of.the.Atmos. + NSEC.Aerobic.SRT + NSEC.Effluent.TSS + NSEC.Effluent.NO5 + NSEC.Effluent.Flow",0.155156136252045,0.781334274738,"3,2"
"8540","N..Eff..TSS.Conc. + Temp..of.the.Atmos. + NSEC.Effluent.NH3 + NSEC.Effluent.NO3 + NSEC.Effluent.OP + NSEC.Effluent.TSS",0.466628803419315,0.67034280605998,"3,2"
"8541","N..Eff..TSS.Conc. + Temp..of.the.Atmos. + NSEC.Effluent.NH3 + NSEC.Effluent.NO3 + NSEC.Effluent.OP + NSEC.Effluent.NO5",0.353552678556467,0.625349938868955,"3,2"
"8542","N..Eff..TSS.Conc. + Temp..of.the.Atmos. + NSEC.Effluent.NH3 + NSEC.Effluent.NO3 + NSEC.Effluent.OP + NSEC.Effluent.Flow",0.116953534787932,0.743009236296803,"3,2"
"8543","N..Eff..TSS.Conc. + Temp..of.the.Atmos. + NSEC.Effluent.NH3 + NSEC.Effluent.NO3 + NSEC.Effluent.TSS + NSEC.Effluent.NO5",0.00235533178981484,0.575523592012307,"3,2"
"8544","N..Eff..TSS.Conc. + Temp..of.the.Atmos. + NSEC.Effluent.NH3 + NSEC.Effluent.NO3 + NSEC.Effluent.TSS + NSEC.Effluent.Flow",0.122585972703993,0.502654711591655,"3,2"
"8545","N..Eff..TSS.Conc. + Temp..of.the.Atmos. + NSEC.Effluent.NH3 + NSEC.Effluent.NO3 + NSEC.Effluent.NO5 + NSEC.Effluent.Flow",0.209398853086352,0.584347790040797,"3,2"
"8546","N..Eff..TSS.Conc. + Temp..of.the.Atmos. + NSEC.Effluent.NH3 + NSEC.Effluent.OP + NSEC.Effluent.TSS + NSEC.Effluent.NO5",0.457069494772373,0.66382277530501,"3,2"
"8547","N..Eff..TSS.Conc. + Temp..of.the.Atmos. + NSEC.Effluent.NH3 + NSEC.Effluent.OP + NSEC.Effluent.TSS + NSEC.Effluent.Flow",0.192936953356336,0.0718234423956907,"3,2"
"8548","N..Eff..TSS.Conc. + Temp..of.the.Atmos. + NSEC.Effluent.NH3 + NSEC.Effluent.OP + NSEC.Effluent.NO5 + NSEC.Effluent.Flow",0.0299289622334049,0.562849948977038,"3,2"
"8549","N..Eff..TSS.Conc. + Temp..of.the.Atmos. + NSEC.Effluent.NH3 + NSEC.Effluent.TSS + NSEC.Effluent.NO5 + NSEC.Effluent.Flow",0.130706477289448,0.512838262047362,"3,2"
"8550","N..Eff..TSS.Conc. + Temp..of.the.Atmos. + NSEC.Effluent.NO3 + NSEC.Effluent.OP + NSEC.Effluent.TSS + NSEC.Effluent.NO5",0.0962370265765591,0.569368327930274,"3,2"
"8551","N..Eff..TSS.Conc. + Temp..of.the.Atmos. + NSEC.Effluent.NO3 + NSEC.Effluent.OP + NSEC.Effluent.TSS + NSEC.Effluent.Flow",0.026921144743858,0.57313322053848,"3,2"
"8552","N..Eff..TSS.Conc. + Temp..of.the.Atmos. + NSEC.Effluent.NO3 + NSEC.Effluent.OP + NSEC.Effluent.NO5 + NSEC.Effluent.Flow",0.165502464984629,0.682350024378388,"3,2"
"8553","N..Eff..TSS.Conc. + Temp..of.the.Atmos. + NSEC.Effluent.NO3 + NSEC.Effluent.TSS + NSEC.Effluent.NO5 + NSEC.Effluent.Flow",0.0155877563965141,0.563096993435548,"3,2"
"8554","N..Eff..TSS.Conc. + Temp..of.the.Atmos. + NSEC.Effluent.OP + NSEC.Effluent.TSS + NSEC.Effluent.NO5 + NSEC.Effluent.Flow",0.149207610787266,0.651244395067993,"3,2"
"8555","N..Eff..TSS.Conc. + Secondary.Effluent.Flow + N..Basin.Outfall + CODto..mg.L. + TSS..mg.L. + UVT....",0.115688011814074,0.724530662066092,"3,2"
"8556","N..Eff..TSS.Conc. + Secondary.Effluent.Flow + N..Basin.Outfall + CODto..mg.L. + TSS..mg.L. + CODds..mg.L.",0.216169097895187,0.728885898706456,"3,2"
"8557","N..Eff..TSS.Conc. + Secondary.Effluent.Flow + N..Basin.Outfall + CODto..mg.L. + TSS..mg.L. + SACto..1.m.",0.184864536652389,0.623865550201087,"3,2"
"8558","N..Eff..TSS.Conc. + Secondary.Effluent.Flow + N..Basin.Outfall + CODto..mg.L. + TSS..mg.L. + NSEC.Aerobic.SRT",0.0020818738770918,0.48162650472712,"3,2"
"8559","N..Eff..TSS.Conc. + Secondary.Effluent.Flow + N..Basin.Outfall + CODto..mg.L. + TSS..mg.L. + NSEC.Effluent.NH3",0.233420799462985,0.758563729924245,"3,2"
"8560","N..Eff..TSS.Conc. + Secondary.Effluent.Flow + N..Basin.Outfall + CODto..mg.L. + TSS..mg.L. + NSEC.Effluent.NO3",0.251836039511405,0.661688433102873,"3,2"
"8561","N..Eff..TSS.Conc. + Secondary.Effluent.Flow + N..Basin.Outfall + CODto..mg.L. + TSS..mg.L. + NSEC.Effluent.OP",0.150653999211854,0.680609630260121,"3,2"
"8562","N..Eff..TSS.Conc. + Secondary.Effluent.Flow + N..Basin.Outfall + CODto..mg.L. + TSS..mg.L. + NSEC.Effluent.TSS",0.322778411453124,0.686808882685561,"3,2"
"8563","N..Eff..TSS.Conc. + Secondary.Effluent.Flow + N..Basin.Outfall + CODto..mg.L. + TSS..mg.L. + NSEC.Effluent.NO5",0.318014603387,0.728770392917498,"3,2"
"8564","N..Eff..TSS.Conc. + Secondary.Effluent.Flow + N..Basin.Outfall + CODto..mg.L. + TSS..mg.L. + NSEC.Effluent.Flow",0.0691244138940799,0.612848336568436,"3,2"
"8565","N..Eff..TSS.Conc. + Secondary.Effluent.Flow + N..Basin.Outfall + CODto..mg.L. + UVT.... + CODds..mg.L.",0.233296697054317,0.65790042576541,"3,2"
"8566","N..Eff..TSS.Conc. + Secondary.Effluent.Flow + N..Basin.Outfall + CODto..mg.L. + UVT.... + SACto..1.m.",0.23776114386723,0.618431950352296,"3,2"
"8567","N..Eff..TSS.Conc. + Secondary.Effluent.Flow + N..Basin.Outfall + CODto..mg.L. + UVT.... + NSEC.Aerobic.SRT",0.0499288159916711,0.728614203252956,"3,2"
"8568","N..Eff..TSS.Conc. + Secondary.Effluent.Flow + N..Basin.Outfall + CODto..mg.L. + UVT.... + NSEC.Effluent.NH3",0.162740061898567,0.569021199210888,"3,2"
"8569","N..Eff..TSS.Conc. + Secondary.Effluent.Flow + N..Basin.Outfall + CODto..mg.L. + UVT.... + NSEC.Effluent.NO3",0.0666695492157392,0.477130544793105,"3,2"
"8570","N..Eff..TSS.Conc. + Secondary.Effluent.Flow + N..Basin.Outfall + CODto..mg.L. + UVT.... + NSEC.Effluent.OP",0.14031757280101,0.713755098093084,"3,2"
"8571","N..Eff..TSS.Conc. + Secondary.Effluent.Flow + N..Basin.Outfall + CODto..mg.L. + UVT.... + NSEC.Effluent.TSS",0.13080807487731,0.606865448751318,"3,2"
"8572","N..Eff..TSS.Conc. + Secondary.Effluent.Flow + N..Basin.Outfall + CODto..mg.L. + UVT.... + NSEC.Effluent.NO5",0.15883034888918,0.659505228952702,"3,2"
"8573","N..Eff..TSS.Conc. + Secondary.Effluent.Flow + N..Basin.Outfall + CODto..mg.L. + UVT.... + NSEC.Effluent.Flow",0.222050023658347,0.654534333165272,"3,2"
"8574","N..Eff..TSS.Conc. + Secondary.Effluent.Flow + N..Basin.Outfall + CODto..mg.L. + CODds..mg.L. + SACto..1.m.",0.223453272240933,0.682398561161225,"3,2"
"8575","N..Eff..TSS.Conc. + Secondary.Effluent.Flow + N..Basin.Outfall + CODto..mg.L. + CODds..mg.L. + NSEC.Aerobic.SRT",0.103449443719816,0.774492432395681,"3,2"
"8576","N..Eff..TSS.Conc. + Secondary.Effluent.Flow + N..Basin.Outfall + CODto..mg.L. + CODds..mg.L. + NSEC.Effluent.NH3",0.202762505594229,0.64388223571645,"3,2"
"8577","N..Eff..TSS.Conc. + Secondary.Effluent.Flow + N..Basin.Outfall + CODto..mg.L. + CODds..mg.L. + NSEC.Effluent.NO3",0.235163029258078,0.698657407483131,"3,2"
"8578","N..Eff..TSS.Conc. + Secondary.Effluent.Flow + N..Basin.Outfall + CODto..mg.L. + CODds..mg.L. + NSEC.Effluent.OP",0.0791230496647746,0.659446749316265,"3,2"
"8579","N..Eff..TSS.Conc. + Secondary.Effluent.Flow + N..Basin.Outfall + CODto..mg.L. + CODds..mg.L. + NSEC.Effluent.TSS",0.167846848577896,0.676772849682585,"3,2"
"8580","N..Eff..TSS.Conc. + Secondary.Effluent.Flow + N..Basin.Outfall + CODto..mg.L. + CODds..mg.L. + NSEC.Effluent.NO5",0.150895035858996,0.589177311567675,"3,2"
"8581","N..Eff..TSS.Conc. + Secondary.Effluent.Flow + N..Basin.Outfall + CODto..mg.L. + CODds..mg.L. + NSEC.Effluent.Flow",0.167436500882789,0.609218726354478,"3,2"
"8582","N..Eff..TSS.Conc. + Secondary.Effluent.Flow + N..Basin.Outfall + CODto..mg.L. + SACto..1.m. + NSEC.Aerobic.SRT",0.0769492578142459,0.596498333738624,"3,2"
"8583","N..Eff..TSS.Conc. + Secondary.Effluent.Flow + N..Basin.Outfall + CODto..mg.L. + SACto..1.m. + NSEC.Effluent.NH3",0.264383876921414,0.646107187995926,"3,2"
"8584","N..Eff..TSS.Conc. + Secondary.Effluent.Flow + N..Basin.Outfall + CODto..mg.L. + SACto..1.m. + NSEC.Effluent.NO3",0.172369947736504,0.579251023501554,"3,2"
"8585","N..Eff..TSS.Conc. + Secondary.Effluent.Flow + N..Basin.Outfall + CODto..mg.L. + SACto..1.m. + NSEC.Effluent.OP",0.0937550460878374,0.667684679549271,"3,2"
"8586","N..Eff..TSS.Conc. + Secondary.Effluent.Flow + N..Basin.Outfall + CODto..mg.L. + SACto..1.m. + NSEC.Effluent.TSS",0.166683210425707,0.594091864174351,"3,2"
"8587","N..Eff..TSS.Conc. + Secondary.Effluent.Flow + N..Basin.Outfall + CODto..mg.L. + SACto..1.m. + NSEC.Effluent.NO5",0.177955139160279,0.637446866928005,"3,2"
"8588","N..Eff..TSS.Conc. + Secondary.Effluent.Flow + N..Basin.Outfall + CODto..mg.L. + SACto..1.m. + NSEC.Effluent.Flow",0.216654056269139,0.59151488858723,"3,2"
"8589","N..Eff..TSS.Conc. + Secondary.Effluent.Flow + N..Basin.Outfall + CODto..mg.L. + NSEC.Aerobic.SRT + NSEC.Effluent.NH3",0.278956184520408,0.750890335815529,"3,2"
"8590","N..Eff..TSS.Conc. + Secondary.Effluent.Flow + N..Basin.Outfall + CODto..mg.L. + NSEC.Aerobic.SRT + NSEC.Effluent.NO3",0.178110772516721,0.776276317242473,"3,2"
"8591","N..Eff..TSS.Conc. + Secondary.Effluent.Flow + N..Basin.Outfall + CODto..mg.L. + NSEC.Aerobic.SRT + NSEC.Effluent.OP",0.0963762759349485,0.714500759974805,"3,2"
"8592","N..Eff..TSS.Conc. + Secondary.Effluent.Flow + N..Basin.Outfall + CODto..mg.L. + NSEC.Aerobic.SRT + NSEC.Effluent.TSS",0.209017170894049,0.750140409285703,"3,2"
"8593","N..Eff..TSS.Conc. + Secondary.Effluent.Flow + N..Basin.Outfall + CODto..mg.L. + NSEC.Aerobic.SRT + NSEC.Effluent.NO5",0.193795012228839,0.213373973008685,"3,2"
"8594","N..Eff..TSS.Conc. + Secondary.Effluent.Flow + N..Basin.Outfall + CODto..mg.L. + NSEC.Aerobic.SRT + NSEC.Effluent.Flow",0.00636595750734248,0.448814391184828,"3,2"
"8595","N..Eff..TSS.Conc. + Secondary.Effluent.Flow + N..Basin.Outfall + CODto..mg.L. + NSEC.Effluent.NH3 + NSEC.Effluent.NO3",0.0386945623498489,0.41403041197866,"3,2"
"8596","N..Eff..TSS.Conc. + Secondary.Effluent.Flow + N..Basin.Outfall + CODto..mg.L. + NSEC.Effluent.NH3 + NSEC.Effluent.OP",0.0976637701904488,0.689184223925164,"3,2"
"8597","N..Eff..TSS.Conc. + Secondary.Effluent.Flow + N..Basin.Outfall + CODto..mg.L. + NSEC.Effluent.NH3 + NSEC.Effluent.TSS",0.100923825118832,0.479394304847684,"3,2"
"8598","N..Eff..TSS.Conc. + Secondary.Effluent.Flow + N..Basin.Outfall + CODto..mg.L. + NSEC.Effluent.NH3 + NSEC.Effluent.NO5",0.131157863624893,0.506528792827326,"3,2"
"8599","N..Eff..TSS.Conc. + Secondary.Effluent.Flow + N..Basin.Outfall + CODto..mg.L. + NSEC.Effluent.NH3 + NSEC.Effluent.Flow",0.116599848165716,0.542793953860627,"3,2"
"8600","N..Eff..TSS.Conc. + Secondary.Effluent.Flow + N..Basin.Outfall + CODto..mg.L. + NSEC.Effluent.NO3 + NSEC.Effluent.OP",0.174562377720747,0.692964155938315,"3,2"
"8601","N..Eff..TSS.Conc. + Secondary.Effluent.Flow + N..Basin.Outfall + CODto..mg.L. + NSEC.Effluent.NO3 + NSEC.Effluent.TSS",0.349415939328896,0.62261366322125,"3,2"
"8602","N..Eff..TSS.Conc. + Secondary.Effluent.Flow + N..Basin.Outfall + CODto..mg.L. + NSEC.Effluent.NO3 + NSEC.Effluent.NO5",0.0315292988324891,0.523256902101925,"3,2"
"8603","N..Eff..TSS.Conc. + Secondary.Effluent.Flow + N..Basin.Outfall + CODto..mg.L. + NSEC.Effluent.NO3 + NSEC.Effluent.Flow",0.0947157762020969,0.530145982297149,"3,2"
"8604","N..Eff..TSS.Conc. + Secondary.Effluent.Flow + N..Basin.Outfall + CODto..mg.L. + NSEC.Effluent.OP + NSEC.Effluent.TSS",0.207848352696657,0.661324998065914,"3,2"
"8605","N..Eff..TSS.Conc. + Secondary.Effluent.Flow + N..Basin.Outfall + CODto..mg.L. + NSEC.Effluent.OP + NSEC.Effluent.NO5",0.0462365751968221,0.54631424214612,"3,2"
"8606","N..Eff..TSS.Conc. + Secondary.Effluent.Flow + N..Basin.Outfall + CODto..mg.L. + NSEC.Effluent.OP + NSEC.Effluent.Flow",0.113536567836444,0.600829243990532,"3,2"
"8607","N..Eff..TSS.Conc. + Secondary.Effluent.Flow + N..Basin.Outfall + CODto..mg.L. + NSEC.Effluent.TSS + NSEC.Effluent.NO5",0.286044130706685,0.483890090239147,"3,2"
"8608","N..Eff..TSS.Conc. + Secondary.Effluent.Flow + N..Basin.Outfall + CODto..mg.L. + NSEC.Effluent.TSS + NSEC.Effluent.Flow",0.108958004492043,0.489115314567852,"3,2"
"8609","N..Eff..TSS.Conc. + Secondary.Effluent.Flow + N..Basin.Outfall + CODto..mg.L. + NSEC.Effluent.NO5 + NSEC.Effluent.Flow",0.0945154555147294,0.47150064809678,"3,2"
"8610","N..Eff..TSS.Conc. + Secondary.Effluent.Flow + N..Basin.Outfall + TSS..mg.L. + UVT.... + CODds..mg.L.",0.29885328771537,0.777810537904306,"3,2"
"8611","N..Eff..TSS.Conc. + Secondary.Effluent.Flow + N..Basin.Outfall + TSS..mg.L. + UVT.... + SACto..1.m.",0.244435141506859,0.694579943827149,"3,2"
"8612","N..Eff..TSS.Conc. + Secondary.Effluent.Flow + N..Basin.Outfall + TSS..mg.L. + UVT.... + NSEC.Aerobic.SRT",0.127987425813346,0.711546834832044,"3,2"
"8613","N..Eff..TSS.Conc. + Secondary.Effluent.Flow + N..Basin.Outfall + TSS..mg.L. + UVT.... + NSEC.Effluent.NH3",0.276449001384887,0.705841262977913,"3,2"
"8614","N..Eff..TSS.Conc. + Secondary.Effluent.Flow + N..Basin.Outfall + TSS..mg.L. + UVT.... + NSEC.Effluent.NO3",0.276125841261593,0.623516662564024,"3,2"
"8615","N..Eff..TSS.Conc. + Secondary.Effluent.Flow + N..Basin.Outfall + TSS..mg.L. + UVT.... + NSEC.Effluent.OP",0.282433912479397,0.794507491687583,"3,2"
"8616","N..Eff..TSS.Conc. + Secondary.Effluent.Flow + N..Basin.Outfall + TSS..mg.L. + UVT.... + NSEC.Effluent.TSS",0.0642874949268788,0.551933646921914,"3,2"
"8617","N..Eff..TSS.Conc. + Secondary.Effluent.Flow + N..Basin.Outfall + TSS..mg.L. + UVT.... + NSEC.Effluent.NO5",0.272210687724944,0.78124012547415,"3,2"
"8618","N..Eff..TSS.Conc. + Secondary.Effluent.Flow + N..Basin.Outfall + TSS..mg.L. + UVT.... + NSEC.Effluent.Flow",0.193424618500386,0.175405628219692,"3,2"
"8619","N..Eff..TSS.Conc. + Secondary.Effluent.Flow + N..Basin.Outfall + TSS..mg.L. + CODds..mg.L. + SACto..1.m.",0.175960104977774,0.720977777926137,"3,2"
"8620","N..Eff..TSS.Conc. + Secondary.Effluent.Flow + N..Basin.Outfall + TSS..mg.L. + CODds..mg.L. + NSEC.Aerobic.SRT",0.174167960452823,0.770210821249743,"3,2"
"8621","N..Eff..TSS.Conc. + Secondary.Effluent.Flow + N..Basin.Outfall + TSS..mg.L. + CODds..mg.L. + NSEC.Effluent.NH3",0.215770564857679,0.658751402570407,"3,2"
"8622","N..Eff..TSS.Conc. + Secondary.Effluent.Flow + N..Basin.Outfall + TSS..mg.L. + CODds..mg.L. + NSEC.Effluent.NO3",0.136019890919275,0.6285683789682,"3,2"
"8623","N..Eff..TSS.Conc. + Secondary.Effluent.Flow + N..Basin.Outfall + TSS..mg.L. + CODds..mg.L. + NSEC.Effluent.OP",0.0143881048124814,0.634297426819964,"3,2"
"8624","N..Eff..TSS.Conc. + Secondary.Effluent.Flow + N..Basin.Outfall + TSS..mg.L. + CODds..mg.L. + NSEC.Effluent.TSS",0.254895157616507,0.660732065311517,"3,2"
"8625","N..Eff..TSS.Conc. + Secondary.Effluent.Flow + N..Basin.Outfall + TSS..mg.L. + CODds..mg.L. + NSEC.Effluent.NO5",0.232067421165439,0.653132810860901,"3,2"
"8626","N..Eff..TSS.Conc. + Secondary.Effluent.Flow + N..Basin.Outfall + TSS..mg.L. + CODds..mg.L. + NSEC.Effluent.Flow",0.152446412544347,0.609684024162994,"3,2"
"8627","N..Eff..TSS.Conc. + Secondary.Effluent.Flow + N..Basin.Outfall + TSS..mg.L. + SACto..1.m. + NSEC.Aerobic.SRT",0.0854913100260453,0.61739651778549,"3,2"
"8628","N..Eff..TSS.Conc. + Secondary.Effluent.Flow + N..Basin.Outfall + TSS..mg.L. + SACto..1.m. + NSEC.Effluent.NH3",0.270422782257569,0.705299191575838,"3,2"
"8629","N..Eff..TSS.Conc. + Secondary.Effluent.Flow + N..Basin.Outfall + TSS..mg.L. + SACto..1.m. + NSEC.Effluent.NO3",0.257596394878878,0.664684365143188,"3,2"
"8630","N..Eff..TSS.Conc. + Secondary.Effluent.Flow + N..Basin.Outfall + TSS..mg.L. + SACto..1.m. + NSEC.Effluent.OP",0.243448764340762,0.745765887112231,"3,2"
"8631","N..Eff..TSS.Conc. + Secondary.Effluent.Flow + N..Basin.Outfall + TSS..mg.L. + SACto..1.m. + NSEC.Effluent.TSS",0.23481064399661,0.667699185680236,"3,2"
"8632","N..Eff..TSS.Conc. + Secondary.Effluent.Flow + N..Basin.Outfall + TSS..mg.L. + SACto..1.m. + NSEC.Effluent.NO5",0.205702300573297,0.768048969828244,"3,2"
"8633","N..Eff..TSS.Conc. + Secondary.Effluent.Flow + N..Basin.Outfall + TSS..mg.L. + SACto..1.m. + NSEC.Effluent.Flow",0.253261208143768,0.680834632654109,"3,2"
"8634","N..Eff..TSS.Conc. + Secondary.Effluent.Flow + N..Basin.Outfall + TSS..mg.L. + NSEC.Aerobic.SRT + NSEC.Effluent.NH3",0.244944259258141,0.707368802385392,"3,2"
"8635","N..Eff..TSS.Conc. + Secondary.Effluent.Flow + N..Basin.Outfall + TSS..mg.L. + NSEC.Aerobic.SRT + NSEC.Effluent.NO3",0.257539629333083,0.750589644994052,"3,2"
"8636","N..Eff..TSS.Conc. + Secondary.Effluent.Flow + N..Basin.Outfall + TSS..mg.L. + NSEC.Aerobic.SRT + NSEC.Effluent.OP",0.253966384295994,0.739970546454333,"3,2"
"8637","N..Eff..TSS.Conc. + Secondary.Effluent.Flow + N..Basin.Outfall + TSS..mg.L. + NSEC.Aerobic.SRT + NSEC.Effluent.TSS",0.150814959016478,0.696456790099782,"3,2"
"8638","N..Eff..TSS.Conc. + Secondary.Effluent.Flow + N..Basin.Outfall + TSS..mg.L. + NSEC.Aerobic.SRT + NSEC.Effluent.NO5",0.311521954199143,0.573597725854929,"3,2"
"8639","N..Eff..TSS.Conc. + Secondary.Effluent.Flow + N..Basin.Outfall + TSS..mg.L. + NSEC.Aerobic.SRT + NSEC.Effluent.Flow",0.0193446554338119,0.438864530534059,"3,2"
"8640","N..Eff..TSS.Conc. + Secondary.Effluent.Flow + N..Basin.Outfall + TSS..mg.L. + NSEC.Effluent.NH3 + NSEC.Effluent.NO3",0.0675643000651529,0.430923909431326,"3,2"
"8641","N..Eff..TSS.Conc. + Secondary.Effluent.Flow + N..Basin.Outfall + TSS..mg.L. + NSEC.Effluent.NH3 + NSEC.Effluent.OP",0.192611364358966,7.00336143529971e-05,"3,2"
"8642","N..Eff..TSS.Conc. + Secondary.Effluent.Flow + N..Basin.Outfall + TSS..mg.L. + NSEC.Effluent.NH3 + NSEC.Effluent.TSS",0.120265882571568,0.48508899411707,"3,2"
"8643","N..Eff..TSS.Conc. + Secondary.Effluent.Flow + N..Basin.Outfall + TSS..mg.L. + NSEC.Effluent.NH3 + NSEC.Effluent.NO5",0.0852746431673164,0.567039721190719,"3,2"
"8644","N..Eff..TSS.Conc. + Secondary.Effluent.Flow + N..Basin.Outfall + TSS..mg.L. + NSEC.Effluent.NH3 + NSEC.Effluent.Flow",0.0233063709703836,0.453119177161814,"3,2"
"8645","N..Eff..TSS.Conc. + Secondary.Effluent.Flow + N..Basin.Outfall + TSS..mg.L. + NSEC.Effluent.NO3 + NSEC.Effluent.OP",0.110541354581193,0.620436865921335,"3,2"
"8646","N..Eff..TSS.Conc. + Secondary.Effluent.Flow + N..Basin.Outfall + TSS..mg.L. + NSEC.Effluent.NO3 + NSEC.Effluent.TSS",0.0652993984334544,0.362396691156902,"3,2"
"8647","N..Eff..TSS.Conc. + Secondary.Effluent.Flow + N..Basin.Outfall + TSS..mg.L. + NSEC.Effluent.NO3 + NSEC.Effluent.NO5",0.611458649979124,0.621780967833369,"3,2"
"8648","N..Eff..TSS.Conc. + Secondary.Effluent.Flow + N..Basin.Outfall + TSS..mg.L. + NSEC.Effluent.NO3 + NSEC.Effluent.Flow",0.0609554142504247,0.52233782657744,"3,2"
"8649","N..Eff..TSS.Conc. + Secondary.Effluent.Flow + N..Basin.Outfall + TSS..mg.L. + NSEC.Effluent.OP + NSEC.Effluent.TSS",0.0737786678172871,0.562628691627461,"3,2"
"8650","N..Eff..TSS.Conc. + Secondary.Effluent.Flow + N..Basin.Outfall + TSS..mg.L. + NSEC.Effluent.OP + NSEC.Effluent.NO5",0.0204337807511381,0.56083064859116,"3,2"
"8651","N..Eff..TSS.Conc. + Secondary.Effluent.Flow + N..Basin.Outfall + TSS..mg.L. + NSEC.Effluent.OP + NSEC.Effluent.Flow",0.0382216600925616,0.558871853826504,"3,2"
"8652","N..Eff..TSS.Conc. + Secondary.Effluent.Flow + N..Basin.Outfall + TSS..mg.L. + NSEC.Effluent.TSS + NSEC.Effluent.NO5",0.0854409552602924,0.472560999651483,"3,2"
"8653","N..Eff..TSS.Conc. + Secondary.Effluent.Flow + N..Basin.Outfall + TSS..mg.L. + NSEC.Effluent.TSS + NSEC.Effluent.Flow",0.0710143692552387,0.391148039739917,"3,2"
"8654","N..Eff..TSS.Conc. + Secondary.Effluent.Flow + N..Basin.Outfall + TSS..mg.L. + NSEC.Effluent.NO5 + NSEC.Effluent.Flow",0.0920824201304136,0.482423374041781,"3,2"
"8655","N..Eff..TSS.Conc. + Secondary.Effluent.Flow + N..Basin.Outfall + UVT.... + CODds..mg.L. + SACto..1.m.",0.193570874260688,0.711276900219814,"3,2"
"8656","N..Eff..TSS.Conc. + Secondary.Effluent.Flow + N..Basin.Outfall + UVT.... + CODds..mg.L. + NSEC.Aerobic.SRT",0.0606296313090953,0.775566693951271,"3,2"
"8657","N..Eff..TSS.Conc. + Secondary.Effluent.Flow + N..Basin.Outfall + UVT.... + CODds..mg.L. + NSEC.Effluent.NH3",0.198789611525901,0.732497889747363,"3,2"
"8658","N..Eff..TSS.Conc. + Secondary.Effluent.Flow + N..Basin.Outfall + UVT.... + CODds..mg.L. + NSEC.Effluent.NO3",0.221107718185481,0.718033552541314,"3,2"
"8659","N..Eff..TSS.Conc. + Secondary.Effluent.Flow + N..Basin.Outfall + UVT.... + CODds..mg.L. + NSEC.Effluent.OP",0.15226661835454,0.698627547482289,"3,2"
"8660","N..Eff..TSS.Conc. + Secondary.Effluent.Flow + N..Basin.Outfall + UVT.... + CODds..mg.L. + NSEC.Effluent.TSS",0.0613301422586392,0.492523932636783,"3,2"
"8661","N..Eff..TSS.Conc. + Secondary.Effluent.Flow + N..Basin.Outfall + UVT.... + CODds..mg.L. + NSEC.Effluent.NO5",0.215562225258801,0.601652101089685,"3,2"
"8662","N..Eff..TSS.Conc. + Secondary.Effluent.Flow + N..Basin.Outfall + UVT.... + CODds..mg.L. + NSEC.Effluent.Flow",0.214329167976739,0.657928465490927,"3,2"
"8663","N..Eff..TSS.Conc. + Secondary.Effluent.Flow + N..Basin.Outfall + UVT.... + SACto..1.m. + NSEC.Aerobic.SRT",0.0448727339001858,0.746271754961237,"3,2"
"8664","N..Eff..TSS.Conc. + Secondary.Effluent.Flow + N..Basin.Outfall + UVT.... + SACto..1.m. + NSEC.Effluent.NH3",0.152662876125014,0.515607605907849,"3,2"
"8665","N..Eff..TSS.Conc. + Secondary.Effluent.Flow + N..Basin.Outfall + UVT.... + SACto..1.m. + NSEC.Effluent.NO3",0.238838486068416,0.71240896517522,"3,2"
"8666","N..Eff..TSS.Conc. + Secondary.Effluent.Flow + N..Basin.Outfall + UVT.... + SACto..1.m. + NSEC.Effluent.OP",0.174648955465107,0.596058534513816,"3,2"
"8667","N..Eff..TSS.Conc. + Secondary.Effluent.Flow + N..Basin.Outfall + UVT.... + SACto..1.m. + NSEC.Effluent.TSS",0.267072551912925,0.544238146837411,"3,2"
"8668","N..Eff..TSS.Conc. + Secondary.Effluent.Flow + N..Basin.Outfall + UVT.... + SACto..1.m. + NSEC.Effluent.NO5",0.0723294411813138,0.455823609238719,"3,2"
"8669","N..Eff..TSS.Conc. + Secondary.Effluent.Flow + N..Basin.Outfall + UVT.... + SACto..1.m. + NSEC.Effluent.Flow",0.097582125092361,0.473822853412919,"3,2"
"8670","N..Eff..TSS.Conc. + Secondary.Effluent.Flow + N..Basin.Outfall + UVT.... + NSEC.Aerobic.SRT + NSEC.Effluent.NH3",0.00151196212296734,0.488720275672977,"3,2"
"8671","N..Eff..TSS.Conc. + Secondary.Effluent.Flow + N..Basin.Outfall + UVT.... + NSEC.Aerobic.SRT + NSEC.Effluent.NO3",0.00443964017616194,0.442372480847882,"3,2"
"8672","N..Eff..TSS.Conc. + Secondary.Effluent.Flow + N..Basin.Outfall + UVT.... + NSEC.Aerobic.SRT + NSEC.Effluent.OP",0.131577205747337,0.753363406878779,"3,2"
"8673","N..Eff..TSS.Conc. + Secondary.Effluent.Flow + N..Basin.Outfall + UVT.... + NSEC.Aerobic.SRT + NSEC.Effluent.TSS",0.0915827950491639,0.729658718517372,"3,2"
"8674","N..Eff..TSS.Conc. + Secondary.Effluent.Flow + N..Basin.Outfall + UVT.... + NSEC.Aerobic.SRT + NSEC.Effluent.NO5",0.316786447366096,0.826130369420585,"3,2"
"8675","N..Eff..TSS.Conc. + Secondary.Effluent.Flow + N..Basin.Outfall + UVT.... + NSEC.Aerobic.SRT + NSEC.Effluent.Flow",0.290120243605745,0.732163432980778,"3,2"
"8676","N..Eff..TSS.Conc. + Secondary.Effluent.Flow + N..Basin.Outfall + UVT.... + NSEC.Effluent.NH3 + NSEC.Effluent.NO3",0.127474260173707,0.503038940814543,"3,2"
"8677","N..Eff..TSS.Conc. + Secondary.Effluent.Flow + N..Basin.Outfall + UVT.... + NSEC.Effluent.NH3 + NSEC.Effluent.OP",0.0950916377242028,0.665598153732121,"3,2"
"8678","N..Eff..TSS.Conc. + Secondary.Effluent.Flow + N..Basin.Outfall + UVT.... + NSEC.Effluent.NH3 + NSEC.Effluent.TSS",0.237468402468593,0.630981410475558,"3,2"
"8679","N..Eff..TSS.Conc. + Secondary.Effluent.Flow + N..Basin.Outfall + UVT.... + NSEC.Effluent.NH3 + NSEC.Effluent.NO5",0.193243990436139,0.112712067603548,"3,2"
"8680","N..Eff..TSS.Conc. + Secondary.Effluent.Flow + N..Basin.Outfall + UVT.... + NSEC.Effluent.NH3 + NSEC.Effluent.Flow",0.00230165003111904,0.499015025806624,"3,2"
"8681","N..Eff..TSS.Conc. + Secondary.Effluent.Flow + N..Basin.Outfall + UVT.... + NSEC.Effluent.NO3 + NSEC.Effluent.OP",0.077148950517238,0.656990727642595,"3,2"
"8682","N..Eff..TSS.Conc. + Secondary.Effluent.Flow + N..Basin.Outfall + UVT.... + NSEC.Effluent.NO3 + NSEC.Effluent.TSS",0.0714747760948087,0.462077108259412,"3,2"
"8683","N..Eff..TSS.Conc. + Secondary.Effluent.Flow + N..Basin.Outfall + UVT.... + NSEC.Effluent.NO3 + NSEC.Effluent.NO5",0.0544307483113744,0.523037612871482,"3,2"
"8684","N..Eff..TSS.Conc. + Secondary.Effluent.Flow + N..Basin.Outfall + UVT.... + NSEC.Effluent.NO3 + NSEC.Effluent.Flow",0.14873800495418,0.536435767515974,"3,2"
"8685","N..Eff..TSS.Conc. + Secondary.Effluent.Flow + N..Basin.Outfall + UVT.... + NSEC.Effluent.OP + NSEC.Effluent.TSS",0.100797153240041,0.664976609002745,"3,2"
"8686","N..Eff..TSS.Conc. + Secondary.Effluent.Flow + N..Basin.Outfall + UVT.... + NSEC.Effluent.OP + NSEC.Effluent.NO5",0.272116993403504,0.640644352166654,"3,2"
"8687","N..Eff..TSS.Conc. + Secondary.Effluent.Flow + N..Basin.Outfall + UVT.... + NSEC.Effluent.OP + NSEC.Effluent.Flow",0.0882182120256287,0.661794010634044,"3,2"
"8688","N..Eff..TSS.Conc. + Secondary.Effluent.Flow + N..Basin.Outfall + UVT.... + NSEC.Effluent.TSS + NSEC.Effluent.NO5",0.100164263959967,0.463483478402737,"3,2"
"8689","N..Eff..TSS.Conc. + Secondary.Effluent.Flow + N..Basin.Outfall + UVT.... + NSEC.Effluent.TSS + NSEC.Effluent.Flow",0.0879200096396011,0.463333777652663,"3,2"
"8690","N..Eff..TSS.Conc. + Secondary.Effluent.Flow + N..Basin.Outfall + UVT.... + NSEC.Effluent.NO5 + NSEC.Effluent.Flow",0.208505994239246,0.615820537835327,"3,2"
"8691","N..Eff..TSS.Conc. + Secondary.Effluent.Flow + N..Basin.Outfall + CODds..mg.L. + SACto..1.m. + NSEC.Aerobic.SRT",0.0326503373801201,0.803200943310905,"3,2"
"8692","N..Eff..TSS.Conc. + Secondary.Effluent.Flow + N..Basin.Outfall + CODds..mg.L. + SACto..1.m. + NSEC.Effluent.NH3",0.19909212103622,0.637132628413178,"3,2"
"8693","N..Eff..TSS.Conc. + Secondary.Effluent.Flow + N..Basin.Outfall + CODds..mg.L. + SACto..1.m. + NSEC.Effluent.NO3",0.228405149620585,0.625310636938177,"3,2"
"8694","N..Eff..TSS.Conc. + Secondary.Effluent.Flow + N..Basin.Outfall + CODds..mg.L. + SACto..1.m. + NSEC.Effluent.OP",0.183606474588114,0.647136910547122,"3,2"
"8695","N..Eff..TSS.Conc. + Secondary.Effluent.Flow + N..Basin.Outfall + CODds..mg.L. + SACto..1.m. + NSEC.Effluent.TSS",0.206210271567405,0.670714685287282,"3,2"
"8696","N..Eff..TSS.Conc. + Secondary.Effluent.Flow + N..Basin.Outfall + CODds..mg.L. + SACto..1.m. + NSEC.Effluent.NO5",0.236864649164128,0.707129108018683,"3,2"
"8697","N..Eff..TSS.Conc. + Secondary.Effluent.Flow + N..Basin.Outfall + CODds..mg.L. + SACto..1.m. + NSEC.Effluent.Flow",0.222391956302751,0.696399473655018,"3,2"
"8698","N..Eff..TSS.Conc. + Secondary.Effluent.Flow + N..Basin.Outfall + CODds..mg.L. + NSEC.Aerobic.SRT + NSEC.Effluent.NH3",0.358045775792746,0.730477381463119,"3,2"
"8699","N..Eff..TSS.Conc. + Secondary.Effluent.Flow + N..Basin.Outfall + CODds..mg.L. + NSEC.Aerobic.SRT + NSEC.Effluent.NO3",0.0558376739204511,0.561640549431632,"3,2"
"8700","N..Eff..TSS.Conc. + Secondary.Effluent.Flow + N..Basin.Outfall + CODds..mg.L. + NSEC.Aerobic.SRT + NSEC.Effluent.OP",0.014170292151922,0.584977857970599,"3,2"
"8701","N..Eff..TSS.Conc. + Secondary.Effluent.Flow + N..Basin.Outfall + CODds..mg.L. + NSEC.Aerobic.SRT + NSEC.Effluent.TSS",0.218441778242122,0.695479721413689,"3,2"
"8702","N..Eff..TSS.Conc. + Secondary.Effluent.Flow + N..Basin.Outfall + CODds..mg.L. + NSEC.Aerobic.SRT + NSEC.Effluent.NO5",0.336122690291764,0.757615986726641,"3,2"
"8703","N..Eff..TSS.Conc. + Secondary.Effluent.Flow + N..Basin.Outfall + CODds..mg.L. + NSEC.Aerobic.SRT + NSEC.Effluent.Flow",0.350753271078846,0.754882657524637,"3,2"
"8704","N..Eff..TSS.Conc. + Secondary.Effluent.Flow + N..Basin.Outfall + CODds..mg.L. + NSEC.Effluent.NH3 + NSEC.Effluent.NO3",0.282181610470388,0.632979756620079,"3,2"
"8705","N..Eff..TSS.Conc. + Secondary.Effluent.Flow + N..Basin.Outfall + CODds..mg.L. + NSEC.Effluent.NH3 + NSEC.Effluent.OP",0.053418217031266,0.640339795794452,"3,2"
"8706","N..Eff..TSS.Conc. + Secondary.Effluent.Flow + N..Basin.Outfall + CODds..mg.L. + NSEC.Effluent.NH3 + NSEC.Effluent.TSS",0.0686578709679742,0.576894966385418,"3,2"
"8707","N..Eff..TSS.Conc. + Secondary.Effluent.Flow + N..Basin.Outfall + CODds..mg.L. + NSEC.Effluent.NH3 + NSEC.Effluent.NO5",0.267758959562856,0.612180792539575,"3,2"
"8708","N..Eff..TSS.Conc. + Secondary.Effluent.Flow + N..Basin.Outfall + CODds..mg.L. + NSEC.Effluent.NH3 + NSEC.Effluent.Flow",0.10289691296323,0.617151745175717,"3,2"
"8709","N..Eff..TSS.Conc. + Secondary.Effluent.Flow + N..Basin.Outfall + CODds..mg.L. + NSEC.Effluent.NO3 + NSEC.Effluent.OP",0.0349623734718036,0.641341311460422,"3,2"
"8710","N..Eff..TSS.Conc. + Secondary.Effluent.Flow + N..Basin.Outfall + CODds..mg.L. + NSEC.Effluent.NO3 + NSEC.Effluent.TSS",0.165205847982711,0.593477253378827,"3,2"
"8711","N..Eff..TSS.Conc. + Secondary.Effluent.Flow + N..Basin.Outfall + CODds..mg.L. + NSEC.Effluent.NO3 + NSEC.Effluent.NO5",0.137702244018149,0.664141861284046,"3,2"
"8712","N..Eff..TSS.Conc. + Secondary.Effluent.Flow + N..Basin.Outfall + CODds..mg.L. + NSEC.Effluent.NO3 + NSEC.Effluent.Flow",0.0918634402347791,0.665394202296976,"3,2"
"8713","N..Eff..TSS.Conc. + Secondary.Effluent.Flow + N..Basin.Outfall + CODds..mg.L. + NSEC.Effluent.OP + NSEC.Effluent.TSS",0.0852647078311963,0.673610148735003,"3,2"
"8714","N..Eff..TSS.Conc. + Secondary.Effluent.Flow + N..Basin.Outfall + CODds..mg.L. + NSEC.Effluent.OP + NSEC.Effluent.NO5",0.021700788402605,0.622249536636505,"3,2"
"8715","N..Eff..TSS.Conc. + Secondary.Effluent.Flow + N..Basin.Outfall + CODds..mg.L. + NSEC.Effluent.OP + NSEC.Effluent.Flow",0.0427390789684501,0.640245074468856,"3,2"
"8716","N..Eff..TSS.Conc. + Secondary.Effluent.Flow + N..Basin.Outfall + CODds..mg.L. + NSEC.Effluent.TSS + NSEC.Effluent.NO5",0.105003870716064,0.60102239652383,"3,2"
"8717","N..Eff..TSS.Conc. + Secondary.Effluent.Flow + N..Basin.Outfall + CODds..mg.L. + NSEC.Effluent.TSS + NSEC.Effluent.Flow",0.109703845390565,0.577387158770243,"3,2"
"8718","N..Eff..TSS.Conc. + Secondary.Effluent.Flow + N..Basin.Outfall + CODds..mg.L. + NSEC.Effluent.NO5 + NSEC.Effluent.Flow",0.0983348579679775,0.603567992749063,"3,2"
"8719","N..Eff..TSS.Conc. + Secondary.Effluent.Flow + N..Basin.Outfall + SACto..1.m. + NSEC.Aerobic.SRT + NSEC.Effluent.NH3",0.0686892601266258,0.690222006864026,"3,2"
"8720","N..Eff..TSS.Conc. + Secondary.Effluent.Flow + N..Basin.Outfall + SACto..1.m. + NSEC.Aerobic.SRT + NSEC.Effluent.NO3",0.0533473391699129,0.522968781468217,"3,2"
"8721","N..Eff..TSS.Conc. + Secondary.Effluent.Flow + N..Basin.Outfall + SACto..1.m. + NSEC.Aerobic.SRT + NSEC.Effluent.OP",0.0264472032703211,0.722356047530485,"3,2"
"8722","N..Eff..TSS.Conc. + Secondary.Effluent.Flow + N..Basin.Outfall + SACto..1.m. + NSEC.Aerobic.SRT + NSEC.Effluent.TSS",0.0911126225188301,0.75405285747486,"3,2"
"8723","N..Eff..TSS.Conc. + Secondary.Effluent.Flow + N..Basin.Outfall + SACto..1.m. + NSEC.Aerobic.SRT + NSEC.Effluent.NO5",0.00431743747200208,0.447745731394502,"3,2"
"8724","N..Eff..TSS.Conc. + Secondary.Effluent.Flow + N..Basin.Outfall + SACto..1.m. + NSEC.Aerobic.SRT + NSEC.Effluent.Flow",0.0776797757582679,0.504749785737153,"3,2"
"8725","N..Eff..TSS.Conc. + Secondary.Effluent.Flow + N..Basin.Outfall + SACto..1.m. + NSEC.Effluent.NH3 + NSEC.Effluent.NO3",0.246597706808233,0.588057700487458,"3,2"
"8726","N..Eff..TSS.Conc. + Secondary.Effluent.Flow + N..Basin.Outfall + SACto..1.m. + NSEC.Effluent.NH3 + NSEC.Effluent.OP",0.0658498060976274,0.513156098845328,"3,2"
"8727","N..Eff..TSS.Conc. + Secondary.Effluent.Flow + N..Basin.Outfall + SACto..1.m. + NSEC.Effluent.NH3 + NSEC.Effluent.TSS",0.212266216330225,0.589104404837971,"3,2"
"8728","N..Eff..TSS.Conc. + Secondary.Effluent.Flow + N..Basin.Outfall + SACto..1.m. + NSEC.Effluent.NH3 + NSEC.Effluent.NO5",0.0298173990523911,0.508717199130627,"3,2"
"8729","N..Eff..TSS.Conc. + Secondary.Effluent.Flow + N..Basin.Outfall + SACto..1.m. + NSEC.Effluent.NH3 + NSEC.Effluent.Flow",0.218315548786737,0.615384206345429,"3,2"
"8730","N..Eff..TSS.Conc. + Secondary.Effluent.Flow + N..Basin.Outfall + SACto..1.m. + NSEC.Effluent.NO3 + NSEC.Effluent.OP",0.0719096419786376,0.56736384556362,"3,2"
"8731","N..Eff..TSS.Conc. + Secondary.Effluent.Flow + N..Basin.Outfall + SACto..1.m. + NSEC.Effluent.NO3 + NSEC.Effluent.TSS",0.113967730783291,0.48321378828923,"3,2"
"8732","N..Eff..TSS.Conc. + Secondary.Effluent.Flow + N..Basin.Outfall + SACto..1.m. + NSEC.Effluent.NO3 + NSEC.Effluent.NO5",0.103353187065022,0.493447397034574,"3,2"
"8733","N..Eff..TSS.Conc. + Secondary.Effluent.Flow + N..Basin.Outfall + SACto..1.m. + NSEC.Effluent.NO3 + NSEC.Effluent.Flow",0.126810969697797,0.545311622880174,"3,2"
"8734","N..Eff..TSS.Conc. + Secondary.Effluent.Flow + N..Basin.Outfall + SACto..1.m. + NSEC.Effluent.OP + NSEC.Effluent.TSS",0.230518455818577,0.654420112264799,"3,2"
"8735","N..Eff..TSS.Conc. + Secondary.Effluent.Flow + N..Basin.Outfall + SACto..1.m. + NSEC.Effluent.OP + NSEC.Effluent.NO5",0.0351318152535007,0.412900328980181,"3,2"
"8736","N..Eff..TSS.Conc. + Secondary.Effluent.Flow + N..Basin.Outfall + SACto..1.m. + NSEC.Effluent.OP + NSEC.Effluent.Flow",0.214612012428758,0.658463632012299,"3,2"
"8737","N..Eff..TSS.Conc. + Secondary.Effluent.Flow + N..Basin.Outfall + SACto..1.m. + NSEC.Effluent.TSS + NSEC.Effluent.NO5",0.0721830605030434,0.626663863023231,"3,2"
"8738","N..Eff..TSS.Conc. + Secondary.Effluent.Flow + N..Basin.Outfall + SACto..1.m. + NSEC.Effluent.TSS + NSEC.Effluent.Flow",0.121155294573084,0.510778912881447,"3,2"
"8739","N..Eff..TSS.Conc. + Secondary.Effluent.Flow + N..Basin.Outfall + SACto..1.m. + NSEC.Effluent.NO5 + NSEC.Effluent.Flow",0.331969794208852,0.66432404384899,"3,2"
"8740","N..Eff..TSS.Conc. + Secondary.Effluent.Flow + N..Basin.Outfall + NSEC.Aerobic.SRT + NSEC.Effluent.NH3 + NSEC.Effluent.NO3",0.16707611483464,0.619495538866821,"3,2"
"8741","N..Eff..TSS.Conc. + Secondary.Effluent.Flow + N..Basin.Outfall + NSEC.Aerobic.SRT + NSEC.Effluent.NH3 + NSEC.Effluent.OP",0.133869805320713,0.76718512623624,"3,2"
"8742","N..Eff..TSS.Conc. + Secondary.Effluent.Flow + N..Basin.Outfall + NSEC.Aerobic.SRT + NSEC.Effluent.NH3 + NSEC.Effluent.TSS",0.173635966787989,0.614829961975606,"3,2"
"8743","N..Eff..TSS.Conc. + Secondary.Effluent.Flow + N..Basin.Outfall + NSEC.Aerobic.SRT + NSEC.Effluent.NH3 + NSEC.Effluent.NO5",0.199633279202342,0.654549987705941,"3,2"
"8744","N..Eff..TSS.Conc. + Secondary.Effluent.Flow + N..Basin.Outfall + NSEC.Aerobic.SRT + NSEC.Effluent.NH3 + NSEC.Effluent.Flow",0.00526047043705447,0.428525219580009,"3,2"
"8745","N..Eff..TSS.Conc. + Secondary.Effluent.Flow + N..Basin.Outfall + NSEC.Aerobic.SRT + NSEC.Effluent.NO3 + NSEC.Effluent.OP",0.283234257481046,0.737616000961874,"3,2"
"8746","N..Eff..TSS.Conc. + Secondary.Effluent.Flow + N..Basin.Outfall + NSEC.Aerobic.SRT + NSEC.Effluent.NO3 + NSEC.Effluent.TSS",0.0390956275638605,0.569571615903371,"3,2"
"8747","N..Eff..TSS.Conc. + Secondary.Effluent.Flow + N..Basin.Outfall + NSEC.Aerobic.SRT + NSEC.Effluent.NO3 + NSEC.Effluent.NO5",0.130287051935926,0.650391865368998,"3,2"
"8748","N..Eff..TSS.Conc. + Secondary.Effluent.Flow + N..Basin.Outfall + NSEC.Aerobic.SRT + NSEC.Effluent.NO3 + NSEC.Effluent.Flow",0.166400665038599,0.60984818653007,"3,2"
"8749","N..Eff..TSS.Conc. + Secondary.Effluent.Flow + N..Basin.Outfall + NSEC.Aerobic.SRT + NSEC.Effluent.OP + NSEC.Effluent.TSS",0.0134720266025323,0.521153708475723,"3,2"
"8750","N..Eff..TSS.Conc. + Secondary.Effluent.Flow + N..Basin.Outfall + NSEC.Aerobic.SRT + NSEC.Effluent.OP + NSEC.Effluent.NO5",0.227668398617306,0.7449848067833,"3,2"
"8751","N..Eff..TSS.Conc. + Secondary.Effluent.Flow + N..Basin.Outfall + NSEC.Aerobic.SRT + NSEC.Effluent.OP + NSEC.Effluent.Flow",0.134279170333007,0.642149199619647,"3,2"
"8752","N..Eff..TSS.Conc. + Secondary.Effluent.Flow + N..Basin.Outfall + NSEC.Aerobic.SRT + NSEC.Effluent.TSS + NSEC.Effluent.NO5",0.00427412430683982,0.423328640973221,"3,2"
"8753","N..Eff..TSS.Conc. + Secondary.Effluent.Flow + N..Basin.Outfall + NSEC.Aerobic.SRT + NSEC.Effluent.TSS + NSEC.Effluent.Flow",0.180458544436072,0.632378798080764,"3,2"
"8754","N..Eff..TSS.Conc. + Secondary.Effluent.Flow + N..Basin.Outfall + NSEC.Aerobic.SRT + NSEC.Effluent.NO5 + NSEC.Effluent.Flow",0.00452179875444991,0.429544666245633,"3,2"
"8755","N..Eff..TSS.Conc. + Secondary.Effluent.Flow + N..Basin.Outfall + NSEC.Effluent.NH3 + NSEC.Effluent.NO3 + NSEC.Effluent.OP",0.00241882380043856,0.576136829619034,"3,2"
"8756","N..Eff..TSS.Conc. + Secondary.Effluent.Flow + N..Basin.Outfall + NSEC.Effluent.NH3 + NSEC.Effluent.NO3 + NSEC.Effluent.TSS",0.105937752683545,0.450969202773749,"3,2"
"8757","N..Eff..TSS.Conc. + Secondary.Effluent.Flow + N..Basin.Outfall + NSEC.Effluent.NH3 + NSEC.Effluent.NO3 + NSEC.Effluent.NO5",0.221793953242432,0.601051679617287,"3,2"
"8758","N..Eff..TSS.Conc. + Secondary.Effluent.Flow + N..Basin.Outfall + NSEC.Effluent.NH3 + NSEC.Effluent.NO3 + NSEC.Effluent.Flow",0.251363450000912,0.458041168081012,"3,2"
"8759","N..Eff..TSS.Conc. + Secondary.Effluent.Flow + N..Basin.Outfall + NSEC.Effluent.NH3 + NSEC.Effluent.OP + NSEC.Effluent.TSS",0.114831502072774,0.543172352932605,"3,2"
"8760","N..Eff..TSS.Conc. + Secondary.Effluent.Flow + N..Basin.Outfall + NSEC.Effluent.NH3 + NSEC.Effluent.OP + NSEC.Effluent.NO5",0.193004872198123,0.102909138862189,"3,2"
"8761","N..Eff..TSS.Conc. + Secondary.Effluent.Flow + N..Basin.Outfall + NSEC.Effluent.NH3 + NSEC.Effluent.OP + NSEC.Effluent.Flow",0.0923667579624863,0.488582334793118,"3,2"
"8762","N..Eff..TSS.Conc. + Secondary.Effluent.Flow + N..Basin.Outfall + NSEC.Effluent.NH3 + NSEC.Effluent.TSS + NSEC.Effluent.NO5",0.0084743856189613,0.519075518922738,"3,2"
"8763","N..Eff..TSS.Conc. + Secondary.Effluent.Flow + N..Basin.Outfall + NSEC.Effluent.NH3 + NSEC.Effluent.TSS + NSEC.Effluent.Flow",0.140394903853247,0.424345475970171,"3,2"
"8764","N..Eff..TSS.Conc. + Secondary.Effluent.Flow + N..Basin.Outfall + NSEC.Effluent.NH3 + NSEC.Effluent.NO5 + NSEC.Effluent.Flow",0.00971980766286018,0.436443590892549,"3,2"
"8765","N..Eff..TSS.Conc. + Secondary.Effluent.Flow + N..Basin.Outfall + NSEC.Effluent.NO3 + NSEC.Effluent.OP + NSEC.Effluent.TSS",0.0525790043232184,0.572686586597914,"3,2"
"8766","N..Eff..TSS.Conc. + Secondary.Effluent.Flow + N..Basin.Outfall + NSEC.Effluent.NO3 + NSEC.Effluent.OP + NSEC.Effluent.NO5",0.0847919430641406,0.571454811312743,"3,2"
"8767","N..Eff..TSS.Conc. + Secondary.Effluent.Flow + N..Basin.Outfall + NSEC.Effluent.NO3 + NSEC.Effluent.OP + NSEC.Effluent.Flow",0.137161421494471,0.646208351422869,"3,2"
"8768","N..Eff..TSS.Conc. + Secondary.Effluent.Flow + N..Basin.Outfall + NSEC.Effluent.NO3 + NSEC.Effluent.TSS + NSEC.Effluent.NO5",0.0529940697822533,0.465000822717606,"3,2"
"8769","N..Eff..TSS.Conc. + Secondary.Effluent.Flow + N..Basin.Outfall + NSEC.Effluent.NO3 + NSEC.Effluent.TSS + NSEC.Effluent.Flow",0.0267430436914069,0.316981755839114,"3,2"
"8770","N..Eff..TSS.Conc. + Secondary.Effluent.Flow + N..Basin.Outfall + NSEC.Effluent.NO3 + NSEC.Effluent.NO5 + NSEC.Effluent.Flow",0.0781503899479428,0.538656431388484,"3,2"
"8771","N..Eff..TSS.Conc. + Secondary.Effluent.Flow + N..Basin.Outfall + NSEC.Effluent.OP + NSEC.Effluent.TSS + NSEC.Effluent.NO5",0.0131133557706193,0.555793665449839,"3,2"
"8772","N..Eff..TSS.Conc. + Secondary.Effluent.Flow + N..Basin.Outfall + NSEC.Effluent.OP + NSEC.Effluent.TSS + NSEC.Effluent.Flow",0.093484185631179,0.543085377228139,"3,2"
"8773","N..Eff..TSS.Conc. + Secondary.Effluent.Flow + N..Basin.Outfall + NSEC.Effluent.OP + NSEC.Effluent.NO5 + NSEC.Effluent.Flow",0.0810921382087335,0.602302328100724,"3,2"
"8774","N..Eff..TSS.Conc. + Secondary.Effluent.Flow + N..Basin.Outfall + NSEC.Effluent.TSS + NSEC.Effluent.NO5 + NSEC.Effluent.Flow",0.0287332793773625,0.506257655785646,"3,2"
"8775","N..Eff..TSS.Conc. + Secondary.Effluent.Flow + CODto..mg.L. + TSS..mg.L. + UVT.... + CODds..mg.L.",0.147837551671759,0.576325355702186,"3,2"
"8776","N..Eff..TSS.Conc. + Secondary.Effluent.Flow + CODto..mg.L. + TSS..mg.L. + UVT.... + SACto..1.m.",0.251110139614622,0.689335543133606,"3,2"
"8777","N..Eff..TSS.Conc. + Secondary.Effluent.Flow + CODto..mg.L. + TSS..mg.L. + UVT.... + NSEC.Aerobic.SRT",0.17323808405851,0.707732508295603,"3,2"
"8778","N..Eff..TSS.Conc. + Secondary.Effluent.Flow + CODto..mg.L. + TSS..mg.L. + UVT.... + NSEC.Effluent.NH3",0.210355283714353,0.715496389749368,"3,2"
"8779","N..Eff..TSS.Conc. + Secondary.Effluent.Flow + CODto..mg.L. + TSS..mg.L. + UVT.... + NSEC.Effluent.NO3",0.207878518566878,0.765278070322683,"3,2"
"8780","N..Eff..TSS.Conc. + Secondary.Effluent.Flow + CODto..mg.L. + TSS..mg.L. + UVT.... + NSEC.Effluent.OP",0.260779110520339,0.714002132903114,"3,2"
"8781","N..Eff..TSS.Conc. + Secondary.Effluent.Flow + CODto..mg.L. + TSS..mg.L. + UVT.... + NSEC.Effluent.TSS",0.0876816019178088,0.597657640274469,"3,2"
"8782","N..Eff..TSS.Conc. + Secondary.Effluent.Flow + CODto..mg.L. + TSS..mg.L. + UVT.... + NSEC.Effluent.NO5",0.064752021844696,0.728801625523705,"3,2"
"8783","N..Eff..TSS.Conc. + Secondary.Effluent.Flow + CODto..mg.L. + TSS..mg.L. + UVT.... + NSEC.Effluent.Flow",0.290810747452124,0.69890492952485,"3,2"
"8784","N..Eff..TSS.Conc. + Secondary.Effluent.Flow + CODto..mg.L. + TSS..mg.L. + CODds..mg.L. + SACto..1.m.",0.215376953761758,0.699291392114031,"3,2"
"8785","N..Eff..TSS.Conc. + Secondary.Effluent.Flow + CODto..mg.L. + TSS..mg.L. + CODds..mg.L. + NSEC.Aerobic.SRT",0.0432171219423338,0.800464468411392,"3,2"
"8786","N..Eff..TSS.Conc. + Secondary.Effluent.Flow + CODto..mg.L. + TSS..mg.L. + CODds..mg.L. + NSEC.Effluent.NH3",0.144752944315363,0.748070985168411,"3,2"
"8787","N..Eff..TSS.Conc. + Secondary.Effluent.Flow + CODto..mg.L. + TSS..mg.L. + CODds..mg.L. + NSEC.Effluent.NO3",0.196172165969538,0.705072989581566,"3,2"
"8788","N..Eff..TSS.Conc. + Secondary.Effluent.Flow + CODto..mg.L. + TSS..mg.L. + CODds..mg.L. + NSEC.Effluent.OP",0.210263912396872,0.699846081282704,"3,2"
"8789","N..Eff..TSS.Conc. + Secondary.Effluent.Flow + CODto..mg.L. + TSS..mg.L. + CODds..mg.L. + NSEC.Effluent.TSS",0.0230260384583121,0.762231250015973,"3,2"
"8790","N..Eff..TSS.Conc. + Secondary.Effluent.Flow + CODto..mg.L. + TSS..mg.L. + CODds..mg.L. + NSEC.Effluent.NO5",0.204441831329552,0.65221734179773,"3,2"
"8791","N..Eff..TSS.Conc. + Secondary.Effluent.Flow + CODto..mg.L. + TSS..mg.L. + CODds..mg.L. + NSEC.Effluent.Flow",0.220405791544094,0.752885722191377,"3,2"
"8792","N..Eff..TSS.Conc. + Secondary.Effluent.Flow + CODto..mg.L. + TSS..mg.L. + SACto..1.m. + NSEC.Aerobic.SRT",0.152443032161424,0.7825797528181,"3,2"
"8793","N..Eff..TSS.Conc. + Secondary.Effluent.Flow + CODto..mg.L. + TSS..mg.L. + SACto..1.m. + NSEC.Effluent.NH3",0.16480621461021,0.667491202910397,"3,2"
"8794","N..Eff..TSS.Conc. + Secondary.Effluent.Flow + CODto..mg.L. + TSS..mg.L. + SACto..1.m. + NSEC.Effluent.NO3",0.192359234882708,0.76444853784482,"3,2"
"8795","N..Eff..TSS.Conc. + Secondary.Effluent.Flow + CODto..mg.L. + TSS..mg.L. + SACto..1.m. + NSEC.Effluent.OP",0.215271545263073,0.766263525881622,"3,2"
"8796","N..Eff..TSS.Conc. + Secondary.Effluent.Flow + CODto..mg.L. + TSS..mg.L. + SACto..1.m. + NSEC.Effluent.TSS",0.0572386248516656,0.596050681740741,"3,2"
"8797","N..Eff..TSS.Conc. + Secondary.Effluent.Flow + CODto..mg.L. + TSS..mg.L. + SACto..1.m. + NSEC.Effluent.NO5",0.0800141935622087,0.651803765964172,"3,2"
"8798","N..Eff..TSS.Conc. + Secondary.Effluent.Flow + CODto..mg.L. + TSS..mg.L. + SACto..1.m. + NSEC.Effluent.Flow",0.123654528474957,0.716181967370388,"3,2"
"8799","N..Eff..TSS.Conc. + Secondary.Effluent.Flow + CODto..mg.L. + TSS..mg.L. + NSEC.Aerobic.SRT + NSEC.Effluent.NH3",0.0738650511648236,0.609001847345128,"3,2"
"8800","N..Eff..TSS.Conc. + Secondary.Effluent.Flow + CODto..mg.L. + TSS..mg.L. + NSEC.Aerobic.SRT + NSEC.Effluent.NO3",0.0147573560613146,0.454733317661642,"3,2"
"8801","N..Eff..TSS.Conc. + Secondary.Effluent.Flow + CODto..mg.L. + TSS..mg.L. + NSEC.Aerobic.SRT + NSEC.Effluent.OP",0.0627296400962238,0.798899814641583,"3,2"
"8802","N..Eff..TSS.Conc. + Secondary.Effluent.Flow + CODto..mg.L. + TSS..mg.L. + NSEC.Aerobic.SRT + NSEC.Effluent.TSS",0.082677149439486,0.807365742781653,"3,2"
"8803","N..Eff..TSS.Conc. + Secondary.Effluent.Flow + CODto..mg.L. + TSS..mg.L. + NSEC.Aerobic.SRT + NSEC.Effluent.NO5",0.0319603790284702,0.716397928572765,"3,2"
"8804","N..Eff..TSS.Conc. + Secondary.Effluent.Flow + CODto..mg.L. + TSS..mg.L. + NSEC.Aerobic.SRT + NSEC.Effluent.Flow",0.121813049468328,0.79623356298678,"3,2"
"8805","N..Eff..TSS.Conc. + Secondary.Effluent.Flow + CODto..mg.L. + TSS..mg.L. + NSEC.Effluent.NH3 + NSEC.Effluent.NO3",0.339920341146984,0.766332718028631,"3,2"
"8806","N..Eff..TSS.Conc. + Secondary.Effluent.Flow + CODto..mg.L. + TSS..mg.L. + NSEC.Effluent.NH3 + NSEC.Effluent.OP",0.256249477309343,0.782494053981461,"3,2"
"8807","N..Eff..TSS.Conc. + Secondary.Effluent.Flow + CODto..mg.L. + TSS..mg.L. + NSEC.Effluent.NH3 + NSEC.Effluent.TSS",0.323324300042292,0.718069080126645,"3,2"
"8808","N..Eff..TSS.Conc. + Secondary.Effluent.Flow + CODto..mg.L. + TSS..mg.L. + NSEC.Effluent.NH3 + NSEC.Effluent.NO5",0.291191879261421,0.72321260857196,"3,2"
"8809","N..Eff..TSS.Conc. + Secondary.Effluent.Flow + CODto..mg.L. + TSS..mg.L. + NSEC.Effluent.NH3 + NSEC.Effluent.Flow",0.353570888153808,0.72293714106301,"3,2"
"8810","N..Eff..TSS.Conc. + Secondary.Effluent.Flow + CODto..mg.L. + TSS..mg.L. + NSEC.Effluent.NO3 + NSEC.Effluent.OP",0.255289007143654,0.741254791466643,"3,2"
"8811","N..Eff..TSS.Conc. + Secondary.Effluent.Flow + CODto..mg.L. + TSS..mg.L. + NSEC.Effluent.NO3 + NSEC.Effluent.TSS",0.0925561294491297,0.68056772257472,"3,2"
"8812","N..Eff..TSS.Conc. + Secondary.Effluent.Flow + CODto..mg.L. + TSS..mg.L. + NSEC.Effluent.NO3 + NSEC.Effluent.NO5",0.146415924783318,0.722270065168706,"3,2"
"8813","N..Eff..TSS.Conc. + Secondary.Effluent.Flow + CODto..mg.L. + TSS..mg.L. + NSEC.Effluent.NO3 + NSEC.Effluent.Flow",0.319387076098498,0.712676856638953,"3,2"
"8814","N..Eff..TSS.Conc. + Secondary.Effluent.Flow + CODto..mg.L. + TSS..mg.L. + NSEC.Effluent.OP + NSEC.Effluent.TSS",0.247373185732663,0.734444967931447,"3,2"
"8815","N..Eff..TSS.Conc. + Secondary.Effluent.Flow + CODto..mg.L. + TSS..mg.L. + NSEC.Effluent.OP + NSEC.Effluent.NO5",0.16403031838486,0.697215595649327,"3,2"
"8816","N..Eff..TSS.Conc. + Secondary.Effluent.Flow + CODto..mg.L. + TSS..mg.L. + NSEC.Effluent.OP + NSEC.Effluent.Flow",0.24930558880896,0.743826793220163,"3,2"
"8817","N..Eff..TSS.Conc. + Secondary.Effluent.Flow + CODto..mg.L. + TSS..mg.L. + NSEC.Effluent.TSS + NSEC.Effluent.NO5",0.278973884632915,0.699458752606141,"3,2"
"8818","N..Eff..TSS.Conc. + Secondary.Effluent.Flow + CODto..mg.L. + TSS..mg.L. + NSEC.Effluent.TSS + NSEC.Effluent.Flow",0.23687145035283,0.682171537911953,"3,2"
"8819","N..Eff..TSS.Conc. + Secondary.Effluent.Flow + CODto..mg.L. + TSS..mg.L. + NSEC.Effluent.NO5 + NSEC.Effluent.Flow",0.283018559768515,0.718720861170855,"3,2"
"8820","N..Eff..TSS.Conc. + Secondary.Effluent.Flow + CODto..mg.L. + UVT.... + CODds..mg.L. + SACto..1.m.",0.0222536177585573,0.703625475313408,"3,2"
"8821","N..Eff..TSS.Conc. + Secondary.Effluent.Flow + CODto..mg.L. + UVT.... + CODds..mg.L. + NSEC.Aerobic.SRT",0.00125537752125693,0.810735756933415,"3,2"
"8822","N..Eff..TSS.Conc. + Secondary.Effluent.Flow + CODto..mg.L. + UVT.... + CODds..mg.L. + NSEC.Effluent.NH3",0.250780703187151,0.672906499394148,"3,2"
"8823","N..Eff..TSS.Conc. + Secondary.Effluent.Flow + CODto..mg.L. + UVT.... + CODds..mg.L. + NSEC.Effluent.NO3",0.219070679193879,0.681120306008461,"3,2"
"8824","N..Eff..TSS.Conc. + Secondary.Effluent.Flow + CODto..mg.L. + UVT.... + CODds..mg.L. + NSEC.Effluent.OP",0.220061262123616,0.733351787854745,"3,2"
"8825","N..Eff..TSS.Conc. + Secondary.Effluent.Flow + CODto..mg.L. + UVT.... + CODds..mg.L. + NSEC.Effluent.TSS",0.208378610063908,0.613784876235529,"3,2"
"8826","N..Eff..TSS.Conc. + Secondary.Effluent.Flow + CODto..mg.L. + UVT.... + CODds..mg.L. + NSEC.Effluent.NO5",0.119798065770876,0.758587317334953,"3,2"
"8827","N..Eff..TSS.Conc. + Secondary.Effluent.Flow + CODto..mg.L. + UVT.... + CODds..mg.L. + NSEC.Effluent.Flow",0.159758069627229,0.706453383680698,"3,2"
"8828","N..Eff..TSS.Conc. + Secondary.Effluent.Flow + CODto..mg.L. + UVT.... + SACto..1.m. + NSEC.Aerobic.SRT",0.147689120348561,0.813536338264274,"3,2"
"8829","N..Eff..TSS.Conc. + Secondary.Effluent.Flow + CODto..mg.L. + UVT.... + SACto..1.m. + NSEC.Effluent.NH3",0.00513067263953704,0.62486604878536,"3,2"
"8830","N..Eff..TSS.Conc. + Secondary.Effluent.Flow + CODto..mg.L. + UVT.... + SACto..1.m. + NSEC.Effluent.NO3",0.262889508903535,0.63830143358347,"3,2"
"8831","N..Eff..TSS.Conc. + Secondary.Effluent.Flow + CODto..mg.L. + UVT.... + SACto..1.m. + NSEC.Effluent.OP",0.216906563454551,0.730786861521612,"3,2"
"8832","N..Eff..TSS.Conc. + Secondary.Effluent.Flow + CODto..mg.L. + UVT.... + SACto..1.m. + NSEC.Effluent.TSS",0.0695885941567447,0.537223838742273,"3,2"
"8833","N..Eff..TSS.Conc. + Secondary.Effluent.Flow + CODto..mg.L. + UVT.... + SACto..1.m. + NSEC.Effluent.NO5",0.0666826173585471,0.547619098694208,"3,2"
"8834","N..Eff..TSS.Conc. + Secondary.Effluent.Flow + CODto..mg.L. + UVT.... + SACto..1.m. + NSEC.Effluent.Flow",0.229995262375303,0.623581052824817,"3,2"
"8835","N..Eff..TSS.Conc. + Secondary.Effluent.Flow + CODto..mg.L. + UVT.... + NSEC.Aerobic.SRT + NSEC.Effluent.NH3",0.0426386554694962,0.730982225482735,"3,2"
"8836","N..Eff..TSS.Conc. + Secondary.Effluent.Flow + CODto..mg.L. + UVT.... + NSEC.Aerobic.SRT + NSEC.Effluent.NO3",0.00411436544709409,0.448514990908359,"3,2"
"8837","N..Eff..TSS.Conc. + Secondary.Effluent.Flow + CODto..mg.L. + UVT.... + NSEC.Aerobic.SRT + NSEC.Effluent.OP",0.0634629517976579,0.709854812862781,"3,2"
"8838","N..Eff..TSS.Conc. + Secondary.Effluent.Flow + CODto..mg.L. + UVT.... + NSEC.Aerobic.SRT + NSEC.Effluent.TSS",0.2860964151192,0.738549328419299,"3,2"
"8839","N..Eff..TSS.Conc. + Secondary.Effluent.Flow + CODto..mg.L. + UVT.... + NSEC.Aerobic.SRT + NSEC.Effluent.NO5",0.192958254012677,0.0340092232592883,"3,2"
"8840","N..Eff..TSS.Conc. + Secondary.Effluent.Flow + CODto..mg.L. + UVT.... + NSEC.Aerobic.SRT + NSEC.Effluent.Flow",0.194830277689831,0.784771547879383,"3,2"
"8841","N..Eff..TSS.Conc. + Secondary.Effluent.Flow + CODto..mg.L. + UVT.... + NSEC.Effluent.NH3 + NSEC.Effluent.NO3",0.00115914715245902,0.561726065686897,"3,2"
"8842","N..Eff..TSS.Conc. + Secondary.Effluent.Flow + CODto..mg.L. + UVT.... + NSEC.Effluent.NH3 + NSEC.Effluent.OP",0.596135405907352,0.800432620459277,"3,2"
"8843","N..Eff..TSS.Conc. + Secondary.Effluent.Flow + CODto..mg.L. + UVT.... + NSEC.Effluent.NH3 + NSEC.Effluent.TSS",0.210872665887983,0.636068544601833,"3,2"
"8844","N..Eff..TSS.Conc. + Secondary.Effluent.Flow + CODto..mg.L. + UVT.... + NSEC.Effluent.NH3 + NSEC.Effluent.NO5",0.137595857390729,0.631412342746163,"3,2"
"8845","N..Eff..TSS.Conc. + Secondary.Effluent.Flow + CODto..mg.L. + UVT.... + NSEC.Effluent.NH3 + NSEC.Effluent.Flow",0.00649315812183815,0.606348942673656,"3,2"
"8846","N..Eff..TSS.Conc. + Secondary.Effluent.Flow + CODto..mg.L. + UVT.... + NSEC.Effluent.NO3 + NSEC.Effluent.OP",0.2037453308207,0.699242689439783,"3,2"
"8847","N..Eff..TSS.Conc. + Secondary.Effluent.Flow + CODto..mg.L. + UVT.... + NSEC.Effluent.NO3 + NSEC.Effluent.TSS",0.112507037297817,0.57020334643762,"3,2"
"8848","N..Eff..TSS.Conc. + Secondary.Effluent.Flow + CODto..mg.L. + UVT.... + NSEC.Effluent.NO3 + NSEC.Effluent.NO5",0.0556134965480291,0.637461233594633,"3,2"
"8849","N..Eff..TSS.Conc. + Secondary.Effluent.Flow + CODto..mg.L. + UVT.... + NSEC.Effluent.NO3 + NSEC.Effluent.Flow",0.147214389971285,0.596805420877186,"3,2"
"8850","N..Eff..TSS.Conc. + Secondary.Effluent.Flow + CODto..mg.L. + UVT.... + NSEC.Effluent.OP + NSEC.Effluent.TSS",0.132839121145376,0.714779216834734,"3,2"
"8851","N..Eff..TSS.Conc. + Secondary.Effluent.Flow + CODto..mg.L. + UVT.... + NSEC.Effluent.OP + NSEC.Effluent.NO5",0.234245984468461,0.780270687790445,"3,2"
"8852","N..Eff..TSS.Conc. + Secondary.Effluent.Flow + CODto..mg.L. + UVT.... + NSEC.Effluent.OP + NSEC.Effluent.Flow",0.0854533341928829,0.713227722465182,"3,2"
"8853","N..Eff..TSS.Conc. + Secondary.Effluent.Flow + CODto..mg.L. + UVT.... + NSEC.Effluent.TSS + NSEC.Effluent.NO5",0.203604832006975,0.671212219198979,"3,2"
"8854","N..Eff..TSS.Conc. + Secondary.Effluent.Flow + CODto..mg.L. + UVT.... + NSEC.Effluent.TSS + NSEC.Effluent.Flow",0.0995109877654818,0.619963246722603,"3,2"
"8855","N..Eff..TSS.Conc. + Secondary.Effluent.Flow + CODto..mg.L. + UVT.... + NSEC.Effluent.NO5 + NSEC.Effluent.Flow",0.200807634552085,0.652988886095687,"3,2"
"8856","N..Eff..TSS.Conc. + Secondary.Effluent.Flow + CODto..mg.L. + CODds..mg.L. + SACto..1.m. + NSEC.Aerobic.SRT",0.0671858139389152,0.830807873926002,"3,2"
"8857","N..Eff..TSS.Conc. + Secondary.Effluent.Flow + CODto..mg.L. + CODds..mg.L. + SACto..1.m. + NSEC.Effluent.NH3",0.219655087415823,0.700546644059355,"3,2"
"8858","N..Eff..TSS.Conc. + Secondary.Effluent.Flow + CODto..mg.L. + CODds..mg.L. + SACto..1.m. + NSEC.Effluent.NO3",0.229611454683705,0.683026732734701,"3,2"
"8859","N..Eff..TSS.Conc. + Secondary.Effluent.Flow + CODto..mg.L. + CODds..mg.L. + SACto..1.m. + NSEC.Effluent.OP",0.165281552996603,0.748949623715502,"3,2"
"8860","N..Eff..TSS.Conc. + Secondary.Effluent.Flow + CODto..mg.L. + CODds..mg.L. + SACto..1.m. + NSEC.Effluent.TSS",0.111182281108821,0.577094601402189,"3,2"
"8861","N..Eff..TSS.Conc. + Secondary.Effluent.Flow + CODto..mg.L. + CODds..mg.L. + SACto..1.m. + NSEC.Effluent.NO5",0.161974768508745,0.716612358855403,"3,2"
"8862","N..Eff..TSS.Conc. + Secondary.Effluent.Flow + CODto..mg.L. + CODds..mg.L. + SACto..1.m. + NSEC.Effluent.Flow",0.16514016608812,0.704889134668947,"3,2"
"8863","N..Eff..TSS.Conc. + Secondary.Effluent.Flow + CODto..mg.L. + CODds..mg.L. + NSEC.Aerobic.SRT + NSEC.Effluent.NH3",0.0245667683369655,0.803974966500289,"3,2"
"8864","N..Eff..TSS.Conc. + Secondary.Effluent.Flow + CODto..mg.L. + CODds..mg.L. + NSEC.Aerobic.SRT + NSEC.Effluent.NO3",0.121083821331219,0.782584550880623,"3,2"
"8865","N..Eff..TSS.Conc. + Secondary.Effluent.Flow + CODto..mg.L. + CODds..mg.L. + NSEC.Aerobic.SRT + NSEC.Effluent.OP",0.23889548218404,0.785912341108114,"3,2"
"8866","N..Eff..TSS.Conc. + Secondary.Effluent.Flow + CODto..mg.L. + CODds..mg.L. + NSEC.Aerobic.SRT + NSEC.Effluent.TSS",0.118793963094506,0.805754161940933,"3,2"
"8867","N..Eff..TSS.Conc. + Secondary.Effluent.Flow + CODto..mg.L. + CODds..mg.L. + NSEC.Aerobic.SRT + NSEC.Effluent.NO5",0.093041748277487,0.816168780427552,"3,2"
"8868","N..Eff..TSS.Conc. + Secondary.Effluent.Flow + CODto..mg.L. + CODds..mg.L. + NSEC.Aerobic.SRT + NSEC.Effluent.Flow",0.143698652823309,0.808643291041179,"3,2"
"8869","N..Eff..TSS.Conc. + Secondary.Effluent.Flow + CODto..mg.L. + CODds..mg.L. + NSEC.Effluent.NH3 + NSEC.Effluent.NO3",0.285440023416168,0.690878426020751,"3,2"
"8870","N..Eff..TSS.Conc. + Secondary.Effluent.Flow + CODto..mg.L. + CODds..mg.L. + NSEC.Effluent.NH3 + NSEC.Effluent.OP",0.173694029592274,0.689683776142658,"3,2"
"8871","N..Eff..TSS.Conc. + Secondary.Effluent.Flow + CODto..mg.L. + CODds..mg.L. + NSEC.Effluent.NH3 + NSEC.Effluent.TSS",0.203258100523542,0.631105431271683,"3,2"
"8872","N..Eff..TSS.Conc. + Secondary.Effluent.Flow + CODto..mg.L. + CODds..mg.L. + NSEC.Effluent.NH3 + NSEC.Effluent.NO5",0.258910816922803,0.705481790553819,"3,2"
"8873","N..Eff..TSS.Conc. + Secondary.Effluent.Flow + CODto..mg.L. + CODds..mg.L. + NSEC.Effluent.NH3 + NSEC.Effluent.Flow",0.122318528961099,0.597107138993262,"3,2"
"8874","N..Eff..TSS.Conc. + Secondary.Effluent.Flow + CODto..mg.L. + CODds..mg.L. + NSEC.Effluent.NO3 + NSEC.Effluent.OP",0.0555294444647574,0.585775927789588,"3,2"
"8875","N..Eff..TSS.Conc. + Secondary.Effluent.Flow + CODto..mg.L. + CODds..mg.L. + NSEC.Effluent.NO3 + NSEC.Effluent.TSS",0.192168664879448,0.737577079676368,"3,2"
"8876","N..Eff..TSS.Conc. + Secondary.Effluent.Flow + CODto..mg.L. + CODds..mg.L. + NSEC.Effluent.NO3 + NSEC.Effluent.NO5",0.268194130374953,0.64673858948209,"3,2"
"8877","N..Eff..TSS.Conc. + Secondary.Effluent.Flow + CODto..mg.L. + CODds..mg.L. + NSEC.Effluent.NO3 + NSEC.Effluent.Flow",0.20308991714526,0.638151971499181,"3,2"
"8878","N..Eff..TSS.Conc. + Secondary.Effluent.Flow + CODto..mg.L. + CODds..mg.L. + NSEC.Effluent.OP + NSEC.Effluent.TSS",0.0398114497191666,0.631656811082249,"3,2"
"8879","N..Eff..TSS.Conc. + Secondary.Effluent.Flow + CODto..mg.L. + CODds..mg.L. + NSEC.Effluent.OP + NSEC.Effluent.NO5",0.188389658266538,0.689369825895084,"3,2"
"8880","N..Eff..TSS.Conc. + Secondary.Effluent.Flow + CODto..mg.L. + CODds..mg.L. + NSEC.Effluent.OP + NSEC.Effluent.Flow",0.0283666365678044,0.640005467013823,"3,2"
"8881","N..Eff..TSS.Conc. + Secondary.Effluent.Flow + CODto..mg.L. + CODds..mg.L. + NSEC.Effluent.TSS + NSEC.Effluent.NO5",0.27202396000943,0.69879583355899,"3,2"
"8882","N..Eff..TSS.Conc. + Secondary.Effluent.Flow + CODto..mg.L. + CODds..mg.L. + NSEC.Effluent.TSS + NSEC.Effluent.Flow",0.247541241321177,0.70465592514793,"3,2"
"8883","N..Eff..TSS.Conc. + Secondary.Effluent.Flow + CODto..mg.L. + CODds..mg.L. + NSEC.Effluent.NO5 + NSEC.Effluent.Flow",0.205962702839493,0.726877858599356,"3,2"
"8884","N..Eff..TSS.Conc. + Secondary.Effluent.Flow + CODto..mg.L. + SACto..1.m. + NSEC.Aerobic.SRT + NSEC.Effluent.NH3",0.175324718009244,0.787662329095953,"3,2"
"8885","N..Eff..TSS.Conc. + Secondary.Effluent.Flow + CODto..mg.L. + SACto..1.m. + NSEC.Aerobic.SRT + NSEC.Effluent.NO3",0.0781647989350454,0.583120699340756,"3,2"
"8886","N..Eff..TSS.Conc. + Secondary.Effluent.Flow + CODto..mg.L. + SACto..1.m. + NSEC.Aerobic.SRT + NSEC.Effluent.OP",0.000672466543959693,0.76813766738361,"3,2"
"8887","N..Eff..TSS.Conc. + Secondary.Effluent.Flow + CODto..mg.L. + SACto..1.m. + NSEC.Aerobic.SRT + NSEC.Effluent.TSS",0.0813132835372556,0.640988140314913,"3,2"
"8888","N..Eff..TSS.Conc. + Secondary.Effluent.Flow + CODto..mg.L. + SACto..1.m. + NSEC.Aerobic.SRT + NSEC.Effluent.NO5",0.192180339295719,0.00137234201922205,"3,2"
"8889","N..Eff..TSS.Conc. + Secondary.Effluent.Flow + CODto..mg.L. + SACto..1.m. + NSEC.Aerobic.SRT + NSEC.Effluent.Flow",0.0710174356490221,0.554735175760361,"3,2"
"8890","N..Eff..TSS.Conc. + Secondary.Effluent.Flow + CODto..mg.L. + SACto..1.m. + NSEC.Effluent.NH3 + NSEC.Effluent.NO3",0.244279053271836,0.646575529294211,"3,2"
"8891","N..Eff..TSS.Conc. + Secondary.Effluent.Flow + CODto..mg.L. + SACto..1.m. + NSEC.Effluent.NH3 + NSEC.Effluent.OP",0.242042393563636,0.748546257156795,"3,2"
"8892","N..Eff..TSS.Conc. + Secondary.Effluent.Flow + CODto..mg.L. + SACto..1.m. + NSEC.Effluent.NH3 + NSEC.Effluent.TSS",0.165118642720251,0.618951771143393,"3,2"
"8893","N..Eff..TSS.Conc. + Secondary.Effluent.Flow + CODto..mg.L. + SACto..1.m. + NSEC.Effluent.NH3 + NSEC.Effluent.NO5",0.332866974039475,0.688943783813961,"3,2"
"8894","N..Eff..TSS.Conc. + Secondary.Effluent.Flow + CODto..mg.L. + SACto..1.m. + NSEC.Effluent.NH3 + NSEC.Effluent.Flow",0.150159671127982,0.606211979092326,"3,2"
"8895","N..Eff..TSS.Conc. + Secondary.Effluent.Flow + CODto..mg.L. + SACto..1.m. + NSEC.Effluent.NO3 + NSEC.Effluent.OP",0.170798089525567,0.690041629180947,"3,2"
"8896","N..Eff..TSS.Conc. + Secondary.Effluent.Flow + CODto..mg.L. + SACto..1.m. + NSEC.Effluent.NO3 + NSEC.Effluent.TSS",0.152824079297019,0.627416115233045,"3,2"
"8897","N..Eff..TSS.Conc. + Secondary.Effluent.Flow + CODto..mg.L. + SACto..1.m. + NSEC.Effluent.NO3 + NSEC.Effluent.NO5",0.144892021931299,0.591053212727053,"3,2"
"8898","N..Eff..TSS.Conc. + Secondary.Effluent.Flow + CODto..mg.L. + SACto..1.m. + NSEC.Effluent.NO3 + NSEC.Effluent.Flow",0.180792308045785,0.723643656054625,"3,2"
"8899","N..Eff..TSS.Conc. + Secondary.Effluent.Flow + CODto..mg.L. + SACto..1.m. + NSEC.Effluent.OP + NSEC.Effluent.TSS",0.161041665357894,0.759761376583542,"3,2"
"8900","N..Eff..TSS.Conc. + Secondary.Effluent.Flow + CODto..mg.L. + SACto..1.m. + NSEC.Effluent.OP + NSEC.Effluent.NO5",0.14631623358985,0.71483796497747,"3,2"
"8901","N..Eff..TSS.Conc. + Secondary.Effluent.Flow + CODto..mg.L. + SACto..1.m. + NSEC.Effluent.OP + NSEC.Effluent.Flow",0.10053613888532,0.701564025952533,"3,2"
"8902","N..Eff..TSS.Conc. + Secondary.Effluent.Flow + CODto..mg.L. + SACto..1.m. + NSEC.Effluent.TSS + NSEC.Effluent.NO5",0.214450816452644,0.712236044890286,"3,2"
"8903","N..Eff..TSS.Conc. + Secondary.Effluent.Flow + CODto..mg.L. + SACto..1.m. + NSEC.Effluent.TSS + NSEC.Effluent.Flow",0.270008247062343,0.665330821916043,"3,2"
"8904","N..Eff..TSS.Conc. + Secondary.Effluent.Flow + CODto..mg.L. + SACto..1.m. + NSEC.Effluent.NO5 + NSEC.Effluent.Flow",0.0652540348882764,0.540425533822502,"3,2"
"8905","N..Eff..TSS.Conc. + Secondary.Effluent.Flow + CODto..mg.L. + NSEC.Aerobic.SRT + NSEC.Effluent.NH3 + NSEC.Effluent.NO3",0.00401200938745139,0.76169072344385,"3,2"
"8906","N..Eff..TSS.Conc. + Secondary.Effluent.Flow + CODto..mg.L. + NSEC.Aerobic.SRT + NSEC.Effluent.NH3 + NSEC.Effluent.OP",0.0882325896199116,0.779719407112847,"3,2"
"8907","N..Eff..TSS.Conc. + Secondary.Effluent.Flow + CODto..mg.L. + NSEC.Aerobic.SRT + NSEC.Effluent.NH3 + NSEC.Effluent.TSS",0.234737022228983,0.756051033941208,"3,2"
"8908","N..Eff..TSS.Conc. + Secondary.Effluent.Flow + CODto..mg.L. + NSEC.Aerobic.SRT + NSEC.Effluent.NH3 + NSEC.Effluent.NO5",0.0509837527680963,0.670000727622784,"3,2"
"8909","N..Eff..TSS.Conc. + Secondary.Effluent.Flow + CODto..mg.L. + NSEC.Aerobic.SRT + NSEC.Effluent.NH3 + NSEC.Effluent.Flow",0.017203626868449,0.41133399895646,"3,2"
"8910","N..Eff..TSS.Conc. + Secondary.Effluent.Flow + CODto..mg.L. + NSEC.Aerobic.SRT + NSEC.Effluent.NO3 + NSEC.Effluent.OP",0.105143547632065,0.745688479737072,"3,2"
"8911","N..Eff..TSS.Conc. + Secondary.Effluent.Flow + CODto..mg.L. + NSEC.Aerobic.SRT + NSEC.Effluent.NO3 + NSEC.Effluent.TSS",0.091511771880473,0.767202685969079,"3,2"
"8912","N..Eff..TSS.Conc. + Secondary.Effluent.Flow + CODto..mg.L. + NSEC.Aerobic.SRT + NSEC.Effluent.NO3 + NSEC.Effluent.NO5",0.00656237323356046,0.458405422135118,"3,2"
"8913","N..Eff..TSS.Conc. + Secondary.Effluent.Flow + CODto..mg.L. + NSEC.Aerobic.SRT + NSEC.Effluent.NO3 + NSEC.Effluent.Flow",0.143704810340038,0.774814120551602,"3,2"
"8914","N..Eff..TSS.Conc. + Secondary.Effluent.Flow + CODto..mg.L. + NSEC.Aerobic.SRT + NSEC.Effluent.OP + NSEC.Effluent.TSS",0.133943864111983,0.745829206797166,"3,2"
"8915","N..Eff..TSS.Conc. + Secondary.Effluent.Flow + CODto..mg.L. + NSEC.Aerobic.SRT + NSEC.Effluent.OP + NSEC.Effluent.NO5",0.194143021901823,0.729877606313659,"3,2"
"8916","N..Eff..TSS.Conc. + Secondary.Effluent.Flow + CODto..mg.L. + NSEC.Aerobic.SRT + NSEC.Effluent.OP + NSEC.Effluent.Flow",0.0388238505294169,0.528659226887808,"3,2"
"8917","N..Eff..TSS.Conc. + Secondary.Effluent.Flow + CODto..mg.L. + NSEC.Aerobic.SRT + NSEC.Effluent.TSS + NSEC.Effluent.NO5",0.0627702950076192,0.724938745902201,"3,2"
"8918","N..Eff..TSS.Conc. + Secondary.Effluent.Flow + CODto..mg.L. + NSEC.Aerobic.SRT + NSEC.Effluent.TSS + NSEC.Effluent.Flow",0.116063219569149,0.764957177735595,"3,2"
"8919","N..Eff..TSS.Conc. + Secondary.Effluent.Flow + CODto..mg.L. + NSEC.Aerobic.SRT + NSEC.Effluent.NO5 + NSEC.Effluent.Flow",0.00497187625924012,0.446062329018655,"3,2"
"8920","N..Eff..TSS.Conc. + Secondary.Effluent.Flow + CODto..mg.L. + NSEC.Effluent.NH3 + NSEC.Effluent.NO3 + NSEC.Effluent.OP",0.121109102194158,0.578210686644143,"3,2"
"8921","N..Eff..TSS.Conc. + Secondary.Effluent.Flow + CODto..mg.L. + NSEC.Effluent.NH3 + NSEC.Effluent.NO3 + NSEC.Effluent.TSS",0.374727780305612,0.608779133056796,"3,2"
"8922","N..Eff..TSS.Conc. + Secondary.Effluent.Flow + CODto..mg.L. + NSEC.Effluent.NH3 + NSEC.Effluent.NO3 + NSEC.Effluent.NO5",0.255382870968817,0.627997655436583,"3,2"
"8923","N..Eff..TSS.Conc. + Secondary.Effluent.Flow + CODto..mg.L. + NSEC.Effluent.NH3 + NSEC.Effluent.NO3 + NSEC.Effluent.Flow",0.182504224238972,0.469354262636581,"3,2"
"8924","N..Eff..TSS.Conc. + Secondary.Effluent.Flow + CODto..mg.L. + NSEC.Effluent.NH3 + NSEC.Effluent.OP + NSEC.Effluent.TSS",0.0160186969922127,0.527085599127636,"3,2"
"8925","N..Eff..TSS.Conc. + Secondary.Effluent.Flow + CODto..mg.L. + NSEC.Effluent.NH3 + NSEC.Effluent.OP + NSEC.Effluent.NO5",0.304903338591055,0.696925874698522,"3,2"
"8926","N..Eff..TSS.Conc. + Secondary.Effluent.Flow + CODto..mg.L. + NSEC.Effluent.NH3 + NSEC.Effluent.OP + NSEC.Effluent.Flow",0.0361550261080348,0.543733390728389,"3,2"
"8927","N..Eff..TSS.Conc. + Secondary.Effluent.Flow + CODto..mg.L. + NSEC.Effluent.NH3 + NSEC.Effluent.TSS + NSEC.Effluent.NO5",0.0616304137688362,0.498962042732779,"3,2"
"8928","N..Eff..TSS.Conc. + Secondary.Effluent.Flow + CODto..mg.L. + NSEC.Effluent.NH3 + NSEC.Effluent.TSS + NSEC.Effluent.Flow",0.118179181857962,0.591369423418208,"3,2"
"8929","N..Eff..TSS.Conc. + Secondary.Effluent.Flow + CODto..mg.L. + NSEC.Effluent.NH3 + NSEC.Effluent.NO5 + NSEC.Effluent.Flow",0.27696053196666,0.61642303122464,"3,2"
"8930","N..Eff..TSS.Conc. + Secondary.Effluent.Flow + CODto..mg.L. + NSEC.Effluent.NO3 + NSEC.Effluent.OP + NSEC.Effluent.TSS",0.0695161791520802,0.568212909922323,"3,2"
"8931","N..Eff..TSS.Conc. + Secondary.Effluent.Flow + CODto..mg.L. + NSEC.Effluent.NO3 + NSEC.Effluent.OP + NSEC.Effluent.NO5",0.231291461037615,0.658133637113305,"3,2"
"8932","N..Eff..TSS.Conc. + Secondary.Effluent.Flow + CODto..mg.L. + NSEC.Effluent.NO3 + NSEC.Effluent.OP + NSEC.Effluent.Flow",0.264113956475986,0.705293184942394,"3,2"
"8933","N..Eff..TSS.Conc. + Secondary.Effluent.Flow + CODto..mg.L. + NSEC.Effluent.NO3 + NSEC.Effluent.TSS + NSEC.Effluent.NO5",0.0856860592981172,0.567589984211296,"3,2"
"8934","N..Eff..TSS.Conc. + Secondary.Effluent.Flow + CODto..mg.L. + NSEC.Effluent.NO3 + NSEC.Effluent.TSS + NSEC.Effluent.Flow",0.126140095857863,0.548586199617381,"3,2"
"8935","N..Eff..TSS.Conc. + Secondary.Effluent.Flow + CODto..mg.L. + NSEC.Effluent.NO3 + NSEC.Effluent.NO5 + NSEC.Effluent.Flow",0.0995198506162449,0.477431942257957,"3,2"
"8936","N..Eff..TSS.Conc. + Secondary.Effluent.Flow + CODto..mg.L. + NSEC.Effluent.OP + NSEC.Effluent.TSS + NSEC.Effluent.NO5",0.252585945840635,0.70363987695261,"3,2"
"8937","N..Eff..TSS.Conc. + Secondary.Effluent.Flow + CODto..mg.L. + NSEC.Effluent.OP + NSEC.Effluent.TSS + NSEC.Effluent.Flow",0.0433545780629023,0.516286521997557,"3,2"
"8938","N..Eff..TSS.Conc. + Secondary.Effluent.Flow + CODto..mg.L. + NSEC.Effluent.OP + NSEC.Effluent.NO5 + NSEC.Effluent.Flow",0.104299686521427,0.628789874575551,"3,2"
"8939","N..Eff..TSS.Conc. + Secondary.Effluent.Flow + CODto..mg.L. + NSEC.Effluent.TSS + NSEC.Effluent.NO5 + NSEC.Effluent.Flow",0.0778474941036915,0.597090091697305,"3,2"
"8940","N..Eff..TSS.Conc. + Secondary.Effluent.Flow + TSS..mg.L. + UVT.... + CODds..mg.L. + SACto..1.m.",0.0195192748588673,0.701784079754017,"3,2"
"8941","N..Eff..TSS.Conc. + Secondary.Effluent.Flow + TSS..mg.L. + UVT.... + CODds..mg.L. + NSEC.Aerobic.SRT",0.0893908500880332,0.782874094199537,"3,2"
"8942","N..Eff..TSS.Conc. + Secondary.Effluent.Flow + TSS..mg.L. + UVT.... + CODds..mg.L. + NSEC.Effluent.NH3",0.252410292886719,0.755342013758729,"3,2"
"8943","N..Eff..TSS.Conc. + Secondary.Effluent.Flow + TSS..mg.L. + UVT.... + CODds..mg.L. + NSEC.Effluent.NO3",0.220055958072664,0.73126357531774,"3,2"
"8944","N..Eff..TSS.Conc. + Secondary.Effluent.Flow + TSS..mg.L. + UVT.... + CODds..mg.L. + NSEC.Effluent.OP",0.257702518149797,0.649286148063484,"3,2"
"8945","N..Eff..TSS.Conc. + Secondary.Effluent.Flow + TSS..mg.L. + UVT.... + CODds..mg.L. + NSEC.Effluent.TSS",0.236148764439633,0.812686360984925,"3,2"
"8946","N..Eff..TSS.Conc. + Secondary.Effluent.Flow + TSS..mg.L. + UVT.... + CODds..mg.L. + NSEC.Effluent.NO5",0.091731291555158,0.737656508064154,"3,2"
"8947","N..Eff..TSS.Conc. + Secondary.Effluent.Flow + TSS..mg.L. + UVT.... + CODds..mg.L. + NSEC.Effluent.Flow",0.16880129144574,0.599174985608976,"3,2"
"8948","N..Eff..TSS.Conc. + Secondary.Effluent.Flow + TSS..mg.L. + UVT.... + SACto..1.m. + NSEC.Aerobic.SRT",0.229677695602928,0.812421623321464,"3,2"
"8949","N..Eff..TSS.Conc. + Secondary.Effluent.Flow + TSS..mg.L. + UVT.... + SACto..1.m. + NSEC.Effluent.NH3",0.268472078232156,0.700710068121108,"3,2"
"8950","N..Eff..TSS.Conc. + Secondary.Effluent.Flow + TSS..mg.L. + UVT.... + SACto..1.m. + NSEC.Effluent.NO3",0.125399808425738,0.78922599994087,"3,2"
"8951","N..Eff..TSS.Conc. + Secondary.Effluent.Flow + TSS..mg.L. + UVT.... + SACto..1.m. + NSEC.Effluent.OP",0.194841439864549,0.772011452813161,"3,2"
"8952","N..Eff..TSS.Conc. + Secondary.Effluent.Flow + TSS..mg.L. + UVT.... + SACto..1.m. + NSEC.Effluent.TSS",0.260023425313879,0.692205320101071,"3,2"
"8953","N..Eff..TSS.Conc. + Secondary.Effluent.Flow + TSS..mg.L. + UVT.... + SACto..1.m. + NSEC.Effluent.NO5",0.239617810450961,0.73926461605635,"3,2"
"8954","N..Eff..TSS.Conc. + Secondary.Effluent.Flow + TSS..mg.L. + UVT.... + SACto..1.m. + NSEC.Effluent.Flow",0.282861612788956,0.703475200317574,"3,2"
"8955","N..Eff..TSS.Conc. + Secondary.Effluent.Flow + TSS..mg.L. + UVT.... + NSEC.Aerobic.SRT + NSEC.Effluent.NH3",0.202194931454043,0.73789933692515,"3,2"
"8956","N..Eff..TSS.Conc. + Secondary.Effluent.Flow + TSS..mg.L. + UVT.... + NSEC.Aerobic.SRT + NSEC.Effluent.NO3",0.0302595806532993,0.818874027092917,"3,2"
"8957","N..Eff..TSS.Conc. + Secondary.Effluent.Flow + TSS..mg.L. + UVT.... + NSEC.Aerobic.SRT + NSEC.Effluent.OP",0.0794930089003161,0.714364317044185,"3,2"
"8958","N..Eff..TSS.Conc. + Secondary.Effluent.Flow + TSS..mg.L. + UVT.... + NSEC.Aerobic.SRT + NSEC.Effluent.TSS",0.0644018173779703,0.719778490866202,"3,2"
"8959","N..Eff..TSS.Conc. + Secondary.Effluent.Flow + TSS..mg.L. + UVT.... + NSEC.Aerobic.SRT + NSEC.Effluent.NO5",0.116477252179303,0.823173009491852,"3,2"
"8960","N..Eff..TSS.Conc. + Secondary.Effluent.Flow + TSS..mg.L. + UVT.... + NSEC.Aerobic.SRT + NSEC.Effluent.Flow",0.0190344093618564,0.803263539845376,"3,2"
"8961","N..Eff..TSS.Conc. + Secondary.Effluent.Flow + TSS..mg.L. + UVT.... + NSEC.Effluent.NH3 + NSEC.Effluent.NO3",0.309681382091041,0.676672517258294,"3,2"
"8962","N..Eff..TSS.Conc. + Secondary.Effluent.Flow + TSS..mg.L. + UVT.... + NSEC.Effluent.NH3 + NSEC.Effluent.OP",0.140298909273902,0.758097882826483,"3,2"
"8963","N..Eff..TSS.Conc. + Secondary.Effluent.Flow + TSS..mg.L. + UVT.... + NSEC.Effluent.NH3 + NSEC.Effluent.TSS",0.118538899635015,0.717833340603323,"3,2"
"8964","N..Eff..TSS.Conc. + Secondary.Effluent.Flow + TSS..mg.L. + UVT.... + NSEC.Effluent.NH3 + NSEC.Effluent.NO5",0.147902916975969,0.771121201407545,"3,2"
"8965","N..Eff..TSS.Conc. + Secondary.Effluent.Flow + TSS..mg.L. + UVT.... + NSEC.Effluent.NH3 + NSEC.Effluent.Flow",0.200523933793765,0.693578057628212,"3,2"
"8966","N..Eff..TSS.Conc. + Secondary.Effluent.Flow + TSS..mg.L. + UVT.... + NSEC.Effluent.NO3 + NSEC.Effluent.OP",0.259934472847895,0.676978750573788,"3,2"
"8967","N..Eff..TSS.Conc. + Secondary.Effluent.Flow + TSS..mg.L. + UVT.... + NSEC.Effluent.NO3 + NSEC.Effluent.TSS",0.154876843427092,0.691041359861144,"3,2"
"8968","N..Eff..TSS.Conc. + Secondary.Effluent.Flow + TSS..mg.L. + UVT.... + NSEC.Effluent.NO3 + NSEC.Effluent.NO5",0.0139815502988285,0.746074555064156,"3,2"
"8969","N..Eff..TSS.Conc. + Secondary.Effluent.Flow + TSS..mg.L. + UVT.... + NSEC.Effluent.NO3 + NSEC.Effluent.Flow",0.195074072170059,0.712728692596567,"3,2"
"8970","N..Eff..TSS.Conc. + Secondary.Effluent.Flow + TSS..mg.L. + UVT.... + NSEC.Effluent.OP + NSEC.Effluent.TSS",0.214860620110813,0.799465167889994,"3,2"
"8971","N..Eff..TSS.Conc. + Secondary.Effluent.Flow + TSS..mg.L. + UVT.... + NSEC.Effluent.OP + NSEC.Effluent.NO5",0.0817926376720792,0.724749306590895,"3,2"
"8972","N..Eff..TSS.Conc. + Secondary.Effluent.Flow + TSS..mg.L. + UVT.... + NSEC.Effluent.OP + NSEC.Effluent.Flow",0.147897582087391,0.749064968248407,"3,2"
"8973","N..Eff..TSS.Conc. + Secondary.Effluent.Flow + TSS..mg.L. + UVT.... + NSEC.Effluent.TSS + NSEC.Effluent.NO5",0.0806449125200608,0.700401118189705,"3,2"
"8974","N..Eff..TSS.Conc. + Secondary.Effluent.Flow + TSS..mg.L. + UVT.... + NSEC.Effluent.TSS + NSEC.Effluent.Flow",0.228888139378232,0.640487857234491,"3,2"
"8975","N..Eff..TSS.Conc. + Secondary.Effluent.Flow + TSS..mg.L. + UVT.... + NSEC.Effluent.NO5 + NSEC.Effluent.Flow",0.112828202393255,0.754247125934423,"3,2"
"8976","N..Eff..TSS.Conc. + Secondary.Effluent.Flow + TSS..mg.L. + CODds..mg.L. + SACto..1.m. + NSEC.Aerobic.SRT",0.0657125057411405,0.828725739971407,"3,2"
"8977","N..Eff..TSS.Conc. + Secondary.Effluent.Flow + TSS..mg.L. + CODds..mg.L. + SACto..1.m. + NSEC.Effluent.NH3",0.202465873724466,0.693152232118259,"3,2"
"8978","N..Eff..TSS.Conc. + Secondary.Effluent.Flow + TSS..mg.L. + CODds..mg.L. + SACto..1.m. + NSEC.Effluent.NO3",0.218067220024223,0.715541615202554,"3,2"
"8979","N..Eff..TSS.Conc. + Secondary.Effluent.Flow + TSS..mg.L. + CODds..mg.L. + SACto..1.m. + NSEC.Effluent.OP",0.237537355043954,0.741741699518693,"3,2"
"8980","N..Eff..TSS.Conc. + Secondary.Effluent.Flow + TSS..mg.L. + CODds..mg.L. + SACto..1.m. + NSEC.Effluent.TSS",0.213395395287856,0.738648950435494,"3,2"
"8981","N..Eff..TSS.Conc. + Secondary.Effluent.Flow + TSS..mg.L. + CODds..mg.L. + SACto..1.m. + NSEC.Effluent.NO5",0.000967859633317358,0.745169705300611,"3,2"
"8982","N..Eff..TSS.Conc. + Secondary.Effluent.Flow + TSS..mg.L. + CODds..mg.L. + SACto..1.m. + NSEC.Effluent.Flow",0.211377161163694,0.703540390298415,"3,2"
"8983","N..Eff..TSS.Conc. + Secondary.Effluent.Flow + TSS..mg.L. + CODds..mg.L. + NSEC.Aerobic.SRT + NSEC.Effluent.NH3",0.101254141207505,0.782260788139128,"3,2"
"8984","N..Eff..TSS.Conc. + Secondary.Effluent.Flow + TSS..mg.L. + CODds..mg.L. + NSEC.Aerobic.SRT + NSEC.Effluent.NO3",0.166154772233725,0.799138839285273,"3,2"
"8985","N..Eff..TSS.Conc. + Secondary.Effluent.Flow + TSS..mg.L. + CODds..mg.L. + NSEC.Aerobic.SRT + NSEC.Effluent.OP",0.355199896916738,0.814809335544567,"3,2"
"8986","N..Eff..TSS.Conc. + Secondary.Effluent.Flow + TSS..mg.L. + CODds..mg.L. + NSEC.Aerobic.SRT + NSEC.Effluent.TSS",0.0558190342845029,0.73927399704982,"3,2"
"8987","N..Eff..TSS.Conc. + Secondary.Effluent.Flow + TSS..mg.L. + CODds..mg.L. + NSEC.Aerobic.SRT + NSEC.Effluent.NO5",0.168053701537958,0.794718199729773,"3,2"
"8988","N..Eff..TSS.Conc. + Secondary.Effluent.Flow + TSS..mg.L. + CODds..mg.L. + NSEC.Aerobic.SRT + NSEC.Effluent.Flow",0.0111591219339418,0.765518967154924,"3,2"
"8989","N..Eff..TSS.Conc. + Secondary.Effluent.Flow + TSS..mg.L. + CODds..mg.L. + NSEC.Effluent.NH3 + NSEC.Effluent.NO3",0.183876296193156,0.60179286685547,"3,2"
"8990","N..Eff..TSS.Conc. + Secondary.Effluent.Flow + TSS..mg.L. + CODds..mg.L. + NSEC.Effluent.NH3 + NSEC.Effluent.OP",0.0384301903103643,0.626993701722334,"3,2"
"8991","N..Eff..TSS.Conc. + Secondary.Effluent.Flow + TSS..mg.L. + CODds..mg.L. + NSEC.Effluent.NH3 + NSEC.Effluent.TSS",0.129563935179786,0.587577952547033,"3,2"
"8992","N..Eff..TSS.Conc. + Secondary.Effluent.Flow + TSS..mg.L. + CODds..mg.L. + NSEC.Effluent.NH3 + NSEC.Effluent.NO5",0.250520743738969,0.644522876441679,"3,2"
"8993","N..Eff..TSS.Conc. + Secondary.Effluent.Flow + TSS..mg.L. + CODds..mg.L. + NSEC.Effluent.NH3 + NSEC.Effluent.Flow",0.142962110384723,0.625392429201397,"3,2"
"8994","N..Eff..TSS.Conc. + Secondary.Effluent.Flow + TSS..mg.L. + CODds..mg.L. + NSEC.Effluent.NO3 + NSEC.Effluent.OP",0.0360439553014338,0.714566117402042,"3,2"
"8995","N..Eff..TSS.Conc. + Secondary.Effluent.Flow + TSS..mg.L. + CODds..mg.L. + NSEC.Effluent.NO3 + NSEC.Effluent.TSS",0.147543855227535,0.615237025546634,"3,2"
"8996","N..Eff..TSS.Conc. + Secondary.Effluent.Flow + TSS..mg.L. + CODds..mg.L. + NSEC.Effluent.NO3 + NSEC.Effluent.NO5",0.101791676917798,0.57208427217852,"3,2"
"8997","N..Eff..TSS.Conc. + Secondary.Effluent.Flow + TSS..mg.L. + CODds..mg.L. + NSEC.Effluent.NO3 + NSEC.Effluent.Flow",0.14924447794459,0.609524208194459,"3,2"
"8998","N..Eff..TSS.Conc. + Secondary.Effluent.Flow + TSS..mg.L. + CODds..mg.L. + NSEC.Effluent.OP + NSEC.Effluent.TSS",0.0123796700917811,0.629625782559749,"3,2"
"8999","N..Eff..TSS.Conc. + Secondary.Effluent.Flow + TSS..mg.L. + CODds..mg.L. + NSEC.Effluent.OP + NSEC.Effluent.NO5",0.095491725445725,0.640764599773357,"3,2"
"9000","N..Eff..TSS.Conc. + Secondary.Effluent.Flow + TSS..mg.L. + CODds..mg.L. + NSEC.Effluent.OP + NSEC.Effluent.Flow",0.0294762136415747,0.64946280106667,"3,2"
"9001","N..Eff..TSS.Conc. + Secondary.Effluent.Flow + TSS..mg.L. + CODds..mg.L. + NSEC.Effluent.TSS + NSEC.Effluent.NO5",0.214556947259196,0.682269944175091,"3,2"
"9002","N..Eff..TSS.Conc. + Secondary.Effluent.Flow + TSS..mg.L. + CODds..mg.L. + NSEC.Effluent.TSS + NSEC.Effluent.Flow",0.159497544438027,0.586613547698002,"3,2"
"9003","N..Eff..TSS.Conc. + Secondary.Effluent.Flow + TSS..mg.L. + CODds..mg.L. + NSEC.Effluent.NO5 + NSEC.Effluent.Flow",0.229346112740719,0.647099804816756,"3,2"
"9004","N..Eff..TSS.Conc. + Secondary.Effluent.Flow + TSS..mg.L. + SACto..1.m. + NSEC.Aerobic.SRT + NSEC.Effluent.NH3",0.0657644854288795,0.801578393043185,"3,2"
"9005","N..Eff..TSS.Conc. + Secondary.Effluent.Flow + TSS..mg.L. + SACto..1.m. + NSEC.Aerobic.SRT + NSEC.Effluent.NO3",0.154443365088826,0.838196722341676,"3,2"
"9006","N..Eff..TSS.Conc. + Secondary.Effluent.Flow + TSS..mg.L. + SACto..1.m. + NSEC.Aerobic.SRT + NSEC.Effluent.OP",0.13254121381371,0.840209386036439,"3,2"
"9007","N..Eff..TSS.Conc. + Secondary.Effluent.Flow + TSS..mg.L. + SACto..1.m. + NSEC.Aerobic.SRT + NSEC.Effluent.TSS",0.193673836546446,0.000138019037856152,"3,2"
"9008","N..Eff..TSS.Conc. + Secondary.Effluent.Flow + TSS..mg.L. + SACto..1.m. + NSEC.Aerobic.SRT + NSEC.Effluent.NO5",0.0134135007641611,0.811325479357571,"3,2"
"9009","N..Eff..TSS.Conc. + Secondary.Effluent.Flow + TSS..mg.L. + SACto..1.m. + NSEC.Aerobic.SRT + NSEC.Effluent.Flow",0.105452591150534,0.774556625452651,"3,2"
"9010","N..Eff..TSS.Conc. + Secondary.Effluent.Flow + TSS..mg.L. + SACto..1.m. + NSEC.Effluent.NH3 + NSEC.Effluent.NO3",0.211890906147646,0.718134962170969,"3,2"
"9011","N..Eff..TSS.Conc. + Secondary.Effluent.Flow + TSS..mg.L. + SACto..1.m. + NSEC.Effluent.NH3 + NSEC.Effluent.OP",0.335065519679397,0.741583240478942,"3,2"
"9012","N..Eff..TSS.Conc. + Secondary.Effluent.Flow + TSS..mg.L. + SACto..1.m. + NSEC.Effluent.NH3 + NSEC.Effluent.TSS",0.284000776047926,0.732399375400681,"3,2"
"9013","N..Eff..TSS.Conc. + Secondary.Effluent.Flow + TSS..mg.L. + SACto..1.m. + NSEC.Effluent.NH3 + NSEC.Effluent.NO5",0.277202912084634,0.742478430146241,"3,2"
"9014","N..Eff..TSS.Conc. + Secondary.Effluent.Flow + TSS..mg.L. + SACto..1.m. + NSEC.Effluent.NH3 + NSEC.Effluent.Flow",0.247613363409774,0.722345247162238,"3,2"
"9015","N..Eff..TSS.Conc. + Secondary.Effluent.Flow + TSS..mg.L. + SACto..1.m. + NSEC.Effluent.NO3 + NSEC.Effluent.OP",0.119387273771048,0.72449000567768,"3,2"
"9016","N..Eff..TSS.Conc. + Secondary.Effluent.Flow + TSS..mg.L. + SACto..1.m. + NSEC.Effluent.NO3 + NSEC.Effluent.TSS",0.226557795943392,0.658023329322834,"3,2"
"9017","N..Eff..TSS.Conc. + Secondary.Effluent.Flow + TSS..mg.L. + SACto..1.m. + NSEC.Effluent.NO3 + NSEC.Effluent.NO5",0.129241205352847,0.71198725220072,"3,2"
"9018","N..Eff..TSS.Conc. + Secondary.Effluent.Flow + TSS..mg.L. + SACto..1.m. + NSEC.Effluent.NO3 + NSEC.Effluent.Flow",0.28113769836951,0.713710924642035,"3,2"
"9019","N..Eff..TSS.Conc. + Secondary.Effluent.Flow + TSS..mg.L. + SACto..1.m. + NSEC.Effluent.OP + NSEC.Effluent.TSS",0.230154884746904,0.742898991910988,"3,2"
"9020","N..Eff..TSS.Conc. + Secondary.Effluent.Flow + TSS..mg.L. + SACto..1.m. + NSEC.Effluent.OP + NSEC.Effluent.NO5",0.250340587266835,0.803029333161422,"3,2"
"9021","N..Eff..TSS.Conc. + Secondary.Effluent.Flow + TSS..mg.L. + SACto..1.m. + NSEC.Effluent.OP + NSEC.Effluent.Flow",0.157931532627275,0.802544225933835,"3,2"
"9022","N..Eff..TSS.Conc. + Secondary.Effluent.Flow + TSS..mg.L. + SACto..1.m. + NSEC.Effluent.TSS + NSEC.Effluent.NO5",0.247632641815555,0.73363656154387,"3,2"
"9023","N..Eff..TSS.Conc. + Secondary.Effluent.Flow + TSS..mg.L. + SACto..1.m. + NSEC.Effluent.TSS + NSEC.Effluent.Flow",0.240786164450342,0.685254543337732,"3,2"
"9024","N..Eff..TSS.Conc. + Secondary.Effluent.Flow + TSS..mg.L. + SACto..1.m. + NSEC.Effluent.NO5 + NSEC.Effluent.Flow",0.279505299850201,0.704462123275407,"3,2"
"9025","N..Eff..TSS.Conc. + Secondary.Effluent.Flow + TSS..mg.L. + NSEC.Aerobic.SRT + NSEC.Effluent.NH3 + NSEC.Effluent.NO3",0.0225494696004493,0.42270244172232,"3,2"
"9026","N..Eff..TSS.Conc. + Secondary.Effluent.Flow + TSS..mg.L. + NSEC.Aerobic.SRT + NSEC.Effluent.NH3 + NSEC.Effluent.OP",0.0643471732230207,0.64017249053294,"3,2"
"9027","N..Eff..TSS.Conc. + Secondary.Effluent.Flow + TSS..mg.L. + NSEC.Aerobic.SRT + NSEC.Effluent.NH3 + NSEC.Effluent.TSS",0.232576183289029,0.738148143972446,"3,2"
"9028","N..Eff..TSS.Conc. + Secondary.Effluent.Flow + TSS..mg.L. + NSEC.Aerobic.SRT + NSEC.Effluent.NH3 + NSEC.Effluent.NO5",0.239992645001659,0.645231910317836,"3,2"
"9029","N..Eff..TSS.Conc. + Secondary.Effluent.Flow + TSS..mg.L. + NSEC.Aerobic.SRT + NSEC.Effluent.NH3 + NSEC.Effluent.Flow",0.252229684362745,0.718978634985764,"3,2"
"9030","N..Eff..TSS.Conc. + Secondary.Effluent.Flow + TSS..mg.L. + NSEC.Aerobic.SRT + NSEC.Effluent.NO3 + NSEC.Effluent.OP",0.00187980788175812,0.481287903774483,"3,2"
"9031","N..Eff..TSS.Conc. + Secondary.Effluent.Flow + TSS..mg.L. + NSEC.Aerobic.SRT + NSEC.Effluent.NO3 + NSEC.Effluent.TSS",0.207206361062265,0.724281828941382,"3,2"
"9032","N..Eff..TSS.Conc. + Secondary.Effluent.Flow + TSS..mg.L. + NSEC.Aerobic.SRT + NSEC.Effluent.NO3 + NSEC.Effluent.NO5",0.208583556285738,0.722530941034402,"3,2"
"9033","N..Eff..TSS.Conc. + Secondary.Effluent.Flow + TSS..mg.L. + NSEC.Aerobic.SRT + NSEC.Effluent.NO3 + NSEC.Effluent.Flow",0.019595259907164,0.521801716934512,"3,2"
"9034","N..Eff..TSS.Conc. + Secondary.Effluent.Flow + TSS..mg.L. + NSEC.Aerobic.SRT + NSEC.Effluent.OP + NSEC.Effluent.TSS",0.0770861294532466,0.597866867482265,"3,2"
"9035","N..Eff..TSS.Conc. + Secondary.Effluent.Flow + TSS..mg.L. + NSEC.Aerobic.SRT + NSEC.Effluent.OP + NSEC.Effluent.NO5",0.165926931229479,0.675982828600331,"3,2"
"9036","N..Eff..TSS.Conc. + Secondary.Effluent.Flow + TSS..mg.L. + NSEC.Aerobic.SRT + NSEC.Effluent.OP + NSEC.Effluent.Flow",0.0178474555435191,0.426814306744971,"3,2"
"9037","N..Eff..TSS.Conc. + Secondary.Effluent.Flow + TSS..mg.L. + NSEC.Aerobic.SRT + NSEC.Effluent.TSS + NSEC.Effluent.NO5",0.020181793412118,0.425531343544162,"3,2"
"9038","N..Eff..TSS.Conc. + Secondary.Effluent.Flow + TSS..mg.L. + NSEC.Aerobic.SRT + NSEC.Effluent.TSS + NSEC.Effluent.Flow",0.25340266545098,0.737402648396269,"3,2"
"9039","N..Eff..TSS.Conc. + Secondary.Effluent.Flow + TSS..mg.L. + NSEC.Aerobic.SRT + NSEC.Effluent.NO5 + NSEC.Effluent.Flow",0.258576880971406,0.620934843094071,"3,2"
"9040","N..Eff..TSS.Conc. + Secondary.Effluent.Flow + TSS..mg.L. + NSEC.Effluent.NH3 + NSEC.Effluent.NO3 + NSEC.Effluent.OP",0.187414603120402,0.613881849545713,"3,2"
"9041","N..Eff..TSS.Conc. + Secondary.Effluent.Flow + TSS..mg.L. + NSEC.Effluent.NH3 + NSEC.Effluent.NO3 + NSEC.Effluent.TSS",0.051794907009544,0.410205965771386,"3,2"
"9042","N..Eff..TSS.Conc. + Secondary.Effluent.Flow + TSS..mg.L. + NSEC.Effluent.NH3 + NSEC.Effluent.NO3 + NSEC.Effluent.NO5",0.074109204303713,0.439589242539496,"3,2"
"9043","N..Eff..TSS.Conc. + Secondary.Effluent.Flow + TSS..mg.L. + NSEC.Effluent.NH3 + NSEC.Effluent.NO3 + NSEC.Effluent.Flow",0.125909393221938,0.549953786420828,"3,2"
"9044","N..Eff..TSS.Conc. + Secondary.Effluent.Flow + TSS..mg.L. + NSEC.Effluent.NH3 + NSEC.Effluent.OP + NSEC.Effluent.TSS",0.188669380387986,0.639207270750359,"3,2"
"9045","N..Eff..TSS.Conc. + Secondary.Effluent.Flow + TSS..mg.L. + NSEC.Effluent.NH3 + NSEC.Effluent.OP + NSEC.Effluent.NO5",0.12681525674377,0.61832730684723,"3,2"
"9046","N..Eff..TSS.Conc. + Secondary.Effluent.Flow + TSS..mg.L. + NSEC.Effluent.NH3 + NSEC.Effluent.OP + NSEC.Effluent.Flow",0.167285617412424,0.703439885045431,"3,2"
"9047","N..Eff..TSS.Conc. + Secondary.Effluent.Flow + TSS..mg.L. + NSEC.Effluent.NH3 + NSEC.Effluent.TSS + NSEC.Effluent.NO5",0.0651536260135446,0.675922063080642,"3,2"
"9048","N..Eff..TSS.Conc. + Secondary.Effluent.Flow + TSS..mg.L. + NSEC.Effluent.NH3 + NSEC.Effluent.TSS + NSEC.Effluent.Flow",0.052561194219515,0.426397891476488,"3,2"
"9049","N..Eff..TSS.Conc. + Secondary.Effluent.Flow + TSS..mg.L. + NSEC.Effluent.NH3 + NSEC.Effluent.NO5 + NSEC.Effluent.Flow",0.145551334664668,0.609901852915143,"3,2"
"9050","N..Eff..TSS.Conc. + Secondary.Effluent.Flow + TSS..mg.L. + NSEC.Effluent.NO3 + NSEC.Effluent.OP + NSEC.Effluent.TSS",0.0373074089878038,0.623657913717394,"3,2"
"9051","N..Eff..TSS.Conc. + Secondary.Effluent.Flow + TSS..mg.L. + NSEC.Effluent.NO3 + NSEC.Effluent.OP + NSEC.Effluent.NO5",0.0881152167701627,0.475505601669935,"3,2"
"9052","N..Eff..TSS.Conc. + Secondary.Effluent.Flow + TSS..mg.L. + NSEC.Effluent.NO3 + NSEC.Effluent.OP + NSEC.Effluent.Flow",0.000974204330566053,0.554203814111039,"3,2"
"9053","N..Eff..TSS.Conc. + Secondary.Effluent.Flow + TSS..mg.L. + NSEC.Effluent.NO3 + NSEC.Effluent.TSS + NSEC.Effluent.NO5",0.366706158914426,0.557364873101168,"3,2"
"9054","N..Eff..TSS.Conc. + Secondary.Effluent.Flow + TSS..mg.L. + NSEC.Effluent.NO3 + NSEC.Effluent.TSS + NSEC.Effluent.Flow",0.0319845763135016,0.43348544696488,"3,2"
"9055","N..Eff..TSS.Conc. + Secondary.Effluent.Flow + TSS..mg.L. + NSEC.Effluent.NO3 + NSEC.Effluent.NO5 + NSEC.Effluent.Flow",0.0620047352277833,0.38553173647966,"3,2"
"9056","N..Eff..TSS.Conc. + Secondary.Effluent.Flow + TSS..mg.L. + NSEC.Effluent.OP + NSEC.Effluent.TSS + NSEC.Effluent.NO5",0.0133015572044468,0.568893031300473,"3,2"
"9057","N..Eff..TSS.Conc. + Secondary.Effluent.Flow + TSS..mg.L. + NSEC.Effluent.OP + NSEC.Effluent.TSS + NSEC.Effluent.Flow",0.0179360947970799,0.595811212780889,"3,2"
"9058","N..Eff..TSS.Conc. + Secondary.Effluent.Flow + TSS..mg.L. + NSEC.Effluent.OP + NSEC.Effluent.NO5 + NSEC.Effluent.Flow",0.0299659051627401,0.592685742250943,"3,2"
"9059","N..Eff..TSS.Conc. + Secondary.Effluent.Flow + TSS..mg.L. + NSEC.Effluent.TSS + NSEC.Effluent.NO5 + NSEC.Effluent.Flow",0.339604155066445,0.56226435086516,"3,2"
"9060","N..Eff..TSS.Conc. + Secondary.Effluent.Flow + UVT.... + CODds..mg.L. + SACto..1.m. + NSEC.Aerobic.SRT",0.122197311066712,0.769914125636908,"3,2"
"9061","N..Eff..TSS.Conc. + Secondary.Effluent.Flow + UVT.... + CODds..mg.L. + SACto..1.m. + NSEC.Effluent.NH3",0.237909077705048,0.734961635175075,"3,2"
"9062","N..Eff..TSS.Conc. + Secondary.Effluent.Flow + UVT.... + CODds..mg.L. + SACto..1.m. + NSEC.Effluent.NO3",0.253103059815934,0.688521106993655,"3,2"
"9063","N..Eff..TSS.Conc. + Secondary.Effluent.Flow + UVT.... + CODds..mg.L. + SACto..1.m. + NSEC.Effluent.OP",0.182945226275187,0.676803517153424,"3,2"
"9064","N..Eff..TSS.Conc. + Secondary.Effluent.Flow + UVT.... + CODds..mg.L. + SACto..1.m. + NSEC.Effluent.TSS",0.240556988765666,0.712276648583497,"3,2"
"9065","N..Eff..TSS.Conc. + Secondary.Effluent.Flow + UVT.... + CODds..mg.L. + SACto..1.m. + NSEC.Effluent.NO5",0.0562800659581433,0.673453782130925,"3,2"
"9066","N..Eff..TSS.Conc. + Secondary.Effluent.Flow + UVT.... + CODds..mg.L. + SACto..1.m. + NSEC.Effluent.Flow",0.21141205320403,0.631538069728438,"3,2"
"9067","N..Eff..TSS.Conc. + Secondary.Effluent.Flow + UVT.... + CODds..mg.L. + NSEC.Aerobic.SRT + NSEC.Effluent.NH3",0.0239446995065835,0.826498168337196,"3,2"
"9068","N..Eff..TSS.Conc. + Secondary.Effluent.Flow + UVT.... + CODds..mg.L. + NSEC.Aerobic.SRT + NSEC.Effluent.NO3",0.0607922883007133,0.745852143366473,"3,2"
"9069","N..Eff..TSS.Conc. + Secondary.Effluent.Flow + UVT.... + CODds..mg.L. + NSEC.Aerobic.SRT + NSEC.Effluent.OP",0.0369630620161008,0.764627585333043,"3,2"
"9070","N..Eff..TSS.Conc. + Secondary.Effluent.Flow + UVT.... + CODds..mg.L. + NSEC.Aerobic.SRT + NSEC.Effluent.TSS",0.184853006075443,0.789472969999358,"3,2"
"9071","N..Eff..TSS.Conc. + Secondary.Effluent.Flow + UVT.... + CODds..mg.L. + NSEC.Aerobic.SRT + NSEC.Effluent.NO5",0.194395380731432,0.820928580510148,"3,2"
"9072","N..Eff..TSS.Conc. + Secondary.Effluent.Flow + UVT.... + CODds..mg.L. + NSEC.Aerobic.SRT + NSEC.Effluent.Flow",0.00644085952298568,0.793039427452771,"3,2"
"9073","N..Eff..TSS.Conc. + Secondary.Effluent.Flow + UVT.... + CODds..mg.L. + NSEC.Effluent.NH3 + NSEC.Effluent.NO3",0.282505505754419,0.679172412487365,"3,2"
"9074","N..Eff..TSS.Conc. + Secondary.Effluent.Flow + UVT.... + CODds..mg.L. + NSEC.Effluent.NH3 + NSEC.Effluent.OP",0.242059938090551,0.731904474073173,"3,2"
"9075","N..Eff..TSS.Conc. + Secondary.Effluent.Flow + UVT.... + CODds..mg.L. + NSEC.Effluent.NH3 + NSEC.Effluent.TSS",0.207082786631324,0.6939724987461,"3,2"
"9076","N..Eff..TSS.Conc. + Secondary.Effluent.Flow + UVT.... + CODds..mg.L. + NSEC.Effluent.NH3 + NSEC.Effluent.NO5",0.212030351018057,0.727420627999906,"3,2"
"9077","N..Eff..TSS.Conc. + Secondary.Effluent.Flow + UVT.... + CODds..mg.L. + NSEC.Effluent.NH3 + NSEC.Effluent.Flow",0.10567641926918,0.551899920335979,"3,2"
"9078","N..Eff..TSS.Conc. + Secondary.Effluent.Flow + UVT.... + CODds..mg.L. + NSEC.Effluent.NO3 + NSEC.Effluent.OP",0.171659715892671,0.667205963235431,"3,2"
"9079","N..Eff..TSS.Conc. + Secondary.Effluent.Flow + UVT.... + CODds..mg.L. + NSEC.Effluent.NO3 + NSEC.Effluent.TSS",0.258103689725095,0.622941952878005,"3,2"
"9080","N..Eff..TSS.Conc. + Secondary.Effluent.Flow + UVT.... + CODds..mg.L. + NSEC.Effluent.NO3 + NSEC.Effluent.NO5",0.234289537094367,0.744743732979455,"3,2"
"9081","N..Eff..TSS.Conc. + Secondary.Effluent.Flow + UVT.... + CODds..mg.L. + NSEC.Effluent.NO3 + NSEC.Effluent.Flow",0.124669214846917,0.721055583138927,"3,2"
"9082","N..Eff..TSS.Conc. + Secondary.Effluent.Flow + UVT.... + CODds..mg.L. + NSEC.Effluent.OP + NSEC.Effluent.TSS",0.024545373883051,0.668867543600785,"3,2"
"9083","N..Eff..TSS.Conc. + Secondary.Effluent.Flow + UVT.... + CODds..mg.L. + NSEC.Effluent.OP + NSEC.Effluent.NO5",0.296148077573044,0.697067572829949,"3,2"
"9084","N..Eff..TSS.Conc. + Secondary.Effluent.Flow + UVT.... + CODds..mg.L. + NSEC.Effluent.OP + NSEC.Effluent.Flow",0.0187219146433271,0.701276762427887,"3,2"
"9085","N..Eff..TSS.Conc. + Secondary.Effluent.Flow + UVT.... + CODds..mg.L. + NSEC.Effluent.TSS + NSEC.Effluent.NO5",0.235899093361448,0.714971337603097,"3,2"
"9086","N..Eff..TSS.Conc. + Secondary.Effluent.Flow + UVT.... + CODds..mg.L. + NSEC.Effluent.TSS + NSEC.Effluent.Flow",0.199565513566319,0.655974339668513,"3,2"
"9087","N..Eff..TSS.Conc. + Secondary.Effluent.Flow + UVT.... + CODds..mg.L. + NSEC.Effluent.NO5 + NSEC.Effluent.Flow",0.172408335520734,0.642737847071215,"3,2"
"9088","N..Eff..TSS.Conc. + Secondary.Effluent.Flow + UVT.... + SACto..1.m. + NSEC.Aerobic.SRT + NSEC.Effluent.NH3",0.0906326299376532,0.523937834836394,"3,2"
"9089","N..Eff..TSS.Conc. + Secondary.Effluent.Flow + UVT.... + SACto..1.m. + NSEC.Aerobic.SRT + NSEC.Effluent.NO3",0.26943018247994,0.771857106545659,"3,2"
"9090","N..Eff..TSS.Conc. + Secondary.Effluent.Flow + UVT.... + SACto..1.m. + NSEC.Aerobic.SRT + NSEC.Effluent.OP",0.0460246638054334,0.731192669665265,"3,2"
"9091","N..Eff..TSS.Conc. + Secondary.Effluent.Flow + UVT.... + SACto..1.m. + NSEC.Aerobic.SRT + NSEC.Effluent.TSS",0.00401552648837256,0.726129231178374,"3,2"
"9092","N..Eff..TSS.Conc. + Secondary.Effluent.Flow + UVT.... + SACto..1.m. + NSEC.Aerobic.SRT + NSEC.Effluent.NO5",0.0606718407842648,0.605741803195333,"3,2"
"9093","N..Eff..TSS.Conc. + Secondary.Effluent.Flow + UVT.... + SACto..1.m. + NSEC.Aerobic.SRT + NSEC.Effluent.Flow",0.0946876320084011,0.534700048283095,"3,2"
"9094","N..Eff..TSS.Conc. + Secondary.Effluent.Flow + UVT.... + SACto..1.m. + NSEC.Effluent.NH3 + NSEC.Effluent.NO3",0.0800491511686365,0.431557465833334,"3,2"
"9095","N..Eff..TSS.Conc. + Secondary.Effluent.Flow + UVT.... + SACto..1.m. + NSEC.Effluent.NH3 + NSEC.Effluent.OP",0.166774750658893,0.624419055326845,"3,2"
"9096","N..Eff..TSS.Conc. + Secondary.Effluent.Flow + UVT.... + SACto..1.m. + NSEC.Effluent.NH3 + NSEC.Effluent.TSS",0.161841213324143,0.539905993003065,"3,2"
"9097","N..Eff..TSS.Conc. + Secondary.Effluent.Flow + UVT.... + SACto..1.m. + NSEC.Effluent.NH3 + NSEC.Effluent.NO5",0.189526632168535,0.614760218558426,"3,2"
"9098","N..Eff..TSS.Conc. + Secondary.Effluent.Flow + UVT.... + SACto..1.m. + NSEC.Effluent.NH3 + NSEC.Effluent.Flow",0.268600699785678,0.561538915783188,"3,2"
"9099","N..Eff..TSS.Conc. + Secondary.Effluent.Flow + UVT.... + SACto..1.m. + NSEC.Effluent.NO3 + NSEC.Effluent.OP",0.180839829124634,0.702625401057072,"3,2"
"9100","N..Eff..TSS.Conc. + Secondary.Effluent.Flow + UVT.... + SACto..1.m. + NSEC.Effluent.NO3 + NSEC.Effluent.TSS",0.285935453035033,0.553445133548457,"3,2"
"9101","N..Eff..TSS.Conc. + Secondary.Effluent.Flow + UVT.... + SACto..1.m. + NSEC.Effluent.NO3 + NSEC.Effluent.NO5",0.246750151882083,0.580421857720162,"3,2"
"9102","N..Eff..TSS.Conc. + Secondary.Effluent.Flow + UVT.... + SACto..1.m. + NSEC.Effluent.NO3 + NSEC.Effluent.Flow",0.320174304490658,0.611002904476771,"3,2"
"9103","N..Eff..TSS.Conc. + Secondary.Effluent.Flow + UVT.... + SACto..1.m. + NSEC.Effluent.OP + NSEC.Effluent.TSS",0.0991448894778497,0.644833829399333,"3,2"
"9104","N..Eff..TSS.Conc. + Secondary.Effluent.Flow + UVT.... + SACto..1.m. + NSEC.Effluent.OP + NSEC.Effluent.NO5",0.104933547964981,0.545369841462603,"3,2"
"9105","N..Eff..TSS.Conc. + Secondary.Effluent.Flow + UVT.... + SACto..1.m. + NSEC.Effluent.OP + NSEC.Effluent.Flow",0.213268253169228,0.665289427106034,"3,2"
"9106","N..Eff..TSS.Conc. + Secondary.Effluent.Flow + UVT.... + SACto..1.m. + NSEC.Effluent.TSS + NSEC.Effluent.NO5",0.0384127429456593,0.643869444760149,"3,2"
"9107","N..Eff..TSS.Conc. + Secondary.Effluent.Flow + UVT.... + SACto..1.m. + NSEC.Effluent.TSS + NSEC.Effluent.Flow",0.206069785618171,0.590482617357296,"3,2"
"9108","N..Eff..TSS.Conc. + Secondary.Effluent.Flow + UVT.... + SACto..1.m. + NSEC.Effluent.NO5 + NSEC.Effluent.Flow",0.13637251447011,0.542588175079604,"3,2"
"9109","N..Eff..TSS.Conc. + Secondary.Effluent.Flow + UVT.... + NSEC.Aerobic.SRT + NSEC.Effluent.NH3 + NSEC.Effluent.NO3",0.242018105048667,0.736640994894252,"3,2"
"9110","N..Eff..TSS.Conc. + Secondary.Effluent.Flow + UVT.... + NSEC.Aerobic.SRT + NSEC.Effluent.NH3 + NSEC.Effluent.OP",0.0727532951923606,0.752427140970117,"3,2"
"9111","N..Eff..TSS.Conc. + Secondary.Effluent.Flow + UVT.... + NSEC.Aerobic.SRT + NSEC.Effluent.NH3 + NSEC.Effluent.TSS",0.00575797856048066,0.40061488342502,"3,2"
"9112","N..Eff..TSS.Conc. + Secondary.Effluent.Flow + UVT.... + NSEC.Aerobic.SRT + NSEC.Effluent.NH3 + NSEC.Effluent.NO5",0.0419582016281748,0.596510909099383,"3,2"
"9113","N..Eff..TSS.Conc. + Secondary.Effluent.Flow + UVT.... + NSEC.Aerobic.SRT + NSEC.Effluent.NH3 + NSEC.Effluent.Flow",0.00619361858971512,0.431536400549548,"3,2"
"9114","N..Eff..TSS.Conc. + Secondary.Effluent.Flow + UVT.... + NSEC.Aerobic.SRT + NSEC.Effluent.NO3 + NSEC.Effluent.OP",0.0202407438476389,0.735934926841715,"3,2"
"9115","N..Eff..TSS.Conc. + Secondary.Effluent.Flow + UVT.... + NSEC.Aerobic.SRT + NSEC.Effluent.NO3 + NSEC.Effluent.TSS",0.0248851377016805,0.474554500374917,"3,2"
"9116","N..Eff..TSS.Conc. + Secondary.Effluent.Flow + UVT.... + NSEC.Aerobic.SRT + NSEC.Effluent.NO3 + NSEC.Effluent.NO5",0.0320491307340487,0.80135024417244,"3,2"
"9117","N..Eff..TSS.Conc. + Secondary.Effluent.Flow + UVT.... + NSEC.Aerobic.SRT + NSEC.Effluent.NO3 + NSEC.Effluent.Flow",0.00486044311354128,0.435004394795092,"3,2"
"9118","N..Eff..TSS.Conc. + Secondary.Effluent.Flow + UVT.... + NSEC.Aerobic.SRT + NSEC.Effluent.OP + NSEC.Effluent.TSS",0.111998546198537,0.728071583790219,"3,2"
"9119","N..Eff..TSS.Conc. + Secondary.Effluent.Flow + UVT.... + NSEC.Aerobic.SRT + NSEC.Effluent.OP + NSEC.Effluent.NO5",0.134484863833425,0.701986857896489,"3,2"
"9120","N..Eff..TSS.Conc. + Secondary.Effluent.Flow + UVT.... + NSEC.Aerobic.SRT + NSEC.Effluent.OP + NSEC.Effluent.Flow",0.219862514650649,0.741915519434705,"3,2"
"9121","N..Eff..TSS.Conc. + Secondary.Effluent.Flow + UVT.... + NSEC.Aerobic.SRT + NSEC.Effluent.TSS + NSEC.Effluent.NO5",0.693984268137532,0.782398844055835,"3,2"
"9122","N..Eff..TSS.Conc. + Secondary.Effluent.Flow + UVT.... + NSEC.Aerobic.SRT + NSEC.Effluent.TSS + NSEC.Effluent.Flow",0.19266212388122,0.677772799183206,"3,2"
"9123","N..Eff..TSS.Conc. + Secondary.Effluent.Flow + UVT.... + NSEC.Aerobic.SRT + NSEC.Effluent.NO5 + NSEC.Effluent.Flow",0.0474274286201797,0.741157537629583,"3,2"
"9124","N..Eff..TSS.Conc. + Secondary.Effluent.Flow + UVT.... + NSEC.Effluent.NH3 + NSEC.Effluent.NO3 + NSEC.Effluent.OP",0.00459201869239712,0.709202836189143,"3,2"
"9125","N..Eff..TSS.Conc. + Secondary.Effluent.Flow + UVT.... + NSEC.Effluent.NH3 + NSEC.Effluent.NO3 + NSEC.Effluent.TSS",0.235924891120307,0.635581632697955,"3,2"
"9126","N..Eff..TSS.Conc. + Secondary.Effluent.Flow + UVT.... + NSEC.Effluent.NH3 + NSEC.Effluent.NO3 + NSEC.Effluent.NO5",0.0229787978006333,0.565087180075939,"3,2"
"9127","N..Eff..TSS.Conc. + Secondary.Effluent.Flow + UVT.... + NSEC.Effluent.NH3 + NSEC.Effluent.NO3 + NSEC.Effluent.Flow",0.142632578019525,0.586170980341366,"3,2"
"9128","N..Eff..TSS.Conc. + Secondary.Effluent.Flow + UVT.... + NSEC.Effluent.NH3 + NSEC.Effluent.OP + NSEC.Effluent.TSS",0.193104199289124,0.670329066288426,"3,2"
"9129","N..Eff..TSS.Conc. + Secondary.Effluent.Flow + UVT.... + NSEC.Effluent.NH3 + NSEC.Effluent.OP + NSEC.Effluent.NO5",0.0178481125529601,0.639408736203825,"3,2"
"9130","N..Eff..TSS.Conc. + Secondary.Effluent.Flow + UVT.... + NSEC.Effluent.NH3 + NSEC.Effluent.OP + NSEC.Effluent.Flow",0.00208040929856801,0.598873619864771,"3,2"
"9131","N..Eff..TSS.Conc. + Secondary.Effluent.Flow + UVT.... + NSEC.Effluent.NH3 + NSEC.Effluent.TSS + NSEC.Effluent.NO5",0.0405603059066184,0.652528968926545,"3,2"
"9132","N..Eff..TSS.Conc. + Secondary.Effluent.Flow + UVT.... + NSEC.Effluent.NH3 + NSEC.Effluent.TSS + NSEC.Effluent.Flow",0.263181529715425,0.587211299179644,"3,2"
"9133","N..Eff..TSS.Conc. + Secondary.Effluent.Flow + UVT.... + NSEC.Effluent.NH3 + NSEC.Effluent.NO5 + NSEC.Effluent.Flow",0.351001892124453,0.598107490967938,"3,2"
"9134","N..Eff..TSS.Conc. + Secondary.Effluent.Flow + UVT.... + NSEC.Effluent.NO3 + NSEC.Effluent.OP + NSEC.Effluent.TSS",0.0301597572398833,0.702087288729642,"3,2"
"9135","N..Eff..TSS.Conc. + Secondary.Effluent.Flow + UVT.... + NSEC.Effluent.NO3 + NSEC.Effluent.OP + NSEC.Effluent.NO5",0.109949342961682,0.609541439186796,"3,2"
"9136","N..Eff..TSS.Conc. + Secondary.Effluent.Flow + UVT.... + NSEC.Effluent.NO3 + NSEC.Effluent.OP + NSEC.Effluent.Flow",0.115116462414459,0.527661296268426,"3,2"
"9137","N..Eff..TSS.Conc. + Secondary.Effluent.Flow + UVT.... + NSEC.Effluent.NO3 + NSEC.Effluent.TSS + NSEC.Effluent.NO5",0.0464335506059963,0.592942194855711,"3,2"
"9138","N..Eff..TSS.Conc. + Secondary.Effluent.Flow + UVT.... + NSEC.Effluent.NO3 + NSEC.Effluent.TSS + NSEC.Effluent.Flow",0.0914196690273195,0.627081849464748,"3,2"
"9139","N..Eff..TSS.Conc. + Secondary.Effluent.Flow + UVT.... + NSEC.Effluent.NO3 + NSEC.Effluent.NO5 + NSEC.Effluent.Flow",0.19441217763697,0.565529759504348,"3,2"
"9140","N..Eff..TSS.Conc. + Secondary.Effluent.Flow + UVT.... + NSEC.Effluent.OP + NSEC.Effluent.TSS + NSEC.Effluent.NO5",0.127564548974884,0.665984324072005,"3,2"
"9141","N..Eff..TSS.Conc. + Secondary.Effluent.Flow + UVT.... + NSEC.Effluent.OP + NSEC.Effluent.TSS + NSEC.Effluent.Flow",0.0588106323540316,0.627221458055266,"3,2"
"9142","N..Eff..TSS.Conc. + Secondary.Effluent.Flow + UVT.... + NSEC.Effluent.OP + NSEC.Effluent.NO5 + NSEC.Effluent.Flow",0.109259080941648,0.691651437408492,"3,2"
"9143","N..Eff..TSS.Conc. + Secondary.Effluent.Flow + UVT.... + NSEC.Effluent.TSS + NSEC.Effluent.NO5 + NSEC.Effluent.Flow",0.101132049732066,0.466717043834642,"3,2"
"9144","N..Eff..TSS.Conc. + Secondary.Effluent.Flow + CODds..mg.L. + SACto..1.m. + NSEC.Aerobic.SRT + NSEC.Effluent.NH3",0.203557065521592,0.835178487253275,"3,2"
"9145","N..Eff..TSS.Conc. + Secondary.Effluent.Flow + CODds..mg.L. + SACto..1.m. + NSEC.Aerobic.SRT + NSEC.Effluent.NO3",0.0496497403628515,0.801504348710573,"3,2"
"9146","N..Eff..TSS.Conc. + Secondary.Effluent.Flow + CODds..mg.L. + SACto..1.m. + NSEC.Aerobic.SRT + NSEC.Effluent.OP",0.179063786765944,0.783966313311671,"3,2"
"9147","N..Eff..TSS.Conc. + Secondary.Effluent.Flow + CODds..mg.L. + SACto..1.m. + NSEC.Aerobic.SRT + NSEC.Effluent.TSS",0.142781986494279,0.80223127557778,"3,2"
"9148","N..Eff..TSS.Conc. + Secondary.Effluent.Flow + CODds..mg.L. + SACto..1.m. + NSEC.Aerobic.SRT + NSEC.Effluent.NO5",0.135629083346094,0.797429088906844,"3,2"
"9149","N..Eff..TSS.Conc. + Secondary.Effluent.Flow + CODds..mg.L. + SACto..1.m. + NSEC.Aerobic.SRT + NSEC.Effluent.Flow",0.00629982076744939,0.826020111180289,"3,2"
"9150","N..Eff..TSS.Conc. + Secondary.Effluent.Flow + CODds..mg.L. + SACto..1.m. + NSEC.Effluent.NH3 + NSEC.Effluent.NO3",0.24521042931745,0.60572475531731,"3,2"
"9151","N..Eff..TSS.Conc. + Secondary.Effluent.Flow + CODds..mg.L. + SACto..1.m. + NSEC.Effluent.NH3 + NSEC.Effluent.OP",0.0278691980336454,0.693148511895672,"3,2"
"9152","N..Eff..TSS.Conc. + Secondary.Effluent.Flow + CODds..mg.L. + SACto..1.m. + NSEC.Effluent.NH3 + NSEC.Effluent.TSS",0.25175919247539,0.698922445608389,"3,2"
"9153","N..Eff..TSS.Conc. + Secondary.Effluent.Flow + CODds..mg.L. + SACto..1.m. + NSEC.Effluent.NH3 + NSEC.Effluent.NO5",0.191758304938588,0.717313729988521,"3,2"
"9154","N..Eff..TSS.Conc. + Secondary.Effluent.Flow + CODds..mg.L. + SACto..1.m. + NSEC.Effluent.NH3 + NSEC.Effluent.Flow",0.235526843384844,0.643844455585098,"3,2"
"9155","N..Eff..TSS.Conc. + Secondary.Effluent.Flow + CODds..mg.L. + SACto..1.m. + NSEC.Effluent.NO3 + NSEC.Effluent.OP",0.0338931352731304,0.727986487940291,"3,2"
"9156","N..Eff..TSS.Conc. + Secondary.Effluent.Flow + CODds..mg.L. + SACto..1.m. + NSEC.Effluent.NO3 + NSEC.Effluent.TSS",0.23684395270529,0.702127463312996,"3,2"
"9157","N..Eff..TSS.Conc. + Secondary.Effluent.Flow + CODds..mg.L. + SACto..1.m. + NSEC.Effluent.NO3 + NSEC.Effluent.NO5",0.239697965771281,0.715329764815114,"3,2"
"9158","N..Eff..TSS.Conc. + Secondary.Effluent.Flow + CODds..mg.L. + SACto..1.m. + NSEC.Effluent.NO3 + NSEC.Effluent.Flow",0.225970296573357,0.647405755597365,"3,2"
"9159","N..Eff..TSS.Conc. + Secondary.Effluent.Flow + CODds..mg.L. + SACto..1.m. + NSEC.Effluent.OP + NSEC.Effluent.TSS",0.0110323190630472,0.69262432032077,"3,2"
"9160","N..Eff..TSS.Conc. + Secondary.Effluent.Flow + CODds..mg.L. + SACto..1.m. + NSEC.Effluent.OP + NSEC.Effluent.NO5",0.193371793313435,0.0626338507836239,"3,2"
"9161","N..Eff..TSS.Conc. + Secondary.Effluent.Flow + CODds..mg.L. + SACto..1.m. + NSEC.Effluent.OP + NSEC.Effluent.Flow",0.157111686553095,0.701813736212316,"3,2"
"9162","N..Eff..TSS.Conc. + Secondary.Effluent.Flow + CODds..mg.L. + SACto..1.m. + NSEC.Effluent.TSS + NSEC.Effluent.NO5",0.22605711592722,0.682682171960823,"3,2"
"9163","N..Eff..TSS.Conc. + Secondary.Effluent.Flow + CODds..mg.L. + SACto..1.m. + NSEC.Effluent.TSS + NSEC.Effluent.Flow",0.176096377826993,0.754946140811795,"3,2"
"9164","N..Eff..TSS.Conc. + Secondary.Effluent.Flow + CODds..mg.L. + SACto..1.m. + NSEC.Effluent.NO5 + NSEC.Effluent.Flow",0.210309693368429,0.661317177092225,"3,2"
"9165","N..Eff..TSS.Conc. + Secondary.Effluent.Flow + CODds..mg.L. + NSEC.Aerobic.SRT + NSEC.Effluent.NH3 + NSEC.Effluent.NO3",0.477686356908207,0.750775606903533,"3,2"
"9166","N..Eff..TSS.Conc. + Secondary.Effluent.Flow + CODds..mg.L. + NSEC.Aerobic.SRT + NSEC.Effluent.NH3 + NSEC.Effluent.OP",0.31219058933076,0.775118097551755,"3,2"
"9167","N..Eff..TSS.Conc. + Secondary.Effluent.Flow + CODds..mg.L. + NSEC.Aerobic.SRT + NSEC.Effluent.NH3 + NSEC.Effluent.TSS",0.132483039481617,0.751158517157985,"3,2"
"9168","N..Eff..TSS.Conc. + Secondary.Effluent.Flow + CODds..mg.L. + NSEC.Aerobic.SRT + NSEC.Effluent.NH3 + NSEC.Effluent.NO5",0.486083891910291,0.770417055476629,"3,2"
"9169","N..Eff..TSS.Conc. + Secondary.Effluent.Flow + CODds..mg.L. + NSEC.Aerobic.SRT + NSEC.Effluent.NH3 + NSEC.Effluent.Flow",0.197202629127514,0.773097393510684,"3,2"
"9170","N..Eff..TSS.Conc. + Secondary.Effluent.Flow + CODds..mg.L. + NSEC.Aerobic.SRT + NSEC.Effluent.NO3 + NSEC.Effluent.OP",0.318716672252555,0.807578057849385,"3,2"
"9171","N..Eff..TSS.Conc. + Secondary.Effluent.Flow + CODds..mg.L. + NSEC.Aerobic.SRT + NSEC.Effluent.NO3 + NSEC.Effluent.TSS",0.332753450774788,0.704718899634495,"3,2"
"9172","N..Eff..TSS.Conc. + Secondary.Effluent.Flow + CODds..mg.L. + NSEC.Aerobic.SRT + NSEC.Effluent.NO3 + NSEC.Effluent.NO5",0.0922127979196625,0.7653475820843,"3,2"
"9173","N..Eff..TSS.Conc. + Secondary.Effluent.Flow + CODds..mg.L. + NSEC.Aerobic.SRT + NSEC.Effluent.NO3 + NSEC.Effluent.Flow",0.251239386836714,0.76596217432355,"3,2"
"9174","N..Eff..TSS.Conc. + Secondary.Effluent.Flow + CODds..mg.L. + NSEC.Aerobic.SRT + NSEC.Effluent.OP + NSEC.Effluent.TSS",0.324402556687873,0.769189335812992,"3,2"
"9175","N..Eff..TSS.Conc. + Secondary.Effluent.Flow + CODds..mg.L. + NSEC.Aerobic.SRT + NSEC.Effluent.OP + NSEC.Effluent.NO5",0.30008787394717,0.793892719918799,"3,2"
"9176","N..Eff..TSS.Conc. + Secondary.Effluent.Flow + CODds..mg.L. + NSEC.Aerobic.SRT + NSEC.Effluent.OP + NSEC.Effluent.Flow",0.203457747774029,0.85211379166303,"3,2"
"9177","N..Eff..TSS.Conc. + Secondary.Effluent.Flow + CODds..mg.L. + NSEC.Aerobic.SRT + NSEC.Effluent.TSS + NSEC.Effluent.NO5",0.246415977019039,0.727524492795208,"3,2"
"9178","N..Eff..TSS.Conc. + Secondary.Effluent.Flow + CODds..mg.L. + NSEC.Aerobic.SRT + NSEC.Effluent.TSS + NSEC.Effluent.Flow",0.39904840805574,0.750209486932853,"3,2"
"9179","N..Eff..TSS.Conc. + Secondary.Effluent.Flow + CODds..mg.L. + NSEC.Aerobic.SRT + NSEC.Effluent.NO5 + NSEC.Effluent.Flow",0.351952415164788,0.762385278519617,"3,2"
"9180","N..Eff..TSS.Conc. + Secondary.Effluent.Flow + CODds..mg.L. + NSEC.Effluent.NH3 + NSEC.Effluent.NO3 + NSEC.Effluent.OP",0.110684829713952,0.678131960308412,"3,2"
"9181","N..Eff..TSS.Conc. + Secondary.Effluent.Flow + CODds..mg.L. + NSEC.Effluent.NH3 + NSEC.Effluent.NO3 + NSEC.Effluent.TSS",0.168480741820053,0.638976406465488,"3,2"
"9182","N..Eff..TSS.Conc. + Secondary.Effluent.Flow + CODds..mg.L. + NSEC.Effluent.NH3 + NSEC.Effluent.NO3 + NSEC.Effluent.NO5",0.0633054517487148,0.689017005263213,"3,2"
"9183","N..Eff..TSS.Conc. + Secondary.Effluent.Flow + CODds..mg.L. + NSEC.Effluent.NH3 + NSEC.Effluent.NO3 + NSEC.Effluent.Flow",0.116377275855279,0.577329993346581,"3,2"
"9184","N..Eff..TSS.Conc. + Secondary.Effluent.Flow + CODds..mg.L. + NSEC.Effluent.NH3 + NSEC.Effluent.OP + NSEC.Effluent.TSS",0.0161650369142865,0.605346655616368,"3,2"
"9185","N..Eff..TSS.Conc. + Secondary.Effluent.Flow + CODds..mg.L. + NSEC.Effluent.NH3 + NSEC.Effluent.OP + NSEC.Effluent.NO5",0.0822322553300707,0.650873412103319,"3,2"
"9186","N..Eff..TSS.Conc. + Secondary.Effluent.Flow + CODds..mg.L. + NSEC.Effluent.NH3 + NSEC.Effluent.OP + NSEC.Effluent.Flow",0.0520556999415356,0.675772618091298,"3,2"
"9187","N..Eff..TSS.Conc. + Secondary.Effluent.Flow + CODds..mg.L. + NSEC.Effluent.NH3 + NSEC.Effluent.TSS + NSEC.Effluent.NO5",0.105369939980817,0.580650947352022,"3,2"
"9188","N..Eff..TSS.Conc. + Secondary.Effluent.Flow + CODds..mg.L. + NSEC.Effluent.NH3 + NSEC.Effluent.TSS + NSEC.Effluent.Flow",0.103919384024809,0.599579775817177,"3,2"
"9189","N..Eff..TSS.Conc. + Secondary.Effluent.Flow + CODds..mg.L. + NSEC.Effluent.NH3 + NSEC.Effluent.NO5 + NSEC.Effluent.Flow",0.116269433718265,0.634702433793746,"3,2"
"9190","N..Eff..TSS.Conc. + Secondary.Effluent.Flow + CODds..mg.L. + NSEC.Effluent.NO3 + NSEC.Effluent.OP + NSEC.Effluent.TSS",0.0159656986148315,0.6417625373803,"3,2"
"9191","N..Eff..TSS.Conc. + Secondary.Effluent.Flow + CODds..mg.L. + NSEC.Effluent.NO3 + NSEC.Effluent.OP + NSEC.Effluent.NO5",0.123851111907477,0.69984603864274,"3,2"
"9192","N..Eff..TSS.Conc. + Secondary.Effluent.Flow + CODds..mg.L. + NSEC.Effluent.NO3 + NSEC.Effluent.OP + NSEC.Effluent.Flow",0.0590405080736995,0.648473718050237,"3,2"
"9193","N..Eff..TSS.Conc. + Secondary.Effluent.Flow + CODds..mg.L. + NSEC.Effluent.NO3 + NSEC.Effluent.TSS + NSEC.Effluent.NO5",0.0918237175509238,0.509663228326424,"3,2"
"9194","N..Eff..TSS.Conc. + Secondary.Effluent.Flow + CODds..mg.L. + NSEC.Effluent.NO3 + NSEC.Effluent.TSS + NSEC.Effluent.Flow",0.1002648800823,0.607201754855664,"3,2"
"9195","N..Eff..TSS.Conc. + Secondary.Effluent.Flow + CODds..mg.L. + NSEC.Effluent.NO3 + NSEC.Effluent.NO5 + NSEC.Effluent.Flow",0.2110271423159,0.677217140617149,"3,2"
"9196","N..Eff..TSS.Conc. + Secondary.Effluent.Flow + CODds..mg.L. + NSEC.Effluent.OP + NSEC.Effluent.TSS + NSEC.Effluent.NO5",0.0224931528938641,0.635493724573235,"3,2"
"9197","N..Eff..TSS.Conc. + Secondary.Effluent.Flow + CODds..mg.L. + NSEC.Effluent.OP + NSEC.Effluent.TSS + NSEC.Effluent.Flow",0.0175052736914516,0.635903735459876,"3,2"
"9198","N..Eff..TSS.Conc. + Secondary.Effluent.Flow + CODds..mg.L. + NSEC.Effluent.OP + NSEC.Effluent.NO5 + NSEC.Effluent.Flow",0.102725371174505,0.703531986189172,"3,2"
"9199","N..Eff..TSS.Conc. + Secondary.Effluent.Flow + CODds..mg.L. + NSEC.Effluent.TSS + NSEC.Effluent.NO5 + NSEC.Effluent.Flow",0.109709735036441,0.594155122667404,"3,2"
"9200","N..Eff..TSS.Conc. + Secondary.Effluent.Flow + SACto..1.m. + NSEC.Aerobic.SRT + NSEC.Effluent.NH3 + NSEC.Effluent.NO3",0.0504356757068591,0.767022974253945,"3,2"
"9201","N..Eff..TSS.Conc. + Secondary.Effluent.Flow + SACto..1.m. + NSEC.Aerobic.SRT + NSEC.Effluent.NH3 + NSEC.Effluent.OP",0.144826522666802,0.781719482958006,"3,2"
"9202","N..Eff..TSS.Conc. + Secondary.Effluent.Flow + SACto..1.m. + NSEC.Aerobic.SRT + NSEC.Effluent.NH3 + NSEC.Effluent.TSS",0.0679712073756262,0.418608170729776,"3,2"
"9203","N..Eff..TSS.Conc. + Secondary.Effluent.Flow + SACto..1.m. + NSEC.Aerobic.SRT + NSEC.Effluent.NH3 + NSEC.Effluent.NO5",0.296784785925551,0.7443106995092,"3,2"
"9204","N..Eff..TSS.Conc. + Secondary.Effluent.Flow + SACto..1.m. + NSEC.Aerobic.SRT + NSEC.Effluent.NH3 + NSEC.Effluent.Flow",0.140013825708365,0.649060450247241,"3,2"
"9205","N..Eff..TSS.Conc. + Secondary.Effluent.Flow + SACto..1.m. + NSEC.Aerobic.SRT + NSEC.Effluent.NO3 + NSEC.Effluent.OP",0.0993252917363685,0.567312591010035,"3,2"
"9206","N..Eff..TSS.Conc. + Secondary.Effluent.Flow + SACto..1.m. + NSEC.Aerobic.SRT + NSEC.Effluent.NO3 + NSEC.Effluent.TSS",0.0534193941843339,0.796241861785022,"3,2"
"9207","N..Eff..TSS.Conc. + Secondary.Effluent.Flow + SACto..1.m. + NSEC.Aerobic.SRT + NSEC.Effluent.NO3 + NSEC.Effluent.NO5",0.0399339407290911,0.76437259997923,"3,2"
"9208","N..Eff..TSS.Conc. + Secondary.Effluent.Flow + SACto..1.m. + NSEC.Aerobic.SRT + NSEC.Effluent.NO3 + NSEC.Effluent.Flow",0.0105022201455842,0.740879183309022,"3,2"
"9209","N..Eff..TSS.Conc. + Secondary.Effluent.Flow + SACto..1.m. + NSEC.Aerobic.SRT + NSEC.Effluent.OP + NSEC.Effluent.TSS",0.173122100139974,0.73320239887882,"3,2"
"9210","N..Eff..TSS.Conc. + Secondary.Effluent.Flow + SACto..1.m. + NSEC.Aerobic.SRT + NSEC.Effluent.OP + NSEC.Effluent.NO5",0.149551777817904,0.766782991725359,"3,2"
"9211","N..Eff..TSS.Conc. + Secondary.Effluent.Flow + SACto..1.m. + NSEC.Aerobic.SRT + NSEC.Effluent.OP + NSEC.Effluent.Flow",0.00696779842854323,0.769952796968604,"3,2"
"9212","N..Eff..TSS.Conc. + Secondary.Effluent.Flow + SACto..1.m. + NSEC.Aerobic.SRT + NSEC.Effluent.TSS + NSEC.Effluent.NO5",0.273827902569713,0.799073591372894,"3,2"
"9213","N..Eff..TSS.Conc. + Secondary.Effluent.Flow + SACto..1.m. + NSEC.Aerobic.SRT + NSEC.Effluent.TSS + NSEC.Effluent.Flow",0.142414475457744,0.718725328409687,"3,2"
"9214","N..Eff..TSS.Conc. + Secondary.Effluent.Flow + SACto..1.m. + NSEC.Aerobic.SRT + NSEC.Effluent.NO5 + NSEC.Effluent.Flow",0.257496580381225,0.763274074606779,"3,2"
"9215","N..Eff..TSS.Conc. + Secondary.Effluent.Flow + SACto..1.m. + NSEC.Effluent.NH3 + NSEC.Effluent.NO3 + NSEC.Effluent.OP",0.0199734606802009,0.526457036379838,"3,2"
"9216","N..Eff..TSS.Conc. + Secondary.Effluent.Flow + SACto..1.m. + NSEC.Effluent.NH3 + NSEC.Effluent.NO3 + NSEC.Effluent.TSS",0.0707226543024584,0.416994037708702,"3,2"
"9217","N..Eff..TSS.Conc. + Secondary.Effluent.Flow + SACto..1.m. + NSEC.Effluent.NH3 + NSEC.Effluent.NO3 + NSEC.Effluent.NO5",0.138063029230492,0.633622423639174,"3,2"
"9218","N..Eff..TSS.Conc. + Secondary.Effluent.Flow + SACto..1.m. + NSEC.Effluent.NH3 + NSEC.Effluent.NO3 + NSEC.Effluent.Flow",0.13367181940165,0.504984957281143,"3,2"
"9219","N..Eff..TSS.Conc. + Secondary.Effluent.Flow + SACto..1.m. + NSEC.Effluent.NH3 + NSEC.Effluent.OP + NSEC.Effluent.TSS",0.200328366828555,0.591925446802002,"3,2"
"9220","N..Eff..TSS.Conc. + Secondary.Effluent.Flow + SACto..1.m. + NSEC.Effluent.NH3 + NSEC.Effluent.OP + NSEC.Effluent.NO5",0.211550924406551,0.70178469232539,"3,2"
"9221","N..Eff..TSS.Conc. + Secondary.Effluent.Flow + SACto..1.m. + NSEC.Effluent.NH3 + NSEC.Effluent.OP + NSEC.Effluent.Flow",0.143105343796812,0.699238170009232,"3,2"
"9222","N..Eff..TSS.Conc. + Secondary.Effluent.Flow + SACto..1.m. + NSEC.Effluent.NH3 + NSEC.Effluent.TSS + NSEC.Effluent.NO5",0.120126715919006,0.506483248903135,"3,2"
"9223","N..Eff..TSS.Conc. + Secondary.Effluent.Flow + SACto..1.m. + NSEC.Effluent.NH3 + NSEC.Effluent.TSS + NSEC.Effluent.Flow",0.129490152599403,0.505060450709396,"3,2"
"9224","N..Eff..TSS.Conc. + Secondary.Effluent.Flow + SACto..1.m. + NSEC.Effluent.NH3 + NSEC.Effluent.NO5 + NSEC.Effluent.Flow",0.15299226675695,0.508141147340984,"3,2"
"9225","N..Eff..TSS.Conc. + Secondary.Effluent.Flow + SACto..1.m. + NSEC.Effluent.NO3 + NSEC.Effluent.OP + NSEC.Effluent.TSS",0.221075194634185,0.688674212586657,"3,2"
"9226","N..Eff..TSS.Conc. + Secondary.Effluent.Flow + SACto..1.m. + NSEC.Effluent.NO3 + NSEC.Effluent.OP + NSEC.Effluent.NO5",0.205143020736692,0.698973213944757,"3,2"
"9227","N..Eff..TSS.Conc. + Secondary.Effluent.Flow + SACto..1.m. + NSEC.Effluent.NO3 + NSEC.Effluent.OP + NSEC.Effluent.Flow",0.113652431948653,0.654110329545643,"3,2"
"9228","N..Eff..TSS.Conc. + Secondary.Effluent.Flow + SACto..1.m. + NSEC.Effluent.NO3 + NSEC.Effluent.TSS + NSEC.Effluent.NO5",0.202347993409098,0.612132308342183,"3,2"
"9229","N..Eff..TSS.Conc. + Secondary.Effluent.Flow + SACto..1.m. + NSEC.Effluent.NO3 + NSEC.Effluent.TSS + NSEC.Effluent.Flow",0.139825881271361,0.504961688606103,"3,2"
"9230","N..Eff..TSS.Conc. + Secondary.Effluent.Flow + SACto..1.m. + NSEC.Effluent.NO3 + NSEC.Effluent.NO5 + NSEC.Effluent.Flow",0.303050284179394,0.577880005332651,"3,2"
"9231","N..Eff..TSS.Conc. + Secondary.Effluent.Flow + SACto..1.m. + NSEC.Effluent.OP + NSEC.Effluent.TSS + NSEC.Effluent.NO5",0.178942782747208,0.587800295035246,"3,2"
"9232","N..Eff..TSS.Conc. + Secondary.Effluent.Flow + SACto..1.m. + NSEC.Effluent.OP + NSEC.Effluent.TSS + NSEC.Effluent.Flow",0.178985348427933,0.61745320624535,"3,2"
"9233","N..Eff..TSS.Conc. + Secondary.Effluent.Flow + SACto..1.m. + NSEC.Effluent.OP + NSEC.Effluent.NO5 + NSEC.Effluent.Flow",0.171749046084168,0.689580984053285,"3,2"
"9234","N..Eff..TSS.Conc. + Secondary.Effluent.Flow + SACto..1.m. + NSEC.Effluent.TSS + NSEC.Effluent.NO5 + NSEC.Effluent.Flow",0.0741587600825788,0.560066108281373,"3,2"
"9235","N..Eff..TSS.Conc. + Secondary.Effluent.Flow + NSEC.Aerobic.SRT + NSEC.Effluent.NH3 + NSEC.Effluent.NO3 + NSEC.Effluent.OP",0.372573482161082,0.753304848415341,"3,2"
"9236","N..Eff..TSS.Conc. + Secondary.Effluent.Flow + NSEC.Aerobic.SRT + NSEC.Effluent.NH3 + NSEC.Effluent.NO3 + NSEC.Effluent.TSS",0.0739326914045546,0.685897323040609,"3,2"
"9237","N..Eff..TSS.Conc. + Secondary.Effluent.Flow + NSEC.Aerobic.SRT + NSEC.Effluent.NH3 + NSEC.Effluent.NO3 + NSEC.Effluent.NO5",0.130077214978839,0.766046890866192,"3,2"
"9238","N..Eff..TSS.Conc. + Secondary.Effluent.Flow + NSEC.Aerobic.SRT + NSEC.Effluent.NH3 + NSEC.Effluent.NO3 + NSEC.Effluent.Flow",0.000760057851107998,0.454914422818662,"3,2"
"9239","N..Eff..TSS.Conc. + Secondary.Effluent.Flow + NSEC.Aerobic.SRT + NSEC.Effluent.NH3 + NSEC.Effluent.OP + NSEC.Effluent.TSS",0.387173308603016,0.687725827967042,"3,2"
"9240","N..Eff..TSS.Conc. + Secondary.Effluent.Flow + NSEC.Aerobic.SRT + NSEC.Effluent.NH3 + NSEC.Effluent.OP + NSEC.Effluent.NO5",0.226919939190843,0.59608187000569,"3,2"
"9241","N..Eff..TSS.Conc. + Secondary.Effluent.Flow + NSEC.Aerobic.SRT + NSEC.Effluent.NH3 + NSEC.Effluent.OP + NSEC.Effluent.Flow",0.373816133442777,0.73566964835086,"3,2"
"9242","N..Eff..TSS.Conc. + Secondary.Effluent.Flow + NSEC.Aerobic.SRT + NSEC.Effluent.NH3 + NSEC.Effluent.TSS + NSEC.Effluent.NO5",0.263690036812283,0.640437642241987,"3,2"
"9243","N..Eff..TSS.Conc. + Secondary.Effluent.Flow + NSEC.Aerobic.SRT + NSEC.Effluent.NH3 + NSEC.Effluent.TSS + NSEC.Effluent.Flow",0.163214201219161,0.593010749174473,"3,2"
"9244","N..Eff..TSS.Conc. + Secondary.Effluent.Flow + NSEC.Aerobic.SRT + NSEC.Effluent.NH3 + NSEC.Effluent.NO5 + NSEC.Effluent.Flow",0.168597202926094,0.629704715762321,"3,2"
"9245","N..Eff..TSS.Conc. + Secondary.Effluent.Flow + NSEC.Aerobic.SRT + NSEC.Effluent.NO3 + NSEC.Effluent.OP + NSEC.Effluent.TSS",0.114600750155902,0.76755466478356,"3,2"
"9246","N..Eff..TSS.Conc. + Secondary.Effluent.Flow + NSEC.Aerobic.SRT + NSEC.Effluent.NO3 + NSEC.Effluent.OP + NSEC.Effluent.NO5",0.0120842644742809,0.767528969990401,"3,2"
"9247","N..Eff..TSS.Conc. + Secondary.Effluent.Flow + NSEC.Aerobic.SRT + NSEC.Effluent.NO3 + NSEC.Effluent.OP + NSEC.Effluent.Flow",0.27037247134582,0.727927567934547,"3,2"
"9248","N..Eff..TSS.Conc. + Secondary.Effluent.Flow + NSEC.Aerobic.SRT + NSEC.Effluent.NO3 + NSEC.Effluent.TSS + NSEC.Effluent.NO5",0.288898373038735,0.69080712387662,"3,2"
"9249","N..Eff..TSS.Conc. + Secondary.Effluent.Flow + NSEC.Aerobic.SRT + NSEC.Effluent.NO3 + NSEC.Effluent.TSS + NSEC.Effluent.Flow",0.175262119544144,0.611422023117889,"3,2"
"9250","N..Eff..TSS.Conc. + Secondary.Effluent.Flow + NSEC.Aerobic.SRT + NSEC.Effluent.NO3 + NSEC.Effluent.NO5 + NSEC.Effluent.Flow",0.169201478989751,0.614991766571002,"3,2"
"9251","N..Eff..TSS.Conc. + Secondary.Effluent.Flow + NSEC.Aerobic.SRT + NSEC.Effluent.OP + NSEC.Effluent.TSS + NSEC.Effluent.NO5",0.0650725145296385,0.593751417847111,"3,2"
"9252","N..Eff..TSS.Conc. + Secondary.Effluent.Flow + NSEC.Aerobic.SRT + NSEC.Effluent.OP + NSEC.Effluent.TSS + NSEC.Effluent.Flow",0.0293114719627383,0.774796812031125,"3,2"
"9253","N..Eff..TSS.Conc. + Secondary.Effluent.Flow + NSEC.Aerobic.SRT + NSEC.Effluent.OP + NSEC.Effluent.NO5 + NSEC.Effluent.Flow",0.00332994649803675,0.421742224777001,"3,2"
"9254","N..Eff..TSS.Conc. + Secondary.Effluent.Flow + NSEC.Aerobic.SRT + NSEC.Effluent.TSS + NSEC.Effluent.NO5 + NSEC.Effluent.Flow",0.170506218433138,0.56061952766468,"3,2"
"9255","N..Eff..TSS.Conc. + Secondary.Effluent.Flow + NSEC.Effluent.NH3 + NSEC.Effluent.NO3 + NSEC.Effluent.OP + NSEC.Effluent.TSS",0.211082691576049,0.665334405848802,"3,2"
"9256","N..Eff..TSS.Conc. + Secondary.Effluent.Flow + NSEC.Effluent.NH3 + NSEC.Effluent.NO3 + NSEC.Effluent.OP + NSEC.Effluent.NO5",0.113642313691382,0.627657525171084,"3,2"
"9257","N..Eff..TSS.Conc. + Secondary.Effluent.Flow + NSEC.Effluent.NH3 + NSEC.Effluent.NO3 + NSEC.Effluent.OP + NSEC.Effluent.Flow",0.0139022533149451,0.544719822462802,"3,2"
"9258","N..Eff..TSS.Conc. + Secondary.Effluent.Flow + NSEC.Effluent.NH3 + NSEC.Effluent.NO3 + NSEC.Effluent.TSS + NSEC.Effluent.NO5",0.412660440092253,0.590659229267494,"3,2"
"9259","N..Eff..TSS.Conc. + Secondary.Effluent.Flow + NSEC.Effluent.NH3 + NSEC.Effluent.NO3 + NSEC.Effluent.TSS + NSEC.Effluent.Flow",0.180711582199121,0.499197695953318,"3,2"
"9260","N..Eff..TSS.Conc. + Secondary.Effluent.Flow + NSEC.Effluent.NH3 + NSEC.Effluent.NO3 + NSEC.Effluent.NO5 + NSEC.Effluent.Flow",0.382582499627852,0.565383714558628,"3,2"
"9261","N..Eff..TSS.Conc. + Secondary.Effluent.Flow + NSEC.Effluent.NH3 + NSEC.Effluent.OP + NSEC.Effluent.TSS + NSEC.Effluent.NO5",0.0247455987349467,0.506443994559375,"3,2"
"9262","N..Eff..TSS.Conc. + Secondary.Effluent.Flow + NSEC.Effluent.NH3 + NSEC.Effluent.OP + NSEC.Effluent.TSS + NSEC.Effluent.Flow",0.064719246937996,0.520627006072755,"3,2"
"9263","N..Eff..TSS.Conc. + Secondary.Effluent.Flow + NSEC.Effluent.NH3 + NSEC.Effluent.OP + NSEC.Effluent.NO5 + NSEC.Effluent.Flow",0.039957518267947,0.495311963169212,"3,2"
"9264","N..Eff..TSS.Conc. + Secondary.Effluent.Flow + NSEC.Effluent.NH3 + NSEC.Effluent.TSS + NSEC.Effluent.NO5 + NSEC.Effluent.Flow",0.264343247665594,0.587869020606921,"3,2"
"9265","N..Eff..TSS.Conc. + Secondary.Effluent.Flow + NSEC.Effluent.NO3 + NSEC.Effluent.OP + NSEC.Effluent.TSS + NSEC.Effluent.NO5",0.152825835972447,0.658228912053267,"3,2"
"9266","N..Eff..TSS.Conc. + Secondary.Effluent.Flow + NSEC.Effluent.NO3 + NSEC.Effluent.OP + NSEC.Effluent.TSS + NSEC.Effluent.Flow",0.0290016543136755,0.562904074299408,"3,2"
"9267","N..Eff..TSS.Conc. + Secondary.Effluent.Flow + NSEC.Effluent.NO3 + NSEC.Effluent.OP + NSEC.Effluent.NO5 + NSEC.Effluent.Flow",0.112632678323195,0.625337926465568,"3,2"
"9268","N..Eff..TSS.Conc. + Secondary.Effluent.Flow + NSEC.Effluent.NO3 + NSEC.Effluent.TSS + NSEC.Effluent.NO5 + NSEC.Effluent.Flow",0.0163038894920668,0.353278019097011,"3,2"
"9269","N..Eff..TSS.Conc. + Secondary.Effluent.Flow + NSEC.Effluent.OP + NSEC.Effluent.TSS + NSEC.Effluent.NO5 + NSEC.Effluent.Flow",0.118013958780097,0.590894965767915,"3,2"
"9270","N..Eff..TSS.Conc. + N..Basin.Outfall + CODto..mg.L. + TSS..mg.L. + UVT.... + CODds..mg.L.",0.212437802217622,0.718071475606709,"3,2"
"9271","N..Eff..TSS.Conc. + N..Basin.Outfall + CODto..mg.L. + TSS..mg.L. + UVT.... + SACto..1.m.",0.271800720336817,0.681105629426221,"3,2"
"9272","N..Eff..TSS.Conc. + N..Basin.Outfall + CODto..mg.L. + TSS..mg.L. + UVT.... + NSEC.Aerobic.SRT",0.0862114026824126,0.784369559695717,"3,2"
"9273","N..Eff..TSS.Conc. + N..Basin.Outfall + CODto..mg.L. + TSS..mg.L. + UVT.... + NSEC.Effluent.NH3",0.29698228192309,0.726822947389794,"3,2"
"9274","N..Eff..TSS.Conc. + N..Basin.Outfall + CODto..mg.L. + TSS..mg.L. + UVT.... + NSEC.Effluent.NO3",0.343491598018973,0.708771066067457,"3,2"
"9275","N..Eff..TSS.Conc. + N..Basin.Outfall + CODto..mg.L. + TSS..mg.L. + UVT.... + NSEC.Effluent.OP",0.135127902340979,0.764455794132926,"3,2"
"9276","N..Eff..TSS.Conc. + N..Basin.Outfall + CODto..mg.L. + TSS..mg.L. + UVT.... + NSEC.Effluent.TSS",0.248837313700078,0.625014224117336,"3,2"
"9277","N..Eff..TSS.Conc. + N..Basin.Outfall + CODto..mg.L. + TSS..mg.L. + UVT.... + NSEC.Effluent.NO5",0.192089896492317,0.713392983520819,"3,2"
"9278","N..Eff..TSS.Conc. + N..Basin.Outfall + CODto..mg.L. + TSS..mg.L. + UVT.... + NSEC.Effluent.Flow",0.0003306393425766,0.715785869600662,"3,2"
"9279","N..Eff..TSS.Conc. + N..Basin.Outfall + CODto..mg.L. + TSS..mg.L. + CODds..mg.L. + SACto..1.m.",0.245203457825195,0.674123287891761,"3,2"
"9280","N..Eff..TSS.Conc. + N..Basin.Outfall + CODto..mg.L. + TSS..mg.L. + CODds..mg.L. + NSEC.Aerobic.SRT",0.118301319077943,0.791393532823831,"3,2"
"9281","N..Eff..TSS.Conc. + N..Basin.Outfall + CODto..mg.L. + TSS..mg.L. + CODds..mg.L. + NSEC.Effluent.NH3",0.282533034909508,0.722968572298775,"3,2"
"9282","N..Eff..TSS.Conc. + N..Basin.Outfall + CODto..mg.L. + TSS..mg.L. + CODds..mg.L. + NSEC.Effluent.NO3",0.240413772242025,0.696065349399904,"3,2"
"9283","N..Eff..TSS.Conc. + N..Basin.Outfall + CODto..mg.L. + TSS..mg.L. + CODds..mg.L. + NSEC.Effluent.OP",0.279223356731907,0.721952991973225,"3,2"
"9284","N..Eff..TSS.Conc. + N..Basin.Outfall + CODto..mg.L. + TSS..mg.L. + CODds..mg.L. + NSEC.Effluent.TSS",0.210365863186302,0.729592681149382,"3,2"
"9285","N..Eff..TSS.Conc. + N..Basin.Outfall + CODto..mg.L. + TSS..mg.L. + CODds..mg.L. + NSEC.Effluent.NO5",0.275321147568632,0.729037212980299,"3,2"
"9286","N..Eff..TSS.Conc. + N..Basin.Outfall + CODto..mg.L. + TSS..mg.L. + CODds..mg.L. + NSEC.Effluent.Flow",0.208356312985182,0.733090148884939,"3,2"
"9287","N..Eff..TSS.Conc. + N..Basin.Outfall + CODto..mg.L. + TSS..mg.L. + SACto..1.m. + NSEC.Aerobic.SRT",0.0961484806932571,0.800705131363017,"3,2"
"9288","N..Eff..TSS.Conc. + N..Basin.Outfall + CODto..mg.L. + TSS..mg.L. + SACto..1.m. + NSEC.Effluent.NH3",0.241435466607482,0.750764915138448,"3,2"
"9289","N..Eff..TSS.Conc. + N..Basin.Outfall + CODto..mg.L. + TSS..mg.L. + SACto..1.m. + NSEC.Effluent.NO3",0.249898791204173,0.715437330425577,"3,2"
"9290","N..Eff..TSS.Conc. + N..Basin.Outfall + CODto..mg.L. + TSS..mg.L. + SACto..1.m. + NSEC.Effluent.OP",0.162956262544406,0.6892624654337,"3,2"
"9291","N..Eff..TSS.Conc. + N..Basin.Outfall + CODto..mg.L. + TSS..mg.L. + SACto..1.m. + NSEC.Effluent.TSS",0.068613057260029,0.606203289077878,"3,2"
"9292","N..Eff..TSS.Conc. + N..Basin.Outfall + CODto..mg.L. + TSS..mg.L. + SACto..1.m. + NSEC.Effluent.NO5",0.255018949255442,0.719335603360207,"3,2"
"9293","N..Eff..TSS.Conc. + N..Basin.Outfall + CODto..mg.L. + TSS..mg.L. + SACto..1.m. + NSEC.Effluent.Flow",0.222333685003175,0.735922899527186,"3,2"
"9294","N..Eff..TSS.Conc. + N..Basin.Outfall + CODto..mg.L. + TSS..mg.L. + NSEC.Aerobic.SRT + NSEC.Effluent.NH3",0.120697649998323,0.779635817597514,"3,2"
"9295","N..Eff..TSS.Conc. + N..Basin.Outfall + CODto..mg.L. + TSS..mg.L. + NSEC.Aerobic.SRT + NSEC.Effluent.NO3",0.262648975486269,0.753406091942506,"3,2"
"9296","N..Eff..TSS.Conc. + N..Basin.Outfall + CODto..mg.L. + TSS..mg.L. + NSEC.Aerobic.SRT + NSEC.Effluent.OP",0.025966905229087,0.767967836691972,"3,2"
"9297","N..Eff..TSS.Conc. + N..Basin.Outfall + CODto..mg.L. + TSS..mg.L. + NSEC.Aerobic.SRT + NSEC.Effluent.TSS",0.137546800699414,0.803564101642155,"3,2"
"9298","N..Eff..TSS.Conc. + N..Basin.Outfall + CODto..mg.L. + TSS..mg.L. + NSEC.Aerobic.SRT + NSEC.Effluent.NO5",0.0447116421907139,0.802099118884682,"3,2"
"9299","N..Eff..TSS.Conc. + N..Basin.Outfall + CODto..mg.L. + TSS..mg.L. + NSEC.Aerobic.SRT + NSEC.Effluent.Flow",0.102142199237825,0.797187625495299,"3,2"
"9300","N..Eff..TSS.Conc. + N..Basin.Outfall + CODto..mg.L. + TSS..mg.L. + NSEC.Effluent.NH3 + NSEC.Effluent.NO3",0.311666042938539,0.724941357504515,"3,2"
"9301","N..Eff..TSS.Conc. + N..Basin.Outfall + CODto..mg.L. + TSS..mg.L. + NSEC.Effluent.NH3 + NSEC.Effluent.OP",0.209794900337509,0.726952139578176,"3,2"
"9302","N..Eff..TSS.Conc. + N..Basin.Outfall + CODto..mg.L. + TSS..mg.L. + NSEC.Effluent.NH3 + NSEC.Effluent.TSS",0.225554731484465,0.682055395957534,"3,2"
"9303","N..Eff..TSS.Conc. + N..Basin.Outfall + CODto..mg.L. + TSS..mg.L. + NSEC.Effluent.NH3 + NSEC.Effluent.NO5",0.336620422739693,0.708839555204331,"3,2"
"9304","N..Eff..TSS.Conc. + N..Basin.Outfall + CODto..mg.L. + TSS..mg.L. + NSEC.Effluent.NH3 + NSEC.Effluent.Flow",0.295199244134419,0.730459952737459,"3,2"
"9305","N..Eff..TSS.Conc. + N..Basin.Outfall + CODto..mg.L. + TSS..mg.L. + NSEC.Effluent.NO3 + NSEC.Effluent.OP",0.188791085673965,0.744618889532434,"3,2"
"9306","N..Eff..TSS.Conc. + N..Basin.Outfall + CODto..mg.L. + TSS..mg.L. + NSEC.Effluent.NO3 + NSEC.Effluent.TSS",0.224464112727804,0.700913904730581,"3,2"
"9307","N..Eff..TSS.Conc. + N..Basin.Outfall + CODto..mg.L. + TSS..mg.L. + NSEC.Effluent.NO3 + NSEC.Effluent.NO5",0.334352359457133,0.677523029462604,"3,2"
"9308","N..Eff..TSS.Conc. + N..Basin.Outfall + CODto..mg.L. + TSS..mg.L. + NSEC.Effluent.NO3 + NSEC.Effluent.Flow",0.301350024086651,0.716583841609364,"3,2"
"9309","N..Eff..TSS.Conc. + N..Basin.Outfall + CODto..mg.L. + TSS..mg.L. + NSEC.Effluent.OP + NSEC.Effluent.TSS",0.198828791611968,0.66766045649259,"3,2"
"9310","N..Eff..TSS.Conc. + N..Basin.Outfall + CODto..mg.L. + TSS..mg.L. + NSEC.Effluent.OP + NSEC.Effluent.NO5",0.308472314400723,0.720135937378037,"3,2"
"9311","N..Eff..TSS.Conc. + N..Basin.Outfall + CODto..mg.L. + TSS..mg.L. + NSEC.Effluent.OP + NSEC.Effluent.Flow",0.194049110924347,0.0246232293626881,"3,2"
"9312","N..Eff..TSS.Conc. + N..Basin.Outfall + CODto..mg.L. + TSS..mg.L. + NSEC.Effluent.TSS + NSEC.Effluent.NO5",0.0834338515590494,0.732357965407859,"3,2"
"9313","N..Eff..TSS.Conc. + N..Basin.Outfall + CODto..mg.L. + TSS..mg.L. + NSEC.Effluent.TSS + NSEC.Effluent.Flow",0.104635929398953,0.643368616183258,"3,2"
"9314","N..Eff..TSS.Conc. + N..Basin.Outfall + CODto..mg.L. + TSS..mg.L. + NSEC.Effluent.NO5 + NSEC.Effluent.Flow",0.319097536417396,0.715983743108701,"3,2"
"9315","N..Eff..TSS.Conc. + N..Basin.Outfall + CODto..mg.L. + UVT.... + CODds..mg.L. + SACto..1.m.",0.158643718858714,0.683959453617439,"3,2"
"9316","N..Eff..TSS.Conc. + N..Basin.Outfall + CODto..mg.L. + UVT.... + CODds..mg.L. + NSEC.Aerobic.SRT",0.0179398426774857,0.79002599304476,"3,2"
"9317","N..Eff..TSS.Conc. + N..Basin.Outfall + CODto..mg.L. + UVT.... + CODds..mg.L. + NSEC.Effluent.NH3",0.0419025141884481,0.678968947273063,"3,2"
"9318","N..Eff..TSS.Conc. + N..Basin.Outfall + CODto..mg.L. + UVT.... + CODds..mg.L. + NSEC.Effluent.NO3",0.221598716837609,0.67657928916046,"3,2"
"9319","N..Eff..TSS.Conc. + N..Basin.Outfall + CODto..mg.L. + UVT.... + CODds..mg.L. + NSEC.Effluent.OP",0.179761294988324,0.680316289668458,"3,2"
"9320","N..Eff..TSS.Conc. + N..Basin.Outfall + CODto..mg.L. + UVT.... + CODds..mg.L. + NSEC.Effluent.TSS",0.152581753846497,0.638287712740637,"3,2"
"9321","N..Eff..TSS.Conc. + N..Basin.Outfall + CODto..mg.L. + UVT.... + CODds..mg.L. + NSEC.Effluent.NO5",0.201283667986704,0.753138484467475,"3,2"
"9322","N..Eff..TSS.Conc. + N..Basin.Outfall + CODto..mg.L. + UVT.... + CODds..mg.L. + NSEC.Effluent.Flow",0.11479828189151,0.735247763906395,"3,2"
"9323","N..Eff..TSS.Conc. + N..Basin.Outfall + CODto..mg.L. + UVT.... + SACto..1.m. + NSEC.Aerobic.SRT",0.0788390690431493,0.55781198058315,"3,2"
"9324","N..Eff..TSS.Conc. + N..Basin.Outfall + CODto..mg.L. + UVT.... + SACto..1.m. + NSEC.Effluent.NH3",0.154007822892997,0.599571658052356,"3,2"
"9325","N..Eff..TSS.Conc. + N..Basin.Outfall + CODto..mg.L. + UVT.... + SACto..1.m. + NSEC.Effluent.NO3",0.175913574090237,0.601893071676941,"3,2"
"9326","N..Eff..TSS.Conc. + N..Basin.Outfall + CODto..mg.L. + UVT.... + SACto..1.m. + NSEC.Effluent.OP",0.108794233773697,0.697604914376129,"3,2"
"9327","N..Eff..TSS.Conc. + N..Basin.Outfall + CODto..mg.L. + UVT.... + SACto..1.m. + NSEC.Effluent.TSS",0.245332745121934,0.653888325215539,"3,2"
"9328","N..Eff..TSS.Conc. + N..Basin.Outfall + CODto..mg.L. + UVT.... + SACto..1.m. + NSEC.Effluent.NO5",0.214252817752364,0.666767182850114,"3,2"
"9329","N..Eff..TSS.Conc. + N..Basin.Outfall + CODto..mg.L. + UVT.... + SACto..1.m. + NSEC.Effluent.Flow",0.268422010782795,0.732880025100126,"3,2"
"9330","N..Eff..TSS.Conc. + N..Basin.Outfall + CODto..mg.L. + UVT.... + NSEC.Aerobic.SRT + NSEC.Effluent.NH3",0.204642696486683,0.773110586016221,"3,2"
"9331","N..Eff..TSS.Conc. + N..Basin.Outfall + CODto..mg.L. + UVT.... + NSEC.Aerobic.SRT + NSEC.Effluent.NO3",0.206438244296579,0.715417556657083,"3,2"
"9332","N..Eff..TSS.Conc. + N..Basin.Outfall + CODto..mg.L. + UVT.... + NSEC.Aerobic.SRT + NSEC.Effluent.OP",0.0368764473883452,0.796824001150666,"3,2"
"9333","N..Eff..TSS.Conc. + N..Basin.Outfall + CODto..mg.L. + UVT.... + NSEC.Aerobic.SRT + NSEC.Effluent.TSS",0.159886401204008,0.705111938938255,"3,2"
"9334","N..Eff..TSS.Conc. + N..Basin.Outfall + CODto..mg.L. + UVT.... + NSEC.Aerobic.SRT + NSEC.Effluent.NO5",0.115762273795031,0.637798293125978,"3,2"
"9335","N..Eff..TSS.Conc. + N..Basin.Outfall + CODto..mg.L. + UVT.... + NSEC.Aerobic.SRT + NSEC.Effluent.Flow",0.0692920387369322,0.735037730173685,"3,2"
"9336","N..Eff..TSS.Conc. + N..Basin.Outfall + CODto..mg.L. + UVT.... + NSEC.Effluent.NH3 + NSEC.Effluent.NO3",0.0461343351436101,0.660418817818084,"3,2"
"9337","N..Eff..TSS.Conc. + N..Basin.Outfall + CODto..mg.L. + UVT.... + NSEC.Effluent.NH3 + NSEC.Effluent.OP",0.118290778482458,0.660945621016607,"3,2"
"9338","N..Eff..TSS.Conc. + N..Basin.Outfall + CODto..mg.L. + UVT.... + NSEC.Effluent.NH3 + NSEC.Effluent.TSS",0.0887734745112065,0.573013498465208,"3,2"
"9339","N..Eff..TSS.Conc. + N..Basin.Outfall + CODto..mg.L. + UVT.... + NSEC.Effluent.NH3 + NSEC.Effluent.NO5",0.108404283922958,0.64831707401718,"3,2"
"9340","N..Eff..TSS.Conc. + N..Basin.Outfall + CODto..mg.L. + UVT.... + NSEC.Effluent.NH3 + NSEC.Effluent.Flow",0.1053291779128,0.631549504963961,"3,2"
"9341","N..Eff..TSS.Conc. + N..Basin.Outfall + CODto..mg.L. + UVT.... + NSEC.Effluent.NO3 + NSEC.Effluent.OP",0.0838738706942905,0.710366766152916,"3,2"
"9342","N..Eff..TSS.Conc. + N..Basin.Outfall + CODto..mg.L. + UVT.... + NSEC.Effluent.NO3 + NSEC.Effluent.TSS",0.113570587761648,0.636832702748617,"3,2"
"9343","N..Eff..TSS.Conc. + N..Basin.Outfall + CODto..mg.L. + UVT.... + NSEC.Effluent.NO3 + NSEC.Effluent.NO5",0.00543014991855983,0.638651812335249,"3,2"
"9344","N..Eff..TSS.Conc. + N..Basin.Outfall + CODto..mg.L. + UVT.... + NSEC.Effluent.NO3 + NSEC.Effluent.Flow",0.211116785366309,0.645232955596756,"3,2"
"9345","N..Eff..TSS.Conc. + N..Basin.Outfall + CODto..mg.L. + UVT.... + NSEC.Effluent.OP + NSEC.Effluent.TSS",0.152995124395216,0.763958103121496,"3,2"
"9346","N..Eff..TSS.Conc. + N..Basin.Outfall + CODto..mg.L. + UVT.... + NSEC.Effluent.OP + NSEC.Effluent.NO5",0.118472062498078,0.70536203606157,"3,2"
"9347","N..Eff..TSS.Conc. + N..Basin.Outfall + CODto..mg.L. + UVT.... + NSEC.Effluent.OP + NSEC.Effluent.Flow",0.01202418110578,0.739410432754283,"3,2"
"9348","N..Eff..TSS.Conc. + N..Basin.Outfall + CODto..mg.L. + UVT.... + NSEC.Effluent.TSS + NSEC.Effluent.NO5",0.142347661409405,0.697305628182281,"3,2"
"9349","N..Eff..TSS.Conc. + N..Basin.Outfall + CODto..mg.L. + UVT.... + NSEC.Effluent.TSS + NSEC.Effluent.Flow",0.126696976961812,0.545682013211187,"3,2"
"9350","N..Eff..TSS.Conc. + N..Basin.Outfall + CODto..mg.L. + UVT.... + NSEC.Effluent.NO5 + NSEC.Effluent.Flow",0.0989128256014664,0.600649016202478,"3,2"
"9351","N..Eff..TSS.Conc. + N..Basin.Outfall + CODto..mg.L. + CODds..mg.L. + SACto..1.m. + NSEC.Aerobic.SRT",0.169963472060801,0.806910684187307,"3,2"
"9352","N..Eff..TSS.Conc. + N..Basin.Outfall + CODto..mg.L. + CODds..mg.L. + SACto..1.m. + NSEC.Effluent.NH3",0.230438450516391,0.751310839644355,"3,2"
"9353","N..Eff..TSS.Conc. + N..Basin.Outfall + CODto..mg.L. + CODds..mg.L. + SACto..1.m. + NSEC.Effluent.NO3",0.215760467299536,0.678945276291865,"3,2"
"9354","N..Eff..TSS.Conc. + N..Basin.Outfall + CODto..mg.L. + CODds..mg.L. + SACto..1.m. + NSEC.Effluent.OP",0.0397959517883071,0.730135609991812,"3,2"
"9355","N..Eff..TSS.Conc. + N..Basin.Outfall + CODto..mg.L. + CODds..mg.L. + SACto..1.m. + NSEC.Effluent.TSS",0.177415415737026,0.730313102209945,"3,2"
"9356","N..Eff..TSS.Conc. + N..Basin.Outfall + CODto..mg.L. + CODds..mg.L. + SACto..1.m. + NSEC.Effluent.NO5",0.183508048657348,0.685903255604339,"3,2"
"9357","N..Eff..TSS.Conc. + N..Basin.Outfall + CODto..mg.L. + CODds..mg.L. + SACto..1.m. + NSEC.Effluent.Flow",0.231100070641895,0.685307724604834,"3,2"
"9358","N..Eff..TSS.Conc. + N..Basin.Outfall + CODto..mg.L. + CODds..mg.L. + NSEC.Aerobic.SRT + NSEC.Effluent.NH3",0.103763273007325,0.795258995890965,"3,2"
"9359","N..Eff..TSS.Conc. + N..Basin.Outfall + CODto..mg.L. + CODds..mg.L. + NSEC.Aerobic.SRT + NSEC.Effluent.NO3",0.0360895680919122,0.701401049445584,"3,2"
"9360","N..Eff..TSS.Conc. + N..Basin.Outfall + CODto..mg.L. + CODds..mg.L. + NSEC.Aerobic.SRT + NSEC.Effluent.OP",0.0367120891666621,0.781942298329094,"3,2"
"9361","N..Eff..TSS.Conc. + N..Basin.Outfall + CODto..mg.L. + CODds..mg.L. + NSEC.Aerobic.SRT + NSEC.Effluent.TSS",0.273106249528126,0.793399243159836,"3,2"
"9362","N..Eff..TSS.Conc. + N..Basin.Outfall + CODto..mg.L. + CODds..mg.L. + NSEC.Aerobic.SRT + NSEC.Effluent.NO5",0.10921233687703,0.630166806300589,"3,2"
"9363","N..Eff..TSS.Conc. + N..Basin.Outfall + CODto..mg.L. + CODds..mg.L. + NSEC.Aerobic.SRT + NSEC.Effluent.Flow",0.173607513269397,0.811600736024973,"3,2"
"9364","N..Eff..TSS.Conc. + N..Basin.Outfall + CODto..mg.L. + CODds..mg.L. + NSEC.Effluent.NH3 + NSEC.Effluent.NO3",0.281950589489103,0.692203873812605,"3,2"
"9365","N..Eff..TSS.Conc. + N..Basin.Outfall + CODto..mg.L. + CODds..mg.L. + NSEC.Effluent.NH3 + NSEC.Effluent.OP",0.260406208405123,0.70548403246937,"3,2"
"9366","N..Eff..TSS.Conc. + N..Basin.Outfall + CODto..mg.L. + CODds..mg.L. + NSEC.Effluent.NH3 + NSEC.Effluent.TSS",0.205483697687415,0.650554361923112,"3,2"
"9367","N..Eff..TSS.Conc. + N..Basin.Outfall + CODto..mg.L. + CODds..mg.L. + NSEC.Effluent.NH3 + NSEC.Effluent.NO5",0.305959251458551,0.64146243517374,"3,2"
"9368","N..Eff..TSS.Conc. + N..Basin.Outfall + CODto..mg.L. + CODds..mg.L. + NSEC.Effluent.NH3 + NSEC.Effluent.Flow",0.0684406036019225,0.728706002583274,"3,2"
"9369","N..Eff..TSS.Conc. + N..Basin.Outfall + CODto..mg.L. + CODds..mg.L. + NSEC.Effluent.NO3 + NSEC.Effluent.OP",0.207595190545667,0.726416601212783,"3,2"
"9370","N..Eff..TSS.Conc. + N..Basin.Outfall + CODto..mg.L. + CODds..mg.L. + NSEC.Effluent.NO3 + NSEC.Effluent.TSS",0.255161146875283,0.657713833188481,"3,2"
"9371","N..Eff..TSS.Conc. + N..Basin.Outfall + CODto..mg.L. + CODds..mg.L. + NSEC.Effluent.NO3 + NSEC.Effluent.NO5",0.233264425099395,0.609495424147514,"3,2"
"9372","N..Eff..TSS.Conc. + N..Basin.Outfall + CODto..mg.L. + CODds..mg.L. + NSEC.Effluent.NO3 + NSEC.Effluent.Flow",0.236314747984433,0.657284805358302,"3,2"
"9373","N..Eff..TSS.Conc. + N..Basin.Outfall + CODto..mg.L. + CODds..mg.L. + NSEC.Effluent.OP + NSEC.Effluent.TSS",0.243540635231339,0.735144416997109,"3,2"
"9374","N..Eff..TSS.Conc. + N..Basin.Outfall + CODto..mg.L. + CODds..mg.L. + NSEC.Effluent.OP + NSEC.Effluent.NO5",0.18767550563204,0.730023241820516,"3,2"
"9375","N..Eff..TSS.Conc. + N..Basin.Outfall + CODto..mg.L. + CODds..mg.L. + NSEC.Effluent.OP + NSEC.Effluent.Flow",0.202766136277142,0.710824747756924,"3,2"
"9376","N..Eff..TSS.Conc. + N..Basin.Outfall + CODto..mg.L. + CODds..mg.L. + NSEC.Effluent.TSS + NSEC.Effluent.NO5",0.222371119811164,0.704054911995709,"3,2"
"9377","N..Eff..TSS.Conc. + N..Basin.Outfall + CODto..mg.L. + CODds..mg.L. + NSEC.Effluent.TSS + NSEC.Effluent.Flow",0.189833310256333,0.711210975424869,"3,2"
"9378","N..Eff..TSS.Conc. + N..Basin.Outfall + CODto..mg.L. + CODds..mg.L. + NSEC.Effluent.NO5 + NSEC.Effluent.Flow",0.23710134197659,0.732330903289816,"3,2"
"9379","N..Eff..TSS.Conc. + N..Basin.Outfall + CODto..mg.L. + SACto..1.m. + NSEC.Aerobic.SRT + NSEC.Effluent.NH3",0.0734190264943029,0.570354100493006,"3,2"
"9380","N..Eff..TSS.Conc. + N..Basin.Outfall + CODto..mg.L. + SACto..1.m. + NSEC.Aerobic.SRT + NSEC.Effluent.NO3",0.292643107988575,0.723714058201889,"3,2"
"9381","N..Eff..TSS.Conc. + N..Basin.Outfall + CODto..mg.L. + SACto..1.m. + NSEC.Aerobic.SRT + NSEC.Effluent.OP",0.0888431982983184,0.749053524426947,"3,2"
"9382","N..Eff..TSS.Conc. + N..Basin.Outfall + CODto..mg.L. + SACto..1.m. + NSEC.Aerobic.SRT + NSEC.Effluent.TSS",0.120631732888843,0.583736886156651,"3,2"
"9383","N..Eff..TSS.Conc. + N..Basin.Outfall + CODto..mg.L. + SACto..1.m. + NSEC.Aerobic.SRT + NSEC.Effluent.NO5",0.192216714952942,0.0346411209024754,"3,2"
"9384","N..Eff..TSS.Conc. + N..Basin.Outfall + CODto..mg.L. + SACto..1.m. + NSEC.Aerobic.SRT + NSEC.Effluent.Flow",0.0747688763383758,0.600403012359281,"3,2"
"9385","N..Eff..TSS.Conc. + N..Basin.Outfall + CODto..mg.L. + SACto..1.m. + NSEC.Effluent.NH3 + NSEC.Effluent.NO3",0.109908765360296,0.605073618620985,"3,2"
"9386","N..Eff..TSS.Conc. + N..Basin.Outfall + CODto..mg.L. + SACto..1.m. + NSEC.Effluent.NH3 + NSEC.Effluent.OP",0.0889499275662176,0.74372588226246,"3,2"
"9387","N..Eff..TSS.Conc. + N..Basin.Outfall + CODto..mg.L. + SACto..1.m. + NSEC.Effluent.NH3 + NSEC.Effluent.TSS",0.118596227931959,0.568267394389255,"3,2"
"9388","N..Eff..TSS.Conc. + N..Basin.Outfall + CODto..mg.L. + SACto..1.m. + NSEC.Effluent.NH3 + NSEC.Effluent.NO5",0.275375014824774,0.680967002720412,"3,2"
"9389","N..Eff..TSS.Conc. + N..Basin.Outfall + CODto..mg.L. + SACto..1.m. + NSEC.Effluent.NH3 + NSEC.Effluent.Flow",0.171592795238417,0.600778383647847,"3,2"
"9390","N..Eff..TSS.Conc. + N..Basin.Outfall + CODto..mg.L. + SACto..1.m. + NSEC.Effluent.NO3 + NSEC.Effluent.OP",0.193854902145258,0.694148982685755,"3,2"
"9391","N..Eff..TSS.Conc. + N..Basin.Outfall + CODto..mg.L. + SACto..1.m. + NSEC.Effluent.NO3 + NSEC.Effluent.TSS",0.291016123415358,0.67119146831406,"3,2"
"9392","N..Eff..TSS.Conc. + N..Basin.Outfall + CODto..mg.L. + SACto..1.m. + NSEC.Effluent.NO3 + NSEC.Effluent.NO5",0.21355170785416,0.657795498985017,"3,2"
"9393","N..Eff..TSS.Conc. + N..Basin.Outfall + CODto..mg.L. + SACto..1.m. + NSEC.Effluent.NO3 + NSEC.Effluent.Flow",0.263041200683953,0.750115149023815,"3,2"
"9394","N..Eff..TSS.Conc. + N..Basin.Outfall + CODto..mg.L. + SACto..1.m. + NSEC.Effluent.OP + NSEC.Effluent.TSS",0.216200850361993,0.740693435823155,"3,2"
"9395","N..Eff..TSS.Conc. + N..Basin.Outfall + CODto..mg.L. + SACto..1.m. + NSEC.Effluent.OP + NSEC.Effluent.NO5",0.193300326549513,0.792367722191717,"3,2"
"9396","N..Eff..TSS.Conc. + N..Basin.Outfall + CODto..mg.L. + SACto..1.m. + NSEC.Effluent.OP + NSEC.Effluent.Flow",0.196950903779935,0.697875275649111,"3,2"
"9397","N..Eff..TSS.Conc. + N..Basin.Outfall + CODto..mg.L. + SACto..1.m. + NSEC.Effluent.TSS + NSEC.Effluent.NO5",0.120060387775607,0.634521871811909,"3,2"
"9398","N..Eff..TSS.Conc. + N..Basin.Outfall + CODto..mg.L. + SACto..1.m. + NSEC.Effluent.TSS + NSEC.Effluent.Flow",0.347482706938774,0.629194783048003,"3,2"
"9399","N..Eff..TSS.Conc. + N..Basin.Outfall + CODto..mg.L. + SACto..1.m. + NSEC.Effluent.NO5 + NSEC.Effluent.Flow",0.193507486462088,0.0179100990555287,"3,2"
"9400","N..Eff..TSS.Conc. + N..Basin.Outfall + CODto..mg.L. + NSEC.Aerobic.SRT + NSEC.Effluent.NH3 + NSEC.Effluent.NO3",0.000540596942276927,0.738764834550095,"3,2"
"9401","N..Eff..TSS.Conc. + N..Basin.Outfall + CODto..mg.L. + NSEC.Aerobic.SRT + NSEC.Effluent.NH3 + NSEC.Effluent.OP",0.209520233836859,0.708135142201455,"3,2"
"9402","N..Eff..TSS.Conc. + N..Basin.Outfall + CODto..mg.L. + NSEC.Aerobic.SRT + NSEC.Effluent.NH3 + NSEC.Effluent.TSS",0.00702965354679952,0.450465637765762,"3,2"
"9403","N..Eff..TSS.Conc. + N..Basin.Outfall + CODto..mg.L. + NSEC.Aerobic.SRT + NSEC.Effluent.NH3 + NSEC.Effluent.NO5",0.323515833518546,0.780592568918735,"3,2"
"9404","N..Eff..TSS.Conc. + N..Basin.Outfall + CODto..mg.L. + NSEC.Aerobic.SRT + NSEC.Effluent.NH3 + NSEC.Effluent.Flow",0.0815195080503508,0.73157021612104,"3,2"
"9405","N..Eff..TSS.Conc. + N..Basin.Outfall + CODto..mg.L. + NSEC.Aerobic.SRT + NSEC.Effluent.NO3 + NSEC.Effluent.OP",0.248515527793812,0.738806798692461,"3,2"
"9406","N..Eff..TSS.Conc. + N..Basin.Outfall + CODto..mg.L. + NSEC.Aerobic.SRT + NSEC.Effluent.NO3 + NSEC.Effluent.TSS",0.0111773510686002,0.657425662900499,"3,2"
"9407","N..Eff..TSS.Conc. + N..Basin.Outfall + CODto..mg.L. + NSEC.Aerobic.SRT + NSEC.Effluent.NO3 + NSEC.Effluent.NO5",0.00318177022929866,0.448098166382465,"3,2"
"9408","N..Eff..TSS.Conc. + N..Basin.Outfall + CODto..mg.L. + NSEC.Aerobic.SRT + NSEC.Effluent.NO3 + NSEC.Effluent.Flow",0.100399009859299,0.741738923566109,"3,2"
"9409","N..Eff..TSS.Conc. + N..Basin.Outfall + CODto..mg.L. + NSEC.Aerobic.SRT + NSEC.Effluent.OP + NSEC.Effluent.TSS",0.175461832415408,0.725514033543002,"3,2"
"9410","N..Eff..TSS.Conc. + N..Basin.Outfall + CODto..mg.L. + NSEC.Aerobic.SRT + NSEC.Effluent.OP + NSEC.Effluent.NO5",0.161166727742073,0.736963629035329,"3,2"
"9411","N..Eff..TSS.Conc. + N..Basin.Outfall + CODto..mg.L. + NSEC.Aerobic.SRT + NSEC.Effluent.OP + NSEC.Effluent.Flow",0.164451536345779,0.780266193271389,"3,2"
"9412","N..Eff..TSS.Conc. + N..Basin.Outfall + CODto..mg.L. + NSEC.Aerobic.SRT + NSEC.Effluent.TSS + NSEC.Effluent.NO5",0.18232346964151,0.739232806371434,"3,2"
"9413","N..Eff..TSS.Conc. + N..Basin.Outfall + CODto..mg.L. + NSEC.Aerobic.SRT + NSEC.Effluent.TSS + NSEC.Effluent.Flow",0.190570909287423,0.740441584741339,"3,2"
"9414","N..Eff..TSS.Conc. + N..Basin.Outfall + CODto..mg.L. + NSEC.Aerobic.SRT + NSEC.Effluent.NO5 + NSEC.Effluent.Flow",0.169359678031177,0.795546643623636,"3,2"
"9415","N..Eff..TSS.Conc. + N..Basin.Outfall + CODto..mg.L. + NSEC.Effluent.NH3 + NSEC.Effluent.NO3 + NSEC.Effluent.OP",0.17271300486424,0.734109944005692,"3,2"
"9416","N..Eff..TSS.Conc. + N..Basin.Outfall + CODto..mg.L. + NSEC.Effluent.NH3 + NSEC.Effluent.NO3 + NSEC.Effluent.TSS",0.128289972428876,0.528912720427396,"3,2"
"9417","N..Eff..TSS.Conc. + N..Basin.Outfall + CODto..mg.L. + NSEC.Effluent.NH3 + NSEC.Effluent.NO3 + NSEC.Effluent.NO5",0.071404605408556,0.422125041270969,"3,2"
"9418","N..Eff..TSS.Conc. + N..Basin.Outfall + CODto..mg.L. + NSEC.Effluent.NH3 + NSEC.Effluent.NO3 + NSEC.Effluent.Flow",0.286312433226577,0.685909759544241,"3,2"
"9419","N..Eff..TSS.Conc. + N..Basin.Outfall + CODto..mg.L. + NSEC.Effluent.NH3 + NSEC.Effluent.OP + NSEC.Effluent.TSS",0.310373615666677,0.724162987905405,"3,2"
"9420","N..Eff..TSS.Conc. + N..Basin.Outfall + CODto..mg.L. + NSEC.Effluent.NH3 + NSEC.Effluent.OP + NSEC.Effluent.NO5",0.107282988251571,0.651934683388178,"3,2"
"9421","N..Eff..TSS.Conc. + N..Basin.Outfall + CODto..mg.L. + NSEC.Effluent.NH3 + NSEC.Effluent.OP + NSEC.Effluent.Flow",0.212508023448079,0.586710226505202,"3,2"
"9422","N..Eff..TSS.Conc. + N..Basin.Outfall + CODto..mg.L. + NSEC.Effluent.NH3 + NSEC.Effluent.TSS + NSEC.Effluent.NO5",0.124852815171368,0.497054358104898,"3,2"
"9423","N..Eff..TSS.Conc. + N..Basin.Outfall + CODto..mg.L. + NSEC.Effluent.NH3 + NSEC.Effluent.TSS + NSEC.Effluent.Flow",0.0893143884540508,0.515076087795263,"3,2"
"9424","N..Eff..TSS.Conc. + N..Basin.Outfall + CODto..mg.L. + NSEC.Effluent.NH3 + NSEC.Effluent.NO5 + NSEC.Effluent.Flow",0.103868544919957,0.517492055735004,"3,2"
"9425","N..Eff..TSS.Conc. + N..Basin.Outfall + CODto..mg.L. + NSEC.Effluent.NO3 + NSEC.Effluent.OP + NSEC.Effluent.TSS",0.0558313385569553,0.561713024408015,"3,2"
"9426","N..Eff..TSS.Conc. + N..Basin.Outfall + CODto..mg.L. + NSEC.Effluent.NO3 + NSEC.Effluent.OP + NSEC.Effluent.NO5",0.0859981918045976,0.594482812188572,"3,2"
"9427","N..Eff..TSS.Conc. + N..Basin.Outfall + CODto..mg.L. + NSEC.Effluent.NO3 + NSEC.Effluent.OP + NSEC.Effluent.Flow",0.141749865501537,0.697042743333906,"3,2"
"9428","N..Eff..TSS.Conc. + N..Basin.Outfall + CODto..mg.L. + NSEC.Effluent.NO3 + NSEC.Effluent.TSS + NSEC.Effluent.NO5",0.136475181400455,0.518783366407878,"3,2"
"9429","N..Eff..TSS.Conc. + N..Basin.Outfall + CODto..mg.L. + NSEC.Effluent.NO3 + NSEC.Effluent.TSS + NSEC.Effluent.Flow",0.0497826861175645,0.543089994021356,"3,2"
"9430","N..Eff..TSS.Conc. + N..Basin.Outfall + CODto..mg.L. + NSEC.Effluent.NO3 + NSEC.Effluent.NO5 + NSEC.Effluent.Flow",0.0704567645771768,0.43030828083654,"3,2"
"9431","N..Eff..TSS.Conc. + N..Basin.Outfall + CODto..mg.L. + NSEC.Effluent.OP + NSEC.Effluent.TSS + NSEC.Effluent.NO5",0.00301997412599353,0.543584745166196,"3,2"
"9432","N..Eff..TSS.Conc. + N..Basin.Outfall + CODto..mg.L. + NSEC.Effluent.OP + NSEC.Effluent.TSS + NSEC.Effluent.Flow",0.199113825983749,0.679264524742123,"3,2"
"9433","N..Eff..TSS.Conc. + N..Basin.Outfall + CODto..mg.L. + NSEC.Effluent.OP + NSEC.Effluent.NO5 + NSEC.Effluent.Flow",0.359011248119439,0.7093208085572,"3,2"
"9434","N..Eff..TSS.Conc. + N..Basin.Outfall + CODto..mg.L. + NSEC.Effluent.TSS + NSEC.Effluent.NO5 + NSEC.Effluent.Flow",0.261034091986554,0.507956209123586,"3,2"
"9435","N..Eff..TSS.Conc. + N..Basin.Outfall + TSS..mg.L. + UVT.... + CODds..mg.L. + SACto..1.m.",0.110919430112834,0.692604751773161,"3,2"
"9436","N..Eff..TSS.Conc. + N..Basin.Outfall + TSS..mg.L. + UVT.... + CODds..mg.L. + NSEC.Aerobic.SRT",0.12839877459543,0.787765949805856,"3,2"
"9437","N..Eff..TSS.Conc. + N..Basin.Outfall + TSS..mg.L. + UVT.... + CODds..mg.L. + NSEC.Effluent.NH3",0.193450389429569,0.00184210405955015,"3,2"
"9438","N..Eff..TSS.Conc. + N..Basin.Outfall + TSS..mg.L. + UVT.... + CODds..mg.L. + NSEC.Effluent.NO3",0.199790337511571,0.770937344282253,"3,2"
"9439","N..Eff..TSS.Conc. + N..Basin.Outfall + TSS..mg.L. + UVT.... + CODds..mg.L. + NSEC.Effluent.OP",0.294203677322492,0.703469636901562,"3,2"
"9440","N..Eff..TSS.Conc. + N..Basin.Outfall + TSS..mg.L. + UVT.... + CODds..mg.L. + NSEC.Effluent.TSS",0.15848634600425,0.73384070952962,"3,2"
"9441","N..Eff..TSS.Conc. + N..Basin.Outfall + TSS..mg.L. + UVT.... + CODds..mg.L. + NSEC.Effluent.NO5",0.207151118867842,0.697412212123653,"3,2"
"9442","N..Eff..TSS.Conc. + N..Basin.Outfall + TSS..mg.L. + UVT.... + CODds..mg.L. + NSEC.Effluent.Flow",0.247575699260051,0.712652748837943,"3,2"
"9443","N..Eff..TSS.Conc. + N..Basin.Outfall + TSS..mg.L. + UVT.... + SACto..1.m. + NSEC.Aerobic.SRT",0.0745336217783761,0.803303937272629,"3,2"
"9444","N..Eff..TSS.Conc. + N..Basin.Outfall + TSS..mg.L. + UVT.... + SACto..1.m. + NSEC.Effluent.NH3",0.196316604561802,0.724269645754817,"3,2"
"9445","N..Eff..TSS.Conc. + N..Basin.Outfall + TSS..mg.L. + UVT.... + SACto..1.m. + NSEC.Effluent.NO3",0.248250894686288,0.739128172442753,"3,2"
"9446","N..Eff..TSS.Conc. + N..Basin.Outfall + TSS..mg.L. + UVT.... + SACto..1.m. + NSEC.Effluent.OP",0.160730585357352,0.78319863377685,"3,2"
"9447","N..Eff..TSS.Conc. + N..Basin.Outfall + TSS..mg.L. + UVT.... + SACto..1.m. + NSEC.Effluent.TSS",0.166841707821399,0.646311608961318,"3,2"
"9448","N..Eff..TSS.Conc. + N..Basin.Outfall + TSS..mg.L. + UVT.... + SACto..1.m. + NSEC.Effluent.NO5",0.24785578855568,0.715277361500847,"3,2"
"9449","N..Eff..TSS.Conc. + N..Basin.Outfall + TSS..mg.L. + UVT.... + SACto..1.m. + NSEC.Effluent.Flow",0.267168123613166,0.669994854716822,"3,2"
"9450","N..Eff..TSS.Conc. + N..Basin.Outfall + TSS..mg.L. + UVT.... + NSEC.Aerobic.SRT + NSEC.Effluent.NH3",0.145884421432643,0.825218773012028,"3,2"
"9451","N..Eff..TSS.Conc. + N..Basin.Outfall + TSS..mg.L. + UVT.... + NSEC.Aerobic.SRT + NSEC.Effluent.NO3",0.000130069244026476,0.804197408218358,"3,2"
"9452","N..Eff..TSS.Conc. + N..Basin.Outfall + TSS..mg.L. + UVT.... + NSEC.Aerobic.SRT + NSEC.Effluent.OP",0.0139512691364128,0.786002904307218,"3,2"
"9453","N..Eff..TSS.Conc. + N..Basin.Outfall + TSS..mg.L. + UVT.... + NSEC.Aerobic.SRT + NSEC.Effluent.TSS",0.108870391191641,0.649227476137481,"3,2"
"9454","N..Eff..TSS.Conc. + N..Basin.Outfall + TSS..mg.L. + UVT.... + NSEC.Aerobic.SRT + NSEC.Effluent.NO5",0.10118649285882,0.796695429887434,"3,2"
"9455","N..Eff..TSS.Conc. + N..Basin.Outfall + TSS..mg.L. + UVT.... + NSEC.Aerobic.SRT + NSEC.Effluent.Flow",0.0791685695705135,0.771126360916914,"3,2"
"9456","N..Eff..TSS.Conc. + N..Basin.Outfall + TSS..mg.L. + UVT.... + NSEC.Effluent.NH3 + NSEC.Effluent.NO3",0.0431204546520054,0.751441022434048,"3,2"
"9457","N..Eff..TSS.Conc. + N..Basin.Outfall + TSS..mg.L. + UVT.... + NSEC.Effluent.NH3 + NSEC.Effluent.OP",0.217239992990529,0.807845646130831,"3,2"
"9458","N..Eff..TSS.Conc. + N..Basin.Outfall + TSS..mg.L. + UVT.... + NSEC.Effluent.NH3 + NSEC.Effluent.TSS",0.199570597765096,0.72635589555564,"3,2"
"9459","N..Eff..TSS.Conc. + N..Basin.Outfall + TSS..mg.L. + UVT.... + NSEC.Effluent.NH3 + NSEC.Effluent.NO5",0.208042571994163,0.744845443317359,"3,2"
"9460","N..Eff..TSS.Conc. + N..Basin.Outfall + TSS..mg.L. + UVT.... + NSEC.Effluent.NH3 + NSEC.Effluent.Flow",0.0617089887323488,0.623160356948856,"3,2"
"9461","N..Eff..TSS.Conc. + N..Basin.Outfall + TSS..mg.L. + UVT.... + NSEC.Effluent.NO3 + NSEC.Effluent.OP",0.196740968160597,0.79488299578597,"3,2"
"9462","N..Eff..TSS.Conc. + N..Basin.Outfall + TSS..mg.L. + UVT.... + NSEC.Effluent.NO3 + NSEC.Effluent.TSS",0.229870289350752,0.72020696178437,"3,2"
"9463","N..Eff..TSS.Conc. + N..Basin.Outfall + TSS..mg.L. + UVT.... + NSEC.Effluent.NO3 + NSEC.Effluent.NO5",0.234402414909086,0.724802649133832,"3,2"
"9464","N..Eff..TSS.Conc. + N..Basin.Outfall + TSS..mg.L. + UVT.... + NSEC.Effluent.NO3 + NSEC.Effluent.Flow",0.249479557734355,0.754187998749541,"3,2"
"9465","N..Eff..TSS.Conc. + N..Basin.Outfall + TSS..mg.L. + UVT.... + NSEC.Effluent.OP + NSEC.Effluent.TSS",0.174733113183347,0.737158007355904,"3,2"
"9466","N..Eff..TSS.Conc. + N..Basin.Outfall + TSS..mg.L. + UVT.... + NSEC.Effluent.OP + NSEC.Effluent.NO5",0.0139863058869429,0.769173554124018,"3,2"
"9467","N..Eff..TSS.Conc. + N..Basin.Outfall + TSS..mg.L. + UVT.... + NSEC.Effluent.OP + NSEC.Effluent.Flow",0.165579298266806,0.731918417849805,"3,2"
"9468","N..Eff..TSS.Conc. + N..Basin.Outfall + TSS..mg.L. + UVT.... + NSEC.Effluent.TSS + NSEC.Effluent.NO5",0.040082895140686,0.730161647478712,"3,2"
"9469","N..Eff..TSS.Conc. + N..Basin.Outfall + TSS..mg.L. + UVT.... + NSEC.Effluent.TSS + NSEC.Effluent.Flow",0.0311461697618463,0.708710755543318,"3,2"
"9470","N..Eff..TSS.Conc. + N..Basin.Outfall + TSS..mg.L. + UVT.... + NSEC.Effluent.NO5 + NSEC.Effluent.Flow",0.269780074251555,0.755359208480901,"3,2"
"9471","N..Eff..TSS.Conc. + N..Basin.Outfall + TSS..mg.L. + CODds..mg.L. + SACto..1.m. + NSEC.Aerobic.SRT",0.0344131615932439,0.770298822082815,"3,2"
"9472","N..Eff..TSS.Conc. + N..Basin.Outfall + TSS..mg.L. + CODds..mg.L. + SACto..1.m. + NSEC.Effluent.NH3",0.261575985638435,0.702900071472857,"3,2"
"9473","N..Eff..TSS.Conc. + N..Basin.Outfall + TSS..mg.L. + CODds..mg.L. + SACto..1.m. + NSEC.Effluent.NO3",0.121248390060937,0.731509157630045,"3,2"
"9474","N..Eff..TSS.Conc. + N..Basin.Outfall + TSS..mg.L. + CODds..mg.L. + SACto..1.m. + NSEC.Effluent.OP",0.143281907806994,0.802835248991874,"3,2"
"9475","N..Eff..TSS.Conc. + N..Basin.Outfall + TSS..mg.L. + CODds..mg.L. + SACto..1.m. + NSEC.Effluent.TSS",0.238508492036498,0.741650691671554,"3,2"
"9476","N..Eff..TSS.Conc. + N..Basin.Outfall + TSS..mg.L. + CODds..mg.L. + SACto..1.m. + NSEC.Effluent.NO5",0.265509079235486,0.729939078811148,"3,2"
"9477","N..Eff..TSS.Conc. + N..Basin.Outfall + TSS..mg.L. + CODds..mg.L. + SACto..1.m. + NSEC.Effluent.Flow",0.192623371569679,0.216364620181141,"3,2"
"9478","N..Eff..TSS.Conc. + N..Basin.Outfall + TSS..mg.L. + CODds..mg.L. + NSEC.Aerobic.SRT + NSEC.Effluent.NH3",0.0699502476140412,0.753765303945469,"3,2"
"9479","N..Eff..TSS.Conc. + N..Basin.Outfall + TSS..mg.L. + CODds..mg.L. + NSEC.Aerobic.SRT + NSEC.Effluent.NO3",0.227444211630484,0.818066638018746,"3,2"
"9480","N..Eff..TSS.Conc. + N..Basin.Outfall + TSS..mg.L. + CODds..mg.L. + NSEC.Aerobic.SRT + NSEC.Effluent.OP",0.20835838975146,0.773026741246313,"3,2"
"9481","N..Eff..TSS.Conc. + N..Basin.Outfall + TSS..mg.L. + CODds..mg.L. + NSEC.Aerobic.SRT + NSEC.Effluent.TSS",0.0965933517259649,0.738849918164371,"3,2"
"9482","N..Eff..TSS.Conc. + N..Basin.Outfall + TSS..mg.L. + CODds..mg.L. + NSEC.Aerobic.SRT + NSEC.Effluent.NO5",0.256182022707356,0.807040518324656,"3,2"
"9483","N..Eff..TSS.Conc. + N..Basin.Outfall + TSS..mg.L. + CODds..mg.L. + NSEC.Aerobic.SRT + NSEC.Effluent.Flow",0.137274320636222,0.805652739756649,"3,2"
"9484","N..Eff..TSS.Conc. + N..Basin.Outfall + TSS..mg.L. + CODds..mg.L. + NSEC.Effluent.NH3 + NSEC.Effluent.NO3",0.142827661783953,0.601181188150248,"3,2"
"9485","N..Eff..TSS.Conc. + N..Basin.Outfall + TSS..mg.L. + CODds..mg.L. + NSEC.Effluent.NH3 + NSEC.Effluent.OP",0.254414013666576,0.693614683179143,"3,2"
"9486","N..Eff..TSS.Conc. + N..Basin.Outfall + TSS..mg.L. + CODds..mg.L. + NSEC.Effluent.NH3 + NSEC.Effluent.TSS",0.0974598524151489,0.634515193030605,"3,2"
"9487","N..Eff..TSS.Conc. + N..Basin.Outfall + TSS..mg.L. + CODds..mg.L. + NSEC.Effluent.NH3 + NSEC.Effluent.NO5",0.272467887893212,0.632009386875027,"3,2"
"9488","N..Eff..TSS.Conc. + N..Basin.Outfall + TSS..mg.L. + CODds..mg.L. + NSEC.Effluent.NH3 + NSEC.Effluent.Flow",0.236751107677728,0.666510412078993,"3,2"
"9489","N..Eff..TSS.Conc. + N..Basin.Outfall + TSS..mg.L. + CODds..mg.L. + NSEC.Effluent.NO3 + NSEC.Effluent.OP",0.0557264608104653,0.674531391585657,"3,2"
"9490","N..Eff..TSS.Conc. + N..Basin.Outfall + TSS..mg.L. + CODds..mg.L. + NSEC.Effluent.NO3 + NSEC.Effluent.TSS",0.0601229613190091,0.646357248363261,"3,2"
"9491","N..Eff..TSS.Conc. + N..Basin.Outfall + TSS..mg.L. + CODds..mg.L. + NSEC.Effluent.NO3 + NSEC.Effluent.NO5",0.185715470809823,0.656065531419338,"3,2"
"9492","N..Eff..TSS.Conc. + N..Basin.Outfall + TSS..mg.L. + CODds..mg.L. + NSEC.Effluent.NO3 + NSEC.Effluent.Flow",0.157564104705172,0.66628162271198,"3,2"
"9493","N..Eff..TSS.Conc. + N..Basin.Outfall + TSS..mg.L. + CODds..mg.L. + NSEC.Effluent.OP + NSEC.Effluent.TSS",0.034730325234233,0.60741879361168,"3,2"
"9494","N..Eff..TSS.Conc. + N..Basin.Outfall + TSS..mg.L. + CODds..mg.L. + NSEC.Effluent.OP + NSEC.Effluent.NO5",0.0415097640770141,0.637193178533743,"3,2"
"9495","N..Eff..TSS.Conc. + N..Basin.Outfall + TSS..mg.L. + CODds..mg.L. + NSEC.Effluent.OP + NSEC.Effluent.Flow",0.0515778060615344,0.678502095246599,"3,2"
"9496","N..Eff..TSS.Conc. + N..Basin.Outfall + TSS..mg.L. + CODds..mg.L. + NSEC.Effluent.TSS + NSEC.Effluent.NO5",0.203860755199949,0.60961132715076,"3,2"
"9497","N..Eff..TSS.Conc. + N..Basin.Outfall + TSS..mg.L. + CODds..mg.L. + NSEC.Effluent.TSS + NSEC.Effluent.Flow",0.123879380284677,0.603485123003447,"3,2"
"9498","N..Eff..TSS.Conc. + N..Basin.Outfall + TSS..mg.L. + CODds..mg.L. + NSEC.Effluent.NO5 + NSEC.Effluent.Flow",0.186034640399959,0.655787341452439,"3,2"
"9499","N..Eff..TSS.Conc. + N..Basin.Outfall + TSS..mg.L. + SACto..1.m. + NSEC.Aerobic.SRT + NSEC.Effluent.NH3",0.0751500925074735,0.79682056841488,"3,2"
"9500","N..Eff..TSS.Conc. + N..Basin.Outfall + TSS..mg.L. + SACto..1.m. + NSEC.Aerobic.SRT + NSEC.Effluent.NO3",0.0708802505445019,0.790995631873574,"3,2"
"9501","N..Eff..TSS.Conc. + N..Basin.Outfall + TSS..mg.L. + SACto..1.m. + NSEC.Aerobic.SRT + NSEC.Effluent.OP",0.00660354839580668,0.826560828967411,"3,2"
"9502","N..Eff..TSS.Conc. + N..Basin.Outfall + TSS..mg.L. + SACto..1.m. + NSEC.Aerobic.SRT + NSEC.Effluent.TSS",0.050837419956653,0.816335226918404,"3,2"
"9503","N..Eff..TSS.Conc. + N..Basin.Outfall + TSS..mg.L. + SACto..1.m. + NSEC.Aerobic.SRT + NSEC.Effluent.NO5",0.280852250343218,0.812169966735702,"3,2"
"9504","N..Eff..TSS.Conc. + N..Basin.Outfall + TSS..mg.L. + SACto..1.m. + NSEC.Aerobic.SRT + NSEC.Effluent.Flow",0.141636624455,0.801626485104803,"3,2"
"9505","N..Eff..TSS.Conc. + N..Basin.Outfall + TSS..mg.L. + SACto..1.m. + NSEC.Effluent.NH3 + NSEC.Effluent.NO3",0.351932168875453,0.708035086172671,"3,2"
"9506","N..Eff..TSS.Conc. + N..Basin.Outfall + TSS..mg.L. + SACto..1.m. + NSEC.Effluent.NH3 + NSEC.Effluent.OP",0.245366339739689,0.78081541903056,"3,2"
"9507","N..Eff..TSS.Conc. + N..Basin.Outfall + TSS..mg.L. + SACto..1.m. + NSEC.Effluent.NH3 + NSEC.Effluent.TSS",0.0732392622379066,0.567033457181076,"3,2"
"9508","N..Eff..TSS.Conc. + N..Basin.Outfall + TSS..mg.L. + SACto..1.m. + NSEC.Effluent.NH3 + NSEC.Effluent.NO5",0.244552151258446,0.758081502575994,"3,2"
"9509","N..Eff..TSS.Conc. + N..Basin.Outfall + TSS..mg.L. + SACto..1.m. + NSEC.Effluent.NH3 + NSEC.Effluent.Flow",0.282605297914084,0.712022341161654,"3,2"
"9510","N..Eff..TSS.Conc. + N..Basin.Outfall + TSS..mg.L. + SACto..1.m. + NSEC.Effluent.NO3 + NSEC.Effluent.OP",0.276539045528784,0.755762449280921,"3,2"
"9511","N..Eff..TSS.Conc. + N..Basin.Outfall + TSS..mg.L. + SACto..1.m. + NSEC.Effluent.NO3 + NSEC.Effluent.TSS",0.27206229109441,0.731139824226231,"3,2"
"9512","N..Eff..TSS.Conc. + N..Basin.Outfall + TSS..mg.L. + SACto..1.m. + NSEC.Effluent.NO3 + NSEC.Effluent.NO5",0.214743005921511,0.782545204539529,"3,2"
"9513","N..Eff..TSS.Conc. + N..Basin.Outfall + TSS..mg.L. + SACto..1.m. + NSEC.Effluent.NO3 + NSEC.Effluent.Flow",0.203239450137676,0.675552921262819,"3,2"
"9514","N..Eff..TSS.Conc. + N..Basin.Outfall + TSS..mg.L. + SACto..1.m. + NSEC.Effluent.OP + NSEC.Effluent.TSS",0.208092285007726,0.720564235003592,"3,2"
"9515","N..Eff..TSS.Conc. + N..Basin.Outfall + TSS..mg.L. + SACto..1.m. + NSEC.Effluent.OP + NSEC.Effluent.NO5",0.142283436725859,0.748156528775634,"3,2"
"9516","N..Eff..TSS.Conc. + N..Basin.Outfall + TSS..mg.L. + SACto..1.m. + NSEC.Effluent.OP + NSEC.Effluent.Flow",0.218930435565578,0.728822751442139,"3,2"
"9517","N..Eff..TSS.Conc. + N..Basin.Outfall + TSS..mg.L. + SACto..1.m. + NSEC.Effluent.TSS + NSEC.Effluent.NO5",0.245516210289957,0.734264360399394,"3,2"
"9518","N..Eff..TSS.Conc. + N..Basin.Outfall + TSS..mg.L. + SACto..1.m. + NSEC.Effluent.TSS + NSEC.Effluent.Flow",0.242920405413607,0.675833301536023,"3,2"
"9519","N..Eff..TSS.Conc. + N..Basin.Outfall + TSS..mg.L. + SACto..1.m. + NSEC.Effluent.NO5 + NSEC.Effluent.Flow",0.152857235337687,0.764418581385583,"3,2"
"9520","N..Eff..TSS.Conc. + N..Basin.Outfall + TSS..mg.L. + NSEC.Aerobic.SRT + NSEC.Effluent.NH3 + NSEC.Effluent.NO3",0.262034265317632,0.747186380109926,"3,2"
"9521","N..Eff..TSS.Conc. + N..Basin.Outfall + TSS..mg.L. + NSEC.Aerobic.SRT + NSEC.Effluent.NH3 + NSEC.Effluent.OP",0.153996064180681,0.720981842032443,"3,2"
"9522","N..Eff..TSS.Conc. + N..Basin.Outfall + TSS..mg.L. + NSEC.Aerobic.SRT + NSEC.Effluent.NH3 + NSEC.Effluent.TSS",0.250439523724114,0.72219218789784,"3,2"
"9523","N..Eff..TSS.Conc. + N..Basin.Outfall + TSS..mg.L. + NSEC.Aerobic.SRT + NSEC.Effluent.NH3 + NSEC.Effluent.NO5",0.173550665438303,0.765905617353085,"3,2"
"9524","N..Eff..TSS.Conc. + N..Basin.Outfall + TSS..mg.L. + NSEC.Aerobic.SRT + NSEC.Effluent.NH3 + NSEC.Effluent.Flow",0.279451745290123,0.689725952669057,"3,2"
"9525","N..Eff..TSS.Conc. + N..Basin.Outfall + TSS..mg.L. + NSEC.Aerobic.SRT + NSEC.Effluent.NO3 + NSEC.Effluent.OP",0.210675430089405,0.763782470386096,"3,2"
"9526","N..Eff..TSS.Conc. + N..Basin.Outfall + TSS..mg.L. + NSEC.Aerobic.SRT + NSEC.Effluent.NO3 + NSEC.Effluent.TSS",0.203507092298163,0.670888892653568,"3,2"
"9527","N..Eff..TSS.Conc. + N..Basin.Outfall + TSS..mg.L. + NSEC.Aerobic.SRT + NSEC.Effluent.NO3 + NSEC.Effluent.NO5",0.00171955051248163,0.471176364016433,"3,2"
"9528","N..Eff..TSS.Conc. + N..Basin.Outfall + TSS..mg.L. + NSEC.Aerobic.SRT + NSEC.Effluent.NO3 + NSEC.Effluent.Flow",0.0140219235203596,0.462446635124688,"3,2"
"9529","N..Eff..TSS.Conc. + N..Basin.Outfall + TSS..mg.L. + NSEC.Aerobic.SRT + NSEC.Effluent.OP + NSEC.Effluent.TSS",0.224088936360677,0.669675088418091,"3,2"
"9530","N..Eff..TSS.Conc. + N..Basin.Outfall + TSS..mg.L. + NSEC.Aerobic.SRT + NSEC.Effluent.OP + NSEC.Effluent.NO5",0.0424308888839366,0.590312580948011,"3,2"
"9531","N..Eff..TSS.Conc. + N..Basin.Outfall + TSS..mg.L. + NSEC.Aerobic.SRT + NSEC.Effluent.OP + NSEC.Effluent.Flow",0.027730790675434,0.522880361756524,"3,2"
"9532","N..Eff..TSS.Conc. + N..Basin.Outfall + TSS..mg.L. + NSEC.Aerobic.SRT + NSEC.Effluent.TSS + NSEC.Effluent.NO5",0.335851167005207,0.751780004397184,"3,2"
"9533","N..Eff..TSS.Conc. + N..Basin.Outfall + TSS..mg.L. + NSEC.Aerobic.SRT + NSEC.Effluent.TSS + NSEC.Effluent.Flow",0.133585502477059,0.696830166835682,"3,2"
"9534","N..Eff..TSS.Conc. + N..Basin.Outfall + TSS..mg.L. + NSEC.Aerobic.SRT + NSEC.Effluent.NO5 + NSEC.Effluent.Flow",0.251661312390937,0.742050704132926,"3,2"
"9535","N..Eff..TSS.Conc. + N..Basin.Outfall + TSS..mg.L. + NSEC.Effluent.NH3 + NSEC.Effluent.NO3 + NSEC.Effluent.OP",0.194435952135763,0.0209074539425477,"3,2"
"9536","N..Eff..TSS.Conc. + N..Basin.Outfall + TSS..mg.L. + NSEC.Effluent.NH3 + NSEC.Effluent.NO3 + NSEC.Effluent.TSS",0.012809093208777,0.589702194654623,"3,2"
"9537","N..Eff..TSS.Conc. + N..Basin.Outfall + TSS..mg.L. + NSEC.Effluent.NH3 + NSEC.Effluent.NO3 + NSEC.Effluent.NO5",0.022515334311902,0.413508425207717,"3,2"
"9538","N..Eff..TSS.Conc. + N..Basin.Outfall + TSS..mg.L. + NSEC.Effluent.NH3 + NSEC.Effluent.NO3 + NSEC.Effluent.Flow",0.265777258552378,0.617414591291213,"3,2"
"9539","N..Eff..TSS.Conc. + N..Basin.Outfall + TSS..mg.L. + NSEC.Effluent.NH3 + NSEC.Effluent.OP + NSEC.Effluent.TSS",0.0340936616387997,0.556913936020762,"3,2"
"9540","N..Eff..TSS.Conc. + N..Basin.Outfall + TSS..mg.L. + NSEC.Effluent.NH3 + NSEC.Effluent.OP + NSEC.Effluent.NO5",0.0616549520544014,0.602420609867959,"3,2"
"9541","N..Eff..TSS.Conc. + N..Basin.Outfall + TSS..mg.L. + NSEC.Effluent.NH3 + NSEC.Effluent.OP + NSEC.Effluent.Flow",0.00324462740931497,0.580487312810226,"3,2"
"9542","N..Eff..TSS.Conc. + N..Basin.Outfall + TSS..mg.L. + NSEC.Effluent.NH3 + NSEC.Effluent.TSS + NSEC.Effluent.NO5",0.00214242333842396,0.533440632747921,"3,2"
"9543","N..Eff..TSS.Conc. + N..Basin.Outfall + TSS..mg.L. + NSEC.Effluent.NH3 + NSEC.Effluent.TSS + NSEC.Effluent.Flow",0.0166683759813284,0.447748348641067,"3,2"
"9544","N..Eff..TSS.Conc. + N..Basin.Outfall + TSS..mg.L. + NSEC.Effluent.NH3 + NSEC.Effluent.NO5 + NSEC.Effluent.Flow",0.328719828224965,0.560731972910133,"3,2"
"9545","N..Eff..TSS.Conc. + N..Basin.Outfall + TSS..mg.L. + NSEC.Effluent.NO3 + NSEC.Effluent.OP + NSEC.Effluent.TSS",0.126084754868769,0.464542940355902,"3,2"
"9546","N..Eff..TSS.Conc. + N..Basin.Outfall + TSS..mg.L. + NSEC.Effluent.NO3 + NSEC.Effluent.OP + NSEC.Effluent.NO5",0.111404731060822,0.684106428791466,"3,2"
"9547","N..Eff..TSS.Conc. + N..Basin.Outfall + TSS..mg.L. + NSEC.Effluent.NO3 + NSEC.Effluent.OP + NSEC.Effluent.Flow",0.0217831251997807,0.582177358194505,"3,2"
"9548","N..Eff..TSS.Conc. + N..Basin.Outfall + TSS..mg.L. + NSEC.Effluent.NO3 + NSEC.Effluent.TSS + NSEC.Effluent.NO5",0.105705053614904,0.557153772977016,"3,2"
"9549","N..Eff..TSS.Conc. + N..Basin.Outfall + TSS..mg.L. + NSEC.Effluent.NO3 + NSEC.Effluent.TSS + NSEC.Effluent.Flow",0.340635796491857,0.542852693017531,"3,2"
"9550","N..Eff..TSS.Conc. + N..Basin.Outfall + TSS..mg.L. + NSEC.Effluent.NO3 + NSEC.Effluent.NO5 + NSEC.Effluent.Flow",0.317391908228814,0.511755620604486,"3,2"
"9551","N..Eff..TSS.Conc. + N..Basin.Outfall + TSS..mg.L. + NSEC.Effluent.OP + NSEC.Effluent.TSS + NSEC.Effluent.NO5",0.152339231334289,0.635590842568092,"3,2"
"9552","N..Eff..TSS.Conc. + N..Basin.Outfall + TSS..mg.L. + NSEC.Effluent.OP + NSEC.Effluent.TSS + NSEC.Effluent.Flow",0.0562917475916029,0.555576539188817,"3,2"
"9553","N..Eff..TSS.Conc. + N..Basin.Outfall + TSS..mg.L. + NSEC.Effluent.OP + NSEC.Effluent.NO5 + NSEC.Effluent.Flow",0.0267375336310052,0.599711156776966,"3,2"
"9554","N..Eff..TSS.Conc. + N..Basin.Outfall + TSS..mg.L. + NSEC.Effluent.TSS + NSEC.Effluent.NO5 + NSEC.Effluent.Flow",0.0393970778005535,0.433651481627395,"3,2"
"9555","N..Eff..TSS.Conc. + N..Basin.Outfall + UVT.... + CODds..mg.L. + SACto..1.m. + NSEC.Aerobic.SRT",0.058228861494281,0.785840734023853,"3,2"
"9556","N..Eff..TSS.Conc. + N..Basin.Outfall + UVT.... + CODds..mg.L. + SACto..1.m. + NSEC.Effluent.NH3",0.199854693765228,0.717938887890191,"3,2"
"9557","N..Eff..TSS.Conc. + N..Basin.Outfall + UVT.... + CODds..mg.L. + SACto..1.m. + NSEC.Effluent.NO3",0.0526668126975038,0.707230133745839,"3,2"
"9558","N..Eff..TSS.Conc. + N..Basin.Outfall + UVT.... + CODds..mg.L. + SACto..1.m. + NSEC.Effluent.OP",0.0367918279410067,0.682457870042219,"3,2"
"9559","N..Eff..TSS.Conc. + N..Basin.Outfall + UVT.... + CODds..mg.L. + SACto..1.m. + NSEC.Effluent.TSS",0.170049412515726,0.726452897154094,"3,2"
"9560","N..Eff..TSS.Conc. + N..Basin.Outfall + UVT.... + CODds..mg.L. + SACto..1.m. + NSEC.Effluent.NO5",0.212412171652286,0.723484397376659,"3,2"
"9561","N..Eff..TSS.Conc. + N..Basin.Outfall + UVT.... + CODds..mg.L. + SACto..1.m. + NSEC.Effluent.Flow",0.316506211899864,0.784595877589525,"3,2"
"9562","N..Eff..TSS.Conc. + N..Basin.Outfall + UVT.... + CODds..mg.L. + NSEC.Aerobic.SRT + NSEC.Effluent.NH3",0.105540892000283,0.82347411291725,"3,2"
"9563","N..Eff..TSS.Conc. + N..Basin.Outfall + UVT.... + CODds..mg.L. + NSEC.Aerobic.SRT + NSEC.Effluent.NO3",0.111485203342833,0.779407756899299,"3,2"
"9564","N..Eff..TSS.Conc. + N..Basin.Outfall + UVT.... + CODds..mg.L. + NSEC.Aerobic.SRT + NSEC.Effluent.OP",0.0347442090191872,0.815694118053008,"3,2"
"9565","N..Eff..TSS.Conc. + N..Basin.Outfall + UVT.... + CODds..mg.L. + NSEC.Aerobic.SRT + NSEC.Effluent.TSS",0.0914225202402148,0.792541508897182,"3,2"
"9566","N..Eff..TSS.Conc. + N..Basin.Outfall + UVT.... + CODds..mg.L. + NSEC.Aerobic.SRT + NSEC.Effluent.NO5",0.0338493915774494,0.81980190444179,"3,2"
"9567","N..Eff..TSS.Conc. + N..Basin.Outfall + UVT.... + CODds..mg.L. + NSEC.Aerobic.SRT + NSEC.Effluent.Flow",0.0429308530814172,0.822572875670489,"3,2"
"9568","N..Eff..TSS.Conc. + N..Basin.Outfall + UVT.... + CODds..mg.L. + NSEC.Effluent.NH3 + NSEC.Effluent.NO3",0.254225108768349,0.721699398262976,"3,2"
"9569","N..Eff..TSS.Conc. + N..Basin.Outfall + UVT.... + CODds..mg.L. + NSEC.Effluent.NH3 + NSEC.Effluent.OP",0.0551442491540959,0.698269954583466,"3,2"
"9570","N..Eff..TSS.Conc. + N..Basin.Outfall + UVT.... + CODds..mg.L. + NSEC.Effluent.NH3 + NSEC.Effluent.TSS",0.213716625739415,0.712476220531425,"3,2"
"9571","N..Eff..TSS.Conc. + N..Basin.Outfall + UVT.... + CODds..mg.L. + NSEC.Effluent.NH3 + NSEC.Effluent.NO5",0.238384810096783,0.661333324697252,"3,2"
"9572","N..Eff..TSS.Conc. + N..Basin.Outfall + UVT.... + CODds..mg.L. + NSEC.Effluent.NH3 + NSEC.Effluent.Flow",0.202616351145164,0.690710325828269,"3,2"
"9573","N..Eff..TSS.Conc. + N..Basin.Outfall + UVT.... + CODds..mg.L. + NSEC.Effluent.NO3 + NSEC.Effluent.OP",0.240887611187804,0.658057202774755,"3,2"
"9574","N..Eff..TSS.Conc. + N..Basin.Outfall + UVT.... + CODds..mg.L. + NSEC.Effluent.NO3 + NSEC.Effluent.TSS",0.246381843645926,0.572445835502045,"3,2"
"9575","N..Eff..TSS.Conc. + N..Basin.Outfall + UVT.... + CODds..mg.L. + NSEC.Effluent.NO3 + NSEC.Effluent.NO5",0.274142570095774,0.669248847664207,"3,2"
"9576","N..Eff..TSS.Conc. + N..Basin.Outfall + UVT.... + CODds..mg.L. + NSEC.Effluent.NO3 + NSEC.Effluent.Flow",0.232520011597513,0.696198432135313,"3,2"
"9577","N..Eff..TSS.Conc. + N..Basin.Outfall + UVT.... + CODds..mg.L. + NSEC.Effluent.OP + NSEC.Effluent.TSS",0.167919043514317,0.650833642572766,"3,2"
"9578","N..Eff..TSS.Conc. + N..Basin.Outfall + UVT.... + CODds..mg.L. + NSEC.Effluent.OP + NSEC.Effluent.NO5",0.240674355968571,0.673890242110956,"3,2"
"9579","N..Eff..TSS.Conc. + N..Basin.Outfall + UVT.... + CODds..mg.L. + NSEC.Effluent.OP + NSEC.Effluent.Flow",0.0377248883016188,0.684567765316441,"3,2"
"9580","N..Eff..TSS.Conc. + N..Basin.Outfall + UVT.... + CODds..mg.L. + NSEC.Effluent.TSS + NSEC.Effluent.NO5",0.118508146416068,0.696338150943631,"3,2"
"9581","N..Eff..TSS.Conc. + N..Basin.Outfall + UVT.... + CODds..mg.L. + NSEC.Effluent.TSS + NSEC.Effluent.Flow",0.212000833427759,0.646368512124149,"3,2"
"9582","N..Eff..TSS.Conc. + N..Basin.Outfall + UVT.... + CODds..mg.L. + NSEC.Effluent.NO5 + NSEC.Effluent.Flow",0.2329771174597,0.681949046355481,"3,2"
"9583","N..Eff..TSS.Conc. + N..Basin.Outfall + UVT.... + SACto..1.m. + NSEC.Aerobic.SRT + NSEC.Effluent.NH3",0.145790709474813,0.738899281326537,"3,2"
"9584","N..Eff..TSS.Conc. + N..Basin.Outfall + UVT.... + SACto..1.m. + NSEC.Aerobic.SRT + NSEC.Effluent.NO3",0.0452780307208687,0.777205980892755,"3,2"
"9585","N..Eff..TSS.Conc. + N..Basin.Outfall + UVT.... + SACto..1.m. + NSEC.Aerobic.SRT + NSEC.Effluent.OP",0.248394448637842,0.745452450665438,"3,2"
"9586","N..Eff..TSS.Conc. + N..Basin.Outfall + UVT.... + SACto..1.m. + NSEC.Aerobic.SRT + NSEC.Effluent.TSS",0.0419278707708759,0.699334138861242,"3,2"
"9587","N..Eff..TSS.Conc. + N..Basin.Outfall + UVT.... + SACto..1.m. + NSEC.Aerobic.SRT + NSEC.Effluent.NO5",0.0746517300268228,0.766826887441156,"3,2"
"9588","N..Eff..TSS.Conc. + N..Basin.Outfall + UVT.... + SACto..1.m. + NSEC.Aerobic.SRT + NSEC.Effluent.Flow",0.0898880251009428,0.535619567461824,"3,2"
"9589","N..Eff..TSS.Conc. + N..Basin.Outfall + UVT.... + SACto..1.m. + NSEC.Effluent.NH3 + NSEC.Effluent.NO3",0.0751463617619232,0.626040941269857,"3,2"
"9590","N..Eff..TSS.Conc. + N..Basin.Outfall + UVT.... + SACto..1.m. + NSEC.Effluent.NH3 + NSEC.Effluent.OP",0.260891383506371,0.661939335975547,"3,2"
"9591","N..Eff..TSS.Conc. + N..Basin.Outfall + UVT.... + SACto..1.m. + NSEC.Effluent.NH3 + NSEC.Effluent.TSS",0.143084619248244,0.575118936170455,"3,2"
"9592","N..Eff..TSS.Conc. + N..Basin.Outfall + UVT.... + SACto..1.m. + NSEC.Effluent.NH3 + NSEC.Effluent.NO5",0.299337394592737,0.585130524424936,"3,2"
"9593","N..Eff..TSS.Conc. + N..Basin.Outfall + UVT.... + SACto..1.m. + NSEC.Effluent.NH3 + NSEC.Effluent.Flow",0.210824189907868,0.631602605945383,"3,2"
"9594","N..Eff..TSS.Conc. + N..Basin.Outfall + UVT.... + SACto..1.m. + NSEC.Effluent.NO3 + NSEC.Effluent.OP",0.259215044449575,0.641375001408144,"3,2"
"9595","N..Eff..TSS.Conc. + N..Basin.Outfall + UVT.... + SACto..1.m. + NSEC.Effluent.NO3 + NSEC.Effluent.TSS",0.0681555651758741,0.596469715337577,"3,2"
"9596","N..Eff..TSS.Conc. + N..Basin.Outfall + UVT.... + SACto..1.m. + NSEC.Effluent.NO3 + NSEC.Effluent.NO5",0.0706686648084225,0.550423498164221,"3,2"
"9597","N..Eff..TSS.Conc. + N..Basin.Outfall + UVT.... + SACto..1.m. + NSEC.Effluent.NO3 + NSEC.Effluent.Flow",0.021650837903749,0.528261646145225,"3,2"
"9598","N..Eff..TSS.Conc. + N..Basin.Outfall + UVT.... + SACto..1.m. + NSEC.Effluent.OP + NSEC.Effluent.TSS",0.131135044635769,0.652726379613486,"3,2"
"9599","N..Eff..TSS.Conc. + N..Basin.Outfall + UVT.... + SACto..1.m. + NSEC.Effluent.OP + NSEC.Effluent.NO5",0.331075678126672,0.658565893248276,"3,2"
"9600","N..Eff..TSS.Conc. + N..Basin.Outfall + UVT.... + SACto..1.m. + NSEC.Effluent.OP + NSEC.Effluent.Flow",0.223454138695516,0.712505119483001,"3,2"
"9601","N..Eff..TSS.Conc. + N..Basin.Outfall + UVT.... + SACto..1.m. + NSEC.Effluent.TSS + NSEC.Effluent.NO5",0.255292854862974,0.545173036507007,"3,2"
"9602","N..Eff..TSS.Conc. + N..Basin.Outfall + UVT.... + SACto..1.m. + NSEC.Effluent.TSS + NSEC.Effluent.Flow",0.407671755907067,0.62481648077325,"3,2"
"9603","N..Eff..TSS.Conc. + N..Basin.Outfall + UVT.... + SACto..1.m. + NSEC.Effluent.NO5 + NSEC.Effluent.Flow",0.403041448611651,0.640382291215395,"3,2"
"9604","N..Eff..TSS.Conc. + N..Basin.Outfall + UVT.... + NSEC.Aerobic.SRT + NSEC.Effluent.NH3 + NSEC.Effluent.NO3",0.0525928972121683,0.752234972495002,"3,2"
"9605","N..Eff..TSS.Conc. + N..Basin.Outfall + UVT.... + NSEC.Aerobic.SRT + NSEC.Effluent.NH3 + NSEC.Effluent.OP",0.015256810098081,0.758192625169955,"3,2"
"9606","N..Eff..TSS.Conc. + N..Basin.Outfall + UVT.... + NSEC.Aerobic.SRT + NSEC.Effluent.NH3 + NSEC.Effluent.TSS",0.152557307398991,0.692189685840853,"3,2"
"9607","N..Eff..TSS.Conc. + N..Basin.Outfall + UVT.... + NSEC.Aerobic.SRT + NSEC.Effluent.NH3 + NSEC.Effluent.NO5",0.0764628998756338,0.770200187970513,"3,2"
"9608","N..Eff..TSS.Conc. + N..Basin.Outfall + UVT.... + NSEC.Aerobic.SRT + NSEC.Effluent.NH3 + NSEC.Effluent.Flow",0.33513531240066,0.724831572495168,"3,2"
"9609","N..Eff..TSS.Conc. + N..Basin.Outfall + UVT.... + NSEC.Aerobic.SRT + NSEC.Effluent.NO3 + NSEC.Effluent.OP",0.211179205699254,0.706261380154671,"3,2"
"9610","N..Eff..TSS.Conc. + N..Basin.Outfall + UVT.... + NSEC.Aerobic.SRT + NSEC.Effluent.NO3 + NSEC.Effluent.TSS",0.174482342482223,0.612976037409964,"3,2"
"9611","N..Eff..TSS.Conc. + N..Basin.Outfall + UVT.... + NSEC.Aerobic.SRT + NSEC.Effluent.NO3 + NSEC.Effluent.NO5",0.13308576683672,0.684009756251441,"3,2"
"9612","N..Eff..TSS.Conc. + N..Basin.Outfall + UVT.... + NSEC.Aerobic.SRT + NSEC.Effluent.NO3 + NSEC.Effluent.Flow",0.324436906264633,0.756162321336979,"3,2"
"9613","N..Eff..TSS.Conc. + N..Basin.Outfall + UVT.... + NSEC.Aerobic.SRT + NSEC.Effluent.OP + NSEC.Effluent.TSS",0.0593378729037304,0.548497023904629,"3,2"
"9614","N..Eff..TSS.Conc. + N..Basin.Outfall + UVT.... + NSEC.Aerobic.SRT + NSEC.Effluent.OP + NSEC.Effluent.NO5",0.00304885902922747,0.782787282055749,"3,2"
"9615","N..Eff..TSS.Conc. + N..Basin.Outfall + UVT.... + NSEC.Aerobic.SRT + NSEC.Effluent.OP + NSEC.Effluent.Flow",0.186514101182012,0.720266317008545,"3,2"
"9616","N..Eff..TSS.Conc. + N..Basin.Outfall + UVT.... + NSEC.Aerobic.SRT + NSEC.Effluent.TSS + NSEC.Effluent.NO5",0.00943929276146749,0.703171436687836,"3,2"
"9617","N..Eff..TSS.Conc. + N..Basin.Outfall + UVT.... + NSEC.Aerobic.SRT + NSEC.Effluent.TSS + NSEC.Effluent.Flow",0.0646669217502613,0.710598537023591,"3,2"
"9618","N..Eff..TSS.Conc. + N..Basin.Outfall + UVT.... + NSEC.Aerobic.SRT + NSEC.Effluent.NO5 + NSEC.Effluent.Flow",0.113007878541163,0.75685495656278,"3,2"
"9619","N..Eff..TSS.Conc. + N..Basin.Outfall + UVT.... + NSEC.Effluent.NH3 + NSEC.Effluent.NO3 + NSEC.Effluent.OP",0.0637234743977961,0.701118887474903,"3,2"
"9620","N..Eff..TSS.Conc. + N..Basin.Outfall + UVT.... + NSEC.Effluent.NH3 + NSEC.Effluent.NO3 + NSEC.Effluent.TSS",0.032728847896299,0.546704273873996,"3,2"
"9621","N..Eff..TSS.Conc. + N..Basin.Outfall + UVT.... + NSEC.Effluent.NH3 + NSEC.Effluent.NO3 + NSEC.Effluent.NO5",0.0914857527513977,0.665919981714156,"3,2"
"9622","N..Eff..TSS.Conc. + N..Basin.Outfall + UVT.... + NSEC.Effluent.NH3 + NSEC.Effluent.NO3 + NSEC.Effluent.Flow",0.0926739589512815,0.399848093653283,"3,2"
"9623","N..Eff..TSS.Conc. + N..Basin.Outfall + UVT.... + NSEC.Effluent.NH3 + NSEC.Effluent.OP + NSEC.Effluent.TSS",0.1609840013782,0.659062329514743,"3,2"
"9624","N..Eff..TSS.Conc. + N..Basin.Outfall + UVT.... + NSEC.Effluent.NH3 + NSEC.Effluent.OP + NSEC.Effluent.NO5",0.145310978932489,0.645871278575517,"3,2"
"9625","N..Eff..TSS.Conc. + N..Basin.Outfall + UVT.... + NSEC.Effluent.NH3 + NSEC.Effluent.OP + NSEC.Effluent.Flow",0.167704318661413,0.631308686629777,"3,2"
"9626","N..Eff..TSS.Conc. + N..Basin.Outfall + UVT.... + NSEC.Effluent.NH3 + NSEC.Effluent.TSS + NSEC.Effluent.NO5",0.164835134543084,0.591133969040762,"3,2"
"9627","N..Eff..TSS.Conc. + N..Basin.Outfall + UVT.... + NSEC.Effluent.NH3 + NSEC.Effluent.TSS + NSEC.Effluent.Flow",0.183486832317748,0.588518699778174,"3,2"
"9628","N..Eff..TSS.Conc. + N..Basin.Outfall + UVT.... + NSEC.Effluent.NH3 + NSEC.Effluent.NO5 + NSEC.Effluent.Flow",0.0430998500595499,0.545983142749174,"3,2"
"9629","N..Eff..TSS.Conc. + N..Basin.Outfall + UVT.... + NSEC.Effluent.NO3 + NSEC.Effluent.OP + NSEC.Effluent.TSS",0.109608836898361,0.546059676502508,"3,2"
"9630","N..Eff..TSS.Conc. + N..Basin.Outfall + UVT.... + NSEC.Effluent.NO3 + NSEC.Effluent.OP + NSEC.Effluent.NO5",0.248638920589511,0.693645818930332,"3,2"
"9631","N..Eff..TSS.Conc. + N..Basin.Outfall + UVT.... + NSEC.Effluent.NO3 + NSEC.Effluent.OP + NSEC.Effluent.Flow",0.182202711751874,0.608902016636042,"3,2"
"9632","N..Eff..TSS.Conc. + N..Basin.Outfall + UVT.... + NSEC.Effluent.NO3 + NSEC.Effluent.TSS + NSEC.Effluent.NO5",0.00111925581871297,0.590656105470322,"3,2"
"9633","N..Eff..TSS.Conc. + N..Basin.Outfall + UVT.... + NSEC.Effluent.NO3 + NSEC.Effluent.TSS + NSEC.Effluent.Flow",0.100918174290752,0.557156561294915,"3,2"
"9634","N..Eff..TSS.Conc. + N..Basin.Outfall + UVT.... + NSEC.Effluent.NO3 + NSEC.Effluent.NO5 + NSEC.Effluent.Flow",0.0670037152235885,0.602618196472746,"3,2"
"9635","N..Eff..TSS.Conc. + N..Basin.Outfall + UVT.... + NSEC.Effluent.OP + NSEC.Effluent.TSS + NSEC.Effluent.NO5",0.154185058251926,0.647151281363073,"3,2"
"9636","N..Eff..TSS.Conc. + N..Basin.Outfall + UVT.... + NSEC.Effluent.OP + NSEC.Effluent.TSS + NSEC.Effluent.Flow",0.00570695633209706,0.594972017967336,"3,2"
"9637","N..Eff..TSS.Conc. + N..Basin.Outfall + UVT.... + NSEC.Effluent.OP + NSEC.Effluent.NO5 + NSEC.Effluent.Flow",0.00308371553365516,0.556824082577413,"3,2"
"9638","N..Eff..TSS.Conc. + N..Basin.Outfall + UVT.... + NSEC.Effluent.TSS + NSEC.Effluent.NO5 + NSEC.Effluent.Flow",0.0103773328091432,0.307627128241195,"3,2"
"9639","N..Eff..TSS.Conc. + N..Basin.Outfall + CODds..mg.L. + SACto..1.m. + NSEC.Aerobic.SRT + NSEC.Effluent.NH3",0.172932132571766,0.818072448342382,"3,2"
"9640","N..Eff..TSS.Conc. + N..Basin.Outfall + CODds..mg.L. + SACto..1.m. + NSEC.Aerobic.SRT + NSEC.Effluent.NO3",0.10867765391725,0.748640628219096,"3,2"
"9641","N..Eff..TSS.Conc. + N..Basin.Outfall + CODds..mg.L. + SACto..1.m. + NSEC.Aerobic.SRT + NSEC.Effluent.OP",0.0163246683532479,0.814436397886886,"3,2"
"9642","N..Eff..TSS.Conc. + N..Basin.Outfall + CODds..mg.L. + SACto..1.m. + NSEC.Aerobic.SRT + NSEC.Effluent.TSS",0.0324761166446121,0.807568279381161,"3,2"
"9643","N..Eff..TSS.Conc. + N..Basin.Outfall + CODds..mg.L. + SACto..1.m. + NSEC.Aerobic.SRT + NSEC.Effluent.NO5",0.0835443704654444,0.84918523669714,"3,2"
"9644","N..Eff..TSS.Conc. + N..Basin.Outfall + CODds..mg.L. + SACto..1.m. + NSEC.Aerobic.SRT + NSEC.Effluent.Flow",0.0862809482989575,0.593043675732056,"3,2"
"9645","N..Eff..TSS.Conc. + N..Basin.Outfall + CODds..mg.L. + SACto..1.m. + NSEC.Effluent.NH3 + NSEC.Effluent.NO3",0.243266284393349,0.687026924560376,"3,2"
"9646","N..Eff..TSS.Conc. + N..Basin.Outfall + CODds..mg.L. + SACto..1.m. + NSEC.Effluent.NH3 + NSEC.Effluent.OP",0.251553189404626,0.71006914132689,"3,2"
"9647","N..Eff..TSS.Conc. + N..Basin.Outfall + CODds..mg.L. + SACto..1.m. + NSEC.Effluent.NH3 + NSEC.Effluent.TSS",0.215601691165427,0.680039973791478,"3,2"
"9648","N..Eff..TSS.Conc. + N..Basin.Outfall + CODds..mg.L. + SACto..1.m. + NSEC.Effluent.NH3 + NSEC.Effluent.NO5",0.255894422357447,0.72085600699278,"3,2"
"9649","N..Eff..TSS.Conc. + N..Basin.Outfall + CODds..mg.L. + SACto..1.m. + NSEC.Effluent.NH3 + NSEC.Effluent.Flow",0.226564820772547,0.721533323719026,"3,2"
"9650","N..Eff..TSS.Conc. + N..Basin.Outfall + CODds..mg.L. + SACto..1.m. + NSEC.Effluent.NO3 + NSEC.Effluent.OP",0.219256761235922,0.693450877914304,"3,2"
"9651","N..Eff..TSS.Conc. + N..Basin.Outfall + CODds..mg.L. + SACto..1.m. + NSEC.Effluent.NO3 + NSEC.Effluent.TSS",0.236818799381718,0.746288068091748,"3,2"
"9652","N..Eff..TSS.Conc. + N..Basin.Outfall + CODds..mg.L. + SACto..1.m. + NSEC.Effluent.NO3 + NSEC.Effluent.NO5",0.153032757378861,0.644424330530629,"3,2"
"9653","N..Eff..TSS.Conc. + N..Basin.Outfall + CODds..mg.L. + SACto..1.m. + NSEC.Effluent.NO3 + NSEC.Effluent.Flow",0.170174926830553,0.737907636667998,"3,2"
"9654","N..Eff..TSS.Conc. + N..Basin.Outfall + CODds..mg.L. + SACto..1.m. + NSEC.Effluent.OP + NSEC.Effluent.TSS",0.140485622084287,0.689776604927002,"3,2"
"9655","N..Eff..TSS.Conc. + N..Basin.Outfall + CODds..mg.L. + SACto..1.m. + NSEC.Effluent.OP + NSEC.Effluent.NO5",0.228786608629624,0.714294982718582,"3,2"
"9656","N..Eff..TSS.Conc. + N..Basin.Outfall + CODds..mg.L. + SACto..1.m. + NSEC.Effluent.OP + NSEC.Effluent.Flow",0.217496192898311,0.720218870349689,"3,2"
"9657","N..Eff..TSS.Conc. + N..Basin.Outfall + CODds..mg.L. + SACto..1.m. + NSEC.Effluent.TSS + NSEC.Effluent.NO5",0.259269291056135,0.675349696968793,"3,2"
"9658","N..Eff..TSS.Conc. + N..Basin.Outfall + CODds..mg.L. + SACto..1.m. + NSEC.Effluent.TSS + NSEC.Effluent.Flow",0.233675051184899,0.65998570096212,"3,2"
"9659","N..Eff..TSS.Conc. + N..Basin.Outfall + CODds..mg.L. + SACto..1.m. + NSEC.Effluent.NO5 + NSEC.Effluent.Flow",0.238634757953377,0.731966252540984,"3,2"
"9660","N..Eff..TSS.Conc. + N..Basin.Outfall + CODds..mg.L. + NSEC.Aerobic.SRT + NSEC.Effluent.NH3 + NSEC.Effluent.NO3",0.104234019035875,0.748473396672885,"3,2"
"9661","N..Eff..TSS.Conc. + N..Basin.Outfall + CODds..mg.L. + NSEC.Aerobic.SRT + NSEC.Effluent.NH3 + NSEC.Effluent.OP",0.21328384574712,0.797413385307587,"3,2"
"9662","N..Eff..TSS.Conc. + N..Basin.Outfall + CODds..mg.L. + NSEC.Aerobic.SRT + NSEC.Effluent.NH3 + NSEC.Effluent.TSS",0.263399186044544,0.738952595314188,"3,2"
"9663","N..Eff..TSS.Conc. + N..Basin.Outfall + CODds..mg.L. + NSEC.Aerobic.SRT + NSEC.Effluent.NH3 + NSEC.Effluent.NO5",0.0163101400890231,0.833450024109669,"3,2"
"9664","N..Eff..TSS.Conc. + N..Basin.Outfall + CODds..mg.L. + NSEC.Aerobic.SRT + NSEC.Effluent.NH3 + NSEC.Effluent.Flow",0.314829321338659,0.723448718646167,"3,2"
"9665","N..Eff..TSS.Conc. + N..Basin.Outfall + CODds..mg.L. + NSEC.Aerobic.SRT + NSEC.Effluent.NO3 + NSEC.Effluent.OP",0.287871508622061,0.747328133245054,"3,2"
"9666","N..Eff..TSS.Conc. + N..Basin.Outfall + CODds..mg.L. + NSEC.Aerobic.SRT + NSEC.Effluent.NO3 + NSEC.Effluent.TSS",0.133890278736715,0.771086357546536,"3,2"
"9667","N..Eff..TSS.Conc. + N..Basin.Outfall + CODds..mg.L. + NSEC.Aerobic.SRT + NSEC.Effluent.NO3 + NSEC.Effluent.NO5",0.430783116931264,0.769546507393001,"3,2"
"9668","N..Eff..TSS.Conc. + N..Basin.Outfall + CODds..mg.L. + NSEC.Aerobic.SRT + NSEC.Effluent.NO3 + NSEC.Effluent.Flow",0.409288966424584,0.759294503682167,"3,2"
"9669","N..Eff..TSS.Conc. + N..Basin.Outfall + CODds..mg.L. + NSEC.Aerobic.SRT + NSEC.Effluent.OP + NSEC.Effluent.TSS",0.168540070142906,0.717624458079123,"3,2"
"9670","N..Eff..TSS.Conc. + N..Basin.Outfall + CODds..mg.L. + NSEC.Aerobic.SRT + NSEC.Effluent.OP + NSEC.Effluent.NO5",0.193125679641416,0.746488580828978,"3,2"
"9671","N..Eff..TSS.Conc. + N..Basin.Outfall + CODds..mg.L. + NSEC.Aerobic.SRT + NSEC.Effluent.OP + NSEC.Effluent.Flow",0.357450874725826,0.80934957130001,"3,2"
"9672","N..Eff..TSS.Conc. + N..Basin.Outfall + CODds..mg.L. + NSEC.Aerobic.SRT + NSEC.Effluent.TSS + NSEC.Effluent.NO5",0.35400447875927,0.724103623222683,"3,2"
"9673","N..Eff..TSS.Conc. + N..Basin.Outfall + CODds..mg.L. + NSEC.Aerobic.SRT + NSEC.Effluent.TSS + NSEC.Effluent.Flow",0.00559531076230746,0.717958119633215,"3,2"
"9674","N..Eff..TSS.Conc. + N..Basin.Outfall + CODds..mg.L. + NSEC.Aerobic.SRT + NSEC.Effluent.NO5 + NSEC.Effluent.Flow",0.280911506489331,0.717321357946374,"3,2"
"9675","N..Eff..TSS.Conc. + N..Basin.Outfall + CODds..mg.L. + NSEC.Effluent.NH3 + NSEC.Effluent.NO3 + NSEC.Effluent.OP",0.0797766982249892,0.671854707023268,"3,2"
"9676","N..Eff..TSS.Conc. + N..Basin.Outfall + CODds..mg.L. + NSEC.Effluent.NH3 + NSEC.Effluent.NO3 + NSEC.Effluent.TSS",0.159879486365351,0.640873495887464,"3,2"
"9677","N..Eff..TSS.Conc. + N..Basin.Outfall + CODds..mg.L. + NSEC.Effluent.NH3 + NSEC.Effluent.NO3 + NSEC.Effluent.NO5",0.219738882066421,0.633335333403938,"3,2"
"9678","N..Eff..TSS.Conc. + N..Basin.Outfall + CODds..mg.L. + NSEC.Effluent.NH3 + NSEC.Effluent.NO3 + NSEC.Effluent.Flow",0.215106373075214,0.669095172531626,"3,2"
"9679","N..Eff..TSS.Conc. + N..Basin.Outfall + CODds..mg.L. + NSEC.Effluent.NH3 + NSEC.Effluent.OP + NSEC.Effluent.TSS",0.0107754247769827,0.62149776701559,"3,2"
"9680","N..Eff..TSS.Conc. + N..Basin.Outfall + CODds..mg.L. + NSEC.Effluent.NH3 + NSEC.Effluent.OP + NSEC.Effluent.NO5",0.182659504195301,0.668646438803318,"3,2"
"9681","N..Eff..TSS.Conc. + N..Basin.Outfall + CODds..mg.L. + NSEC.Effluent.NH3 + NSEC.Effluent.OP + NSEC.Effluent.Flow",0.0270476528751957,0.637877048307935,"3,2"
"9682","N..Eff..TSS.Conc. + N..Basin.Outfall + CODds..mg.L. + NSEC.Effluent.NH3 + NSEC.Effluent.TSS + NSEC.Effluent.NO5",0.266102889408962,0.677716296147793,"3,2"
"9683","N..Eff..TSS.Conc. + N..Basin.Outfall + CODds..mg.L. + NSEC.Effluent.NH3 + NSEC.Effluent.TSS + NSEC.Effluent.Flow",0.0641150485460746,0.579315305721355,"3,2"
"9684","N..Eff..TSS.Conc. + N..Basin.Outfall + CODds..mg.L. + NSEC.Effluent.NH3 + NSEC.Effluent.NO5 + NSEC.Effluent.Flow",0.145721514813546,0.59801940597866,"3,2"
"9685","N..Eff..TSS.Conc. + N..Basin.Outfall + CODds..mg.L. + NSEC.Effluent.NO3 + NSEC.Effluent.OP + NSEC.Effluent.TSS",0.0305213437511775,0.668458764809417,"3,2"
"9686","N..Eff..TSS.Conc. + N..Basin.Outfall + CODds..mg.L. + NSEC.Effluent.NO3 + NSEC.Effluent.OP + NSEC.Effluent.NO5",0.0743258913060918,0.703266150123662,"3,2"
"9687","N..Eff..TSS.Conc. + N..Basin.Outfall + CODds..mg.L. + NSEC.Effluent.NO3 + NSEC.Effluent.OP + NSEC.Effluent.Flow",0.0487679259311711,0.682787514355487,"3,2"
"9688","N..Eff..TSS.Conc. + N..Basin.Outfall + CODds..mg.L. + NSEC.Effluent.NO3 + NSEC.Effluent.TSS + NSEC.Effluent.NO5",0.146668696522627,0.652522602248759,"3,2"
"9689","N..Eff..TSS.Conc. + N..Basin.Outfall + CODds..mg.L. + NSEC.Effluent.NO3 + NSEC.Effluent.TSS + NSEC.Effluent.Flow",0.1872660878634,0.638489865021004,"3,2"
"9690","N..Eff..TSS.Conc. + N..Basin.Outfall + CODds..mg.L. + NSEC.Effluent.NO3 + NSEC.Effluent.NO5 + NSEC.Effluent.Flow",0.176977435063807,0.669779603954691,"3,2"
"9691","N..Eff..TSS.Conc. + N..Basin.Outfall + CODds..mg.L. + NSEC.Effluent.OP + NSEC.Effluent.TSS + NSEC.Effluent.NO5",0.0904623580292943,0.595708258283776,"3,2"
"9692","N..Eff..TSS.Conc. + N..Basin.Outfall + CODds..mg.L. + NSEC.Effluent.OP + NSEC.Effluent.TSS + NSEC.Effluent.Flow",0.0514728077673676,0.653141985052027,"3,2"
"9693","N..Eff..TSS.Conc. + N..Basin.Outfall + CODds..mg.L. + NSEC.Effluent.OP + NSEC.Effluent.NO5 + NSEC.Effluent.Flow",0.0213732077165687,0.645262958595148,"3,2"
"9694","N..Eff..TSS.Conc. + N..Basin.Outfall + CODds..mg.L. + NSEC.Effluent.TSS + NSEC.Effluent.NO5 + NSEC.Effluent.Flow",0.11972802094312,0.596260389527415,"3,2"
"9695","N..Eff..TSS.Conc. + N..Basin.Outfall + SACto..1.m. + NSEC.Aerobic.SRT + NSEC.Effluent.NH3 + NSEC.Effluent.NO3",0.126411764362867,0.702065188605345,"3,2"
"9696","N..Eff..TSS.Conc. + N..Basin.Outfall + SACto..1.m. + NSEC.Aerobic.SRT + NSEC.Effluent.NH3 + NSEC.Effluent.OP",0.195604884085344,0.738499156850762,"3,2"
"9697","N..Eff..TSS.Conc. + N..Basin.Outfall + SACto..1.m. + NSEC.Aerobic.SRT + NSEC.Effluent.NH3 + NSEC.Effluent.TSS",0.0559080036959858,0.73143609790865,"3,2"
"9698","N..Eff..TSS.Conc. + N..Basin.Outfall + SACto..1.m. + NSEC.Aerobic.SRT + NSEC.Effluent.NH3 + NSEC.Effluent.NO5",0.139170994039711,0.782357482733419,"3,2"
"9699","N..Eff..TSS.Conc. + N..Basin.Outfall + SACto..1.m. + NSEC.Aerobic.SRT + NSEC.Effluent.NH3 + NSEC.Effluent.Flow",0.0746008929307926,0.581624164115327,"3,2"
"9700","N..Eff..TSS.Conc. + N..Basin.Outfall + SACto..1.m. + NSEC.Aerobic.SRT + NSEC.Effluent.NO3 + NSEC.Effluent.OP",0.0172495602708036,0.755385024521112,"3,2"
"9701","N..Eff..TSS.Conc. + N..Basin.Outfall + SACto..1.m. + NSEC.Aerobic.SRT + NSEC.Effluent.NO3 + NSEC.Effluent.TSS",0.0815715648812869,0.590790913125526,"3,2"
"9702","N..Eff..TSS.Conc. + N..Basin.Outfall + SACto..1.m. + NSEC.Aerobic.SRT + NSEC.Effluent.NO3 + NSEC.Effluent.NO5",0.139010985206894,0.627855181033581,"3,2"
"9703","N..Eff..TSS.Conc. + N..Basin.Outfall + SACto..1.m. + NSEC.Aerobic.SRT + NSEC.Effluent.NO3 + NSEC.Effluent.Flow",0.0707307559687871,0.502778708197764,"3,2"
"9704","N..Eff..TSS.Conc. + N..Basin.Outfall + SACto..1.m. + NSEC.Aerobic.SRT + NSEC.Effluent.OP + NSEC.Effluent.TSS",0.191498800492647,0.741941847111739,"3,2"
"9705","N..Eff..TSS.Conc. + N..Basin.Outfall + SACto..1.m. + NSEC.Aerobic.SRT + NSEC.Effluent.OP + NSEC.Effluent.NO5",0.0994365007288605,0.781276762584546,"3,2"
"9706","N..Eff..TSS.Conc. + N..Basin.Outfall + SACto..1.m. + NSEC.Aerobic.SRT + NSEC.Effluent.OP + NSEC.Effluent.Flow",0.146754840581595,0.700016285118019,"3,2"
"9707","N..Eff..TSS.Conc. + N..Basin.Outfall + SACto..1.m. + NSEC.Aerobic.SRT + NSEC.Effluent.TSS + NSEC.Effluent.NO5",0.0482219089898739,0.76902515662513,"3,2"
"9708","N..Eff..TSS.Conc. + N..Basin.Outfall + SACto..1.m. + NSEC.Aerobic.SRT + NSEC.Effluent.TSS + NSEC.Effluent.Flow",0.264688044535278,0.76342165556472,"3,2"
"9709","N..Eff..TSS.Conc. + N..Basin.Outfall + SACto..1.m. + NSEC.Aerobic.SRT + NSEC.Effluent.NO5 + NSEC.Effluent.Flow",0.403077833253467,0.76052471788152,"3,2"
"9710","N..Eff..TSS.Conc. + N..Basin.Outfall + SACto..1.m. + NSEC.Effluent.NH3 + NSEC.Effluent.NO3 + NSEC.Effluent.OP",0.252989632530545,0.657872747814518,"3,2"
"9711","N..Eff..TSS.Conc. + N..Basin.Outfall + SACto..1.m. + NSEC.Effluent.NH3 + NSEC.Effluent.NO3 + NSEC.Effluent.TSS",0.253467781421239,0.551356235695954,"3,2"
"9712","N..Eff..TSS.Conc. + N..Basin.Outfall + SACto..1.m. + NSEC.Effluent.NH3 + NSEC.Effluent.NO3 + NSEC.Effluent.NO5",0.113265068809401,0.668198750791232,"3,2"
"9713","N..Eff..TSS.Conc. + N..Basin.Outfall + SACto..1.m. + NSEC.Effluent.NH3 + NSEC.Effluent.NO3 + NSEC.Effluent.Flow",0.12153053562123,0.48578652553524,"3,2"
"9714","N..Eff..TSS.Conc. + N..Basin.Outfall + SACto..1.m. + NSEC.Effluent.NH3 + NSEC.Effluent.OP + NSEC.Effluent.TSS",0.157050937634571,0.684832523656063,"3,2"
"9715","N..Eff..TSS.Conc. + N..Basin.Outfall + SACto..1.m. + NSEC.Effluent.NH3 + NSEC.Effluent.OP + NSEC.Effluent.NO5",0.184084363879303,0.627449872591577,"3,2"
"9716","N..Eff..TSS.Conc. + N..Basin.Outfall + SACto..1.m. + NSEC.Effluent.NH3 + NSEC.Effluent.OP + NSEC.Effluent.Flow",0.174468678151969,0.648058346711063,"3,2"
"9717","N..Eff..TSS.Conc. + N..Basin.Outfall + SACto..1.m. + NSEC.Effluent.NH3 + NSEC.Effluent.TSS + NSEC.Effluent.NO5",0.253887425001462,0.586618120618301,"3,2"
"9718","N..Eff..TSS.Conc. + N..Basin.Outfall + SACto..1.m. + NSEC.Effluent.NH3 + NSEC.Effluent.TSS + NSEC.Effluent.Flow",0.0704115856313596,0.427338466615425,"3,2"
"9719","N..Eff..TSS.Conc. + N..Basin.Outfall + SACto..1.m. + NSEC.Effluent.NH3 + NSEC.Effluent.NO5 + NSEC.Effluent.Flow",0.13872479715611,0.541079376322458,"3,2"
"9720","N..Eff..TSS.Conc. + N..Basin.Outfall + SACto..1.m. + NSEC.Effluent.NO3 + NSEC.Effluent.OP + NSEC.Effluent.TSS",0.11610660839928,0.603011653268972,"3,2"
"9721","N..Eff..TSS.Conc. + N..Basin.Outfall + SACto..1.m. + NSEC.Effluent.NO3 + NSEC.Effluent.OP + NSEC.Effluent.NO5",0.217690048021877,0.721623579628794,"3,2"
"9722","N..Eff..TSS.Conc. + N..Basin.Outfall + SACto..1.m. + NSEC.Effluent.NO3 + NSEC.Effluent.OP + NSEC.Effluent.Flow",0.15593755551357,0.720294142633906,"3,2"
"9723","N..Eff..TSS.Conc. + N..Basin.Outfall + SACto..1.m. + NSEC.Effluent.NO3 + NSEC.Effluent.TSS + NSEC.Effluent.NO5",0.118594019487674,0.487331775386557,"3,2"
"9724","N..Eff..TSS.Conc. + N..Basin.Outfall + SACto..1.m. + NSEC.Effluent.NO3 + NSEC.Effluent.TSS + NSEC.Effluent.Flow",0.00905687954422829,0.48075476150637,"3,2"
"9725","N..Eff..TSS.Conc. + N..Basin.Outfall + SACto..1.m. + NSEC.Effluent.NO3 + NSEC.Effluent.NO5 + NSEC.Effluent.Flow",0.416152664828741,0.597496009656794,"3,2"
"9726","N..Eff..TSS.Conc. + N..Basin.Outfall + SACto..1.m. + NSEC.Effluent.OP + NSEC.Effluent.TSS + NSEC.Effluent.NO5",0.216697803491447,0.671813644495722,"3,2"
"9727","N..Eff..TSS.Conc. + N..Basin.Outfall + SACto..1.m. + NSEC.Effluent.OP + NSEC.Effluent.TSS + NSEC.Effluent.Flow",0.152895772091074,0.5890141597068,"3,2"
"9728","N..Eff..TSS.Conc. + N..Basin.Outfall + SACto..1.m. + NSEC.Effluent.OP + NSEC.Effluent.NO5 + NSEC.Effluent.Flow",0.287685597499515,0.712312659565646,"3,2"
"9729","N..Eff..TSS.Conc. + N..Basin.Outfall + SACto..1.m. + NSEC.Effluent.TSS + NSEC.Effluent.NO5 + NSEC.Effluent.Flow",0.119074647185403,0.589452879896845,"3,2"
"9730","N..Eff..TSS.Conc. + N..Basin.Outfall + NSEC.Aerobic.SRT + NSEC.Effluent.NH3 + NSEC.Effluent.NO3 + NSEC.Effluent.OP",0.343958492945237,0.737961566325359,"3,2"
"9731","N..Eff..TSS.Conc. + N..Basin.Outfall + NSEC.Aerobic.SRT + NSEC.Effluent.NH3 + NSEC.Effluent.NO3 + NSEC.Effluent.TSS",0.166783939423165,0.593352325298504,"3,2"
"9732","N..Eff..TSS.Conc. + N..Basin.Outfall + NSEC.Aerobic.SRT + NSEC.Effluent.NH3 + NSEC.Effluent.NO3 + NSEC.Effluent.NO5",0.295303030097985,0.655593842993376,"3,2"
"9733","N..Eff..TSS.Conc. + N..Basin.Outfall + NSEC.Aerobic.SRT + NSEC.Effluent.NH3 + NSEC.Effluent.NO3 + NSEC.Effluent.Flow",0.00511025631334538,0.427909896719998,"3,2"
"9734","N..Eff..TSS.Conc. + N..Basin.Outfall + NSEC.Aerobic.SRT + NSEC.Effluent.NH3 + NSEC.Effluent.OP + NSEC.Effluent.TSS",0.0972937063264658,0.699870234860125,"3,2"
"9735","N..Eff..TSS.Conc. + N..Basin.Outfall + NSEC.Aerobic.SRT + NSEC.Effluent.NH3 + NSEC.Effluent.OP + NSEC.Effluent.NO5",0.393546220726766,0.725892143373834,"3,2"
"9736","N..Eff..TSS.Conc. + N..Basin.Outfall + NSEC.Aerobic.SRT + NSEC.Effluent.NH3 + NSEC.Effluent.OP + NSEC.Effluent.Flow",0.0954753989740049,0.575506310977693,"3,2"
"9737","N..Eff..TSS.Conc. + N..Basin.Outfall + NSEC.Aerobic.SRT + NSEC.Effluent.NH3 + NSEC.Effluent.TSS + NSEC.Effluent.NO5",0.00697331460216999,0.402576663349419,"3,2"
"9738","N..Eff..TSS.Conc. + N..Basin.Outfall + NSEC.Aerobic.SRT + NSEC.Effluent.NH3 + NSEC.Effluent.TSS + NSEC.Effluent.Flow",0.158835555291184,0.620458421804161,"3,2"
"9739","N..Eff..TSS.Conc. + N..Basin.Outfall + NSEC.Aerobic.SRT + NSEC.Effluent.NH3 + NSEC.Effluent.NO5 + NSEC.Effluent.Flow",0.0165147274232234,0.43851591813317,"3,2"
"9740","N..Eff..TSS.Conc. + N..Basin.Outfall + NSEC.Aerobic.SRT + NSEC.Effluent.NO3 + NSEC.Effluent.OP + NSEC.Effluent.TSS",0.0121627019077017,0.589257914432603,"3,2"
"9741","N..Eff..TSS.Conc. + N..Basin.Outfall + NSEC.Aerobic.SRT + NSEC.Effluent.NO3 + NSEC.Effluent.OP + NSEC.Effluent.NO5",0.031933809802819,0.813705774082617,"3,2"
"9742","N..Eff..TSS.Conc. + N..Basin.Outfall + NSEC.Aerobic.SRT + NSEC.Effluent.NO3 + NSEC.Effluent.OP + NSEC.Effluent.Flow",0.00793043161169438,0.780865349897207,"3,2"
"9743","N..Eff..TSS.Conc. + N..Basin.Outfall + NSEC.Aerobic.SRT + NSEC.Effluent.NO3 + NSEC.Effluent.TSS + NSEC.Effluent.NO5",0.171059944300743,0.56947934655302,"3,2"
"9744","N..Eff..TSS.Conc. + N..Basin.Outfall + NSEC.Aerobic.SRT + NSEC.Effluent.NO3 + NSEC.Effluent.TSS + NSEC.Effluent.Flow",0.159689902844732,0.623424023838607,"3,2"
"9745","N..Eff..TSS.Conc. + N..Basin.Outfall + NSEC.Aerobic.SRT + NSEC.Effluent.NO3 + NSEC.Effluent.NO5 + NSEC.Effluent.Flow",0.166507642386234,0.600199824240913,"3,2"
"9746","N..Eff..TSS.Conc. + N..Basin.Outfall + NSEC.Aerobic.SRT + NSEC.Effluent.OP + NSEC.Effluent.TSS + NSEC.Effluent.NO5",0.193709159652431,0.0320469338248466,"3,2"
"9747","N..Eff..TSS.Conc. + N..Basin.Outfall + NSEC.Aerobic.SRT + NSEC.Effluent.OP + NSEC.Effluent.TSS + NSEC.Effluent.Flow",0.232363504503665,0.626086207628978,"3,2"
"9748","N..Eff..TSS.Conc. + N..Basin.Outfall + NSEC.Aerobic.SRT + NSEC.Effluent.OP + NSEC.Effluent.NO5 + NSEC.Effluent.Flow",0.444232532816947,0.694300751079393,"3,2"
"9749","N..Eff..TSS.Conc. + N..Basin.Outfall + NSEC.Aerobic.SRT + NSEC.Effluent.TSS + NSEC.Effluent.NO5 + NSEC.Effluent.Flow",0.00265971572735424,0.435173836350658,"3,2"
"9750","N..Eff..TSS.Conc. + N..Basin.Outfall + NSEC.Effluent.NH3 + NSEC.Effluent.NO3 + NSEC.Effluent.OP + NSEC.Effluent.TSS",0.0188571199998124,0.53131401468852,"3,2"
"9751","N..Eff..TSS.Conc. + N..Basin.Outfall + NSEC.Effluent.NH3 + NSEC.Effluent.NO3 + NSEC.Effluent.OP + NSEC.Effluent.NO5",0.33503441796882,0.715527357005735,"3,2"
"9752","N..Eff..TSS.Conc. + N..Basin.Outfall + NSEC.Effluent.NH3 + NSEC.Effluent.NO3 + NSEC.Effluent.OP + NSEC.Effluent.Flow",0.0634898983208658,0.562892532785267,"3,2"
"9753","N..Eff..TSS.Conc. + N..Basin.Outfall + NSEC.Effluent.NH3 + NSEC.Effluent.NO3 + NSEC.Effluent.TSS + NSEC.Effluent.NO5",0.452609572757814,0.621736651830966,"3,2"
"9754","N..Eff..TSS.Conc. + N..Basin.Outfall + NSEC.Effluent.NH3 + NSEC.Effluent.NO3 + NSEC.Effluent.TSS + NSEC.Effluent.Flow",0.12875890093192,0.41023878736337,"3,2"
"9755","N..Eff..TSS.Conc. + N..Basin.Outfall + NSEC.Effluent.NH3 + NSEC.Effluent.NO3 + NSEC.Effluent.NO5 + NSEC.Effluent.Flow",0.0046733703362718,0.373832302484675,"3,2"
"9756","N..Eff..TSS.Conc. + N..Basin.Outfall + NSEC.Effluent.NH3 + NSEC.Effluent.OP + NSEC.Effluent.TSS + NSEC.Effluent.NO5",0.0765277772356119,0.547649037301199,"3,2"
"9757","N..Eff..TSS.Conc. + N..Basin.Outfall + NSEC.Effluent.NH3 + NSEC.Effluent.OP + NSEC.Effluent.TSS + NSEC.Effluent.Flow",0.0828127667848675,0.549155633985452,"3,2"
"9758","N..Eff..TSS.Conc. + N..Basin.Outfall + NSEC.Effluent.NH3 + NSEC.Effluent.OP + NSEC.Effluent.NO5 + NSEC.Effluent.Flow",0.0412093828067701,0.531234592464229,"3,2"
"9759","N..Eff..TSS.Conc. + N..Basin.Outfall + NSEC.Effluent.NH3 + NSEC.Effluent.TSS + NSEC.Effluent.NO5 + NSEC.Effluent.Flow",0.0401268155706973,0.425291992727143,"3,2"
"9760","N..Eff..TSS.Conc. + N..Basin.Outfall + NSEC.Effluent.NO3 + NSEC.Effluent.OP + NSEC.Effluent.TSS + NSEC.Effluent.NO5",0.252579692527473,0.663032627450334,"3,2"
"9761","N..Eff..TSS.Conc. + N..Basin.Outfall + NSEC.Effluent.NO3 + NSEC.Effluent.OP + NSEC.Effluent.TSS + NSEC.Effluent.Flow",0.193575205596921,0.000249985764821749,"3,2"
"9762","N..Eff..TSS.Conc. + N..Basin.Outfall + NSEC.Effluent.NO3 + NSEC.Effluent.OP + NSEC.Effluent.NO5 + NSEC.Effluent.Flow",0.13658214585422,0.674663715383458,"3,2"
"9763","N..Eff..TSS.Conc. + N..Basin.Outfall + NSEC.Effluent.NO3 + NSEC.Effluent.TSS + NSEC.Effluent.NO5 + NSEC.Effluent.Flow",0.094234902388858,0.479903296229021,"3,2"
"9764","N..Eff..TSS.Conc. + N..Basin.Outfall + NSEC.Effluent.OP + NSEC.Effluent.TSS + NSEC.Effluent.NO5 + NSEC.Effluent.Flow",0.0758643658289526,0.581285752562552,"3,2"
"9765","N..Eff..TSS.Conc. + CODto..mg.L. + TSS..mg.L. + UVT.... + CODds..mg.L. + SACto..1.m.",0.139531220736645,0.642783027351713,"3,2"
"9766","N..Eff..TSS.Conc. + CODto..mg.L. + TSS..mg.L. + UVT.... + CODds..mg.L. + NSEC.Aerobic.SRT",0.00881747315042847,0.752474141706144,"3,2"
"9767","N..Eff..TSS.Conc. + CODto..mg.L. + TSS..mg.L. + UVT.... + CODds..mg.L. + NSEC.Effluent.NH3",0.144249336513544,0.702656383127729,"3,2"
"9768","N..Eff..TSS.Conc. + CODto..mg.L. + TSS..mg.L. + UVT.... + CODds..mg.L. + NSEC.Effluent.NO3",0.0402009805121675,0.687959173660583,"3,2"
"9769","N..Eff..TSS.Conc. + CODto..mg.L. + TSS..mg.L. + UVT.... + CODds..mg.L. + NSEC.Effluent.OP",0.15402192028755,0.640680379790011,"3,2"
"9770","N..Eff..TSS.Conc. + CODto..mg.L. + TSS..mg.L. + UVT.... + CODds..mg.L. + NSEC.Effluent.TSS",0.102096890095751,0.664738782796401,"3,2"
"9771","N..Eff..TSS.Conc. + CODto..mg.L. + TSS..mg.L. + UVT.... + CODds..mg.L. + NSEC.Effluent.NO5",0.251906077695515,0.738497762074865,"3,2"
"9772","N..Eff..TSS.Conc. + CODto..mg.L. + TSS..mg.L. + UVT.... + CODds..mg.L. + NSEC.Effluent.Flow",0.12861526427782,0.684999299335278,"3,2"
"9773","N..Eff..TSS.Conc. + CODto..mg.L. + TSS..mg.L. + UVT.... + SACto..1.m. + NSEC.Aerobic.SRT",0.169673613130455,0.744393695043781,"3,2"
"9774","N..Eff..TSS.Conc. + CODto..mg.L. + TSS..mg.L. + UVT.... + SACto..1.m. + NSEC.Effluent.NH3",0.145784811131189,0.68110104501792,"3,2"
"9775","N..Eff..TSS.Conc. + CODto..mg.L. + TSS..mg.L. + UVT.... + SACto..1.m. + NSEC.Effluent.NO3",0.168123029044392,0.677179220024711,"3,2"
"9776","N..Eff..TSS.Conc. + CODto..mg.L. + TSS..mg.L. + UVT.... + SACto..1.m. + NSEC.Effluent.OP",0.202935195515368,0.715891895966824,"3,2"
"9777","N..Eff..TSS.Conc. + CODto..mg.L. + TSS..mg.L. + UVT.... + SACto..1.m. + NSEC.Effluent.TSS",0.0979201609709146,0.672111458861859,"3,2"
"9778","N..Eff..TSS.Conc. + CODto..mg.L. + TSS..mg.L. + UVT.... + SACto..1.m. + NSEC.Effluent.NO5",0.196872663633679,0.691020604763835,"3,2"
"9779","N..Eff..TSS.Conc. + CODto..mg.L. + TSS..mg.L. + UVT.... + SACto..1.m. + NSEC.Effluent.Flow",0.257512975514753,0.696501949119544,"3,2"
"9780","N..Eff..TSS.Conc. + CODto..mg.L. + TSS..mg.L. + UVT.... + NSEC.Aerobic.SRT + NSEC.Effluent.NH3",0.134947498745841,0.719943801637664,"3,2"
"9781","N..Eff..TSS.Conc. + CODto..mg.L. + TSS..mg.L. + UVT.... + NSEC.Aerobic.SRT + NSEC.Effluent.NO3",0.297656054444906,0.790585237388767,"3,2"
"9782","N..Eff..TSS.Conc. + CODto..mg.L. + TSS..mg.L. + UVT.... + NSEC.Aerobic.SRT + NSEC.Effluent.OP",0.0921941630253043,0.733712968263325,"3,2"
"9783","N..Eff..TSS.Conc. + CODto..mg.L. + TSS..mg.L. + UVT.... + NSEC.Aerobic.SRT + NSEC.Effluent.TSS",0.208100268485372,0.717638674638169,"3,2"
"9784","N..Eff..TSS.Conc. + CODto..mg.L. + TSS..mg.L. + UVT.... + NSEC.Aerobic.SRT + NSEC.Effluent.NO5",0.0450862961835257,0.725037462306002,"3,2"
"9785","N..Eff..TSS.Conc. + CODto..mg.L. + TSS..mg.L. + UVT.... + NSEC.Aerobic.SRT + NSEC.Effluent.Flow",0.0461014566599693,0.805568954221424,"3,2"
"9786","N..Eff..TSS.Conc. + CODto..mg.L. + TSS..mg.L. + UVT.... + NSEC.Effluent.NH3 + NSEC.Effluent.NO3",0.170822516326827,0.6900585156377,"3,2"
"9787","N..Eff..TSS.Conc. + CODto..mg.L. + TSS..mg.L. + UVT.... + NSEC.Effluent.NH3 + NSEC.Effluent.OP",0.206235342189627,0.718097608576834,"3,2"
"9788","N..Eff..TSS.Conc. + CODto..mg.L. + TSS..mg.L. + UVT.... + NSEC.Effluent.NH3 + NSEC.Effluent.TSS",0.1921525836604,0.705683186463769,"3,2"
"9789","N..Eff..TSS.Conc. + CODto..mg.L. + TSS..mg.L. + UVT.... + NSEC.Effluent.NH3 + NSEC.Effluent.NO5",0.170353928994373,0.711493697233355,"3,2"
"9790","N..Eff..TSS.Conc. + CODto..mg.L. + TSS..mg.L. + UVT.... + NSEC.Effluent.NH3 + NSEC.Effluent.Flow",0.188716175813424,0.744275822094285,"3,2"
"9791","N..Eff..TSS.Conc. + CODto..mg.L. + TSS..mg.L. + UVT.... + NSEC.Effluent.NO3 + NSEC.Effluent.OP",0.0157486905450994,0.703061141936363,"3,2"
"9792","N..Eff..TSS.Conc. + CODto..mg.L. + TSS..mg.L. + UVT.... + NSEC.Effluent.NO3 + NSEC.Effluent.TSS",0.0947365619478404,0.673489694417887,"3,2"
"9793","N..Eff..TSS.Conc. + CODto..mg.L. + TSS..mg.L. + UVT.... + NSEC.Effluent.NO3 + NSEC.Effluent.NO5",0.102444010034347,0.725998058929166,"3,2"
"9794","N..Eff..TSS.Conc. + CODto..mg.L. + TSS..mg.L. + UVT.... + NSEC.Effluent.NO3 + NSEC.Effluent.Flow",0.251806946138836,0.740188121493654,"3,2"
"9795","N..Eff..TSS.Conc. + CODto..mg.L. + TSS..mg.L. + UVT.... + NSEC.Effluent.OP + NSEC.Effluent.TSS",0.0147822788289877,0.681219802528159,"3,2"
"9796","N..Eff..TSS.Conc. + CODto..mg.L. + TSS..mg.L. + UVT.... + NSEC.Effluent.OP + NSEC.Effluent.NO5",0.080532773251655,0.68703603209204,"3,2"
"9797","N..Eff..TSS.Conc. + CODto..mg.L. + TSS..mg.L. + UVT.... + NSEC.Effluent.OP + NSEC.Effluent.Flow",0.265970723968179,0.768185204340613,"3,2"
"9798","N..Eff..TSS.Conc. + CODto..mg.L. + TSS..mg.L. + UVT.... + NSEC.Effluent.TSS + NSEC.Effluent.NO5",0.173582420548077,0.656279967320095,"3,2"
"9799","N..Eff..TSS.Conc. + CODto..mg.L. + TSS..mg.L. + UVT.... + NSEC.Effluent.TSS + NSEC.Effluent.Flow",0.234280762911397,0.694594141528972,"3,2"
"9800","N..Eff..TSS.Conc. + CODto..mg.L. + TSS..mg.L. + UVT.... + NSEC.Effluent.NO5 + NSEC.Effluent.Flow",0.0907763403901956,0.727333934309415,"3,2"
"9801","N..Eff..TSS.Conc. + CODto..mg.L. + TSS..mg.L. + CODds..mg.L. + SACto..1.m. + NSEC.Aerobic.SRT",0.127139127611614,0.713648314686436,"3,2"
"9802","N..Eff..TSS.Conc. + CODto..mg.L. + TSS..mg.L. + CODds..mg.L. + SACto..1.m. + NSEC.Effluent.NH3",0.106134035800771,0.582529916973509,"3,2"
"9803","N..Eff..TSS.Conc. + CODto..mg.L. + TSS..mg.L. + CODds..mg.L. + SACto..1.m. + NSEC.Effluent.NO3",0.154170961292942,0.670887141642858,"3,2"
"9804","N..Eff..TSS.Conc. + CODto..mg.L. + TSS..mg.L. + CODds..mg.L. + SACto..1.m. + NSEC.Effluent.OP",0.0734206162134843,0.698227947788492,"3,2"
"9805","N..Eff..TSS.Conc. + CODto..mg.L. + TSS..mg.L. + CODds..mg.L. + SACto..1.m. + NSEC.Effluent.TSS",0.182400465977047,0.623639291975802,"3,2"
"9806","N..Eff..TSS.Conc. + CODto..mg.L. + TSS..mg.L. + CODds..mg.L. + SACto..1.m. + NSEC.Effluent.NO5",0.173976295635882,0.647501716829421,"3,2"
"9807","N..Eff..TSS.Conc. + CODto..mg.L. + TSS..mg.L. + CODds..mg.L. + SACto..1.m. + NSEC.Effluent.Flow",0.248263851101179,0.748300910905946,"3,2"
"9808","N..Eff..TSS.Conc. + CODto..mg.L. + TSS..mg.L. + CODds..mg.L. + NSEC.Aerobic.SRT + NSEC.Effluent.NH3",0.113759495920683,0.732695538886913,"3,2"
"9809","N..Eff..TSS.Conc. + CODto..mg.L. + TSS..mg.L. + CODds..mg.L. + NSEC.Aerobic.SRT + NSEC.Effluent.NO3",0.294631139990249,0.761738289217679,"3,2"
"9810","N..Eff..TSS.Conc. + CODto..mg.L. + TSS..mg.L. + CODds..mg.L. + NSEC.Aerobic.SRT + NSEC.Effluent.OP",0.297095931458651,0.78929947203566,"3,2"
"9811","N..Eff..TSS.Conc. + CODto..mg.L. + TSS..mg.L. + CODds..mg.L. + NSEC.Aerobic.SRT + NSEC.Effluent.TSS",0.0532783477915995,0.713874404924295,"3,2"
"9812","N..Eff..TSS.Conc. + CODto..mg.L. + TSS..mg.L. + CODds..mg.L. + NSEC.Aerobic.SRT + NSEC.Effluent.NO5",0.0876688696517993,0.685267791615683,"3,2"
"9813","N..Eff..TSS.Conc. + CODto..mg.L. + TSS..mg.L. + CODds..mg.L. + NSEC.Aerobic.SRT + NSEC.Effluent.Flow",0.10709719896546,0.804017842296406,"3,2"
"9814","N..Eff..TSS.Conc. + CODto..mg.L. + TSS..mg.L. + CODds..mg.L. + NSEC.Effluent.NH3 + NSEC.Effluent.NO3",0.186828204997691,0.652500741767317,"3,2"
"9815","N..Eff..TSS.Conc. + CODto..mg.L. + TSS..mg.L. + CODds..mg.L. + NSEC.Effluent.NH3 + NSEC.Effluent.OP",0.167513954198768,0.714496303722064,"3,2"
"9816","N..Eff..TSS.Conc. + CODto..mg.L. + TSS..mg.L. + CODds..mg.L. + NSEC.Effluent.NH3 + NSEC.Effluent.TSS",0.222607176782569,0.656802025248431,"3,2"
"9817","N..Eff..TSS.Conc. + CODto..mg.L. + TSS..mg.L. + CODds..mg.L. + NSEC.Effluent.NH3 + NSEC.Effluent.NO5",0.177177833822368,0.716415703647149,"3,2"
"9818","N..Eff..TSS.Conc. + CODto..mg.L. + TSS..mg.L. + CODds..mg.L. + NSEC.Effluent.NH3 + NSEC.Effluent.Flow",0.131577030064692,0.669203252565925,"3,2"
"9819","N..Eff..TSS.Conc. + CODto..mg.L. + TSS..mg.L. + CODds..mg.L. + NSEC.Effluent.NO3 + NSEC.Effluent.OP",0.178204431007842,0.667332487522739,"3,2"
"9820","N..Eff..TSS.Conc. + CODto..mg.L. + TSS..mg.L. + CODds..mg.L. + NSEC.Effluent.NO3 + NSEC.Effluent.TSS",0.222037079957192,0.708351718550331,"3,2"
"9821","N..Eff..TSS.Conc. + CODto..mg.L. + TSS..mg.L. + CODds..mg.L. + NSEC.Effluent.NO3 + NSEC.Effluent.NO5",0.166712666250218,0.63878240127299,"3,2"
"9822","N..Eff..TSS.Conc. + CODto..mg.L. + TSS..mg.L. + CODds..mg.L. + NSEC.Effluent.NO3 + NSEC.Effluent.Flow",0.232493845778502,0.737353162266994,"3,2"
"9823","N..Eff..TSS.Conc. + CODto..mg.L. + TSS..mg.L. + CODds..mg.L. + NSEC.Effluent.OP + NSEC.Effluent.TSS",0.0891339464810001,0.674707990942826,"3,2"
"9824","N..Eff..TSS.Conc. + CODto..mg.L. + TSS..mg.L. + CODds..mg.L. + NSEC.Effluent.OP + NSEC.Effluent.NO5",0.194503818761932,0.672905398732922,"3,2"
"9825","N..Eff..TSS.Conc. + CODto..mg.L. + TSS..mg.L. + CODds..mg.L. + NSEC.Effluent.OP + NSEC.Effluent.Flow",0.251240549750585,0.74610305111963,"3,2"
"9826","N..Eff..TSS.Conc. + CODto..mg.L. + TSS..mg.L. + CODds..mg.L. + NSEC.Effluent.TSS + NSEC.Effluent.NO5",0.116320776519926,0.60329265216874,"3,2"
"9827","N..Eff..TSS.Conc. + CODto..mg.L. + TSS..mg.L. + CODds..mg.L. + NSEC.Effluent.TSS + NSEC.Effluent.Flow",0.244138116871436,0.719256703573845,"3,2"
"9828","N..Eff..TSS.Conc. + CODto..mg.L. + TSS..mg.L. + CODds..mg.L. + NSEC.Effluent.NO5 + NSEC.Effluent.Flow",0.229249837990342,0.737524679690105,"3,2"
"9829","N..Eff..TSS.Conc. + CODto..mg.L. + TSS..mg.L. + SACto..1.m. + NSEC.Aerobic.SRT + NSEC.Effluent.NH3",0.0314694131340707,0.749472253691312,"3,2"
"9830","N..Eff..TSS.Conc. + CODto..mg.L. + TSS..mg.L. + SACto..1.m. + NSEC.Aerobic.SRT + NSEC.Effluent.NO3",0.0698626343876558,0.584029904921902,"3,2"
"9831","N..Eff..TSS.Conc. + CODto..mg.L. + TSS..mg.L. + SACto..1.m. + NSEC.Aerobic.SRT + NSEC.Effluent.OP",0.182000869632363,0.7307866946764,"3,2"
"9832","N..Eff..TSS.Conc. + CODto..mg.L. + TSS..mg.L. + SACto..1.m. + NSEC.Aerobic.SRT + NSEC.Effluent.TSS",0.159934980727269,0.672255355466687,"3,2"
"9833","N..Eff..TSS.Conc. + CODto..mg.L. + TSS..mg.L. + SACto..1.m. + NSEC.Aerobic.SRT + NSEC.Effluent.NO5",0.184417608261866,0.694508514491007,"3,2"
"9834","N..Eff..TSS.Conc. + CODto..mg.L. + TSS..mg.L. + SACto..1.m. + NSEC.Aerobic.SRT + NSEC.Effluent.Flow",0.0920213438560133,0.804329991961896,"3,2"
"9835","N..Eff..TSS.Conc. + CODto..mg.L. + TSS..mg.L. + SACto..1.m. + NSEC.Effluent.NH3 + NSEC.Effluent.NO3",0.123234309971562,0.716465529310877,"3,2"
"9836","N..Eff..TSS.Conc. + CODto..mg.L. + TSS..mg.L. + SACto..1.m. + NSEC.Effluent.NH3 + NSEC.Effluent.OP",0.138634216563894,0.695588501518832,"3,2"
"9837","N..Eff..TSS.Conc. + CODto..mg.L. + TSS..mg.L. + SACto..1.m. + NSEC.Effluent.NH3 + NSEC.Effluent.TSS",0.137857986111732,0.676700251675435,"3,2"
"9838","N..Eff..TSS.Conc. + CODto..mg.L. + TSS..mg.L. + SACto..1.m. + NSEC.Effluent.NH3 + NSEC.Effluent.NO5",0.216062215384888,0.688830362611996,"3,2"
"9839","N..Eff..TSS.Conc. + CODto..mg.L. + TSS..mg.L. + SACto..1.m. + NSEC.Effluent.NH3 + NSEC.Effluent.Flow",0.266306635270177,0.70075052841656,"3,2"
"9840","N..Eff..TSS.Conc. + CODto..mg.L. + TSS..mg.L. + SACto..1.m. + NSEC.Effluent.NO3 + NSEC.Effluent.OP",0.152473569295767,0.677170175126567,"3,2"
"9841","N..Eff..TSS.Conc. + CODto..mg.L. + TSS..mg.L. + SACto..1.m. + NSEC.Effluent.NO3 + NSEC.Effluent.TSS",0.158124680012932,0.657228458855128,"3,2"
"9842","N..Eff..TSS.Conc. + CODto..mg.L. + TSS..mg.L. + SACto..1.m. + NSEC.Effluent.NO3 + NSEC.Effluent.NO5",0.223643758342509,0.703990063919285,"3,2"
"9843","N..Eff..TSS.Conc. + CODto..mg.L. + TSS..mg.L. + SACto..1.m. + NSEC.Effluent.NO3 + NSEC.Effluent.Flow",0.140263670652344,0.732146435708077,"3,2"
"9844","N..Eff..TSS.Conc. + CODto..mg.L. + TSS..mg.L. + SACto..1.m. + NSEC.Effluent.OP + NSEC.Effluent.TSS",0.177730892631994,0.681944954045798,"3,2"
"9845","N..Eff..TSS.Conc. + CODto..mg.L. + TSS..mg.L. + SACto..1.m. + NSEC.Effluent.OP + NSEC.Effluent.NO5",0.195839565162743,0.707639191821309,"3,2"
"9846","N..Eff..TSS.Conc. + CODto..mg.L. + TSS..mg.L. + SACto..1.m. + NSEC.Effluent.OP + NSEC.Effluent.Flow",0.280476398637679,0.770161055897281,"3,2"
"9847","N..Eff..TSS.Conc. + CODto..mg.L. + TSS..mg.L. + SACto..1.m. + NSEC.Effluent.TSS + NSEC.Effluent.NO5",0.185975467391973,0.66875609390749,"3,2"
"9848","N..Eff..TSS.Conc. + CODto..mg.L. + TSS..mg.L. + SACto..1.m. + NSEC.Effluent.TSS + NSEC.Effluent.Flow",0.162660403334876,0.676271357574796,"3,2"
"9849","N..Eff..TSS.Conc. + CODto..mg.L. + TSS..mg.L. + SACto..1.m. + NSEC.Effluent.NO5 + NSEC.Effluent.Flow",0.227769995256023,0.718258809100099,"3,2"
"9850","N..Eff..TSS.Conc. + CODto..mg.L. + TSS..mg.L. + NSEC.Aerobic.SRT + NSEC.Effluent.NH3 + NSEC.Effluent.NO3",0.14782193638266,0.751401263838114,"3,2"
"9851","N..Eff..TSS.Conc. + CODto..mg.L. + TSS..mg.L. + NSEC.Aerobic.SRT + NSEC.Effluent.NH3 + NSEC.Effluent.OP",0.085157067033967,0.583851052202049,"3,2"
"9852","N..Eff..TSS.Conc. + CODto..mg.L. + TSS..mg.L. + NSEC.Aerobic.SRT + NSEC.Effluent.NH3 + NSEC.Effluent.TSS",0.220503588248025,0.627886730544313,"3,2"
"9853","N..Eff..TSS.Conc. + CODto..mg.L. + TSS..mg.L. + NSEC.Aerobic.SRT + NSEC.Effluent.NH3 + NSEC.Effluent.NO5",0.129173748089905,0.712426813860061,"3,2"
"9854","N..Eff..TSS.Conc. + CODto..mg.L. + TSS..mg.L. + NSEC.Aerobic.SRT + NSEC.Effluent.NH3 + NSEC.Effluent.Flow",0.0508669978031278,0.767370889290968,"3,2"
"9855","N..Eff..TSS.Conc. + CODto..mg.L. + TSS..mg.L. + NSEC.Aerobic.SRT + NSEC.Effluent.NO3 + NSEC.Effluent.OP",0.0569272407473367,0.592747221265557,"3,2"
"9856","N..Eff..TSS.Conc. + CODto..mg.L. + TSS..mg.L. + NSEC.Aerobic.SRT + NSEC.Effluent.NO3 + NSEC.Effluent.TSS",0.111097809670164,0.720765957646653,"3,2"
"9857","N..Eff..TSS.Conc. + CODto..mg.L. + TSS..mg.L. + NSEC.Aerobic.SRT + NSEC.Effluent.NO3 + NSEC.Effluent.NO5",0.0186543749233177,0.742944257714979,"3,2"
"9858","N..Eff..TSS.Conc. + CODto..mg.L. + TSS..mg.L. + NSEC.Aerobic.SRT + NSEC.Effluent.NO3 + NSEC.Effluent.Flow",0.118525246253367,0.798186729398744,"3,2"
"9859","N..Eff..TSS.Conc. + CODto..mg.L. + TSS..mg.L. + NSEC.Aerobic.SRT + NSEC.Effluent.OP + NSEC.Effluent.TSS",0.242851863851004,0.755605195409983,"3,2"
"9860","N..Eff..TSS.Conc. + CODto..mg.L. + TSS..mg.L. + NSEC.Aerobic.SRT + NSEC.Effluent.OP + NSEC.Effluent.NO5",0.0346606383779158,0.735793255274038,"3,2"
"9861","N..Eff..TSS.Conc. + CODto..mg.L. + TSS..mg.L. + NSEC.Aerobic.SRT + NSEC.Effluent.OP + NSEC.Effluent.Flow",0.0194144307624271,0.780433223858246,"3,2"
"9862","N..Eff..TSS.Conc. + CODto..mg.L. + TSS..mg.L. + NSEC.Aerobic.SRT + NSEC.Effluent.TSS + NSEC.Effluent.NO5",0.000483310368332601,0.438154190829596,"3,2"
"9863","N..Eff..TSS.Conc. + CODto..mg.L. + TSS..mg.L. + NSEC.Aerobic.SRT + NSEC.Effluent.TSS + NSEC.Effluent.Flow",0.167441986171857,0.823458778796797,"3,2"
"9864","N..Eff..TSS.Conc. + CODto..mg.L. + TSS..mg.L. + NSEC.Aerobic.SRT + NSEC.Effluent.NO5 + NSEC.Effluent.Flow",0.0829136786391893,0.805822670921528,"3,2"
"9865","N..Eff..TSS.Conc. + CODto..mg.L. + TSS..mg.L. + NSEC.Effluent.NH3 + NSEC.Effluent.NO3 + NSEC.Effluent.OP",0.182829595521119,0.653818322236434,"3,2"
"9866","N..Eff..TSS.Conc. + CODto..mg.L. + TSS..mg.L. + NSEC.Effluent.NH3 + NSEC.Effluent.NO3 + NSEC.Effluent.TSS",0.255779878103688,0.6135888893565,"3,2"
"9867","N..Eff..TSS.Conc. + CODto..mg.L. + TSS..mg.L. + NSEC.Effluent.NH3 + NSEC.Effluent.NO3 + NSEC.Effluent.NO5",0.183672998350564,0.683723538647656,"3,2"
"9868","N..Eff..TSS.Conc. + CODto..mg.L. + TSS..mg.L. + NSEC.Effluent.NH3 + NSEC.Effluent.NO3 + NSEC.Effluent.Flow",0.124257416979358,0.636709628819186,"3,2"
"9869","N..Eff..TSS.Conc. + CODto..mg.L. + TSS..mg.L. + NSEC.Effluent.NH3 + NSEC.Effluent.OP + NSEC.Effluent.TSS",0.115423270140454,0.657372870197793,"3,2"
"9870","N..Eff..TSS.Conc. + CODto..mg.L. + TSS..mg.L. + NSEC.Effluent.NH3 + NSEC.Effluent.OP + NSEC.Effluent.NO5",0.27304556815134,0.67065800686809,"3,2"
"9871","N..Eff..TSS.Conc. + CODto..mg.L. + TSS..mg.L. + NSEC.Effluent.NH3 + NSEC.Effluent.OP + NSEC.Effluent.Flow",0.116663876235366,0.611498181716616,"3,2"
"9872","N..Eff..TSS.Conc. + CODto..mg.L. + TSS..mg.L. + NSEC.Effluent.NH3 + NSEC.Effluent.TSS + NSEC.Effluent.NO5",0.188884465639693,0.726769864211632,"3,2"
"9873","N..Eff..TSS.Conc. + CODto..mg.L. + TSS..mg.L. + NSEC.Effluent.NH3 + NSEC.Effluent.TSS + NSEC.Effluent.Flow",0.270553220661836,0.67501410375058,"3,2"
"9874","N..Eff..TSS.Conc. + CODto..mg.L. + TSS..mg.L. + NSEC.Effluent.NH3 + NSEC.Effluent.NO5 + NSEC.Effluent.Flow",0.224763346211019,0.760420861401843,"3,2"
"9875","N..Eff..TSS.Conc. + CODto..mg.L. + TSS..mg.L. + NSEC.Effluent.NO3 + NSEC.Effluent.OP + NSEC.Effluent.TSS",0.156299293647718,0.68232589240451,"3,2"
"9876","N..Eff..TSS.Conc. + CODto..mg.L. + TSS..mg.L. + NSEC.Effluent.NO3 + NSEC.Effluent.OP + NSEC.Effluent.NO5",0.195488284158939,0.677180192628849,"3,2"
"9877","N..Eff..TSS.Conc. + CODto..mg.L. + TSS..mg.L. + NSEC.Effluent.NO3 + NSEC.Effluent.OP + NSEC.Effluent.Flow",0.203018090934645,0.745732013838131,"3,2"
"9878","N..Eff..TSS.Conc. + CODto..mg.L. + TSS..mg.L. + NSEC.Effluent.NO3 + NSEC.Effluent.TSS + NSEC.Effluent.NO5",0.0659015204118867,0.540411604510234,"3,2"
"9879","N..Eff..TSS.Conc. + CODto..mg.L. + TSS..mg.L. + NSEC.Effluent.NO3 + NSEC.Effluent.TSS + NSEC.Effluent.Flow",0.222133437854421,0.738882415559747,"3,2"
"9880","N..Eff..TSS.Conc. + CODto..mg.L. + TSS..mg.L. + NSEC.Effluent.NO3 + NSEC.Effluent.NO5 + NSEC.Effluent.Flow",0.319792666114989,0.731543210151288,"3,2"
"9881","N..Eff..TSS.Conc. + CODto..mg.L. + TSS..mg.L. + NSEC.Effluent.OP + NSEC.Effluent.TSS + NSEC.Effluent.NO5",0.0643090256115479,0.641187453496739,"3,2"
"9882","N..Eff..TSS.Conc. + CODto..mg.L. + TSS..mg.L. + NSEC.Effluent.OP + NSEC.Effluent.TSS + NSEC.Effluent.Flow",0.175041697888081,0.705154953536592,"3,2"
"9883","N..Eff..TSS.Conc. + CODto..mg.L. + TSS..mg.L. + NSEC.Effluent.OP + NSEC.Effluent.NO5 + NSEC.Effluent.Flow",0.172029481170783,0.743636750310372,"3,2"
"9884","N..Eff..TSS.Conc. + CODto..mg.L. + TSS..mg.L. + NSEC.Effluent.TSS + NSEC.Effluent.NO5 + NSEC.Effluent.Flow",0.0732293321152286,0.553209059299081,"3,2"
"9885","N..Eff..TSS.Conc. + CODto..mg.L. + UVT.... + CODds..mg.L. + SACto..1.m. + NSEC.Aerobic.SRT",0.00482020352849766,0.730709703893034,"3,2"
"9886","N..Eff..TSS.Conc. + CODto..mg.L. + UVT.... + CODds..mg.L. + SACto..1.m. + NSEC.Effluent.NH3",0.0376602901949692,0.614380387011608,"3,2"
"9887","N..Eff..TSS.Conc. + CODto..mg.L. + UVT.... + CODds..mg.L. + SACto..1.m. + NSEC.Effluent.NO3",0.171338260041122,0.613219126730088,"3,2"
"9888","N..Eff..TSS.Conc. + CODto..mg.L. + UVT.... + CODds..mg.L. + SACto..1.m. + NSEC.Effluent.OP",0.0654158159020084,0.513323038766097,"3,2"
"9889","N..Eff..TSS.Conc. + CODto..mg.L. + UVT.... + CODds..mg.L. + SACto..1.m. + NSEC.Effluent.TSS",0.104231056071267,0.577598389628978,"3,2"
"9890","N..Eff..TSS.Conc. + CODto..mg.L. + UVT.... + CODds..mg.L. + SACto..1.m. + NSEC.Effluent.NO5",0.0732334261995464,0.681687400922777,"3,2"
"9891","N..Eff..TSS.Conc. + CODto..mg.L. + UVT.... + CODds..mg.L. + SACto..1.m. + NSEC.Effluent.Flow",0.183855937797816,0.653099822515385,"3,2"
"9892","N..Eff..TSS.Conc. + CODto..mg.L. + UVT.... + CODds..mg.L. + NSEC.Aerobic.SRT + NSEC.Effluent.NH3",0.121875879286954,0.714439773095226,"3,2"
"9893","N..Eff..TSS.Conc. + CODto..mg.L. + UVT.... + CODds..mg.L. + NSEC.Aerobic.SRT + NSEC.Effluent.NO3",0.0966806342987361,0.80459706811386,"3,2"
"9894","N..Eff..TSS.Conc. + CODto..mg.L. + UVT.... + CODds..mg.L. + NSEC.Aerobic.SRT + NSEC.Effluent.OP",0.202624758228263,0.747238633443038,"3,2"
"9895","N..Eff..TSS.Conc. + CODto..mg.L. + UVT.... + CODds..mg.L. + NSEC.Aerobic.SRT + NSEC.Effluent.TSS",0.107692525162598,0.751472254971106,"3,2"
"9896","N..Eff..TSS.Conc. + CODto..mg.L. + UVT.... + CODds..mg.L. + NSEC.Aerobic.SRT + NSEC.Effluent.NO5",0.103576201559275,0.719070316524929,"3,2"
"9897","N..Eff..TSS.Conc. + CODto..mg.L. + UVT.... + CODds..mg.L. + NSEC.Aerobic.SRT + NSEC.Effluent.Flow",0.0231556258734926,0.823620488041071,"3,2"
"9898","N..Eff..TSS.Conc. + CODto..mg.L. + UVT.... + CODds..mg.L. + NSEC.Effluent.NH3 + NSEC.Effluent.NO3",0.202933679230286,0.638370905635997,"3,2"
"9899","N..Eff..TSS.Conc. + CODto..mg.L. + UVT.... + CODds..mg.L. + NSEC.Effluent.NH3 + NSEC.Effluent.OP",0.148793280791738,0.621242493083922,"3,2"
"9900","N..Eff..TSS.Conc. + CODto..mg.L. + UVT.... + CODds..mg.L. + NSEC.Effluent.NH3 + NSEC.Effluent.TSS",0.103923739132928,0.6368118975699,"3,2"
"9901","N..Eff..TSS.Conc. + CODto..mg.L. + UVT.... + CODds..mg.L. + NSEC.Effluent.NH3 + NSEC.Effluent.NO5",0.113548795233866,0.598825762391693,"3,2"
"9902","N..Eff..TSS.Conc. + CODto..mg.L. + UVT.... + CODds..mg.L. + NSEC.Effluent.NH3 + NSEC.Effluent.Flow",0.246689070088518,0.733033213306854,"3,2"
"9903","N..Eff..TSS.Conc. + CODto..mg.L. + UVT.... + CODds..mg.L. + NSEC.Effluent.NO3 + NSEC.Effluent.OP",0.0633583048770177,0.640219944505521,"3,2"
"9904","N..Eff..TSS.Conc. + CODto..mg.L. + UVT.... + CODds..mg.L. + NSEC.Effluent.NO3 + NSEC.Effluent.TSS",0.193190206930575,0.625927300796536,"3,2"
"9905","N..Eff..TSS.Conc. + CODto..mg.L. + UVT.... + CODds..mg.L. + NSEC.Effluent.NO3 + NSEC.Effluent.NO5",0.138134016808892,0.696028700865963,"3,2"
"9906","N..Eff..TSS.Conc. + CODto..mg.L. + UVT.... + CODds..mg.L. + NSEC.Effluent.NO3 + NSEC.Effluent.Flow",0.194257015274503,0.704679060299725,"3,2"
"9907","N..Eff..TSS.Conc. + CODto..mg.L. + UVT.... + CODds..mg.L. + NSEC.Effluent.OP + NSEC.Effluent.TSS",0.140220781378153,0.706090505221539,"3,2"
"9908","N..Eff..TSS.Conc. + CODto..mg.L. + UVT.... + CODds..mg.L. + NSEC.Effluent.OP + NSEC.Effluent.NO5",0.110810540529555,0.586692070355842,"3,2"
"9909","N..Eff..TSS.Conc. + CODto..mg.L. + UVT.... + CODds..mg.L. + NSEC.Effluent.OP + NSEC.Effluent.Flow",0.208372465938364,0.789096933156211,"3,2"
"9910","N..Eff..TSS.Conc. + CODto..mg.L. + UVT.... + CODds..mg.L. + NSEC.Effluent.TSS + NSEC.Effluent.NO5",0.23967903762893,0.701686220548724,"3,2"
"9911","N..Eff..TSS.Conc. + CODto..mg.L. + UVT.... + CODds..mg.L. + NSEC.Effluent.TSS + NSEC.Effluent.Flow",0.214435363923588,0.64586964282225,"3,2"
"9912","N..Eff..TSS.Conc. + CODto..mg.L. + UVT.... + CODds..mg.L. + NSEC.Effluent.NO5 + NSEC.Effluent.Flow",0.0324087077823685,0.585617064078768,"3,2"
"9913","N..Eff..TSS.Conc. + CODto..mg.L. + UVT.... + SACto..1.m. + NSEC.Aerobic.SRT + NSEC.Effluent.NH3",0.19248917942633,0.698579678942621,"3,2"
"9914","N..Eff..TSS.Conc. + CODto..mg.L. + UVT.... + SACto..1.m. + NSEC.Aerobic.SRT + NSEC.Effluent.NO3",0.117941337183383,0.614378459370922,"3,2"
"9915","N..Eff..TSS.Conc. + CODto..mg.L. + UVT.... + SACto..1.m. + NSEC.Aerobic.SRT + NSEC.Effluent.OP",0.192869749855514,0.117084153031042,"3,2"
"9916","N..Eff..TSS.Conc. + CODto..mg.L. + UVT.... + SACto..1.m. + NSEC.Aerobic.SRT + NSEC.Effluent.TSS",0.188713808205166,0.698979795532669,"3,2"
"9917","N..Eff..TSS.Conc. + CODto..mg.L. + UVT.... + SACto..1.m. + NSEC.Aerobic.SRT + NSEC.Effluent.NO5",0.169625608621842,0.665809374819046,"3,2"
"9918","N..Eff..TSS.Conc. + CODto..mg.L. + UVT.... + SACto..1.m. + NSEC.Aerobic.SRT + NSEC.Effluent.Flow",0.134416193927359,0.634467559226552,"3,2"
"9919","N..Eff..TSS.Conc. + CODto..mg.L. + UVT.... + SACto..1.m. + NSEC.Effluent.NH3 + NSEC.Effluent.NO3",0.171715705499074,0.624835441870762,"3,2"
"9920","N..Eff..TSS.Conc. + CODto..mg.L. + UVT.... + SACto..1.m. + NSEC.Effluent.NH3 + NSEC.Effluent.OP",0.00806115897211335,0.646422709940406,"3,2"
"9921","N..Eff..TSS.Conc. + CODto..mg.L. + UVT.... + SACto..1.m. + NSEC.Effluent.NH3 + NSEC.Effluent.TSS",0.0264104789954029,0.576875011681203,"3,2"
"9922","N..Eff..TSS.Conc. + CODto..mg.L. + UVT.... + SACto..1.m. + NSEC.Effluent.NH3 + NSEC.Effluent.NO5",0.14070404124802,0.559588158248865,"3,2"
"9923","N..Eff..TSS.Conc. + CODto..mg.L. + UVT.... + SACto..1.m. + NSEC.Effluent.NH3 + NSEC.Effluent.Flow",0.334783873645462,0.633466047642712,"3,2"
"9924","N..Eff..TSS.Conc. + CODto..mg.L. + UVT.... + SACto..1.m. + NSEC.Effluent.NO3 + NSEC.Effluent.OP",0.15942066193625,0.695236920365298,"3,2"
"9925","N..Eff..TSS.Conc. + CODto..mg.L. + UVT.... + SACto..1.m. + NSEC.Effluent.NO3 + NSEC.Effluent.TSS",0.027748022875842,0.573429982313681,"3,2"
"9926","N..Eff..TSS.Conc. + CODto..mg.L. + UVT.... + SACto..1.m. + NSEC.Effluent.NO3 + NSEC.Effluent.NO5",0.0567138623124133,0.539080704746382,"3,2"
"9927","N..Eff..TSS.Conc. + CODto..mg.L. + UVT.... + SACto..1.m. + NSEC.Effluent.NO3 + NSEC.Effluent.Flow",0.139226891690304,0.634998076159859,"3,2"
"9928","N..Eff..TSS.Conc. + CODto..mg.L. + UVT.... + SACto..1.m. + NSEC.Effluent.OP + NSEC.Effluent.TSS",0.119255364941659,0.668198906862765,"3,2"
"9929","N..Eff..TSS.Conc. + CODto..mg.L. + UVT.... + SACto..1.m. + NSEC.Effluent.OP + NSEC.Effluent.NO5",0.244761827895579,0.656448596692682,"3,2"
"9930","N..Eff..TSS.Conc. + CODto..mg.L. + UVT.... + SACto..1.m. + NSEC.Effluent.OP + NSEC.Effluent.Flow",0.244455551763873,0.707181671812965,"3,2"
"9931","N..Eff..TSS.Conc. + CODto..mg.L. + UVT.... + SACto..1.m. + NSEC.Effluent.TSS + NSEC.Effluent.NO5",0.173881964288734,0.583602359438364,"3,2"
"9932","N..Eff..TSS.Conc. + CODto..mg.L. + UVT.... + SACto..1.m. + NSEC.Effluent.TSS + NSEC.Effluent.Flow",0.233377667611095,0.61526535011161,"3,2"
"9933","N..Eff..TSS.Conc. + CODto..mg.L. + UVT.... + SACto..1.m. + NSEC.Effluent.NO5 + NSEC.Effluent.Flow",0.0108865826709432,0.601081802807015,"3,2"
"9934","N..Eff..TSS.Conc. + CODto..mg.L. + UVT.... + NSEC.Aerobic.SRT + NSEC.Effluent.NH3 + NSEC.Effluent.NO3",0.0332083131427157,0.698537052284572,"3,2"
"9935","N..Eff..TSS.Conc. + CODto..mg.L. + UVT.... + NSEC.Aerobic.SRT + NSEC.Effluent.NH3 + NSEC.Effluent.OP",0.0857565354430183,0.582698663486775,"3,2"
"9936","N..Eff..TSS.Conc. + CODto..mg.L. + UVT.... + NSEC.Aerobic.SRT + NSEC.Effluent.NH3 + NSEC.Effluent.TSS",0.170133364509905,0.695743502922454,"3,2"
"9937","N..Eff..TSS.Conc. + CODto..mg.L. + UVT.... + NSEC.Aerobic.SRT + NSEC.Effluent.NH3 + NSEC.Effluent.NO5",0.0262339884333185,0.745927188303851,"3,2"
"9938","N..Eff..TSS.Conc. + CODto..mg.L. + UVT.... + NSEC.Aerobic.SRT + NSEC.Effluent.NH3 + NSEC.Effluent.Flow",0.131242313216703,0.58275263522888,"3,2"
"9939","N..Eff..TSS.Conc. + CODto..mg.L. + UVT.... + NSEC.Aerobic.SRT + NSEC.Effluent.NO3 + NSEC.Effluent.OP",0.0948083695620978,0.597483966925285,"3,2"
"9940","N..Eff..TSS.Conc. + CODto..mg.L. + UVT.... + NSEC.Aerobic.SRT + NSEC.Effluent.NO3 + NSEC.Effluent.TSS",0.0707855499539403,0.744450392599142,"3,2"
"9941","N..Eff..TSS.Conc. + CODto..mg.L. + UVT.... + NSEC.Aerobic.SRT + NSEC.Effluent.NO3 + NSEC.Effluent.NO5",0.0713843319034755,0.735934080876919,"3,2"
"9942","N..Eff..TSS.Conc. + CODto..mg.L. + UVT.... + NSEC.Aerobic.SRT + NSEC.Effluent.NO3 + NSEC.Effluent.Flow",0.092954464868001,0.757538325115196,"3,2"
"9943","N..Eff..TSS.Conc. + CODto..mg.L. + UVT.... + NSEC.Aerobic.SRT + NSEC.Effluent.OP + NSEC.Effluent.TSS",0.0361177745860362,0.578560872630012,"3,2"
"9944","N..Eff..TSS.Conc. + CODto..mg.L. + UVT.... + NSEC.Aerobic.SRT + NSEC.Effluent.OP + NSEC.Effluent.NO5",0.132138473808324,0.740712774921894,"3,2"
"9945","N..Eff..TSS.Conc. + CODto..mg.L. + UVT.... + NSEC.Aerobic.SRT + NSEC.Effluent.OP + NSEC.Effluent.Flow",0.0342338491315943,0.754052941457409,"3,2"
"9946","N..Eff..TSS.Conc. + CODto..mg.L. + UVT.... + NSEC.Aerobic.SRT + NSEC.Effluent.TSS + NSEC.Effluent.NO5",0.138371519794992,0.654772373904102,"3,2"
"9947","N..Eff..TSS.Conc. + CODto..mg.L. + UVT.... + NSEC.Aerobic.SRT + NSEC.Effluent.TSS + NSEC.Effluent.Flow",0.169886381611138,0.734330112767709,"3,2"
"9948","N..Eff..TSS.Conc. + CODto..mg.L. + UVT.... + NSEC.Aerobic.SRT + NSEC.Effluent.NO5 + NSEC.Effluent.Flow",3.42980924508129e-05,0.438875577869723,"3,2"
"9949","N..Eff..TSS.Conc. + CODto..mg.L. + UVT.... + NSEC.Effluent.NH3 + NSEC.Effluent.NO3 + NSEC.Effluent.OP",0.0443657128984247,0.633606314154736,"3,2"
"9950","N..Eff..TSS.Conc. + CODto..mg.L. + UVT.... + NSEC.Effluent.NH3 + NSEC.Effluent.NO3 + NSEC.Effluent.TSS",0.24136202918267,0.602593892249164,"3,2"
"9951","N..Eff..TSS.Conc. + CODto..mg.L. + UVT.... + NSEC.Effluent.NH3 + NSEC.Effluent.NO3 + NSEC.Effluent.NO5",0.0260889014452075,0.605703089919486,"3,2"
"9952","N..Eff..TSS.Conc. + CODto..mg.L. + UVT.... + NSEC.Effluent.NH3 + NSEC.Effluent.NO3 + NSEC.Effluent.Flow",0.128981351188187,0.678253923889083,"3,2"
"9953","N..Eff..TSS.Conc. + CODto..mg.L. + UVT.... + NSEC.Effluent.NH3 + NSEC.Effluent.OP + NSEC.Effluent.TSS",0.208824016809097,0.660811590954112,"3,2"
"9954","N..Eff..TSS.Conc. + CODto..mg.L. + UVT.... + NSEC.Effluent.NH3 + NSEC.Effluent.OP + NSEC.Effluent.NO5",0.0352676035022155,0.656348910543934,"3,2"
"9955","N..Eff..TSS.Conc. + CODto..mg.L. + UVT.... + NSEC.Effluent.NH3 + NSEC.Effluent.OP + NSEC.Effluent.Flow",0.299223823159616,0.749357949471977,"3,2"
"9956","N..Eff..TSS.Conc. + CODto..mg.L. + UVT.... + NSEC.Effluent.NH3 + NSEC.Effluent.TSS + NSEC.Effluent.NO5",0.239870789832003,0.591361758818691,"3,2"
"9957","N..Eff..TSS.Conc. + CODto..mg.L. + UVT.... + NSEC.Effluent.NH3 + NSEC.Effluent.TSS + NSEC.Effluent.Flow",0.312688190504093,0.611859256824968,"3,2"
"9958","N..Eff..TSS.Conc. + CODto..mg.L. + UVT.... + NSEC.Effluent.NH3 + NSEC.Effluent.NO5 + NSEC.Effluent.Flow",0.128298684842191,0.637631558317984,"3,2"
"9959","N..Eff..TSS.Conc. + CODto..mg.L. + UVT.... + NSEC.Effluent.NO3 + NSEC.Effluent.OP + NSEC.Effluent.TSS",0.111545643615308,0.672800896279978,"3,2"
"9960","N..Eff..TSS.Conc. + CODto..mg.L. + UVT.... + NSEC.Effluent.NO3 + NSEC.Effluent.OP + NSEC.Effluent.NO5",0.195780293258618,0.695785736578685,"3,2"
"9961","N..Eff..TSS.Conc. + CODto..mg.L. + UVT.... + NSEC.Effluent.NO3 + NSEC.Effluent.OP + NSEC.Effluent.Flow",0.168964110559745,0.676502928218391,"3,2"
"9962","N..Eff..TSS.Conc. + CODto..mg.L. + UVT.... + NSEC.Effluent.NO3 + NSEC.Effluent.TSS + NSEC.Effluent.NO5",0.160589860842612,0.588930493435779,"3,2"
"9963","N..Eff..TSS.Conc. + CODto..mg.L. + UVT.... + NSEC.Effluent.NO3 + NSEC.Effluent.TSS + NSEC.Effluent.Flow",0.216494572723238,0.638674968023785,"3,2"
"9964","N..Eff..TSS.Conc. + CODto..mg.L. + UVT.... + NSEC.Effluent.NO3 + NSEC.Effluent.NO5 + NSEC.Effluent.Flow",0.0842363984857502,0.573946932986431,"3,2"
"9965","N..Eff..TSS.Conc. + CODto..mg.L. + UVT.... + NSEC.Effluent.OP + NSEC.Effluent.TSS + NSEC.Effluent.NO5",0.186097246751944,0.704902884921724,"3,2"
"9966","N..Eff..TSS.Conc. + CODto..mg.L. + UVT.... + NSEC.Effluent.OP + NSEC.Effluent.TSS + NSEC.Effluent.Flow",0.195063233452759,0.701029999134898,"3,2"
"9967","N..Eff..TSS.Conc. + CODto..mg.L. + UVT.... + NSEC.Effluent.OP + NSEC.Effluent.NO5 + NSEC.Effluent.Flow",0.150026007951546,0.657308121429269,"3,2"
"9968","N..Eff..TSS.Conc. + CODto..mg.L. + UVT.... + NSEC.Effluent.TSS + NSEC.Effluent.NO5 + NSEC.Effluent.Flow",0.23735348336069,0.653741749879053,"3,2"
"9969","N..Eff..TSS.Conc. + CODto..mg.L. + CODds..mg.L. + SACto..1.m. + NSEC.Aerobic.SRT + NSEC.Effluent.NH3",0.0754120534286002,0.687723963683143,"3,2"
"9970","N..Eff..TSS.Conc. + CODto..mg.L. + CODds..mg.L. + SACto..1.m. + NSEC.Aerobic.SRT + NSEC.Effluent.NO3",0.155474164906513,0.737782356760906,"3,2"
"9971","N..Eff..TSS.Conc. + CODto..mg.L. + CODds..mg.L. + SACto..1.m. + NSEC.Aerobic.SRT + NSEC.Effluent.OP",0.17494210031536,0.726455438196487,"3,2"
"9972","N..Eff..TSS.Conc. + CODto..mg.L. + CODds..mg.L. + SACto..1.m. + NSEC.Aerobic.SRT + NSEC.Effluent.TSS",0.143242373176845,0.737253849134392,"3,2"
"9973","N..Eff..TSS.Conc. + CODto..mg.L. + CODds..mg.L. + SACto..1.m. + NSEC.Aerobic.SRT + NSEC.Effluent.NO5",0.0253584453429001,0.733113844333745,"3,2"
"9974","N..Eff..TSS.Conc. + CODto..mg.L. + CODds..mg.L. + SACto..1.m. + NSEC.Aerobic.SRT + NSEC.Effluent.Flow",0.0366973576941618,0.798160794246139,"3,2"
"9975","N..Eff..TSS.Conc. + CODto..mg.L. + CODds..mg.L. + SACto..1.m. + NSEC.Effluent.NH3 + NSEC.Effluent.NO3",0.159604982592604,0.606277718933984,"3,2"
"9976","N..Eff..TSS.Conc. + CODto..mg.L. + CODds..mg.L. + SACto..1.m. + NSEC.Effluent.NH3 + NSEC.Effluent.OP",0.170215903076488,0.652105692588317,"3,2"
"9977","N..Eff..TSS.Conc. + CODto..mg.L. + CODds..mg.L. + SACto..1.m. + NSEC.Effluent.NH3 + NSEC.Effluent.TSS",0.101466317256655,0.563814133232636,"3,2"
"9978","N..Eff..TSS.Conc. + CODto..mg.L. + CODds..mg.L. + SACto..1.m. + NSEC.Effluent.NH3 + NSEC.Effluent.NO5",0.178788919079484,0.617811253121999,"3,2"
"9979","N..Eff..TSS.Conc. + CODto..mg.L. + CODds..mg.L. + SACto..1.m. + NSEC.Effluent.NH3 + NSEC.Effluent.Flow",0.0771433626920601,0.713673409933162,"3,2"
"9980","N..Eff..TSS.Conc. + CODto..mg.L. + CODds..mg.L. + SACto..1.m. + NSEC.Effluent.NO3 + NSEC.Effluent.OP",0.154778165371791,0.674693850441587,"3,2"
"9981","N..Eff..TSS.Conc. + CODto..mg.L. + CODds..mg.L. + SACto..1.m. + NSEC.Effluent.NO3 + NSEC.Effluent.TSS",0.175890345139051,0.617497431344341,"3,2"
"9982","N..Eff..TSS.Conc. + CODto..mg.L. + CODds..mg.L. + SACto..1.m. + NSEC.Effluent.NO3 + NSEC.Effluent.NO5",0.125283250285545,0.655847513327666,"3,2"
"9983","N..Eff..TSS.Conc. + CODto..mg.L. + CODds..mg.L. + SACto..1.m. + NSEC.Effluent.NO3 + NSEC.Effluent.Flow",0.211060194731716,0.718727551226346,"3,2"
"9984","N..Eff..TSS.Conc. + CODto..mg.L. + CODds..mg.L. + SACto..1.m. + NSEC.Effluent.OP + NSEC.Effluent.TSS",0.084937449254604,0.610545607346882,"3,2"
"9985","N..Eff..TSS.Conc. + CODto..mg.L. + CODds..mg.L. + SACto..1.m. + NSEC.Effluent.OP + NSEC.Effluent.NO5",0.00989371476640688,0.624351061342193,"3,2"
"9986","N..Eff..TSS.Conc. + CODto..mg.L. + CODds..mg.L. + SACto..1.m. + NSEC.Effluent.OP + NSEC.Effluent.Flow",0.137079186544563,0.70323761951221,"3,2"
"9987","N..Eff..TSS.Conc. + CODto..mg.L. + CODds..mg.L. + SACto..1.m. + NSEC.Effluent.TSS + NSEC.Effluent.NO5",0.0958375798004565,0.548820882159461,"3,2"
"9988","N..Eff..TSS.Conc. + CODto..mg.L. + CODds..mg.L. + SACto..1.m. + NSEC.Effluent.TSS + NSEC.Effluent.Flow",0.247656211140983,0.703033541360243,"3,2"
"9989","N..Eff..TSS.Conc. + CODto..mg.L. + CODds..mg.L. + SACto..1.m. + NSEC.Effluent.NO5 + NSEC.Effluent.Flow",0.216495975198788,0.678466251484294,"3,2"
"9990","N..Eff..TSS.Conc. + CODto..mg.L. + CODds..mg.L. + NSEC.Aerobic.SRT + NSEC.Effluent.NH3 + NSEC.Effluent.NO3",0.221053334911803,0.683926797942256,"3,2"
"9991","N..Eff..TSS.Conc. + CODto..mg.L. + CODds..mg.L. + NSEC.Aerobic.SRT + NSEC.Effluent.NH3 + NSEC.Effluent.OP",0.17802862136785,0.728798986629633,"3,2"
"9992","N..Eff..TSS.Conc. + CODto..mg.L. + CODds..mg.L. + NSEC.Aerobic.SRT + NSEC.Effluent.NH3 + NSEC.Effluent.TSS",0.11552449559489,0.666111715999002,"3,2"
"9993","N..Eff..TSS.Conc. + CODto..mg.L. + CODds..mg.L. + NSEC.Aerobic.SRT + NSEC.Effluent.NH3 + NSEC.Effluent.NO5",0.405221469500176,0.75203787150995,"3,2"
"9994","N..Eff..TSS.Conc. + CODto..mg.L. + CODds..mg.L. + NSEC.Aerobic.SRT + NSEC.Effluent.NH3 + NSEC.Effluent.Flow",0.0284521829543811,0.76620834497894,"3,2"
"9995","N..Eff..TSS.Conc. + CODto..mg.L. + CODds..mg.L. + NSEC.Aerobic.SRT + NSEC.Effluent.NO3 + NSEC.Effluent.OP",0.328101885079207,0.716060215232452,"3,2"
"9996","N..Eff..TSS.Conc. + CODto..mg.L. + CODds..mg.L. + NSEC.Aerobic.SRT + NSEC.Effluent.NO3 + NSEC.Effluent.TSS",0.194114161227409,0.746192791615892,"3,2"
"9997","N..Eff..TSS.Conc. + CODto..mg.L. + CODds..mg.L. + NSEC.Aerobic.SRT + NSEC.Effluent.NO3 + NSEC.Effluent.NO5",0.0511415965690132,0.798632297141333,"3,2"
"9998","N..Eff..TSS.Conc. + CODto..mg.L. + CODds..mg.L. + NSEC.Aerobic.SRT + NSEC.Effluent.NO3 + NSEC.Effluent.Flow",0.0579510892397492,0.808827163422116,"3,2"
"9999","N..Eff..TSS.Conc. + CODto..mg.L. + CODds..mg.L. + NSEC.Aerobic.SRT + NSEC.Effluent.OP + NSEC.Effluent.TSS",0.0451250888710737,0.712199220896292,"3,2"
"10000","N..Eff..TSS.Conc. + CODto..mg.L. + CODds..mg.L. + NSEC.Aerobic.SRT + NSEC.Effluent.OP + NSEC.Effluent.NO5",0.299806066846822,0.756803514579304,"3,2"
"10001","N..Eff..TSS.Conc. + CODto..mg.L. + CODds..mg.L. + NSEC.Aerobic.SRT + NSEC.Effluent.OP + NSEC.Effluent.Flow",0.0598325788017937,0.818772668679936,"3,2"
"10002","N..Eff..TSS.Conc. + CODto..mg.L. + CODds..mg.L. + NSEC.Aerobic.SRT + NSEC.Effluent.TSS + NSEC.Effluent.NO5",0.0987899442154543,0.704293753015432,"3,2"
"10003","N..Eff..TSS.Conc. + CODto..mg.L. + CODds..mg.L. + NSEC.Aerobic.SRT + NSEC.Effluent.TSS + NSEC.Effluent.Flow",0.00767919380058446,0.775275004838773,"3,2"
"10004","N..Eff..TSS.Conc. + CODto..mg.L. + CODds..mg.L. + NSEC.Aerobic.SRT + NSEC.Effluent.NO5 + NSEC.Effluent.Flow",0.122561016051115,0.776383129757075,"3,2"
"10005","N..Eff..TSS.Conc. + CODto..mg.L. + CODds..mg.L. + NSEC.Effluent.NH3 + NSEC.Effluent.NO3 + NSEC.Effluent.OP",0.153353842966542,0.579305702720334,"3,2"
"10006","N..Eff..TSS.Conc. + CODto..mg.L. + CODds..mg.L. + NSEC.Effluent.NH3 + NSEC.Effluent.NO3 + NSEC.Effluent.TSS",0.184074687304585,0.598712992825288,"3,2"
"10007","N..Eff..TSS.Conc. + CODto..mg.L. + CODds..mg.L. + NSEC.Effluent.NH3 + NSEC.Effluent.NO3 + NSEC.Effluent.NO5",0.3029148465201,0.660870547724192,"3,2"
"10008","N..Eff..TSS.Conc. + CODto..mg.L. + CODds..mg.L. + NSEC.Effluent.NH3 + NSEC.Effluent.NO3 + NSEC.Effluent.Flow",0.230297185199085,0.6763587401991,"3,2"
"10009","N..Eff..TSS.Conc. + CODto..mg.L. + CODds..mg.L. + NSEC.Effluent.NH3 + NSEC.Effluent.OP + NSEC.Effluent.TSS",0.209094724838649,0.720394828988558,"3,2"
"10010","N..Eff..TSS.Conc. + CODto..mg.L. + CODds..mg.L. + NSEC.Effluent.NH3 + NSEC.Effluent.OP + NSEC.Effluent.NO5",0.167640982999646,0.596667819184764,"3,2"
"10011","N..Eff..TSS.Conc. + CODto..mg.L. + CODds..mg.L. + NSEC.Effluent.NH3 + NSEC.Effluent.OP + NSEC.Effluent.Flow",0.251637630403349,0.685673065890803,"3,2"
"10012","N..Eff..TSS.Conc. + CODto..mg.L. + CODds..mg.L. + NSEC.Effluent.NH3 + NSEC.Effluent.TSS + NSEC.Effluent.NO5",0.172692947823663,0.590095263522823,"3,2"
"10013","N..Eff..TSS.Conc. + CODto..mg.L. + CODds..mg.L. + NSEC.Effluent.NH3 + NSEC.Effluent.TSS + NSEC.Effluent.Flow",0.260423030302977,0.682440988226787,"3,2"
"10014","N..Eff..TSS.Conc. + CODto..mg.L. + CODds..mg.L. + NSEC.Effluent.NH3 + NSEC.Effluent.NO5 + NSEC.Effluent.Flow",0.259185303286201,0.693958126796717,"3,2"
"10015","N..Eff..TSS.Conc. + CODto..mg.L. + CODds..mg.L. + NSEC.Effluent.NO3 + NSEC.Effluent.OP + NSEC.Effluent.TSS",0.196701590714799,0.629081322878658,"3,2"
"10016","N..Eff..TSS.Conc. + CODto..mg.L. + CODds..mg.L. + NSEC.Effluent.NO3 + NSEC.Effluent.OP + NSEC.Effluent.NO5",0.0873935409184174,0.514689973884929,"3,2"
"10017","N..Eff..TSS.Conc. + CODto..mg.L. + CODds..mg.L. + NSEC.Effluent.NO3 + NSEC.Effluent.OP + NSEC.Effluent.Flow",0.221246540038476,0.682549587713852,"3,2"
"10018","N..Eff..TSS.Conc. + CODto..mg.L. + CODds..mg.L. + NSEC.Effluent.NO3 + NSEC.Effluent.TSS + NSEC.Effluent.NO5",0.1681448129632,0.530401022034208,"3,2"
"10019","N..Eff..TSS.Conc. + CODto..mg.L. + CODds..mg.L. + NSEC.Effluent.NO3 + NSEC.Effluent.TSS + NSEC.Effluent.Flow",0.264714434297839,0.679366642552,"3,2"
"10020","N..Eff..TSS.Conc. + CODto..mg.L. + CODds..mg.L. + NSEC.Effluent.NO3 + NSEC.Effluent.NO5 + NSEC.Effluent.Flow",0.246831639532686,0.670776382664276,"3,2"
"10021","N..Eff..TSS.Conc. + CODto..mg.L. + CODds..mg.L. + NSEC.Effluent.OP + NSEC.Effluent.TSS + NSEC.Effluent.NO5",0.0446841331361236,0.485541254533108,"3,2"
"10022","N..Eff..TSS.Conc. + CODto..mg.L. + CODds..mg.L. + NSEC.Effluent.OP + NSEC.Effluent.TSS + NSEC.Effluent.Flow",0.197656371743211,0.778885309057267,"3,2"
"10023","N..Eff..TSS.Conc. + CODto..mg.L. + CODds..mg.L. + NSEC.Effluent.OP + NSEC.Effluent.NO5 + NSEC.Effluent.Flow",0.170136821428564,0.727899829391113,"3,2"
"10024","N..Eff..TSS.Conc. + CODto..mg.L. + CODds..mg.L. + NSEC.Effluent.TSS + NSEC.Effluent.NO5 + NSEC.Effluent.Flow",0.2189843629402,0.663317411300166,"3,2"
"10025","N..Eff..TSS.Conc. + CODto..mg.L. + SACto..1.m. + NSEC.Aerobic.SRT + NSEC.Effluent.NH3 + NSEC.Effluent.NO3",0.0907629038776734,0.672417937668593,"3,2"
"10026","N..Eff..TSS.Conc. + CODto..mg.L. + SACto..1.m. + NSEC.Aerobic.SRT + NSEC.Effluent.NH3 + NSEC.Effluent.OP",0.170281486785267,0.705015382133042,"3,2"
"10027","N..Eff..TSS.Conc. + CODto..mg.L. + SACto..1.m. + NSEC.Aerobic.SRT + NSEC.Effluent.NH3 + NSEC.Effluent.TSS",0.192159280554342,0.748641985422191,"3,2"
"10028","N..Eff..TSS.Conc. + CODto..mg.L. + SACto..1.m. + NSEC.Aerobic.SRT + NSEC.Effluent.NH3 + NSEC.Effluent.NO5",0.0703700362743598,0.66856665277147,"3,2"
"10029","N..Eff..TSS.Conc. + CODto..mg.L. + SACto..1.m. + NSEC.Aerobic.SRT + NSEC.Effluent.NH3 + NSEC.Effluent.Flow",0.0749072445369245,0.620225482350638,"3,2"
"10030","N..Eff..TSS.Conc. + CODto..mg.L. + SACto..1.m. + NSEC.Aerobic.SRT + NSEC.Effluent.NO3 + NSEC.Effluent.OP",0.0922159895936785,0.671102068641106,"3,2"
"10031","N..Eff..TSS.Conc. + CODto..mg.L. + SACto..1.m. + NSEC.Aerobic.SRT + NSEC.Effluent.NO3 + NSEC.Effluent.TSS",0.155989978400065,0.759880610176411,"3,2"
"10032","N..Eff..TSS.Conc. + CODto..mg.L. + SACto..1.m. + NSEC.Aerobic.SRT + NSEC.Effluent.NO3 + NSEC.Effluent.NO5",0.134459676052128,0.763259258715346,"3,2"
"10033","N..Eff..TSS.Conc. + CODto..mg.L. + SACto..1.m. + NSEC.Aerobic.SRT + NSEC.Effluent.NO3 + NSEC.Effluent.Flow",0.0181002353639215,0.636933110732014,"3,2"
"10034","N..Eff..TSS.Conc. + CODto..mg.L. + SACto..1.m. + NSEC.Aerobic.SRT + NSEC.Effluent.OP + NSEC.Effluent.TSS",0.125738460918394,0.698822995110494,"3,2"
"10035","N..Eff..TSS.Conc. + CODto..mg.L. + SACto..1.m. + NSEC.Aerobic.SRT + NSEC.Effluent.OP + NSEC.Effluent.NO5",0.143050914463347,0.72274508189418,"3,2"
"10036","N..Eff..TSS.Conc. + CODto..mg.L. + SACto..1.m. + NSEC.Aerobic.SRT + NSEC.Effluent.OP + NSEC.Effluent.Flow",0.0328993770680035,0.804880078673956,"3,2"
"10037","N..Eff..TSS.Conc. + CODto..mg.L. + SACto..1.m. + NSEC.Aerobic.SRT + NSEC.Effluent.TSS + NSEC.Effluent.NO5",0.232872672635988,0.719518096631208,"3,2"
"10038","N..Eff..TSS.Conc. + CODto..mg.L. + SACto..1.m. + NSEC.Aerobic.SRT + NSEC.Effluent.TSS + NSEC.Effluent.Flow",0.0691294245339242,0.597632034792258,"3,2"
"10039","N..Eff..TSS.Conc. + CODto..mg.L. + SACto..1.m. + NSEC.Aerobic.SRT + NSEC.Effluent.NO5 + NSEC.Effluent.Flow",0.0133327834004284,0.783814520865109,"3,2"
"10040","N..Eff..TSS.Conc. + CODto..mg.L. + SACto..1.m. + NSEC.Effluent.NH3 + NSEC.Effluent.NO3 + NSEC.Effluent.OP",0.196572499721345,0.670810405061557,"3,2"
"10041","N..Eff..TSS.Conc. + CODto..mg.L. + SACto..1.m. + NSEC.Effluent.NH3 + NSEC.Effluent.NO3 + NSEC.Effluent.TSS",0.200304990548511,0.579062978702629,"3,2"
"10042","N..Eff..TSS.Conc. + CODto..mg.L. + SACto..1.m. + NSEC.Effluent.NH3 + NSEC.Effluent.NO3 + NSEC.Effluent.NO5",0.186825301847795,0.693564280193051,"3,2"
"10043","N..Eff..TSS.Conc. + CODto..mg.L. + SACto..1.m. + NSEC.Effluent.NH3 + NSEC.Effluent.NO3 + NSEC.Effluent.Flow",0.15036430585377,0.590758112827119,"3,2"
"10044","N..Eff..TSS.Conc. + CODto..mg.L. + SACto..1.m. + NSEC.Effluent.NH3 + NSEC.Effluent.OP + NSEC.Effluent.TSS",0.0860453216877413,0.649620966566112,"3,2"
"10045","N..Eff..TSS.Conc. + CODto..mg.L. + SACto..1.m. + NSEC.Effluent.NH3 + NSEC.Effluent.OP + NSEC.Effluent.NO5",0.206810186175503,0.683725639820386,"3,2"
"10046","N..Eff..TSS.Conc. + CODto..mg.L. + SACto..1.m. + NSEC.Effluent.NH3 + NSEC.Effluent.OP + NSEC.Effluent.Flow",0.230730260001464,0.760902872105056,"3,2"
"10047","N..Eff..TSS.Conc. + CODto..mg.L. + SACto..1.m. + NSEC.Effluent.NH3 + NSEC.Effluent.TSS + NSEC.Effluent.NO5",0.139761249103684,0.540023975369025,"3,2"
"10048","N..Eff..TSS.Conc. + CODto..mg.L. + SACto..1.m. + NSEC.Effluent.NH3 + NSEC.Effluent.TSS + NSEC.Effluent.Flow",0.33625540541179,0.64996835150336,"3,2"
"10049","N..Eff..TSS.Conc. + CODto..mg.L. + SACto..1.m. + NSEC.Effluent.NH3 + NSEC.Effluent.NO5 + NSEC.Effluent.Flow",0.185324494798182,0.605386768109959,"3,2"
"10050","N..Eff..TSS.Conc. + CODto..mg.L. + SACto..1.m. + NSEC.Effluent.NO3 + NSEC.Effluent.OP + NSEC.Effluent.TSS",0.114721412178117,0.591457864162302,"3,2"
"10051","N..Eff..TSS.Conc. + CODto..mg.L. + SACto..1.m. + NSEC.Effluent.NO3 + NSEC.Effluent.OP + NSEC.Effluent.NO5",0.147423063781579,0.695868444621704,"3,2"
"10052","N..Eff..TSS.Conc. + CODto..mg.L. + SACto..1.m. + NSEC.Effluent.NO3 + NSEC.Effluent.OP + NSEC.Effluent.Flow",0.180342175136097,0.761275715606598,"3,2"
"10053","N..Eff..TSS.Conc. + CODto..mg.L. + SACto..1.m. + NSEC.Effluent.NO3 + NSEC.Effluent.TSS + NSEC.Effluent.NO5",0.152202717627866,0.582178785867841,"3,2"
"10054","N..Eff..TSS.Conc. + CODto..mg.L. + SACto..1.m. + NSEC.Effluent.NO3 + NSEC.Effluent.TSS + NSEC.Effluent.Flow",0.146602598804706,0.64547947239225,"3,2"
"10055","N..Eff..TSS.Conc. + CODto..mg.L. + SACto..1.m. + NSEC.Effluent.NO3 + NSEC.Effluent.NO5 + NSEC.Effluent.Flow",0.167041739592333,0.649949279033516,"3,2"
"10056","N..Eff..TSS.Conc. + CODto..mg.L. + SACto..1.m. + NSEC.Effluent.OP + NSEC.Effluent.TSS + NSEC.Effluent.NO5",0.147479259909314,0.670803808933447,"3,2"
"10057","N..Eff..TSS.Conc. + CODto..mg.L. + SACto..1.m. + NSEC.Effluent.OP + NSEC.Effluent.TSS + NSEC.Effluent.Flow",0.211653239454387,0.739007349710925,"3,2"
"10058","N..Eff..TSS.Conc. + CODto..mg.L. + SACto..1.m. + NSEC.Effluent.OP + NSEC.Effluent.NO5 + NSEC.Effluent.Flow",0.22373211064582,0.740441944545654,"3,2"
"10059","N..Eff..TSS.Conc. + CODto..mg.L. + SACto..1.m. + NSEC.Effluent.TSS + NSEC.Effluent.NO5 + NSEC.Effluent.Flow",0.076553127701033,0.568957226474838,"3,2"
"10060","N..Eff..TSS.Conc. + CODto..mg.L. + NSEC.Aerobic.SRT + NSEC.Effluent.NH3 + NSEC.Effluent.NO3 + NSEC.Effluent.OP",0.285482509084036,0.65563189890112,"3,2"
"10061","N..Eff..TSS.Conc. + CODto..mg.L. + NSEC.Aerobic.SRT + NSEC.Effluent.NH3 + NSEC.Effluent.NO3 + NSEC.Effluent.TSS",0.243410523593262,0.644787006789128,"3,2"
"10062","N..Eff..TSS.Conc. + CODto..mg.L. + NSEC.Aerobic.SRT + NSEC.Effluent.NH3 + NSEC.Effluent.NO3 + NSEC.Effluent.NO5",0.183119910761722,0.672422911950345,"3,2"
"10063","N..Eff..TSS.Conc. + CODto..mg.L. + NSEC.Aerobic.SRT + NSEC.Effluent.NH3 + NSEC.Effluent.NO3 + NSEC.Effluent.Flow",0.0101780849657851,0.437224729342719,"3,2"
"10064","N..Eff..TSS.Conc. + CODto..mg.L. + NSEC.Aerobic.SRT + NSEC.Effluent.NH3 + NSEC.Effluent.OP + NSEC.Effluent.TSS",0.211212204865025,0.661639716879041,"3,2"
"10065","N..Eff..TSS.Conc. + CODto..mg.L. + NSEC.Aerobic.SRT + NSEC.Effluent.NH3 + NSEC.Effluent.OP + NSEC.Effluent.NO5",0.222035911273096,0.676881547071975,"3,2"
"10066","N..Eff..TSS.Conc. + CODto..mg.L. + NSEC.Aerobic.SRT + NSEC.Effluent.NH3 + NSEC.Effluent.OP + NSEC.Effluent.Flow",0.160654717763648,0.737078558672618,"3,2"
"10067","N..Eff..TSS.Conc. + CODto..mg.L. + NSEC.Aerobic.SRT + NSEC.Effluent.NH3 + NSEC.Effluent.TSS + NSEC.Effluent.NO5",0.00157364759313428,0.386969410299766,"3,2"
"10068","N..Eff..TSS.Conc. + CODto..mg.L. + NSEC.Aerobic.SRT + NSEC.Effluent.NH3 + NSEC.Effluent.TSS + NSEC.Effluent.Flow",0.24132102113915,0.748302204976731,"3,2"
"10069","N..Eff..TSS.Conc. + CODto..mg.L. + NSEC.Aerobic.SRT + NSEC.Effluent.NH3 + NSEC.Effluent.NO5 + NSEC.Effluent.Flow",0.000374580624918242,0.465115435587989,"3,2"
"10070","N..Eff..TSS.Conc. + CODto..mg.L. + NSEC.Aerobic.SRT + NSEC.Effluent.NO3 + NSEC.Effluent.OP + NSEC.Effluent.TSS",0.0819805916379335,0.742669273239049,"3,2"
"10071","N..Eff..TSS.Conc. + CODto..mg.L. + NSEC.Aerobic.SRT + NSEC.Effluent.NO3 + NSEC.Effluent.OP + NSEC.Effluent.NO5",0.218709810690254,0.738479367460511,"3,2"
"10072","N..Eff..TSS.Conc. + CODto..mg.L. + NSEC.Aerobic.SRT + NSEC.Effluent.NO3 + NSEC.Effluent.OP + NSEC.Effluent.Flow",0.119011236090371,0.750713581189521,"3,2"
"10073","N..Eff..TSS.Conc. + CODto..mg.L. + NSEC.Aerobic.SRT + NSEC.Effluent.NO3 + NSEC.Effluent.TSS + NSEC.Effluent.NO5",0.00377241683122165,0.416055245555834,"3,2"
"10074","N..Eff..TSS.Conc. + CODto..mg.L. + NSEC.Aerobic.SRT + NSEC.Effluent.NO3 + NSEC.Effluent.TSS + NSEC.Effluent.Flow",0.00640417950426753,0.45732336612484,"3,2"
"10075","N..Eff..TSS.Conc. + CODto..mg.L. + NSEC.Aerobic.SRT + NSEC.Effluent.NO3 + NSEC.Effluent.NO5 + NSEC.Effluent.Flow",0.0896342781744115,0.789728306568918,"3,2"
"10076","N..Eff..TSS.Conc. + CODto..mg.L. + NSEC.Aerobic.SRT + NSEC.Effluent.OP + NSEC.Effluent.TSS + NSEC.Effluent.NO5",0.186230506638472,0.728965756842677,"3,2"
"10077","N..Eff..TSS.Conc. + CODto..mg.L. + NSEC.Aerobic.SRT + NSEC.Effluent.OP + NSEC.Effluent.TSS + NSEC.Effluent.Flow",0.0936031511534692,0.739690335317282,"3,2"
"10078","N..Eff..TSS.Conc. + CODto..mg.L. + NSEC.Aerobic.SRT + NSEC.Effluent.OP + NSEC.Effluent.NO5 + NSEC.Effluent.Flow",0.133065593382491,0.738923822781313,"3,2"
"10079","N..Eff..TSS.Conc. + CODto..mg.L. + NSEC.Aerobic.SRT + NSEC.Effluent.TSS + NSEC.Effluent.NO5 + NSEC.Effluent.Flow",0.00806433141049445,0.3964647849837,"3,2"
"10080","N..Eff..TSS.Conc. + CODto..mg.L. + NSEC.Effluent.NH3 + NSEC.Effluent.NO3 + NSEC.Effluent.OP + NSEC.Effluent.TSS",0.373359045138158,0.536973842678476,"3,2"
"10081","N..Eff..TSS.Conc. + CODto..mg.L. + NSEC.Effluent.NH3 + NSEC.Effluent.NO3 + NSEC.Effluent.OP + NSEC.Effluent.NO5",0.0524531488565989,0.55936933827852,"3,2"
"10082","N..Eff..TSS.Conc. + CODto..mg.L. + NSEC.Effluent.NH3 + NSEC.Effluent.NO3 + NSEC.Effluent.OP + NSEC.Effluent.Flow",0.0456901057535464,0.608045952713564,"3,2"
"10083","N..Eff..TSS.Conc. + CODto..mg.L. + NSEC.Effluent.NH3 + NSEC.Effluent.NO3 + NSEC.Effluent.TSS + NSEC.Effluent.NO5",0.301375145170752,0.559752295182364,"3,2"
"10084","N..Eff..TSS.Conc. + CODto..mg.L. + NSEC.Effluent.NH3 + NSEC.Effluent.NO3 + NSEC.Effluent.TSS + NSEC.Effluent.Flow",0.149936093291773,0.550414083265136,"3,2"
"10085","N..Eff..TSS.Conc. + CODto..mg.L. + NSEC.Effluent.NH3 + NSEC.Effluent.NO3 + NSEC.Effluent.NO5 + NSEC.Effluent.Flow",0.119869947071993,0.577447158116786,"3,2"
"10086","N..Eff..TSS.Conc. + CODto..mg.L. + NSEC.Effluent.NH3 + NSEC.Effluent.OP + NSEC.Effluent.TSS + NSEC.Effluent.NO5",0.275557562055779,0.606429214741022,"3,2"
"10087","N..Eff..TSS.Conc. + CODto..mg.L. + NSEC.Effluent.NH3 + NSEC.Effluent.OP + NSEC.Effluent.TSS + NSEC.Effluent.Flow",0.204151332371331,0.718853606148651,"3,2"
"10088","N..Eff..TSS.Conc. + CODto..mg.L. + NSEC.Effluent.NH3 + NSEC.Effluent.OP + NSEC.Effluent.NO5 + NSEC.Effluent.Flow",0.185729052523152,0.687200838859256,"3,2"
"10089","N..Eff..TSS.Conc. + CODto..mg.L. + NSEC.Effluent.NH3 + NSEC.Effluent.TSS + NSEC.Effluent.NO5 + NSEC.Effluent.Flow",0.0818561752689533,0.460571564981113,"3,2"
"10090","N..Eff..TSS.Conc. + CODto..mg.L. + NSEC.Effluent.NO3 + NSEC.Effluent.OP + NSEC.Effluent.TSS + NSEC.Effluent.NO5",0.208650322525341,0.653301804466954,"3,2"
"10091","N..Eff..TSS.Conc. + CODto..mg.L. + NSEC.Effluent.NO3 + NSEC.Effluent.OP + NSEC.Effluent.TSS + NSEC.Effluent.Flow",0.182542973834645,0.676070446540237,"3,2"
"10092","N..Eff..TSS.Conc. + CODto..mg.L. + NSEC.Effluent.NO3 + NSEC.Effluent.OP + NSEC.Effluent.NO5 + NSEC.Effluent.Flow",0.22259596328003,0.723663254544634,"3,2"
"10093","N..Eff..TSS.Conc. + CODto..mg.L. + NSEC.Effluent.NO3 + NSEC.Effluent.TSS + NSEC.Effluent.NO5 + NSEC.Effluent.Flow",0.13261699789788,0.535594957538433,"3,2"
"10094","N..Eff..TSS.Conc. + CODto..mg.L. + NSEC.Effluent.OP + NSEC.Effluent.TSS + NSEC.Effluent.NO5 + NSEC.Effluent.Flow",0.0780350439827306,0.577101426232446,"3,2"
"10095","N..Eff..TSS.Conc. + TSS..mg.L. + UVT.... + CODds..mg.L. + SACto..1.m. + NSEC.Aerobic.SRT",0.158509597399402,0.680809719502686,"3,2"
"10096","N..Eff..TSS.Conc. + TSS..mg.L. + UVT.... + CODds..mg.L. + SACto..1.m. + NSEC.Effluent.NH3",0.182493485070223,0.674980303405224,"3,2"
"10097","N..Eff..TSS.Conc. + TSS..mg.L. + UVT.... + CODds..mg.L. + SACto..1.m. + NSEC.Effluent.NO3",0.182882882291715,0.649431093025697,"3,2"
"10098","N..Eff..TSS.Conc. + TSS..mg.L. + UVT.... + CODds..mg.L. + SACto..1.m. + NSEC.Effluent.OP",0.0357716997015438,0.670962467026251,"3,2"
"10099","N..Eff..TSS.Conc. + TSS..mg.L. + UVT.... + CODds..mg.L. + SACto..1.m. + NSEC.Effluent.TSS",0.149659250641171,0.652998076075604,"3,2"
"10100","N..Eff..TSS.Conc. + TSS..mg.L. + UVT.... + CODds..mg.L. + SACto..1.m. + NSEC.Effluent.NO5",0.134269385505655,0.634708638943524,"3,2"
"10101","N..Eff..TSS.Conc. + TSS..mg.L. + UVT.... + CODds..mg.L. + SACto..1.m. + NSEC.Effluent.Flow",0.229492553949068,0.78592816904374,"3,2"
"10102","N..Eff..TSS.Conc. + TSS..mg.L. + UVT.... + CODds..mg.L. + NSEC.Aerobic.SRT + NSEC.Effluent.NH3",0.311933200434698,0.734302700797072,"3,2"
"10103","N..Eff..TSS.Conc. + TSS..mg.L. + UVT.... + CODds..mg.L. + NSEC.Aerobic.SRT + NSEC.Effluent.NO3",0.131568519844086,0.764376139421073,"3,2"
"10104","N..Eff..TSS.Conc. + TSS..mg.L. + UVT.... + CODds..mg.L. + NSEC.Aerobic.SRT + NSEC.Effluent.OP",0.265181933919518,0.779537366282666,"3,2"
"10105","N..Eff..TSS.Conc. + TSS..mg.L. + UVT.... + CODds..mg.L. + NSEC.Aerobic.SRT + NSEC.Effluent.TSS",0.0720953767996448,0.55112833345139,"3,2"
"10106","N..Eff..TSS.Conc. + TSS..mg.L. + UVT.... + CODds..mg.L. + NSEC.Aerobic.SRT + NSEC.Effluent.NO5",0.0580863966029459,0.684655117254066,"3,2"
"10107","N..Eff..TSS.Conc. + TSS..mg.L. + UVT.... + CODds..mg.L. + NSEC.Aerobic.SRT + NSEC.Effluent.Flow",0.0379875985985614,0.809459391833755,"3,2"
"10108","N..Eff..TSS.Conc. + TSS..mg.L. + UVT.... + CODds..mg.L. + NSEC.Effluent.NH3 + NSEC.Effluent.NO3",0.119777774981289,0.665811047126797,"3,2"
"10109","N..Eff..TSS.Conc. + TSS..mg.L. + UVT.... + CODds..mg.L. + NSEC.Effluent.NH3 + NSEC.Effluent.OP",0.0842757482647878,0.707117531518498,"3,2"
"10110","N..Eff..TSS.Conc. + TSS..mg.L. + UVT.... + CODds..mg.L. + NSEC.Effluent.NH3 + NSEC.Effluent.TSS",0.0611994618191238,0.666203529797728,"3,2"
"10111","N..Eff..TSS.Conc. + TSS..mg.L. + UVT.... + CODds..mg.L. + NSEC.Effluent.NH3 + NSEC.Effluent.NO5",0.0605082090559255,0.681727231833749,"3,2"
"10112","N..Eff..TSS.Conc. + TSS..mg.L. + UVT.... + CODds..mg.L. + NSEC.Effluent.NH3 + NSEC.Effluent.Flow",0.269111092593181,0.760411364214801,"3,2"
"10113","N..Eff..TSS.Conc. + TSS..mg.L. + UVT.... + CODds..mg.L. + NSEC.Effluent.NO3 + NSEC.Effluent.OP",0.0689340829337719,0.702252287980702,"3,2"
"10114","N..Eff..TSS.Conc. + TSS..mg.L. + UVT.... + CODds..mg.L. + NSEC.Effluent.NO3 + NSEC.Effluent.TSS",0.112594853817482,0.636505980148371,"3,2"
"10115","N..Eff..TSS.Conc. + TSS..mg.L. + UVT.... + CODds..mg.L. + NSEC.Effluent.NO3 + NSEC.Effluent.NO5",0.13580622943584,0.761375976314694,"3,2"
"10116","N..Eff..TSS.Conc. + TSS..mg.L. + UVT.... + CODds..mg.L. + NSEC.Effluent.NO3 + NSEC.Effluent.Flow",0.232250599966484,0.776620730053583,"3,2"
"10117","N..Eff..TSS.Conc. + TSS..mg.L. + UVT.... + CODds..mg.L. + NSEC.Effluent.OP + NSEC.Effluent.TSS",0.0872787736601657,0.736341950157095,"3,2"
"10118","N..Eff..TSS.Conc. + TSS..mg.L. + UVT.... + CODds..mg.L. + NSEC.Effluent.OP + NSEC.Effluent.NO5",0.120252490575339,0.614526578603612,"3,2"
"10119","N..Eff..TSS.Conc. + TSS..mg.L. + UVT.... + CODds..mg.L. + NSEC.Effluent.OP + NSEC.Effluent.Flow",0.268290212032893,0.701663578246182,"3,2"
"10120","N..Eff..TSS.Conc. + TSS..mg.L. + UVT.... + CODds..mg.L. + NSEC.Effluent.TSS + NSEC.Effluent.NO5",0.156047075044325,0.687007582110484,"3,2"
"10121","N..Eff..TSS.Conc. + TSS..mg.L. + UVT.... + CODds..mg.L. + NSEC.Effluent.TSS + NSEC.Effluent.Flow",0.206405451986493,0.768091083905851,"3,2"
"10122","N..Eff..TSS.Conc. + TSS..mg.L. + UVT.... + CODds..mg.L. + NSEC.Effluent.NO5 + NSEC.Effluent.Flow",0.279596540766597,0.610195000951315,"3,2"
"10123","N..Eff..TSS.Conc. + TSS..mg.L. + UVT.... + SACto..1.m. + NSEC.Aerobic.SRT + NSEC.Effluent.NH3",0.0722611277320926,0.750631285923768,"3,2"
"10124","N..Eff..TSS.Conc. + TSS..mg.L. + UVT.... + SACto..1.m. + NSEC.Aerobic.SRT + NSEC.Effluent.NO3",0.0227292907918983,0.702663068650828,"3,2"
"10125","N..Eff..TSS.Conc. + TSS..mg.L. + UVT.... + SACto..1.m. + NSEC.Aerobic.SRT + NSEC.Effluent.OP",0.00181516366526147,0.748049707819167,"3,2"
"10126","N..Eff..TSS.Conc. + TSS..mg.L. + UVT.... + SACto..1.m. + NSEC.Aerobic.SRT + NSEC.Effluent.TSS",0.0229453794246905,0.730767698772284,"3,2"
"10127","N..Eff..TSS.Conc. + TSS..mg.L. + UVT.... + SACto..1.m. + NSEC.Aerobic.SRT + NSEC.Effluent.NO5",0.0526735973437242,0.76102554737158,"3,2"
"10128","N..Eff..TSS.Conc. + TSS..mg.L. + UVT.... + SACto..1.m. + NSEC.Aerobic.SRT + NSEC.Effluent.Flow",0.0682918642855097,0.814222575714234,"3,2"
"10129","N..Eff..TSS.Conc. + TSS..mg.L. + UVT.... + SACto..1.m. + NSEC.Effluent.NH3 + NSEC.Effluent.NO3",0.100743798667812,0.716399351283009,"3,2"
"10130","N..Eff..TSS.Conc. + TSS..mg.L. + UVT.... + SACto..1.m. + NSEC.Effluent.NH3 + NSEC.Effluent.OP",0.183510092218597,0.671545812031844,"3,2"
"10131","N..Eff..TSS.Conc. + TSS..mg.L. + UVT.... + SACto..1.m. + NSEC.Effluent.NH3 + NSEC.Effluent.TSS",0.220888105060218,0.646121592382482,"3,2"
"10132","N..Eff..TSS.Conc. + TSS..mg.L. + UVT.... + SACto..1.m. + NSEC.Effluent.NH3 + NSEC.Effluent.NO5",0.211571141152037,0.685741614565891,"3,2"
"10133","N..Eff..TSS.Conc. + TSS..mg.L. + UVT.... + SACto..1.m. + NSEC.Effluent.NH3 + NSEC.Effluent.Flow",0.260845637340807,0.745073265300095,"3,2"
"10134","N..Eff..TSS.Conc. + TSS..mg.L. + UVT.... + SACto..1.m. + NSEC.Effluent.NO3 + NSEC.Effluent.OP",0.19429660182688,0.675769028810932,"3,2"
"10135","N..Eff..TSS.Conc. + TSS..mg.L. + UVT.... + SACto..1.m. + NSEC.Effluent.NO3 + NSEC.Effluent.TSS",0.125887845872334,0.689623343167984,"3,2"
"10136","N..Eff..TSS.Conc. + TSS..mg.L. + UVT.... + SACto..1.m. + NSEC.Effluent.NO3 + NSEC.Effluent.NO5",0.222110929337396,0.643764418498989,"3,2"
"10137","N..Eff..TSS.Conc. + TSS..mg.L. + UVT.... + SACto..1.m. + NSEC.Effluent.NO3 + NSEC.Effluent.Flow",0.216453665780935,0.735708296003513,"3,2"
"10138","N..Eff..TSS.Conc. + TSS..mg.L. + UVT.... + SACto..1.m. + NSEC.Effluent.OP + NSEC.Effluent.TSS",0.150410114739085,0.609401387259482,"3,2"
"10139","N..Eff..TSS.Conc. + TSS..mg.L. + UVT.... + SACto..1.m. + NSEC.Effluent.OP + NSEC.Effluent.NO5",0.220027529038004,0.697730474684061,"3,2"
"10140","N..Eff..TSS.Conc. + TSS..mg.L. + UVT.... + SACto..1.m. + NSEC.Effluent.OP + NSEC.Effluent.Flow",0.223521976133446,0.769417870545949,"3,2"
"10141","N..Eff..TSS.Conc. + TSS..mg.L. + UVT.... + SACto..1.m. + NSEC.Effluent.TSS + NSEC.Effluent.NO5",0.0690357805934974,0.695079316985452,"3,2"
"10142","N..Eff..TSS.Conc. + TSS..mg.L. + UVT.... + SACto..1.m. + NSEC.Effluent.TSS + NSEC.Effluent.Flow",0.15858068930526,0.713739182091033,"3,2"
"10143","N..Eff..TSS.Conc. + TSS..mg.L. + UVT.... + SACto..1.m. + NSEC.Effluent.NO5 + NSEC.Effluent.Flow",0.239457428054907,0.694913134027583,"3,2"
"10144","N..Eff..TSS.Conc. + TSS..mg.L. + UVT.... + NSEC.Aerobic.SRT + NSEC.Effluent.NH3 + NSEC.Effluent.NO3",0.16105982502386,0.741067911611997,"3,2"
"10145","N..Eff..TSS.Conc. + TSS..mg.L. + UVT.... + NSEC.Aerobic.SRT + NSEC.Effluent.NH3 + NSEC.Effluent.OP",0.113198160815188,0.68143515078608,"3,2"
"10146","N..Eff..TSS.Conc. + TSS..mg.L. + UVT.... + NSEC.Aerobic.SRT + NSEC.Effluent.NH3 + NSEC.Effluent.TSS",0.108950313285812,0.66569422240123,"3,2"
"10147","N..Eff..TSS.Conc. + TSS..mg.L. + UVT.... + NSEC.Aerobic.SRT + NSEC.Effluent.NH3 + NSEC.Effluent.NO5",0.113224973020932,0.808444013742874,"3,2"
"10148","N..Eff..TSS.Conc. + TSS..mg.L. + UVT.... + NSEC.Aerobic.SRT + NSEC.Effluent.NH3 + NSEC.Effluent.Flow",0.158282669420021,0.790681926339449,"3,2"
"10149","N..Eff..TSS.Conc. + TSS..mg.L. + UVT.... + NSEC.Aerobic.SRT + NSEC.Effluent.NO3 + NSEC.Effluent.OP",0.0361606057419728,0.743435216075474,"3,2"
"10150","N..Eff..TSS.Conc. + TSS..mg.L. + UVT.... + NSEC.Aerobic.SRT + NSEC.Effluent.NO3 + NSEC.Effluent.TSS",0.00931932266581725,0.426753119757232,"3,2"
"10151","N..Eff..TSS.Conc. + TSS..mg.L. + UVT.... + NSEC.Aerobic.SRT + NSEC.Effluent.NO3 + NSEC.Effluent.NO5",0.259056087019706,0.779286716083797,"3,2"
"10152","N..Eff..TSS.Conc. + TSS..mg.L. + UVT.... + NSEC.Aerobic.SRT + NSEC.Effluent.NO3 + NSEC.Effluent.Flow",0.183467585177922,0.794594938621858,"3,2"
"10153","N..Eff..TSS.Conc. + TSS..mg.L. + UVT.... + NSEC.Aerobic.SRT + NSEC.Effluent.OP + NSEC.Effluent.TSS",0.0422443656543718,0.763402367452684,"3,2"
"10154","N..Eff..TSS.Conc. + TSS..mg.L. + UVT.... + NSEC.Aerobic.SRT + NSEC.Effluent.OP + NSEC.Effluent.NO5",0.146807954559324,0.800162685658893,"3,2"
"10155","N..Eff..TSS.Conc. + TSS..mg.L. + UVT.... + NSEC.Aerobic.SRT + NSEC.Effluent.OP + NSEC.Effluent.Flow",0.0428762948040498,0.784008198777572,"3,2"
"10156","N..Eff..TSS.Conc. + TSS..mg.L. + UVT.... + NSEC.Aerobic.SRT + NSEC.Effluent.TSS + NSEC.Effluent.NO5",0.092780819649958,0.689941581220755,"3,2"
"10157","N..Eff..TSS.Conc. + TSS..mg.L. + UVT.... + NSEC.Aerobic.SRT + NSEC.Effluent.TSS + NSEC.Effluent.Flow",0.0207494045613874,0.733611820473147,"3,2"
"10158","N..Eff..TSS.Conc. + TSS..mg.L. + UVT.... + NSEC.Aerobic.SRT + NSEC.Effluent.NO5 + NSEC.Effluent.Flow",0.138964623965151,0.659400124200082,"3,2"
"10159","N..Eff..TSS.Conc. + TSS..mg.L. + UVT.... + NSEC.Effluent.NH3 + NSEC.Effluent.NO3 + NSEC.Effluent.OP",0.30090996893327,0.62422480677486,"3,2"
"10160","N..Eff..TSS.Conc. + TSS..mg.L. + UVT.... + NSEC.Effluent.NH3 + NSEC.Effluent.NO3 + NSEC.Effluent.TSS",0.19872106922002,0.680197562606471,"3,2"
"10161","N..Eff..TSS.Conc. + TSS..mg.L. + UVT.... + NSEC.Effluent.NH3 + NSEC.Effluent.NO3 + NSEC.Effluent.NO5",0.0962860034677666,0.659994233939725,"3,2"
"10162","N..Eff..TSS.Conc. + TSS..mg.L. + UVT.... + NSEC.Effluent.NH3 + NSEC.Effluent.NO3 + NSEC.Effluent.Flow",0.290295659305389,0.721697747853609,"3,2"
"10163","N..Eff..TSS.Conc. + TSS..mg.L. + UVT.... + NSEC.Effluent.NH3 + NSEC.Effluent.OP + NSEC.Effluent.TSS",0.100071575601898,0.685253184083124,"3,2"
"10164","N..Eff..TSS.Conc. + TSS..mg.L. + UVT.... + NSEC.Effluent.NH3 + NSEC.Effluent.OP + NSEC.Effluent.NO5",0.10026867295997,0.697875854351603,"3,2"
"10165","N..Eff..TSS.Conc. + TSS..mg.L. + UVT.... + NSEC.Effluent.NH3 + NSEC.Effluent.OP + NSEC.Effluent.Flow",0.264696980952175,0.714075300317918,"3,2"
"10166","N..Eff..TSS.Conc. + TSS..mg.L. + UVT.... + NSEC.Effluent.NH3 + NSEC.Effluent.TSS + NSEC.Effluent.NO5",0.203389600025325,0.730342385131221,"3,2"
"10167","N..Eff..TSS.Conc. + TSS..mg.L. + UVT.... + NSEC.Effluent.NH3 + NSEC.Effluent.TSS + NSEC.Effluent.Flow",0.209421918715196,0.696225703563571,"3,2"
"10168","N..Eff..TSS.Conc. + TSS..mg.L. + UVT.... + NSEC.Effluent.NH3 + NSEC.Effluent.NO5 + NSEC.Effluent.Flow",0.275526928978695,0.795914274661028,"3,2"
"10169","N..Eff..TSS.Conc. + TSS..mg.L. + UVT.... + NSEC.Effluent.NO3 + NSEC.Effluent.OP + NSEC.Effluent.TSS",0.15437571779992,0.744379868947461,"3,2"
"10170","N..Eff..TSS.Conc. + TSS..mg.L. + UVT.... + NSEC.Effluent.NO3 + NSEC.Effluent.OP + NSEC.Effluent.NO5",0.125819402245547,0.674074501943557,"3,2"
"10171","N..Eff..TSS.Conc. + TSS..mg.L. + UVT.... + NSEC.Effluent.NO3 + NSEC.Effluent.OP + NSEC.Effluent.Flow",0.168419708510589,0.741601930863039,"3,2"
"10172","N..Eff..TSS.Conc. + TSS..mg.L. + UVT.... + NSEC.Effluent.NO3 + NSEC.Effluent.TSS + NSEC.Effluent.NO5",0.118253469014846,0.724130297898716,"3,2"
"10173","N..Eff..TSS.Conc. + TSS..mg.L. + UVT.... + NSEC.Effluent.NO3 + NSEC.Effluent.TSS + NSEC.Effluent.Flow",0.290227838004824,0.733696061261297,"3,2"
"10174","N..Eff..TSS.Conc. + TSS..mg.L. + UVT.... + NSEC.Effluent.NO3 + NSEC.Effluent.NO5 + NSEC.Effluent.Flow",0.246040420915573,0.714492591872917,"3,2"
"10175","N..Eff..TSS.Conc. + TSS..mg.L. + UVT.... + NSEC.Effluent.OP + NSEC.Effluent.TSS + NSEC.Effluent.NO5",0.176633004925316,0.702687824984881,"3,2"
"10176","N..Eff..TSS.Conc. + TSS..mg.L. + UVT.... + NSEC.Effluent.OP + NSEC.Effluent.TSS + NSEC.Effluent.Flow",0.207413633325857,0.727200986106609,"3,2"
"10177","N..Eff..TSS.Conc. + TSS..mg.L. + UVT.... + NSEC.Effluent.OP + NSEC.Effluent.NO5 + NSEC.Effluent.Flow",0.0703290132383292,0.611415931002578,"3,2"
"10178","N..Eff..TSS.Conc. + TSS..mg.L. + UVT.... + NSEC.Effluent.TSS + NSEC.Effluent.NO5 + NSEC.Effluent.Flow",0.19117665717905,0.0110964086242492,"3,2"
"10179","N..Eff..TSS.Conc. + TSS..mg.L. + CODds..mg.L. + SACto..1.m. + NSEC.Aerobic.SRT + NSEC.Effluent.NH3",0.22003805208225,0.703619851705996,"3,2"
"10180","N..Eff..TSS.Conc. + TSS..mg.L. + CODds..mg.L. + SACto..1.m. + NSEC.Aerobic.SRT + NSEC.Effluent.NO3",0.114123885576269,0.79188913249408,"3,2"
"10181","N..Eff..TSS.Conc. + TSS..mg.L. + CODds..mg.L. + SACto..1.m. + NSEC.Aerobic.SRT + NSEC.Effluent.OP",0.155399450662533,0.795984031566337,"3,2"
"10182","N..Eff..TSS.Conc. + TSS..mg.L. + CODds..mg.L. + SACto..1.m. + NSEC.Aerobic.SRT + NSEC.Effluent.TSS",0.125047259729376,0.716747316297628,"3,2"
"10183","N..Eff..TSS.Conc. + TSS..mg.L. + CODds..mg.L. + SACto..1.m. + NSEC.Aerobic.SRT + NSEC.Effluent.NO5",0.109660395289755,0.778527201360165,"3,2"
"10184","N..Eff..TSS.Conc. + TSS..mg.L. + CODds..mg.L. + SACto..1.m. + NSEC.Aerobic.SRT + NSEC.Effluent.Flow",0.0609555853718842,0.784323079161225,"3,2"
"10185","N..Eff..TSS.Conc. + TSS..mg.L. + CODds..mg.L. + SACto..1.m. + NSEC.Effluent.NH3 + NSEC.Effluent.NO3",0.109583854987374,0.597120644636725,"3,2"
"10186","N..Eff..TSS.Conc. + TSS..mg.L. + CODds..mg.L. + SACto..1.m. + NSEC.Effluent.NH3 + NSEC.Effluent.OP",0.119317212366555,0.629777456876947,"3,2"
"10187","N..Eff..TSS.Conc. + TSS..mg.L. + CODds..mg.L. + SACto..1.m. + NSEC.Effluent.NH3 + NSEC.Effluent.TSS",0.185565201799849,0.676460967204153,"3,2"
"10188","N..Eff..TSS.Conc. + TSS..mg.L. + CODds..mg.L. + SACto..1.m. + NSEC.Effluent.NH3 + NSEC.Effluent.NO5",0.146216022237912,0.703279387361409,"3,2"
"10189","N..Eff..TSS.Conc. + TSS..mg.L. + CODds..mg.L. + SACto..1.m. + NSEC.Effluent.NH3 + NSEC.Effluent.Flow",0.253203795964497,0.724494694977024,"3,2"
"10190","N..Eff..TSS.Conc. + TSS..mg.L. + CODds..mg.L. + SACto..1.m. + NSEC.Effluent.NO3 + NSEC.Effluent.OP",0.0711188041359061,0.687832558982407,"3,2"
"10191","N..Eff..TSS.Conc. + TSS..mg.L. + CODds..mg.L. + SACto..1.m. + NSEC.Effluent.NO3 + NSEC.Effluent.TSS",0.153197961353045,0.667843336713423,"3,2"
"10192","N..Eff..TSS.Conc. + TSS..mg.L. + CODds..mg.L. + SACto..1.m. + NSEC.Effluent.NO3 + NSEC.Effluent.NO5",0.212897571205635,0.758438382483938,"3,2"
"10193","N..Eff..TSS.Conc. + TSS..mg.L. + CODds..mg.L. + SACto..1.m. + NSEC.Effluent.NO3 + NSEC.Effluent.Flow",0.231190859096889,0.694577361411906,"3,2"
"10194","N..Eff..TSS.Conc. + TSS..mg.L. + CODds..mg.L. + SACto..1.m. + NSEC.Effluent.OP + NSEC.Effluent.TSS",0.165987829544468,0.679797714863418,"3,2"
"10195","N..Eff..TSS.Conc. + TSS..mg.L. + CODds..mg.L. + SACto..1.m. + NSEC.Effluent.OP + NSEC.Effluent.NO5",0.140866331200312,0.680005273832898,"3,2"
"10196","N..Eff..TSS.Conc. + TSS..mg.L. + CODds..mg.L. + SACto..1.m. + NSEC.Effluent.OP + NSEC.Effluent.Flow",0.222965475222682,0.733762918827552,"3,2"
"10197","N..Eff..TSS.Conc. + TSS..mg.L. + CODds..mg.L. + SACto..1.m. + NSEC.Effluent.TSS + NSEC.Effluent.NO5",0.139076437064872,0.660279127069859,"3,2"
"10198","N..Eff..TSS.Conc. + TSS..mg.L. + CODds..mg.L. + SACto..1.m. + NSEC.Effluent.TSS + NSEC.Effluent.Flow",0.241569591883736,0.741428016616295,"3,2"
"10199","N..Eff..TSS.Conc. + TSS..mg.L. + CODds..mg.L. + SACto..1.m. + NSEC.Effluent.NO5 + NSEC.Effluent.Flow",0.131106020497997,0.646259643855789,"3,2"
"10200","N..Eff..TSS.Conc. + TSS..mg.L. + CODds..mg.L. + NSEC.Aerobic.SRT + NSEC.Effluent.NH3 + NSEC.Effluent.NO3",0.0928653559154178,0.507706031198301,"3,2"
"10201","N..Eff..TSS.Conc. + TSS..mg.L. + CODds..mg.L. + NSEC.Aerobic.SRT + NSEC.Effluent.NH3 + NSEC.Effluent.OP",0.229005091401906,0.731754330976053,"3,2"
"10202","N..Eff..TSS.Conc. + TSS..mg.L. + CODds..mg.L. + NSEC.Aerobic.SRT + NSEC.Effluent.NH3 + NSEC.Effluent.TSS",0.334213604013265,0.779845802705578,"3,2"
"10203","N..Eff..TSS.Conc. + TSS..mg.L. + CODds..mg.L. + NSEC.Aerobic.SRT + NSEC.Effluent.NH3 + NSEC.Effluent.NO5",0.311559108809347,0.759489907738874,"3,2"
"10204","N..Eff..TSS.Conc. + TSS..mg.L. + CODds..mg.L. + NSEC.Aerobic.SRT + NSEC.Effluent.NH3 + NSEC.Effluent.Flow",0.272826675729607,0.766126025957245,"3,2"
"10205","N..Eff..TSS.Conc. + TSS..mg.L. + CODds..mg.L. + NSEC.Aerobic.SRT + NSEC.Effluent.NO3 + NSEC.Effluent.OP",0.17443029472686,0.726109396144607,"3,2"
"10206","N..Eff..TSS.Conc. + TSS..mg.L. + CODds..mg.L. + NSEC.Aerobic.SRT + NSEC.Effluent.NO3 + NSEC.Effluent.TSS",0.294349246830474,0.780918288673097,"3,2"
"10207","N..Eff..TSS.Conc. + TSS..mg.L. + CODds..mg.L. + NSEC.Aerobic.SRT + NSEC.Effluent.NO3 + NSEC.Effluent.NO5",0.0720775792102946,0.479017481600434,"3,2"
"10208","N..Eff..TSS.Conc. + TSS..mg.L. + CODds..mg.L. + NSEC.Aerobic.SRT + NSEC.Effluent.NO3 + NSEC.Effluent.Flow",0.154310469727101,0.770166672957506,"3,2"
"10209","N..Eff..TSS.Conc. + TSS..mg.L. + CODds..mg.L. + NSEC.Aerobic.SRT + NSEC.Effluent.OP + NSEC.Effluent.TSS",0.166557593225795,0.695890096474401,"3,2"
"10210","N..Eff..TSS.Conc. + TSS..mg.L. + CODds..mg.L. + NSEC.Aerobic.SRT + NSEC.Effluent.OP + NSEC.Effluent.NO5",0.276837027993051,0.687454541484726,"3,2"
"10211","N..Eff..TSS.Conc. + TSS..mg.L. + CODds..mg.L. + NSEC.Aerobic.SRT + NSEC.Effluent.OP + NSEC.Effluent.Flow",0.215857125715662,0.785971703984807,"3,2"
"10212","N..Eff..TSS.Conc. + TSS..mg.L. + CODds..mg.L. + NSEC.Aerobic.SRT + NSEC.Effluent.TSS + NSEC.Effluent.NO5",0.200806782146194,0.696659473663226,"3,2"
"10213","N..Eff..TSS.Conc. + TSS..mg.L. + CODds..mg.L. + NSEC.Aerobic.SRT + NSEC.Effluent.TSS + NSEC.Effluent.Flow",0.317701470008788,0.759312601508987,"3,2"
"10214","N..Eff..TSS.Conc. + TSS..mg.L. + CODds..mg.L. + NSEC.Aerobic.SRT + NSEC.Effluent.NO5 + NSEC.Effluent.Flow",0.0903269303792014,0.774662482884597,"3,2"
"10215","N..Eff..TSS.Conc. + TSS..mg.L. + CODds..mg.L. + NSEC.Effluent.NH3 + NSEC.Effluent.NO3 + NSEC.Effluent.OP",0.0703573906655766,0.532476085296446,"3,2"
"10216","N..Eff..TSS.Conc. + TSS..mg.L. + CODds..mg.L. + NSEC.Effluent.NH3 + NSEC.Effluent.NO3 + NSEC.Effluent.TSS",0.320540728466927,0.632408466771,"3,2"
"10217","N..Eff..TSS.Conc. + TSS..mg.L. + CODds..mg.L. + NSEC.Effluent.NH3 + NSEC.Effluent.NO3 + NSEC.Effluent.NO5",0.276853035111591,0.592083185603044,"3,2"
"10218","N..Eff..TSS.Conc. + TSS..mg.L. + CODds..mg.L. + NSEC.Effluent.NH3 + NSEC.Effluent.NO3 + NSEC.Effluent.Flow",0.269259547159132,0.629030246739306,"3,2"
"10219","N..Eff..TSS.Conc. + TSS..mg.L. + CODds..mg.L. + NSEC.Effluent.NH3 + NSEC.Effluent.OP + NSEC.Effluent.TSS",0.0127992678856863,0.5003302968309,"3,2"
"10220","N..Eff..TSS.Conc. + TSS..mg.L. + CODds..mg.L. + NSEC.Effluent.NH3 + NSEC.Effluent.OP + NSEC.Effluent.NO5",0.0685937973754422,0.566605491820691,"3,2"
"10221","N..Eff..TSS.Conc. + TSS..mg.L. + CODds..mg.L. + NSEC.Effluent.NH3 + NSEC.Effluent.OP + NSEC.Effluent.Flow",0.308197355159598,0.695792719579515,"3,2"
"10222","N..Eff..TSS.Conc. + TSS..mg.L. + CODds..mg.L. + NSEC.Effluent.NH3 + NSEC.Effluent.TSS + NSEC.Effluent.NO5",0.22275903942061,0.58302928579709,"3,2"
"10223","N..Eff..TSS.Conc. + TSS..mg.L. + CODds..mg.L. + NSEC.Effluent.NH3 + NSEC.Effluent.TSS + NSEC.Effluent.Flow",0.149246115777885,0.599414880031654,"3,2"
"10224","N..Eff..TSS.Conc. + TSS..mg.L. + CODds..mg.L. + NSEC.Effluent.NH3 + NSEC.Effluent.NO5 + NSEC.Effluent.Flow",0.254740273951263,0.607276372097462,"3,2"
"10225","N..Eff..TSS.Conc. + TSS..mg.L. + CODds..mg.L. + NSEC.Effluent.NO3 + NSEC.Effluent.OP + NSEC.Effluent.TSS",0.0373382503877107,0.60408242872787,"3,2"
"10226","N..Eff..TSS.Conc. + TSS..mg.L. + CODds..mg.L. + NSEC.Effluent.NO3 + NSEC.Effluent.OP + NSEC.Effluent.NO5",0.099060721956139,0.615295766084014,"3,2"
"10227","N..Eff..TSS.Conc. + TSS..mg.L. + CODds..mg.L. + NSEC.Effluent.NO3 + NSEC.Effluent.OP + NSEC.Effluent.Flow",0.0714788683417105,0.702643894327761,"3,2"
"10228","N..Eff..TSS.Conc. + TSS..mg.L. + CODds..mg.L. + NSEC.Effluent.NO3 + NSEC.Effluent.TSS + NSEC.Effluent.NO5",0.192416919688112,0.603958665973671,"3,2"
"10229","N..Eff..TSS.Conc. + TSS..mg.L. + CODds..mg.L. + NSEC.Effluent.NO3 + NSEC.Effluent.TSS + NSEC.Effluent.Flow",0.204934497197256,0.579628429970038,"3,2"
"10230","N..Eff..TSS.Conc. + TSS..mg.L. + CODds..mg.L. + NSEC.Effluent.NO3 + NSEC.Effluent.NO5 + NSEC.Effluent.Flow",0.104483572638462,0.704005920436839,"3,2"
"10231","N..Eff..TSS.Conc. + TSS..mg.L. + CODds..mg.L. + NSEC.Effluent.OP + NSEC.Effluent.TSS + NSEC.Effluent.NO5",0.000916698866495924,0.484025120466864,"3,2"
"10232","N..Eff..TSS.Conc. + TSS..mg.L. + CODds..mg.L. + NSEC.Effluent.OP + NSEC.Effluent.TSS + NSEC.Effluent.Flow",0.0126415585686459,0.623935099556882,"3,2"
"10233","N..Eff..TSS.Conc. + TSS..mg.L. + CODds..mg.L. + NSEC.Effluent.OP + NSEC.Effluent.NO5 + NSEC.Effluent.Flow",0.113678894637888,0.714282079297886,"3,2"
"10234","N..Eff..TSS.Conc. + TSS..mg.L. + CODds..mg.L. + NSEC.Effluent.TSS + NSEC.Effluent.NO5 + NSEC.Effluent.Flow",0.178405657722203,0.603822913186417,"3,2"
"10235","N..Eff..TSS.Conc. + TSS..mg.L. + SACto..1.m. + NSEC.Aerobic.SRT + NSEC.Effluent.NH3 + NSEC.Effluent.NO3",0.0313958913549977,0.714582305688332,"3,2"
"10236","N..Eff..TSS.Conc. + TSS..mg.L. + SACto..1.m. + NSEC.Aerobic.SRT + NSEC.Effluent.NH3 + NSEC.Effluent.OP",0.225867599458274,0.76685335672955,"3,2"
"10237","N..Eff..TSS.Conc. + TSS..mg.L. + SACto..1.m. + NSEC.Aerobic.SRT + NSEC.Effluent.NH3 + NSEC.Effluent.TSS",0.165344565086101,0.69937744933489,"3,2"
"10238","N..Eff..TSS.Conc. + TSS..mg.L. + SACto..1.m. + NSEC.Aerobic.SRT + NSEC.Effluent.NH3 + NSEC.Effluent.NO5",0.120652630928835,0.753698299361871,"3,2"
"10239","N..Eff..TSS.Conc. + TSS..mg.L. + SACto..1.m. + NSEC.Aerobic.SRT + NSEC.Effluent.NH3 + NSEC.Effluent.Flow",0.0891765171033245,0.619117314505924,"3,2"
"10240","N..Eff..TSS.Conc. + TSS..mg.L. + SACto..1.m. + NSEC.Aerobic.SRT + NSEC.Effluent.NO3 + NSEC.Effluent.OP",0.221419178014441,0.803420055984481,"3,2"
"10241","N..Eff..TSS.Conc. + TSS..mg.L. + SACto..1.m. + NSEC.Aerobic.SRT + NSEC.Effluent.NO3 + NSEC.Effluent.TSS",0.000808884480560046,0.739053962349358,"3,2"
"10242","N..Eff..TSS.Conc. + TSS..mg.L. + SACto..1.m. + NSEC.Aerobic.SRT + NSEC.Effluent.NO3 + NSEC.Effluent.NO5",0.0105434734686134,0.793396185210981,"3,2"
"10243","N..Eff..TSS.Conc. + TSS..mg.L. + SACto..1.m. + NSEC.Aerobic.SRT + NSEC.Effluent.NO3 + NSEC.Effluent.Flow",0.0720576100519559,0.793370534420385,"3,2"
"10244","N..Eff..TSS.Conc. + TSS..mg.L. + SACto..1.m. + NSEC.Aerobic.SRT + NSEC.Effluent.OP + NSEC.Effluent.TSS",0.157391800578181,0.721041556801958,"3,2"
"10245","N..Eff..TSS.Conc. + TSS..mg.L. + SACto..1.m. + NSEC.Aerobic.SRT + NSEC.Effluent.OP + NSEC.Effluent.NO5",0.0711810011131022,0.727044875735551,"3,2"
"10246","N..Eff..TSS.Conc. + TSS..mg.L. + SACto..1.m. + NSEC.Aerobic.SRT + NSEC.Effluent.OP + NSEC.Effluent.Flow",0.0509896217027581,0.833351338415014,"3,2"
"10247","N..Eff..TSS.Conc. + TSS..mg.L. + SACto..1.m. + NSEC.Aerobic.SRT + NSEC.Effluent.TSS + NSEC.Effluent.NO5",0.0244624330574399,0.740060033257043,"3,2"
"10248","N..Eff..TSS.Conc. + TSS..mg.L. + SACto..1.m. + NSEC.Aerobic.SRT + NSEC.Effluent.TSS + NSEC.Effluent.Flow",0.134543865656763,0.738621649160994,"3,2"
"10249","N..Eff..TSS.Conc. + TSS..mg.L. + SACto..1.m. + NSEC.Aerobic.SRT + NSEC.Effluent.NO5 + NSEC.Effluent.Flow",0.0680639098071973,0.827645817097044,"3,2"
"10250","N..Eff..TSS.Conc. + TSS..mg.L. + SACto..1.m. + NSEC.Effluent.NH3 + NSEC.Effluent.NO3 + NSEC.Effluent.OP",0.149979733689551,0.706464900618214,"3,2"
"10251","N..Eff..TSS.Conc. + TSS..mg.L. + SACto..1.m. + NSEC.Effluent.NH3 + NSEC.Effluent.NO3 + NSEC.Effluent.TSS",0.168726606762756,0.678017546590521,"3,2"
"10252","N..Eff..TSS.Conc. + TSS..mg.L. + SACto..1.m. + NSEC.Effluent.NH3 + NSEC.Effluent.NO3 + NSEC.Effluent.NO5",0.137075338812562,0.704085140786525,"3,2"
"10253","N..Eff..TSS.Conc. + TSS..mg.L. + SACto..1.m. + NSEC.Effluent.NH3 + NSEC.Effluent.NO3 + NSEC.Effluent.Flow",0.0794250570464174,0.576474325524392,"3,2"
"10254","N..Eff..TSS.Conc. + TSS..mg.L. + SACto..1.m. + NSEC.Effluent.NH3 + NSEC.Effluent.OP + NSEC.Effluent.TSS",0.134266636578809,0.705842166232445,"3,2"
"10255","N..Eff..TSS.Conc. + TSS..mg.L. + SACto..1.m. + NSEC.Effluent.NH3 + NSEC.Effluent.OP + NSEC.Effluent.NO5",0.06184186416452,0.703375786179519,"3,2"
"10256","N..Eff..TSS.Conc. + TSS..mg.L. + SACto..1.m. + NSEC.Effluent.NH3 + NSEC.Effluent.OP + NSEC.Effluent.Flow",0.228433213797581,0.785182997403912,"3,2"
"10257","N..Eff..TSS.Conc. + TSS..mg.L. + SACto..1.m. + NSEC.Effluent.NH3 + NSEC.Effluent.TSS + NSEC.Effluent.NO5",0.19153876362672,0.692876512655091,"3,2"
"10258","N..Eff..TSS.Conc. + TSS..mg.L. + SACto..1.m. + NSEC.Effluent.NH3 + NSEC.Effluent.TSS + NSEC.Effluent.Flow",0.28359169591086,0.697720666562759,"3,2"
"10259","N..Eff..TSS.Conc. + TSS..mg.L. + SACto..1.m. + NSEC.Effluent.NH3 + NSEC.Effluent.NO5 + NSEC.Effluent.Flow",0.187366672745437,0.729152531549293,"3,2"
"10260","N..Eff..TSS.Conc. + TSS..mg.L. + SACto..1.m. + NSEC.Effluent.NO3 + NSEC.Effluent.OP + NSEC.Effluent.TSS",0.177164054375239,0.685369291867819,"3,2"
"10261","N..Eff..TSS.Conc. + TSS..mg.L. + SACto..1.m. + NSEC.Effluent.NO3 + NSEC.Effluent.OP + NSEC.Effluent.NO5",0.185343649647459,0.000336185267616516,"3,2"
"10262","N..Eff..TSS.Conc. + TSS..mg.L. + SACto..1.m. + NSEC.Effluent.NO3 + NSEC.Effluent.OP + NSEC.Effluent.Flow",0.2103229480117,0.722978526638026,"3,2"
"10263","N..Eff..TSS.Conc. + TSS..mg.L. + SACto..1.m. + NSEC.Effluent.NO3 + NSEC.Effluent.TSS + NSEC.Effluent.NO5",0.197944631103392,0.663749520823131,"3,2"
"10264","N..Eff..TSS.Conc. + TSS..mg.L. + SACto..1.m. + NSEC.Effluent.NO3 + NSEC.Effluent.TSS + NSEC.Effluent.Flow",0.17219423378378,0.674987504049826,"3,2"
"10265","N..Eff..TSS.Conc. + TSS..mg.L. + SACto..1.m. + NSEC.Effluent.NO3 + NSEC.Effluent.NO5 + NSEC.Effluent.Flow",0.173745722230816,0.750181448288835,"3,2"
"10266","N..Eff..TSS.Conc. + TSS..mg.L. + SACto..1.m. + NSEC.Effluent.OP + NSEC.Effluent.TSS + NSEC.Effluent.NO5",0.151233307395553,0.696014892150264,"3,2"
"10267","N..Eff..TSS.Conc. + TSS..mg.L. + SACto..1.m. + NSEC.Effluent.OP + NSEC.Effluent.TSS + NSEC.Effluent.Flow",0.20249751063226,0.778402116462758,"3,2"
"10268","N..Eff..TSS.Conc. + TSS..mg.L. + SACto..1.m. + NSEC.Effluent.OP + NSEC.Effluent.NO5 + NSEC.Effluent.Flow",0.246666871122885,0.787473615987427,"3,2"
"10269","N..Eff..TSS.Conc. + TSS..mg.L. + SACto..1.m. + NSEC.Effluent.TSS + NSEC.Effluent.NO5 + NSEC.Effluent.Flow",0.0702973188744691,0.558820965332527,"3,2"
"10270","N..Eff..TSS.Conc. + TSS..mg.L. + NSEC.Aerobic.SRT + NSEC.Effluent.NH3 + NSEC.Effluent.NO3 + NSEC.Effluent.OP",0.00578310033756013,0.398212768014073,"3,2"
"10271","N..Eff..TSS.Conc. + TSS..mg.L. + NSEC.Aerobic.SRT + NSEC.Effluent.NH3 + NSEC.Effluent.NO3 + NSEC.Effluent.TSS",0.018524967093565,0.442438246009081,"3,2"
"10272","N..Eff..TSS.Conc. + TSS..mg.L. + NSEC.Aerobic.SRT + NSEC.Effluent.NH3 + NSEC.Effluent.NO3 + NSEC.Effluent.NO5",0.000487000117442626,0.448826778795318,"3,2"
"10273","N..Eff..TSS.Conc. + TSS..mg.L. + NSEC.Aerobic.SRT + NSEC.Effluent.NH3 + NSEC.Effluent.NO3 + NSEC.Effluent.Flow",0.042153154819728,0.792314654611228,"3,2"
"10274","N..Eff..TSS.Conc. + TSS..mg.L. + NSEC.Aerobic.SRT + NSEC.Effluent.NH3 + NSEC.Effluent.OP + NSEC.Effluent.TSS",0.171664249994278,0.643866903781034,"3,2"
"10275","N..Eff..TSS.Conc. + TSS..mg.L. + NSEC.Aerobic.SRT + NSEC.Effluent.NH3 + NSEC.Effluent.OP + NSEC.Effluent.NO5",0.170585703324606,0.709195681418761,"3,2"
"10276","N..Eff..TSS.Conc. + TSS..mg.L. + NSEC.Aerobic.SRT + NSEC.Effluent.NH3 + NSEC.Effluent.OP + NSEC.Effluent.Flow",0.214287658220579,0.742443380886143,"3,2"
"10277","N..Eff..TSS.Conc. + TSS..mg.L. + NSEC.Aerobic.SRT + NSEC.Effluent.NH3 + NSEC.Effluent.TSS + NSEC.Effluent.NO5",0.387409116613407,0.67946740869063,"3,2"
"10278","N..Eff..TSS.Conc. + TSS..mg.L. + NSEC.Aerobic.SRT + NSEC.Effluent.NH3 + NSEC.Effluent.TSS + NSEC.Effluent.Flow",0.00327997916820011,0.469599841958428,"3,2"
"10279","N..Eff..TSS.Conc. + TSS..mg.L. + NSEC.Aerobic.SRT + NSEC.Effluent.NH3 + NSEC.Effluent.NO5 + NSEC.Effluent.Flow",0.167142749645621,0.673511939709389,"3,2"
"10280","N..Eff..TSS.Conc. + TSS..mg.L. + NSEC.Aerobic.SRT + NSEC.Effluent.NO3 + NSEC.Effluent.OP + NSEC.Effluent.TSS",0.199465552528333,0.71504055682952,"3,2"
"10281","N..Eff..TSS.Conc. + TSS..mg.L. + NSEC.Aerobic.SRT + NSEC.Effluent.NO3 + NSEC.Effluent.OP + NSEC.Effluent.NO5",0.220356533207851,0.745583888141308,"3,2"
"10282","N..Eff..TSS.Conc. + TSS..mg.L. + NSEC.Aerobic.SRT + NSEC.Effluent.NO3 + NSEC.Effluent.OP + NSEC.Effluent.Flow",0.251700786547626,0.75297020661386,"3,2"
"10283","N..Eff..TSS.Conc. + TSS..mg.L. + NSEC.Aerobic.SRT + NSEC.Effluent.NO3 + NSEC.Effluent.TSS + NSEC.Effluent.NO5",0.199089163867243,0.66220390319871,"3,2"
"10284","N..Eff..TSS.Conc. + TSS..mg.L. + NSEC.Aerobic.SRT + NSEC.Effluent.NO3 + NSEC.Effluent.TSS + NSEC.Effluent.Flow",0.254149331152746,0.643008891254544,"3,2"
"10285","N..Eff..TSS.Conc. + TSS..mg.L. + NSEC.Aerobic.SRT + NSEC.Effluent.NO3 + NSEC.Effluent.NO5 + NSEC.Effluent.Flow",0.259999903162354,0.781512959440949,"3,2"
"10286","N..Eff..TSS.Conc. + TSS..mg.L. + NSEC.Aerobic.SRT + NSEC.Effluent.OP + NSEC.Effluent.TSS + NSEC.Effluent.NO5",0.374881949619174,0.709682910153075,"3,2"
"10287","N..Eff..TSS.Conc. + TSS..mg.L. + NSEC.Aerobic.SRT + NSEC.Effluent.OP + NSEC.Effluent.TSS + NSEC.Effluent.Flow",0.00625013399445784,0.503512569564083,"3,2"
"10288","N..Eff..TSS.Conc. + TSS..mg.L. + NSEC.Aerobic.SRT + NSEC.Effluent.OP + NSEC.Effluent.NO5 + NSEC.Effluent.Flow",0.169136256345397,0.635268439144272,"3,2"
"10289","N..Eff..TSS.Conc. + TSS..mg.L. + NSEC.Aerobic.SRT + NSEC.Effluent.TSS + NSEC.Effluent.NO5 + NSEC.Effluent.Flow",0.0253936470215081,0.434969036995943,"3,2"
"10290","N..Eff..TSS.Conc. + TSS..mg.L. + NSEC.Effluent.NH3 + NSEC.Effluent.NO3 + NSEC.Effluent.OP + NSEC.Effluent.TSS",0.0108890792325727,0.570653121175502,"3,2"
"10291","N..Eff..TSS.Conc. + TSS..mg.L. + NSEC.Effluent.NH3 + NSEC.Effluent.NO3 + NSEC.Effluent.OP + NSEC.Effluent.NO5",0.0577398807071914,0.660321238452746,"3,2"
"10292","N..Eff..TSS.Conc. + TSS..mg.L. + NSEC.Effluent.NH3 + NSEC.Effluent.NO3 + NSEC.Effluent.OP + NSEC.Effluent.Flow",0.0163075318881885,0.623524913962926,"3,2"
"10293","N..Eff..TSS.Conc. + TSS..mg.L. + NSEC.Effluent.NH3 + NSEC.Effluent.NO3 + NSEC.Effluent.TSS + NSEC.Effluent.NO5",0.322311323575463,0.609813626708223,"3,2"
"10294","N..Eff..TSS.Conc. + TSS..mg.L. + NSEC.Effluent.NH3 + NSEC.Effluent.NO3 + NSEC.Effluent.TSS + NSEC.Effluent.Flow",0.15217817525965,0.579684258485173,"3,2"
"10295","N..Eff..TSS.Conc. + TSS..mg.L. + NSEC.Effluent.NH3 + NSEC.Effluent.NO3 + NSEC.Effluent.NO5 + NSEC.Effluent.Flow",0.377943778204104,0.67478496635474,"3,2"
"10296","N..Eff..TSS.Conc. + TSS..mg.L. + NSEC.Effluent.NH3 + NSEC.Effluent.OP + NSEC.Effluent.TSS + NSEC.Effluent.NO5",0.0508213340264394,0.595672408488389,"3,2"
"10297","N..Eff..TSS.Conc. + TSS..mg.L. + NSEC.Effluent.NH3 + NSEC.Effluent.OP + NSEC.Effluent.TSS + NSEC.Effluent.Flow",0.149391864496475,0.693673061474708,"3,2"
"10298","N..Eff..TSS.Conc. + TSS..mg.L. + NSEC.Effluent.NH3 + NSEC.Effluent.OP + NSEC.Effluent.NO5 + NSEC.Effluent.Flow",0.191175279167897,0.0012255617650687,"3,2"
"10299","N..Eff..TSS.Conc. + TSS..mg.L. + NSEC.Effluent.NH3 + NSEC.Effluent.TSS + NSEC.Effluent.NO5 + NSEC.Effluent.Flow",0.0617932674761401,0.394735202944894,"3,2"
"10300","N..Eff..TSS.Conc. + TSS..mg.L. + NSEC.Effluent.NO3 + NSEC.Effluent.OP + NSEC.Effluent.TSS + NSEC.Effluent.NO5",0.0927356041013236,0.479426338519957,"3,2"
"10301","N..Eff..TSS.Conc. + TSS..mg.L. + NSEC.Effluent.NO3 + NSEC.Effluent.OP + NSEC.Effluent.TSS + NSEC.Effluent.Flow",0.056361367835813,0.626215808558553,"3,2"
"10302","N..Eff..TSS.Conc. + TSS..mg.L. + NSEC.Effluent.NO3 + NSEC.Effluent.OP + NSEC.Effluent.NO5 + NSEC.Effluent.Flow",0.092633993943404,0.707608737338973,"3,2"
"10303","N..Eff..TSS.Conc. + TSS..mg.L. + NSEC.Effluent.NO3 + NSEC.Effluent.TSS + NSEC.Effluent.NO5 + NSEC.Effluent.Flow",0.00940830967743689,0.424429339929616,"3,2"
"10304","N..Eff..TSS.Conc. + TSS..mg.L. + NSEC.Effluent.OP + NSEC.Effluent.TSS + NSEC.Effluent.NO5 + NSEC.Effluent.Flow",0.203575150870054,0.582451053851901,"3,2"
"10305","N..Eff..TSS.Conc. + UVT.... + CODds..mg.L. + SACto..1.m. + NSEC.Aerobic.SRT + NSEC.Effluent.NH3",0.0763952190436936,0.678836432450661,"3,2"
"10306","N..Eff..TSS.Conc. + UVT.... + CODds..mg.L. + SACto..1.m. + NSEC.Aerobic.SRT + NSEC.Effluent.NO3",0.202282801349917,0.700399267181641,"3,2"
"10307","N..Eff..TSS.Conc. + UVT.... + CODds..mg.L. + SACto..1.m. + NSEC.Aerobic.SRT + NSEC.Effluent.OP",0.102044471699849,0.618621181550732,"3,2"
"10308","N..Eff..TSS.Conc. + UVT.... + CODds..mg.L. + SACto..1.m. + NSEC.Aerobic.SRT + NSEC.Effluent.TSS",0.193078641297365,0.0835418886701128,"3,2"
"10309","N..Eff..TSS.Conc. + UVT.... + CODds..mg.L. + SACto..1.m. + NSEC.Aerobic.SRT + NSEC.Effluent.NO5",0.119983131863488,0.642825969929283,"3,2"
"10310","N..Eff..TSS.Conc. + UVT.... + CODds..mg.L. + SACto..1.m. + NSEC.Aerobic.SRT + NSEC.Effluent.Flow",0.078273120733928,0.831456978433747,"3,2"
"10311","N..Eff..TSS.Conc. + UVT.... + CODds..mg.L. + SACto..1.m. + NSEC.Effluent.NH3 + NSEC.Effluent.NO3",0.154085238504992,0.616689903169871,"3,2"
"10312","N..Eff..TSS.Conc. + UVT.... + CODds..mg.L. + SACto..1.m. + NSEC.Effluent.NH3 + NSEC.Effluent.OP",0.135445884377374,0.603269025736985,"3,2"
"10313","N..Eff..TSS.Conc. + UVT.... + CODds..mg.L. + SACto..1.m. + NSEC.Effluent.NH3 + NSEC.Effluent.TSS",0.110758067303673,0.531250928992175,"3,2"
"10314","N..Eff..TSS.Conc. + UVT.... + CODds..mg.L. + SACto..1.m. + NSEC.Effluent.NH3 + NSEC.Effluent.NO5",0.193485379938926,0.636877431488147,"3,2"
"10315","N..Eff..TSS.Conc. + UVT.... + CODds..mg.L. + SACto..1.m. + NSEC.Effluent.NH3 + NSEC.Effluent.Flow",0.144946453976009,0.662766730544169,"3,2"
"10316","N..Eff..TSS.Conc. + UVT.... + CODds..mg.L. + SACto..1.m. + NSEC.Effluent.NO3 + NSEC.Effluent.OP",0.00618386827545092,0.631051475653335,"3,2"
"10317","N..Eff..TSS.Conc. + UVT.... + CODds..mg.L. + SACto..1.m. + NSEC.Effluent.NO3 + NSEC.Effluent.TSS",0.195115486246451,0.588427281130321,"3,2"
"10318","N..Eff..TSS.Conc. + UVT.... + CODds..mg.L. + SACto..1.m. + NSEC.Effluent.NO3 + NSEC.Effluent.NO5",0.0435882487607033,0.66290029009522,"3,2"
"10319","N..Eff..TSS.Conc. + UVT.... + CODds..mg.L. + SACto..1.m. + NSEC.Effluent.NO3 + NSEC.Effluent.Flow",0.24552764596554,0.717547403227574,"3,2"
"10320","N..Eff..TSS.Conc. + UVT.... + CODds..mg.L. + SACto..1.m. + NSEC.Effluent.OP + NSEC.Effluent.TSS",0.0758888135460025,0.554854668837619,"3,2"
"10321","N..Eff..TSS.Conc. + UVT.... + CODds..mg.L. + SACto..1.m. + NSEC.Effluent.OP + NSEC.Effluent.NO5",0.119529052296954,0.640147063057762,"3,2"
"10322","N..Eff..TSS.Conc. + UVT.... + CODds..mg.L. + SACto..1.m. + NSEC.Effluent.OP + NSEC.Effluent.Flow",0.0562193951515861,0.614161661694014,"3,2"
"10323","N..Eff..TSS.Conc. + UVT.... + CODds..mg.L. + SACto..1.m. + NSEC.Effluent.TSS + NSEC.Effluent.NO5",0.143935405052268,0.593487212465968,"3,2"
"10324","N..Eff..TSS.Conc. + UVT.... + CODds..mg.L. + SACto..1.m. + NSEC.Effluent.TSS + NSEC.Effluent.Flow",0.242765559396749,0.690919946335181,"3,2"
"10325","N..Eff..TSS.Conc. + UVT.... + CODds..mg.L. + SACto..1.m. + NSEC.Effluent.NO5 + NSEC.Effluent.Flow",0.0830575104455558,0.682368299513071,"3,2"
"10326","N..Eff..TSS.Conc. + UVT.... + CODds..mg.L. + NSEC.Aerobic.SRT + NSEC.Effluent.NH3 + NSEC.Effluent.NO3",0.177202247455193,0.740338518585498,"3,2"
"10327","N..Eff..TSS.Conc. + UVT.... + CODds..mg.L. + NSEC.Aerobic.SRT + NSEC.Effluent.NH3 + NSEC.Effluent.OP",0.329289104087012,0.791330137329617,"3,2"
"10328","N..Eff..TSS.Conc. + UVT.... + CODds..mg.L. + NSEC.Aerobic.SRT + NSEC.Effluent.NH3 + NSEC.Effluent.TSS",0.169451729751365,0.740133257506574,"3,2"
"10329","N..Eff..TSS.Conc. + UVT.... + CODds..mg.L. + NSEC.Aerobic.SRT + NSEC.Effluent.NH3 + NSEC.Effluent.NO5",0.245430848468273,0.742561821162681,"3,2"
"10330","N..Eff..TSS.Conc. + UVT.... + CODds..mg.L. + NSEC.Aerobic.SRT + NSEC.Effluent.NH3 + NSEC.Effluent.Flow",0.0288969251656239,0.780531051316292,"3,2"
"10331","N..Eff..TSS.Conc. + UVT.... + CODds..mg.L. + NSEC.Aerobic.SRT + NSEC.Effluent.NO3 + NSEC.Effluent.OP",0.207254128392589,0.756827523115335,"3,2"
"10332","N..Eff..TSS.Conc. + UVT.... + CODds..mg.L. + NSEC.Aerobic.SRT + NSEC.Effluent.NO3 + NSEC.Effluent.TSS",0.103453226374244,0.7042413138052,"3,2"
"10333","N..Eff..TSS.Conc. + UVT.... + CODds..mg.L. + NSEC.Aerobic.SRT + NSEC.Effluent.NO3 + NSEC.Effluent.NO5",0.044715501310165,0.671133276442891,"3,2"
"10334","N..Eff..TSS.Conc. + UVT.... + CODds..mg.L. + NSEC.Aerobic.SRT + NSEC.Effluent.NO3 + NSEC.Effluent.Flow",0.0647824840467506,0.821204180412573,"3,2"
"10335","N..Eff..TSS.Conc. + UVT.... + CODds..mg.L. + NSEC.Aerobic.SRT + NSEC.Effluent.OP + NSEC.Effluent.TSS",0.162686433722266,0.72937025799093,"3,2"
"10336","N..Eff..TSS.Conc. + UVT.... + CODds..mg.L. + NSEC.Aerobic.SRT + NSEC.Effluent.OP + NSEC.Effluent.NO5",0.168963285251545,0.764736760176199,"3,2"
"10337","N..Eff..TSS.Conc. + UVT.... + CODds..mg.L. + NSEC.Aerobic.SRT + NSEC.Effluent.OP + NSEC.Effluent.Flow",0.00940306248711575,0.808674561130576,"3,2"
"10338","N..Eff..TSS.Conc. + UVT.... + CODds..mg.L. + NSEC.Aerobic.SRT + NSEC.Effluent.TSS + NSEC.Effluent.NO5",0.196622541354233,0.67947801207109,"3,2"
"10339","N..Eff..TSS.Conc. + UVT.... + CODds..mg.L. + NSEC.Aerobic.SRT + NSEC.Effluent.TSS + NSEC.Effluent.Flow",0.125283356261572,0.705783799634535,"3,2"
"10340","N..Eff..TSS.Conc. + UVT.... + CODds..mg.L. + NSEC.Aerobic.SRT + NSEC.Effluent.NO5 + NSEC.Effluent.Flow",0.167536754278014,0.806848387382269,"3,2"
"10341","N..Eff..TSS.Conc. + UVT.... + CODds..mg.L. + NSEC.Effluent.NH3 + NSEC.Effluent.NO3 + NSEC.Effluent.OP",0.0899356244816862,0.592598481007025,"3,2"
"10342","N..Eff..TSS.Conc. + UVT.... + CODds..mg.L. + NSEC.Effluent.NH3 + NSEC.Effluent.NO3 + NSEC.Effluent.TSS",0.118426435289349,0.64587561723396,"3,2"
"10343","N..Eff..TSS.Conc. + UVT.... + CODds..mg.L. + NSEC.Effluent.NH3 + NSEC.Effluent.NO3 + NSEC.Effluent.NO5",0.131358988796134,0.663920982920664,"3,2"
"10344","N..Eff..TSS.Conc. + UVT.... + CODds..mg.L. + NSEC.Effluent.NH3 + NSEC.Effluent.NO3 + NSEC.Effluent.Flow",0.222268528960116,0.636069577841192,"3,2"
"10345","N..Eff..TSS.Conc. + UVT.... + CODds..mg.L. + NSEC.Effluent.NH3 + NSEC.Effluent.OP + NSEC.Effluent.TSS",0.092400423294035,0.671550070121594,"3,2"
"10346","N..Eff..TSS.Conc. + UVT.... + CODds..mg.L. + NSEC.Effluent.NH3 + NSEC.Effluent.OP + NSEC.Effluent.NO5",0.114134981895721,0.57802944820921,"3,2"
"10347","N..Eff..TSS.Conc. + UVT.... + CODds..mg.L. + NSEC.Effluent.NH3 + NSEC.Effluent.OP + NSEC.Effluent.Flow",0.150748062368516,0.63533113794101,"3,2"
"10348","N..Eff..TSS.Conc. + UVT.... + CODds..mg.L. + NSEC.Effluent.NH3 + NSEC.Effluent.TSS + NSEC.Effluent.NO5",0.0710606234254836,0.559361295210884,"3,2"
"10349","N..Eff..TSS.Conc. + UVT.... + CODds..mg.L. + NSEC.Effluent.NH3 + NSEC.Effluent.TSS + NSEC.Effluent.Flow",0.233228250692482,0.591298484033631,"3,2"
"10350","N..Eff..TSS.Conc. + UVT.... + CODds..mg.L. + NSEC.Effluent.NH3 + NSEC.Effluent.NO5 + NSEC.Effluent.Flow",0.12988741522621,0.709325749191129,"3,2"
"10351","N..Eff..TSS.Conc. + UVT.... + CODds..mg.L. + NSEC.Effluent.NO3 + NSEC.Effluent.OP + NSEC.Effluent.TSS",0.0339309976681634,0.606490478676646,"3,2"
"10352","N..Eff..TSS.Conc. + UVT.... + CODds..mg.L. + NSEC.Effluent.NO3 + NSEC.Effluent.OP + NSEC.Effluent.NO5",0.22190940650706,0.614774211738266,"3,2"
"10353","N..Eff..TSS.Conc. + UVT.... + CODds..mg.L. + NSEC.Effluent.NO3 + NSEC.Effluent.OP + NSEC.Effluent.Flow",0.0692851634763545,0.70733563632769,"3,2"
"10354","N..Eff..TSS.Conc. + UVT.... + CODds..mg.L. + NSEC.Effluent.NO3 + NSEC.Effluent.TSS + NSEC.Effluent.NO5",0.161811884435973,0.595878262147681,"3,2"
"10355","N..Eff..TSS.Conc. + UVT.... + CODds..mg.L. + NSEC.Effluent.NO3 + NSEC.Effluent.TSS + NSEC.Effluent.Flow",0.230633145177377,0.712712819153213,"3,2"
"10356","N..Eff..TSS.Conc. + UVT.... + CODds..mg.L. + NSEC.Effluent.NO3 + NSEC.Effluent.NO5 + NSEC.Effluent.Flow",0.255392179621147,0.626008518815088,"3,2"
"10357","N..Eff..TSS.Conc. + UVT.... + CODds..mg.L. + NSEC.Effluent.OP + NSEC.Effluent.TSS + NSEC.Effluent.NO5",0.118962581190112,0.626084530267756,"3,2"
"10358","N..Eff..TSS.Conc. + UVT.... + CODds..mg.L. + NSEC.Effluent.OP + NSEC.Effluent.TSS + NSEC.Effluent.Flow",0.248042277120483,0.6585860082373,"3,2"
"10359","N..Eff..TSS.Conc. + UVT.... + CODds..mg.L. + NSEC.Effluent.OP + NSEC.Effluent.NO5 + NSEC.Effluent.Flow",0.225492067744461,0.760536895616212,"3,2"
"10360","N..Eff..TSS.Conc. + UVT.... + CODds..mg.L. + NSEC.Effluent.TSS + NSEC.Effluent.NO5 + NSEC.Effluent.Flow",0.241285522532405,0.743116905402007,"3,2"
"10361","N..Eff..TSS.Conc. + UVT.... + SACto..1.m. + NSEC.Aerobic.SRT + NSEC.Effluent.NH3 + NSEC.Effluent.NO3",0.0595193253588322,0.721158102106791,"3,2"
"10362","N..Eff..TSS.Conc. + UVT.... + SACto..1.m. + NSEC.Aerobic.SRT + NSEC.Effluent.NH3 + NSEC.Effluent.OP",0.324396736669631,0.661164907593269,"3,2"
"10363","N..Eff..TSS.Conc. + UVT.... + SACto..1.m. + NSEC.Aerobic.SRT + NSEC.Effluent.NH3 + NSEC.Effluent.TSS",0.188465420421529,0.665271777905165,"3,2"
"10364","N..Eff..TSS.Conc. + UVT.... + SACto..1.m. + NSEC.Aerobic.SRT + NSEC.Effluent.NH3 + NSEC.Effluent.NO5",0.0896764824706104,0.739618411732459,"3,2"
"10365","N..Eff..TSS.Conc. + UVT.... + SACto..1.m. + NSEC.Aerobic.SRT + NSEC.Effluent.NH3 + NSEC.Effluent.Flow",0.231384197932803,0.749266726347397,"3,2"
"10366","N..Eff..TSS.Conc. + UVT.... + SACto..1.m. + NSEC.Aerobic.SRT + NSEC.Effluent.NO3 + NSEC.Effluent.OP",0.0664355933372096,0.573548076935504,"3,2"
"10367","N..Eff..TSS.Conc. + UVT.... + SACto..1.m. + NSEC.Aerobic.SRT + NSEC.Effluent.NO3 + NSEC.Effluent.TSS",0.136847025364385,0.731986954630723,"3,2"
"10368","N..Eff..TSS.Conc. + UVT.... + SACto..1.m. + NSEC.Aerobic.SRT + NSEC.Effluent.NO3 + NSEC.Effluent.NO5",0.0365481991421035,0.722216902887199,"3,2"
"10369","N..Eff..TSS.Conc. + UVT.... + SACto..1.m. + NSEC.Aerobic.SRT + NSEC.Effluent.NO3 + NSEC.Effluent.Flow",0.0714691587553937,0.415615487784506,"3,2"
"10370","N..Eff..TSS.Conc. + UVT.... + SACto..1.m. + NSEC.Aerobic.SRT + NSEC.Effluent.OP + NSEC.Effluent.TSS",0.0510022401349666,0.426958502337276,"3,2"
"10371","N..Eff..TSS.Conc. + UVT.... + SACto..1.m. + NSEC.Aerobic.SRT + NSEC.Effluent.OP + NSEC.Effluent.NO5",0.106416861185488,0.732643896884174,"3,2"
"10372","N..Eff..TSS.Conc. + UVT.... + SACto..1.m. + NSEC.Aerobic.SRT + NSEC.Effluent.OP + NSEC.Effluent.Flow",0.0350541451137092,0.745469263156688,"3,2"
"10373","N..Eff..TSS.Conc. + UVT.... + SACto..1.m. + NSEC.Aerobic.SRT + NSEC.Effluent.TSS + NSEC.Effluent.NO5",0.157927156314221,0.746143647003257,"3,2"
"10374","N..Eff..TSS.Conc. + UVT.... + SACto..1.m. + NSEC.Aerobic.SRT + NSEC.Effluent.TSS + NSEC.Effluent.Flow",0.187729070742316,0.6924612546418,"3,2"
"10375","N..Eff..TSS.Conc. + UVT.... + SACto..1.m. + NSEC.Aerobic.SRT + NSEC.Effluent.NO5 + NSEC.Effluent.Flow",0.0921422182366909,0.545932085005574,"3,2"
"10376","N..Eff..TSS.Conc. + UVT.... + SACto..1.m. + NSEC.Effluent.NH3 + NSEC.Effluent.NO3 + NSEC.Effluent.OP",0.140190597364635,0.63393635398981,"3,2"
"10377","N..Eff..TSS.Conc. + UVT.... + SACto..1.m. + NSEC.Effluent.NH3 + NSEC.Effluent.NO3 + NSEC.Effluent.TSS",0.0576319388388207,0.392428895413331,"3,2"
"10378","N..Eff..TSS.Conc. + UVT.... + SACto..1.m. + NSEC.Effluent.NH3 + NSEC.Effluent.NO3 + NSEC.Effluent.NO5",0.20383475823275,0.527749240338907,"3,2"
"10379","N..Eff..TSS.Conc. + UVT.... + SACto..1.m. + NSEC.Effluent.NH3 + NSEC.Effluent.NO3 + NSEC.Effluent.Flow",0.0981405664189294,0.523200863774816,"3,2"
"10380","N..Eff..TSS.Conc. + UVT.... + SACto..1.m. + NSEC.Effluent.NH3 + NSEC.Effluent.OP + NSEC.Effluent.TSS",0.140354215606836,0.570264627655461,"3,2"
"10381","N..Eff..TSS.Conc. + UVT.... + SACto..1.m. + NSEC.Effluent.NH3 + NSEC.Effluent.OP + NSEC.Effluent.NO5",0.287526126917106,0.667926256429948,"3,2"
"10382","N..Eff..TSS.Conc. + UVT.... + SACto..1.m. + NSEC.Effluent.NH3 + NSEC.Effluent.OP + NSEC.Effluent.Flow",0.232508458872338,0.70951481863749,"3,2"
"10383","N..Eff..TSS.Conc. + UVT.... + SACto..1.m. + NSEC.Effluent.NH3 + NSEC.Effluent.TSS + NSEC.Effluent.NO5",0.0323321882351872,0.372527506260058,"3,2"
"10384","N..Eff..TSS.Conc. + UVT.... + SACto..1.m. + NSEC.Effluent.NH3 + NSEC.Effluent.TSS + NSEC.Effluent.Flow",0.168877823579007,0.523022651045722,"3,2"
"10385","N..Eff..TSS.Conc. + UVT.... + SACto..1.m. + NSEC.Effluent.NH3 + NSEC.Effluent.NO5 + NSEC.Effluent.Flow",0.365077839660963,0.644265566474641,"3,2"
"10386","N..Eff..TSS.Conc. + UVT.... + SACto..1.m. + NSEC.Effluent.NO3 + NSEC.Effluent.OP + NSEC.Effluent.TSS",0.280173232511653,0.63760265928552,"3,2"
"10387","N..Eff..TSS.Conc. + UVT.... + SACto..1.m. + NSEC.Effluent.NO3 + NSEC.Effluent.OP + NSEC.Effluent.NO5",0.0467322615664119,0.565074204878984,"3,2"
"10388","N..Eff..TSS.Conc. + UVT.... + SACto..1.m. + NSEC.Effluent.NO3 + NSEC.Effluent.OP + NSEC.Effluent.Flow",0.0391681980214824,0.54689993559198,"3,2"
"10389","N..Eff..TSS.Conc. + UVT.... + SACto..1.m. + NSEC.Effluent.NO3 + NSEC.Effluent.TSS + NSEC.Effluent.NO5",0.0532141691721106,0.441306528533325,"3,2"
"10390","N..Eff..TSS.Conc. + UVT.... + SACto..1.m. + NSEC.Effluent.NO3 + NSEC.Effluent.TSS + NSEC.Effluent.Flow",0.323074570109368,0.545079521944619,"3,2"
"10391","N..Eff..TSS.Conc. + UVT.... + SACto..1.m. + NSEC.Effluent.NO3 + NSEC.Effluent.NO5 + NSEC.Effluent.Flow",0.0601474315006501,0.525892698938439,"3,2"
"10392","N..Eff..TSS.Conc. + UVT.... + SACto..1.m. + NSEC.Effluent.OP + NSEC.Effluent.TSS + NSEC.Effluent.NO5",0.19452372120082,0.633813459161649,"3,2"
"10393","N..Eff..TSS.Conc. + UVT.... + SACto..1.m. + NSEC.Effluent.OP + NSEC.Effluent.TSS + NSEC.Effluent.Flow",0.197720555263355,0.611553212486474,"3,2"
"10394","N..Eff..TSS.Conc. + UVT.... + SACto..1.m. + NSEC.Effluent.OP + NSEC.Effluent.NO5 + NSEC.Effluent.Flow",0.00835573577049864,0.560085618524361,"3,2"
"10395","N..Eff..TSS.Conc. + UVT.... + SACto..1.m. + NSEC.Effluent.TSS + NSEC.Effluent.NO5 + NSEC.Effluent.Flow",0.120165080426511,0.509153869168398,"3,2"
"10396","N..Eff..TSS.Conc. + UVT.... + NSEC.Aerobic.SRT + NSEC.Effluent.NH3 + NSEC.Effluent.NO3 + NSEC.Effluent.OP",0.410227385860274,0.755480872136471,"3,2"
"10397","N..Eff..TSS.Conc. + UVT.... + NSEC.Aerobic.SRT + NSEC.Effluent.NH3 + NSEC.Effluent.NO3 + NSEC.Effluent.TSS",0.13185586978856,0.712272363249477,"3,2"
"10398","N..Eff..TSS.Conc. + UVT.... + NSEC.Aerobic.SRT + NSEC.Effluent.NH3 + NSEC.Effluent.NO3 + NSEC.Effluent.NO5",0.0135911251677401,0.699428337785023,"3,2"
"10399","N..Eff..TSS.Conc. + UVT.... + NSEC.Aerobic.SRT + NSEC.Effluent.NH3 + NSEC.Effluent.NO3 + NSEC.Effluent.Flow",0.2087970676481,0.634969201959272,"3,2"
"10400","N..Eff..TSS.Conc. + UVT.... + NSEC.Aerobic.SRT + NSEC.Effluent.NH3 + NSEC.Effluent.OP + NSEC.Effluent.TSS",0.0161015834274547,0.660531038622828,"3,2"
"10401","N..Eff..TSS.Conc. + UVT.... + NSEC.Aerobic.SRT + NSEC.Effluent.NH3 + NSEC.Effluent.OP + NSEC.Effluent.NO5",0.0246411842296812,0.680057578575166,"3,2"
"10402","N..Eff..TSS.Conc. + UVT.... + NSEC.Aerobic.SRT + NSEC.Effluent.NH3 + NSEC.Effluent.OP + NSEC.Effluent.Flow",0.0366850361582185,0.743282580279338,"3,2"
"10403","N..Eff..TSS.Conc. + UVT.... + NSEC.Aerobic.SRT + NSEC.Effluent.NH3 + NSEC.Effluent.TSS + NSEC.Effluent.NO5",0.0132851605398803,0.7182421640714,"3,2"
"10404","N..Eff..TSS.Conc. + UVT.... + NSEC.Aerobic.SRT + NSEC.Effluent.NH3 + NSEC.Effluent.TSS + NSEC.Effluent.Flow",0.22647337504986,0.745696227562273,"3,2"
"10405","N..Eff..TSS.Conc. + UVT.... + NSEC.Aerobic.SRT + NSEC.Effluent.NH3 + NSEC.Effluent.NO5 + NSEC.Effluent.Flow",0.127191628293046,0.62659683029566,"3,2"
"10406","N..Eff..TSS.Conc. + UVT.... + NSEC.Aerobic.SRT + NSEC.Effluent.NO3 + NSEC.Effluent.OP + NSEC.Effluent.TSS",0.392479416026152,0.741430978804406,"3,2"
"10407","N..Eff..TSS.Conc. + UVT.... + NSEC.Aerobic.SRT + NSEC.Effluent.NO3 + NSEC.Effluent.OP + NSEC.Effluent.NO5",0.124245527820721,0.637707938903941,"3,2"
"10408","N..Eff..TSS.Conc. + UVT.... + NSEC.Aerobic.SRT + NSEC.Effluent.NO3 + NSEC.Effluent.OP + NSEC.Effluent.Flow",0.0315618934864077,0.55324079355891,"3,2"
"10409","N..Eff..TSS.Conc. + UVT.... + NSEC.Aerobic.SRT + NSEC.Effluent.NO3 + NSEC.Effluent.TSS + NSEC.Effluent.NO5",0.0190539871314508,0.737907520979207,"3,2"
"10410","N..Eff..TSS.Conc. + UVT.... + NSEC.Aerobic.SRT + NSEC.Effluent.NO3 + NSEC.Effluent.TSS + NSEC.Effluent.Flow",0.05149403512966,0.687171890830237,"3,2"
"10411","N..Eff..TSS.Conc. + UVT.... + NSEC.Aerobic.SRT + NSEC.Effluent.NO3 + NSEC.Effluent.NO5 + NSEC.Effluent.Flow",0.115226432599147,0.700957540395723,"3,2"
"10412","N..Eff..TSS.Conc. + UVT.... + NSEC.Aerobic.SRT + NSEC.Effluent.OP + NSEC.Effluent.TSS + NSEC.Effluent.NO5",0.0439675121640368,0.736587827684395,"3,2"
"10413","N..Eff..TSS.Conc. + UVT.... + NSEC.Aerobic.SRT + NSEC.Effluent.OP + NSEC.Effluent.TSS + NSEC.Effluent.Flow",0.343904517034978,0.75155636047068,"3,2"
"10414","N..Eff..TSS.Conc. + UVT.... + NSEC.Aerobic.SRT + NSEC.Effluent.OP + NSEC.Effluent.NO5 + NSEC.Effluent.Flow",0.0107568697900535,0.750282160555144,"3,2"
"10415","N..Eff..TSS.Conc. + UVT.... + NSEC.Aerobic.SRT + NSEC.Effluent.TSS + NSEC.Effluent.NO5 + NSEC.Effluent.Flow",0.158128977469829,0.713698162255927,"3,2"
"10416","N..Eff..TSS.Conc. + UVT.... + NSEC.Effluent.NH3 + NSEC.Effluent.NO3 + NSEC.Effluent.OP + NSEC.Effluent.TSS",0.146240802273183,0.621982236007837,"3,2"
"10417","N..Eff..TSS.Conc. + UVT.... + NSEC.Effluent.NH3 + NSEC.Effluent.NO3 + NSEC.Effluent.OP + NSEC.Effluent.NO5",0.162844761596991,0.633790036705308,"3,2"
"10418","N..Eff..TSS.Conc. + UVT.... + NSEC.Effluent.NH3 + NSEC.Effluent.NO3 + NSEC.Effluent.OP + NSEC.Effluent.Flow",0.100772374613589,0.671949444983381,"3,2"
"10419","N..Eff..TSS.Conc. + UVT.... + NSEC.Effluent.NH3 + NSEC.Effluent.NO3 + NSEC.Effluent.TSS + NSEC.Effluent.NO5",0.136300774065712,0.597837176806393,"3,2"
"10420","N..Eff..TSS.Conc. + UVT.... + NSEC.Effluent.NH3 + NSEC.Effluent.NO3 + NSEC.Effluent.TSS + NSEC.Effluent.Flow",0.0320191131981082,0.623650428370508,"3,2"
"10421","N..Eff..TSS.Conc. + UVT.... + NSEC.Effluent.NH3 + NSEC.Effluent.NO3 + NSEC.Effluent.NO5 + NSEC.Effluent.Flow",0.499047689360609,0.590340736319294,"3,2"
"10422","N..Eff..TSS.Conc. + UVT.... + NSEC.Effluent.NH3 + NSEC.Effluent.OP + NSEC.Effluent.TSS + NSEC.Effluent.NO5",0.0578492129812673,0.650279978887533,"3,2"
"10423","N..Eff..TSS.Conc. + UVT.... + NSEC.Effluent.NH3 + NSEC.Effluent.OP + NSEC.Effluent.TSS + NSEC.Effluent.Flow",0.129739586838073,0.64172349876493,"3,2"
"10424","N..Eff..TSS.Conc. + UVT.... + NSEC.Effluent.NH3 + NSEC.Effluent.OP + NSEC.Effluent.NO5 + NSEC.Effluent.Flow",0.110820280231823,0.721705275316448,"3,2"
"10425","N..Eff..TSS.Conc. + UVT.... + NSEC.Effluent.NH3 + NSEC.Effluent.TSS + NSEC.Effluent.NO5 + NSEC.Effluent.Flow",0.0360522256207467,0.610258616555996,"3,2"
"10426","N..Eff..TSS.Conc. + UVT.... + NSEC.Effluent.NO3 + NSEC.Effluent.OP + NSEC.Effluent.TSS + NSEC.Effluent.NO5",0.288008594252268,0.648588522787576,"3,2"
"10427","N..Eff..TSS.Conc. + UVT.... + NSEC.Effluent.NO3 + NSEC.Effluent.OP + NSEC.Effluent.TSS + NSEC.Effluent.Flow",0.193177768250335,0.621189539574997,"3,2"
"10428","N..Eff..TSS.Conc. + UVT.... + NSEC.Effluent.NO3 + NSEC.Effluent.OP + NSEC.Effluent.NO5 + NSEC.Effluent.Flow",0.253352507729877,0.733585099398867,"3,2"
"10429","N..Eff..TSS.Conc. + UVT.... + NSEC.Effluent.NO3 + NSEC.Effluent.TSS + NSEC.Effluent.NO5 + NSEC.Effluent.Flow",0.0530043239926088,0.552772873977762,"3,2"
"10430","N..Eff..TSS.Conc. + UVT.... + NSEC.Effluent.OP + NSEC.Effluent.TSS + NSEC.Effluent.NO5 + NSEC.Effluent.Flow",0.116264210358416,0.666356037032172,"3,2"
"10431","N..Eff..TSS.Conc. + CODds..mg.L. + SACto..1.m. + NSEC.Aerobic.SRT + NSEC.Effluent.NH3 + NSEC.Effluent.NO3",0.059728355070275,0.704207599491131,"3,2"
"10432","N..Eff..TSS.Conc. + CODds..mg.L. + SACto..1.m. + NSEC.Aerobic.SRT + NSEC.Effluent.NH3 + NSEC.Effluent.OP",0.199703131631512,0.747998212659906,"3,2"
"10433","N..Eff..TSS.Conc. + CODds..mg.L. + SACto..1.m. + NSEC.Aerobic.SRT + NSEC.Effluent.NH3 + NSEC.Effluent.TSS",0.236261286439482,0.755228367249048,"3,2"
"10434","N..Eff..TSS.Conc. + CODds..mg.L. + SACto..1.m. + NSEC.Aerobic.SRT + NSEC.Effluent.NH3 + NSEC.Effluent.NO5",0.1269730947173,0.695570665214164,"3,2"
"10435","N..Eff..TSS.Conc. + CODds..mg.L. + SACto..1.m. + NSEC.Aerobic.SRT + NSEC.Effluent.NH3 + NSEC.Effluent.Flow",0.136847401456345,0.825889180812076,"3,2"
"10436","N..Eff..TSS.Conc. + CODds..mg.L. + SACto..1.m. + NSEC.Aerobic.SRT + NSEC.Effluent.NO3 + NSEC.Effluent.OP",0.18965488097268,0.693336429250291,"3,2"
"10437","N..Eff..TSS.Conc. + CODds..mg.L. + SACto..1.m. + NSEC.Aerobic.SRT + NSEC.Effluent.NO3 + NSEC.Effluent.TSS",0.120941755568714,0.72213342243057,"3,2"
"10438","N..Eff..TSS.Conc. + CODds..mg.L. + SACto..1.m. + NSEC.Aerobic.SRT + NSEC.Effluent.NO3 + NSEC.Effluent.NO5",0.131942832660358,0.63994228614408,"3,2"
"10439","N..Eff..TSS.Conc. + CODds..mg.L. + SACto..1.m. + NSEC.Aerobic.SRT + NSEC.Effluent.NO3 + NSEC.Effluent.Flow",0.161326420347102,0.829502046161225,"3,2"
"10440","N..Eff..TSS.Conc. + CODds..mg.L. + SACto..1.m. + NSEC.Aerobic.SRT + NSEC.Effluent.OP + NSEC.Effluent.TSS",0.193979625450773,0.684151860411735,"3,2"
"10441","N..Eff..TSS.Conc. + CODds..mg.L. + SACto..1.m. + NSEC.Aerobic.SRT + NSEC.Effluent.OP + NSEC.Effluent.NO5",0.213266621737982,0.719988444716418,"3,2"
"10442","N..Eff..TSS.Conc. + CODds..mg.L. + SACto..1.m. + NSEC.Aerobic.SRT + NSEC.Effluent.OP + NSEC.Effluent.Flow",0.188786839075819,0.815094196741987,"3,2"
"10443","N..Eff..TSS.Conc. + CODds..mg.L. + SACto..1.m. + NSEC.Aerobic.SRT + NSEC.Effluent.TSS + NSEC.Effluent.NO5",0.204087787738578,0.666248097217908,"3,2"
"10444","N..Eff..TSS.Conc. + CODds..mg.L. + SACto..1.m. + NSEC.Aerobic.SRT + NSEC.Effluent.TSS + NSEC.Effluent.Flow",0.113293718499293,0.794775332607281,"3,2"
"10445","N..Eff..TSS.Conc. + CODds..mg.L. + SACto..1.m. + NSEC.Aerobic.SRT + NSEC.Effluent.NO5 + NSEC.Effluent.Flow",0.0690367283024311,0.792407095355155,"3,2"
"10446","N..Eff..TSS.Conc. + CODds..mg.L. + SACto..1.m. + NSEC.Effluent.NH3 + NSEC.Effluent.NO3 + NSEC.Effluent.OP",0.166950914111877,0.602162114677234,"3,2"
"10447","N..Eff..TSS.Conc. + CODds..mg.L. + SACto..1.m. + NSEC.Effluent.NH3 + NSEC.Effluent.NO3 + NSEC.Effluent.TSS",0.202842130289925,0.607638688112675,"3,2"
"10448","N..Eff..TSS.Conc. + CODds..mg.L. + SACto..1.m. + NSEC.Effluent.NH3 + NSEC.Effluent.NO3 + NSEC.Effluent.NO5",0.237506724611332,0.650209286317964,"3,2"
"10449","N..Eff..TSS.Conc. + CODds..mg.L. + SACto..1.m. + NSEC.Effluent.NH3 + NSEC.Effluent.NO3 + NSEC.Effluent.Flow",0.336810696056009,0.645421432894756,"3,2"
"10450","N..Eff..TSS.Conc. + CODds..mg.L. + SACto..1.m. + NSEC.Effluent.NH3 + NSEC.Effluent.OP + NSEC.Effluent.TSS",0.135016731992943,0.604435345764288,"3,2"
"10451","N..Eff..TSS.Conc. + CODds..mg.L. + SACto..1.m. + NSEC.Effluent.NH3 + NSEC.Effluent.OP + NSEC.Effluent.NO5",0.205991724793964,0.617655672283899,"3,2"
"10452","N..Eff..TSS.Conc. + CODds..mg.L. + SACto..1.m. + NSEC.Effluent.NH3 + NSEC.Effluent.OP + NSEC.Effluent.Flow",0.227189207280734,0.705317489411119,"3,2"
"10453","N..Eff..TSS.Conc. + CODds..mg.L. + SACto..1.m. + NSEC.Effluent.NH3 + NSEC.Effluent.TSS + NSEC.Effluent.NO5",0.129507662322307,0.534846691876117,"3,2"
"10454","N..Eff..TSS.Conc. + CODds..mg.L. + SACto..1.m. + NSEC.Effluent.NH3 + NSEC.Effluent.TSS + NSEC.Effluent.Flow",0.248429071698052,0.669558882393046,"3,2"
"10455","N..Eff..TSS.Conc. + CODds..mg.L. + SACto..1.m. + NSEC.Effluent.NH3 + NSEC.Effluent.NO5 + NSEC.Effluent.Flow",0.168208782293573,0.686464378005099,"3,2"
"10456","N..Eff..TSS.Conc. + CODds..mg.L. + SACto..1.m. + NSEC.Effluent.NO3 + NSEC.Effluent.OP + NSEC.Effluent.TSS",0.103538649896636,0.609368932760627,"3,2"
"10457","N..Eff..TSS.Conc. + CODds..mg.L. + SACto..1.m. + NSEC.Effluent.NO3 + NSEC.Effluent.OP + NSEC.Effluent.NO5",0.201238030474007,0.605921624287785,"3,2"
"10458","N..Eff..TSS.Conc. + CODds..mg.L. + SACto..1.m. + NSEC.Effluent.NO3 + NSEC.Effluent.OP + NSEC.Effluent.Flow",0.0492410062774065,0.704040137772698,"3,2"
"10459","N..Eff..TSS.Conc. + CODds..mg.L. + SACto..1.m. + NSEC.Effluent.NO3 + NSEC.Effluent.TSS + NSEC.Effluent.NO5",0.091442329578558,0.714095406642739,"3,2"
"10460","N..Eff..TSS.Conc. + CODds..mg.L. + SACto..1.m. + NSEC.Effluent.NO3 + NSEC.Effluent.TSS + NSEC.Effluent.Flow",0.251582545880257,0.721279435710082,"3,2"
"10461","N..Eff..TSS.Conc. + CODds..mg.L. + SACto..1.m. + NSEC.Effluent.NO3 + NSEC.Effluent.NO5 + NSEC.Effluent.Flow",0.30925515646484,0.691097125802164,"3,2"
"10462","N..Eff..TSS.Conc. + CODds..mg.L. + SACto..1.m. + NSEC.Effluent.OP + NSEC.Effluent.TSS + NSEC.Effluent.NO5",0.123372450888395,0.62581249833935,"3,2"
"10463","N..Eff..TSS.Conc. + CODds..mg.L. + SACto..1.m. + NSEC.Effluent.OP + NSEC.Effluent.TSS + NSEC.Effluent.Flow",0.226207316608104,0.73650383182734,"3,2"
"10464","N..Eff..TSS.Conc. + CODds..mg.L. + SACto..1.m. + NSEC.Effluent.OP + NSEC.Effluent.NO5 + NSEC.Effluent.Flow",0.218588485532356,0.700195893334499,"3,2"
"10465","N..Eff..TSS.Conc. + CODds..mg.L. + SACto..1.m. + NSEC.Effluent.TSS + NSEC.Effluent.NO5 + NSEC.Effluent.Flow",0.231569049678123,0.67062796037315,"3,2"
"10466","N..Eff..TSS.Conc. + CODds..mg.L. + NSEC.Aerobic.SRT + NSEC.Effluent.NH3 + NSEC.Effluent.NO3 + NSEC.Effluent.OP",0.479888378649943,0.759374302700789,"3,2"
"10467","N..Eff..TSS.Conc. + CODds..mg.L. + NSEC.Aerobic.SRT + NSEC.Effluent.NH3 + NSEC.Effluent.NO3 + NSEC.Effluent.TSS",0.180129742485546,0.706385164369447,"3,2"
"10468","N..Eff..TSS.Conc. + CODds..mg.L. + NSEC.Aerobic.SRT + NSEC.Effluent.NH3 + NSEC.Effluent.NO3 + NSEC.Effluent.NO5",0.305668621654265,0.743100360404925,"3,2"
"10469","N..Eff..TSS.Conc. + CODds..mg.L. + NSEC.Aerobic.SRT + NSEC.Effluent.NH3 + NSEC.Effluent.NO3 + NSEC.Effluent.Flow",0.338616536272213,0.761646761118556,"3,2"
"10470","N..Eff..TSS.Conc. + CODds..mg.L. + NSEC.Aerobic.SRT + NSEC.Effluent.NH3 + NSEC.Effluent.OP + NSEC.Effluent.TSS",0.217205300629441,0.77369350704588,"3,2"
"10471","N..Eff..TSS.Conc. + CODds..mg.L. + NSEC.Aerobic.SRT + NSEC.Effluent.NH3 + NSEC.Effluent.OP + NSEC.Effluent.NO5",0.0802233085702815,0.588829228970237,"3,2"
"10472","N..Eff..TSS.Conc. + CODds..mg.L. + NSEC.Aerobic.SRT + NSEC.Effluent.NH3 + NSEC.Effluent.OP + NSEC.Effluent.Flow",0.309656726161454,0.759477058183166,"3,2"
"10473","N..Eff..TSS.Conc. + CODds..mg.L. + NSEC.Aerobic.SRT + NSEC.Effluent.NH3 + NSEC.Effluent.TSS + NSEC.Effluent.NO5",0.269184303513988,0.686599373055462,"3,2"
"10474","N..Eff..TSS.Conc. + CODds..mg.L. + NSEC.Aerobic.SRT + NSEC.Effluent.NH3 + NSEC.Effluent.TSS + NSEC.Effluent.Flow",0.194177567202785,0.656801008138244,"3,2"
"10475","N..Eff..TSS.Conc. + CODds..mg.L. + NSEC.Aerobic.SRT + NSEC.Effluent.NH3 + NSEC.Effluent.NO5 + NSEC.Effluent.Flow",0.314498313733133,0.803795731937992,"3,2"
"10476","N..Eff..TSS.Conc. + CODds..mg.L. + NSEC.Aerobic.SRT + NSEC.Effluent.NO3 + NSEC.Effluent.OP + NSEC.Effluent.TSS",0.429098433944366,0.791524261378765,"3,2"
"10477","N..Eff..TSS.Conc. + CODds..mg.L. + NSEC.Aerobic.SRT + NSEC.Effluent.NO3 + NSEC.Effluent.OP + NSEC.Effluent.NO5",0.284054231327844,0.81906059169042,"3,2"
"10478","N..Eff..TSS.Conc. + CODds..mg.L. + NSEC.Aerobic.SRT + NSEC.Effluent.NO3 + NSEC.Effluent.OP + NSEC.Effluent.Flow",0.360081428591145,0.799858370385197,"3,2"
"10479","N..Eff..TSS.Conc. + CODds..mg.L. + NSEC.Aerobic.SRT + NSEC.Effluent.NO3 + NSEC.Effluent.TSS + NSEC.Effluent.NO5",0.262451854139129,0.710865341430337,"3,2"
"10480","N..Eff..TSS.Conc. + CODds..mg.L. + NSEC.Aerobic.SRT + NSEC.Effluent.NO3 + NSEC.Effluent.TSS + NSEC.Effluent.Flow",0.453669007902955,0.767024530733688,"3,2"
"10481","N..Eff..TSS.Conc. + CODds..mg.L. + NSEC.Aerobic.SRT + NSEC.Effluent.NO3 + NSEC.Effluent.NO5 + NSEC.Effluent.Flow",0.326701659408201,0.809789160905237,"3,2"
"10482","N..Eff..TSS.Conc. + CODds..mg.L. + NSEC.Aerobic.SRT + NSEC.Effluent.OP + NSEC.Effluent.TSS + NSEC.Effluent.NO5",0.367964084482212,0.750524651895676,"3,2"
"10483","N..Eff..TSS.Conc. + CODds..mg.L. + NSEC.Aerobic.SRT + NSEC.Effluent.OP + NSEC.Effluent.TSS + NSEC.Effluent.Flow",0.268180044752402,0.744096419313531,"3,2"
"10484","N..Eff..TSS.Conc. + CODds..mg.L. + NSEC.Aerobic.SRT + NSEC.Effluent.OP + NSEC.Effluent.NO5 + NSEC.Effluent.Flow",0.331912750269933,0.775630077650985,"3,2"
"10485","N..Eff..TSS.Conc. + CODds..mg.L. + NSEC.Aerobic.SRT + NSEC.Effluent.TSS + NSEC.Effluent.NO5 + NSEC.Effluent.Flow",0.188441986778828,0.721887481756363,"3,2"
"10486","N..Eff..TSS.Conc. + CODds..mg.L. + NSEC.Effluent.NH3 + NSEC.Effluent.NO3 + NSEC.Effluent.OP + NSEC.Effluent.TSS",0.00693530003952736,0.56789342528883,"3,2"
"10487","N..Eff..TSS.Conc. + CODds..mg.L. + NSEC.Effluent.NH3 + NSEC.Effluent.NO3 + NSEC.Effluent.OP + NSEC.Effluent.NO5",0.24056214410353,0.682366542660844,"3,2"
"10488","N..Eff..TSS.Conc. + CODds..mg.L. + NSEC.Effluent.NH3 + NSEC.Effluent.NO3 + NSEC.Effluent.OP + NSEC.Effluent.Flow",0.102786812993112,0.670336500063689,"3,2"
"10489","N..Eff..TSS.Conc. + CODds..mg.L. + NSEC.Effluent.NH3 + NSEC.Effluent.NO3 + NSEC.Effluent.TSS + NSEC.Effluent.NO5",0.136219554594553,0.598693957367577,"3,2"
"10490","N..Eff..TSS.Conc. + CODds..mg.L. + NSEC.Effluent.NH3 + NSEC.Effluent.NO3 + NSEC.Effluent.TSS + NSEC.Effluent.Flow",0.151320270729073,0.685370107063757,"3,2"
"10491","N..Eff..TSS.Conc. + CODds..mg.L. + NSEC.Effluent.NH3 + NSEC.Effluent.NO3 + NSEC.Effluent.NO5 + NSEC.Effluent.Flow",0.25985036791575,0.673855289656376,"3,2"
"10492","N..Eff..TSS.Conc. + CODds..mg.L. + NSEC.Effluent.NH3 + NSEC.Effluent.OP + NSEC.Effluent.TSS + NSEC.Effluent.NO5",0.0587110810535103,0.515463810816226,"3,2"
"10493","N..Eff..TSS.Conc. + CODds..mg.L. + NSEC.Effluent.NH3 + NSEC.Effluent.OP + NSEC.Effluent.TSS + NSEC.Effluent.Flow",0.190777825414988,0.670272196866726,"3,2"
"10494","N..Eff..TSS.Conc. + CODds..mg.L. + NSEC.Effluent.NH3 + NSEC.Effluent.OP + NSEC.Effluent.NO5 + NSEC.Effluent.Flow",0.183922133835491,0.666126980004267,"3,2"
"10495","N..Eff..TSS.Conc. + CODds..mg.L. + NSEC.Effluent.NH3 + NSEC.Effluent.TSS + NSEC.Effluent.NO5 + NSEC.Effluent.Flow",0.129951829103042,0.577627749816047,"3,2"
"10496","N..Eff..TSS.Conc. + CODds..mg.L. + NSEC.Effluent.NO3 + NSEC.Effluent.OP + NSEC.Effluent.TSS + NSEC.Effluent.NO5",0.0674358003371842,0.582353565343039,"3,2"
"10497","N..Eff..TSS.Conc. + CODds..mg.L. + NSEC.Effluent.NO3 + NSEC.Effluent.OP + NSEC.Effluent.TSS + NSEC.Effluent.Flow",0.0891537969333451,0.649164200465989,"3,2"
"10498","N..Eff..TSS.Conc. + CODds..mg.L. + NSEC.Effluent.NO3 + NSEC.Effluent.OP + NSEC.Effluent.NO5 + NSEC.Effluent.Flow",0.262518892520693,0.749746759330685,"3,2"
"10499","N..Eff..TSS.Conc. + CODds..mg.L. + NSEC.Effluent.NO3 + NSEC.Effluent.TSS + NSEC.Effluent.NO5 + NSEC.Effluent.Flow",0.166868592088935,0.639866551975629,"3,2"
"10500","N..Eff..TSS.Conc. + CODds..mg.L. + NSEC.Effluent.OP + NSEC.Effluent.TSS + NSEC.Effluent.NO5 + NSEC.Effluent.Flow",0.0133828126993984,0.642779925349946,"3,2"
"10501","N..Eff..TSS.Conc. + SACto..1.m. + NSEC.Aerobic.SRT + NSEC.Effluent.NH3 + NSEC.Effluent.NO3 + NSEC.Effluent.OP",0.180805582286137,0.733644885108462,"3,2"
"10502","N..Eff..TSS.Conc. + SACto..1.m. + NSEC.Aerobic.SRT + NSEC.Effluent.NH3 + NSEC.Effluent.NO3 + NSEC.Effluent.TSS",0.180127349217389,0.668800784531417,"3,2"
"10503","N..Eff..TSS.Conc. + SACto..1.m. + NSEC.Aerobic.SRT + NSEC.Effluent.NH3 + NSEC.Effluent.NO3 + NSEC.Effluent.NO5",0.350248245517869,0.638769397118978,"3,2"
"10504","N..Eff..TSS.Conc. + SACto..1.m. + NSEC.Aerobic.SRT + NSEC.Effluent.NH3 + NSEC.Effluent.NO3 + NSEC.Effluent.Flow",0.100795030429417,0.767349281806601,"3,2"
"10505","N..Eff..TSS.Conc. + SACto..1.m. + NSEC.Aerobic.SRT + NSEC.Effluent.NH3 + NSEC.Effluent.OP + NSEC.Effluent.TSS",0.206280499907262,0.766106810323668,"3,2"
"10506","N..Eff..TSS.Conc. + SACto..1.m. + NSEC.Aerobic.SRT + NSEC.Effluent.NH3 + NSEC.Effluent.OP + NSEC.Effluent.NO5",0.389196533557502,0.730034314707315,"3,2"
"10507","N..Eff..TSS.Conc. + SACto..1.m. + NSEC.Aerobic.SRT + NSEC.Effluent.NH3 + NSEC.Effluent.OP + NSEC.Effluent.Flow",0.0351618894243044,0.754048255099068,"3,2"
"10508","N..Eff..TSS.Conc. + SACto..1.m. + NSEC.Aerobic.SRT + NSEC.Effluent.NH3 + NSEC.Effluent.TSS + NSEC.Effluent.NO5",0.179107282752129,0.765854356494194,"3,2"
"10509","N..Eff..TSS.Conc. + SACto..1.m. + NSEC.Aerobic.SRT + NSEC.Effluent.NH3 + NSEC.Effluent.TSS + NSEC.Effluent.Flow",0.260880283642168,0.820229255167289,"3,2"
"10510","N..Eff..TSS.Conc. + SACto..1.m. + NSEC.Aerobic.SRT + NSEC.Effluent.NH3 + NSEC.Effluent.NO5 + NSEC.Effluent.Flow",0.00123663668995144,0.807023321399095,"3,2"
"10511","N..Eff..TSS.Conc. + SACto..1.m. + NSEC.Aerobic.SRT + NSEC.Effluent.NO3 + NSEC.Effluent.OP + NSEC.Effluent.TSS",0.188519016200875,0.695874072889241,"3,2"
"10512","N..Eff..TSS.Conc. + SACto..1.m. + NSEC.Aerobic.SRT + NSEC.Effluent.NO3 + NSEC.Effluent.OP + NSEC.Effluent.NO5",0.200081139090751,0.728546652952156,"3,2"
"10513","N..Eff..TSS.Conc. + SACto..1.m. + NSEC.Aerobic.SRT + NSEC.Effluent.NO3 + NSEC.Effluent.OP + NSEC.Effluent.Flow",0.0635082279280534,0.742666428859582,"3,2"
"10514","N..Eff..TSS.Conc. + SACto..1.m. + NSEC.Aerobic.SRT + NSEC.Effluent.NO3 + NSEC.Effluent.TSS + NSEC.Effluent.NO5",0.0035414383280119,0.757967105064282,"3,2"
"10515","N..Eff..TSS.Conc. + SACto..1.m. + NSEC.Aerobic.SRT + NSEC.Effluent.NO3 + NSEC.Effluent.TSS + NSEC.Effluent.Flow",0.0288720880863065,0.713465094680082,"3,2"
"10516","N..Eff..TSS.Conc. + SACto..1.m. + NSEC.Aerobic.SRT + NSEC.Effluent.NO3 + NSEC.Effluent.NO5 + NSEC.Effluent.Flow",0.0848987878835068,0.68017727309163,"3,2"
"10517","N..Eff..TSS.Conc. + SACto..1.m. + NSEC.Aerobic.SRT + NSEC.Effluent.OP + NSEC.Effluent.TSS + NSEC.Effluent.NO5",0.260949281043701,0.730102398312204,"3,2"
"10518","N..Eff..TSS.Conc. + SACto..1.m. + NSEC.Aerobic.SRT + NSEC.Effluent.OP + NSEC.Effluent.TSS + NSEC.Effluent.Flow",0.13037915725678,0.687880592492148,"3,2"
"10519","N..Eff..TSS.Conc. + SACto..1.m. + NSEC.Aerobic.SRT + NSEC.Effluent.OP + NSEC.Effluent.NO5 + NSEC.Effluent.Flow",0.122465259693123,0.754622434055093,"3,2"
"10520","N..Eff..TSS.Conc. + SACto..1.m. + NSEC.Aerobic.SRT + NSEC.Effluent.TSS + NSEC.Effluent.NO5 + NSEC.Effluent.Flow",0.11036289046211,0.758623457652165,"3,2"
"10521","N..Eff..TSS.Conc. + SACto..1.m. + NSEC.Effluent.NH3 + NSEC.Effluent.NO3 + NSEC.Effluent.OP + NSEC.Effluent.TSS",0.228473725090645,0.598730552783386,"3,2"
"10522","N..Eff..TSS.Conc. + SACto..1.m. + NSEC.Effluent.NH3 + NSEC.Effluent.NO3 + NSEC.Effluent.OP + NSEC.Effluent.NO5",0.244123564742151,0.66328051447963,"3,2"
"10523","N..Eff..TSS.Conc. + SACto..1.m. + NSEC.Effluent.NH3 + NSEC.Effluent.NO3 + NSEC.Effluent.OP + NSEC.Effluent.Flow",0.151230138821036,0.606338632728325,"3,2"
"10524","N..Eff..TSS.Conc. + SACto..1.m. + NSEC.Effluent.NH3 + NSEC.Effluent.NO3 + NSEC.Effluent.TSS + NSEC.Effluent.NO5",0.192788217773129,0.0120162850605294,"3,2"
"10525","N..Eff..TSS.Conc. + SACto..1.m. + NSEC.Effluent.NH3 + NSEC.Effluent.NO3 + NSEC.Effluent.TSS + NSEC.Effluent.Flow",0.0733684210335945,0.435802254628643,"3,2"
"10526","N..Eff..TSS.Conc. + SACto..1.m. + NSEC.Effluent.NH3 + NSEC.Effluent.NO3 + NSEC.Effluent.NO5 + NSEC.Effluent.Flow",0.241233484444258,0.587853450673285,"3,2"
"10527","N..Eff..TSS.Conc. + SACto..1.m. + NSEC.Effluent.NH3 + NSEC.Effluent.OP + NSEC.Effluent.TSS + NSEC.Effluent.NO5",0.258087892556861,0.611910788542062,"3,2"
"10528","N..Eff..TSS.Conc. + SACto..1.m. + NSEC.Effluent.NH3 + NSEC.Effluent.OP + NSEC.Effluent.TSS + NSEC.Effluent.Flow",0.0236421957602768,0.449161897124309,"3,2"
"10529","N..Eff..TSS.Conc. + SACto..1.m. + NSEC.Effluent.NH3 + NSEC.Effluent.OP + NSEC.Effluent.NO5 + NSEC.Effluent.Flow",0.273195643207969,0.629294656926014,"3,2"
"10530","N..Eff..TSS.Conc. + SACto..1.m. + NSEC.Effluent.NH3 + NSEC.Effluent.TSS + NSEC.Effluent.NO5 + NSEC.Effluent.Flow",0.265179990587912,0.554270664362427,"3,2"
"10531","N..Eff..TSS.Conc. + SACto..1.m. + NSEC.Effluent.NO3 + NSEC.Effluent.OP + NSEC.Effluent.TSS + NSEC.Effluent.NO5",0.324144291838286,0.564541091521558,"3,2"
"10532","N..Eff..TSS.Conc. + SACto..1.m. + NSEC.Effluent.NO3 + NSEC.Effluent.OP + NSEC.Effluent.TSS + NSEC.Effluent.Flow",0.0713912074143834,0.533229366626802,"3,2"
"10533","N..Eff..TSS.Conc. + SACto..1.m. + NSEC.Effluent.NO3 + NSEC.Effluent.OP + NSEC.Effluent.NO5 + NSEC.Effluent.Flow",0.253559210048637,0.682658534580274,"3,2"
"10534","N..Eff..TSS.Conc. + SACto..1.m. + NSEC.Effluent.NO3 + NSEC.Effluent.TSS + NSEC.Effluent.NO5 + NSEC.Effluent.Flow",0.177389776428929,0.486403110868649,"3,2"
"10535","N..Eff..TSS.Conc. + SACto..1.m. + NSEC.Effluent.OP + NSEC.Effluent.TSS + NSEC.Effluent.NO5 + NSEC.Effluent.Flow",0.22824024445129,0.698254303419005,"3,2"
"10536","N..Eff..TSS.Conc. + NSEC.Aerobic.SRT + NSEC.Effluent.NH3 + NSEC.Effluent.NO3 + NSEC.Effluent.OP + NSEC.Effluent.TSS",0.0012432090961445,0.394788299130326,"3,2"
"10537","N..Eff..TSS.Conc. + NSEC.Aerobic.SRT + NSEC.Effluent.NH3 + NSEC.Effluent.NO3 + NSEC.Effluent.OP + NSEC.Effluent.NO5",0.194101334675857,0.772763822278227,"3,2"
"10538","N..Eff..TSS.Conc. + NSEC.Aerobic.SRT + NSEC.Effluent.NH3 + NSEC.Effluent.NO3 + NSEC.Effluent.OP + NSEC.Effluent.Flow",0.308196071116105,0.734886363586053,"3,2"
"10539","N..Eff..TSS.Conc. + NSEC.Aerobic.SRT + NSEC.Effluent.NH3 + NSEC.Effluent.NO3 + NSEC.Effluent.TSS + NSEC.Effluent.NO5",0.0107114011964824,0.355455214692194,"3,2"
"10540","N..Eff..TSS.Conc. + NSEC.Aerobic.SRT + NSEC.Effluent.NH3 + NSEC.Effluent.NO3 + NSEC.Effluent.TSS + NSEC.Effluent.Flow",0.00489275815833423,0.429121615176848,"3,2"
"10541","N..Eff..TSS.Conc. + NSEC.Aerobic.SRT + NSEC.Effluent.NH3 + NSEC.Effluent.NO3 + NSEC.Effluent.NO5 + NSEC.Effluent.Flow",0.122132015239652,0.734907622378341,"3,2"
"10542","N..Eff..TSS.Conc. + NSEC.Aerobic.SRT + NSEC.Effluent.NH3 + NSEC.Effluent.OP + NSEC.Effluent.TSS + NSEC.Effluent.NO5",0.119232694846423,0.654203799108857,"3,2"
"10543","N..Eff..TSS.Conc. + NSEC.Aerobic.SRT + NSEC.Effluent.NH3 + NSEC.Effluent.OP + NSEC.Effluent.TSS + NSEC.Effluent.Flow",0.0338454371070576,0.542288220268105,"3,2"
"10544","N..Eff..TSS.Conc. + NSEC.Aerobic.SRT + NSEC.Effluent.NH3 + NSEC.Effluent.OP + NSEC.Effluent.NO5 + NSEC.Effluent.Flow",0.296459780420579,0.765287326617953,"3,2"
"10545","N..Eff..TSS.Conc. + NSEC.Aerobic.SRT + NSEC.Effluent.NH3 + NSEC.Effluent.TSS + NSEC.Effluent.NO5 + NSEC.Effluent.Flow",0.0091153614500219,0.413986639540202,"3,2"
"10546","N..Eff..TSS.Conc. + NSEC.Aerobic.SRT + NSEC.Effluent.NO3 + NSEC.Effluent.OP + NSEC.Effluent.TSS + NSEC.Effluent.NO5",0.197986817185366,0.689885709155854,"3,2"
"10547","N..Eff..TSS.Conc. + NSEC.Aerobic.SRT + NSEC.Effluent.NO3 + NSEC.Effluent.OP + NSEC.Effluent.TSS + NSEC.Effluent.Flow",0.0415052990273532,0.50039207389163,"3,2"
"10548","N..Eff..TSS.Conc. + NSEC.Aerobic.SRT + NSEC.Effluent.NO3 + NSEC.Effluent.OP + NSEC.Effluent.NO5 + NSEC.Effluent.Flow",0.252329364156726,0.78577449204785,"3,2"
"10549","N..Eff..TSS.Conc. + NSEC.Aerobic.SRT + NSEC.Effluent.NO3 + NSEC.Effluent.TSS + NSEC.Effluent.NO5 + NSEC.Effluent.Flow",0.00533539730986288,0.446729703041715,"3,2"
"10550","N..Eff..TSS.Conc. + NSEC.Aerobic.SRT + NSEC.Effluent.OP + NSEC.Effluent.TSS + NSEC.Effluent.NO5 + NSEC.Effluent.Flow",0.194631263770641,0.609775493748233,"3,2"
"10551","N..Eff..TSS.Conc. + NSEC.Effluent.NH3 + NSEC.Effluent.NO3 + NSEC.Effluent.OP + NSEC.Effluent.TSS + NSEC.Effluent.NO5",0.335448601430551,0.596869051736773,"3,2"
"10552","N..Eff..TSS.Conc. + NSEC.Effluent.NH3 + NSEC.Effluent.NO3 + NSEC.Effluent.OP + NSEC.Effluent.TSS + NSEC.Effluent.Flow",0.169151334165485,0.62259378045931,"3,2"
"10553","N..Eff..TSS.Conc. + NSEC.Effluent.NH3 + NSEC.Effluent.NO3 + NSEC.Effluent.OP + NSEC.Effluent.NO5 + NSEC.Effluent.Flow",0.25710454188396,0.649795961027216,"3,2"
"10554","N..Eff..TSS.Conc. + NSEC.Effluent.NH3 + NSEC.Effluent.NO3 + NSEC.Effluent.TSS + NSEC.Effluent.NO5 + NSEC.Effluent.Flow",0.0557888335850119,0.543980556576301,"3,2"
"10555","N..Eff..TSS.Conc. + NSEC.Effluent.NH3 + NSEC.Effluent.OP + NSEC.Effluent.TSS + NSEC.Effluent.NO5 + NSEC.Effluent.Flow",0.0777810413420217,0.628715826371611,"3,2"
"10556","N..Eff..TSS.Conc. + NSEC.Effluent.NO3 + NSEC.Effluent.OP + NSEC.Effluent.TSS + NSEC.Effluent.NO5 + NSEC.Effluent.Flow",0.0844357551468304,0.568028671546235,"3,2"
"10557","Temp..of.NSEC.Main.Ch. + Temp..of.the.Atmos. + Secondary.Effluent.Flow + N..Basin.Outfall + CODto..mg.L. + TSS..mg.L.",0.193058726181727,0.143737972636883,"3,2"
"10558","Temp..of.NSEC.Main.Ch. + Temp..of.the.Atmos. + Secondary.Effluent.Flow + N..Basin.Outfall + CODto..mg.L. + UVT....",0.101400442477126,0.680658343141918,"3,2"
"10559","Temp..of.NSEC.Main.Ch. + Temp..of.the.Atmos. + Secondary.Effluent.Flow + N..Basin.Outfall + CODto..mg.L. + CODds..mg.L.",0.238846632377707,0.614430709513334,"3,2"
"10560","Temp..of.NSEC.Main.Ch. + Temp..of.the.Atmos. + Secondary.Effluent.Flow + N..Basin.Outfall + CODto..mg.L. + SACto..1.m.",0.121739721419489,0.663125652647072,"3,2"
"10561","Temp..of.NSEC.Main.Ch. + Temp..of.the.Atmos. + Secondary.Effluent.Flow + N..Basin.Outfall + CODto..mg.L. + NSEC.Aerobic.SRT",0.0386304963115731,0.66233901886207,"3,2"
"10562","Temp..of.NSEC.Main.Ch. + Temp..of.the.Atmos. + Secondary.Effluent.Flow + N..Basin.Outfall + CODto..mg.L. + NSEC.Effluent.NH3",0.00997974468936125,0.463106300335349,"3,2"
"10563","Temp..of.NSEC.Main.Ch. + Temp..of.the.Atmos. + Secondary.Effluent.Flow + N..Basin.Outfall + CODto..mg.L. + NSEC.Effluent.NO3",0.167900110796583,0.609895180209459,"3,2"
"10564","Temp..of.NSEC.Main.Ch. + Temp..of.the.Atmos. + Secondary.Effluent.Flow + N..Basin.Outfall + CODto..mg.L. + NSEC.Effluent.OP",0.144888327280291,0.526544616104838,"3,2"
"10565","Temp..of.NSEC.Main.Ch. + Temp..of.the.Atmos. + Secondary.Effluent.Flow + N..Basin.Outfall + CODto..mg.L. + NSEC.Effluent.TSS",0.0621187119988158,0.574582917291545,"3,2"
"10566","Temp..of.NSEC.Main.Ch. + Temp..of.the.Atmos. + Secondary.Effluent.Flow + N..Basin.Outfall + CODto..mg.L. + NSEC.Effluent.NO5",0.327409687781977,0.58546847562207,"3,2"
"10567","Temp..of.NSEC.Main.Ch. + Temp..of.the.Atmos. + Secondary.Effluent.Flow + N..Basin.Outfall + CODto..mg.L. + NSEC.Effluent.Flow",0.0553945768879489,0.512829943554725,"3,2"
"10568","Temp..of.NSEC.Main.Ch. + Temp..of.the.Atmos. + Secondary.Effluent.Flow + N..Basin.Outfall + TSS..mg.L. + UVT....",0.0619295178338484,0.720822152527349,"3,2"
"10569","Temp..of.NSEC.Main.Ch. + Temp..of.the.Atmos. + Secondary.Effluent.Flow + N..Basin.Outfall + TSS..mg.L. + CODds..mg.L.",0.0759059597730398,0.640261163955322,"3,2"
"10570","Temp..of.NSEC.Main.Ch. + Temp..of.the.Atmos. + Secondary.Effluent.Flow + N..Basin.Outfall + TSS..mg.L. + SACto..1.m.",0.210520641251484,0.691986903571978,"3,2"
"10571","Temp..of.NSEC.Main.Ch. + Temp..of.the.Atmos. + Secondary.Effluent.Flow + N..Basin.Outfall + TSS..mg.L. + NSEC.Aerobic.SRT",0.06080197659506,0.71928388599223,"3,2"
"10572","Temp..of.NSEC.Main.Ch. + Temp..of.the.Atmos. + Secondary.Effluent.Flow + N..Basin.Outfall + TSS..mg.L. + NSEC.Effluent.NH3",0.420379295336331,0.627257099478971,"3,2"
"10573","Temp..of.NSEC.Main.Ch. + Temp..of.the.Atmos. + Secondary.Effluent.Flow + N..Basin.Outfall + TSS..mg.L. + NSEC.Effluent.NO3",0.0169343396200117,0.652315760124048,"3,2"
"10574","Temp..of.NSEC.Main.Ch. + Temp..of.the.Atmos. + Secondary.Effluent.Flow + N..Basin.Outfall + TSS..mg.L. + NSEC.Effluent.OP",0.0918506181947676,0.452512105293606,"3,2"
"10575","Temp..of.NSEC.Main.Ch. + Temp..of.the.Atmos. + Secondary.Effluent.Flow + N..Basin.Outfall + TSS..mg.L. + NSEC.Effluent.TSS",0.156084560885829,0.512008726793061,"3,2"
"10576","Temp..of.NSEC.Main.Ch. + Temp..of.the.Atmos. + Secondary.Effluent.Flow + N..Basin.Outfall + TSS..mg.L. + NSEC.Effluent.NO5",0.069702826062104,0.480143507582163,"3,2"
"10577","Temp..of.NSEC.Main.Ch. + Temp..of.the.Atmos. + Secondary.Effluent.Flow + N..Basin.Outfall + TSS..mg.L. + NSEC.Effluent.Flow",0.0940443642173219,0.528664465366266,"3,2"
"10578","Temp..of.NSEC.Main.Ch. + Temp..of.the.Atmos. + Secondary.Effluent.Flow + N..Basin.Outfall + UVT.... + CODds..mg.L.",0.193364139491685,0.0921636697187765,"3,2"
"10579","Temp..of.NSEC.Main.Ch. + Temp..of.the.Atmos. + Secondary.Effluent.Flow + N..Basin.Outfall + UVT.... + SACto..1.m.",0.0603701284790807,0.523221873694703,"3,2"
"10580","Temp..of.NSEC.Main.Ch. + Temp..of.the.Atmos. + Secondary.Effluent.Flow + N..Basin.Outfall + UVT.... + NSEC.Aerobic.SRT",0.10130047056625,0.713189602374865,"3,2"
"10581","Temp..of.NSEC.Main.Ch. + Temp..of.the.Atmos. + Secondary.Effluent.Flow + N..Basin.Outfall + UVT.... + NSEC.Effluent.NH3",0.0817530840909397,0.569911381423455,"3,2"
"10582","Temp..of.NSEC.Main.Ch. + Temp..of.the.Atmos. + Secondary.Effluent.Flow + N..Basin.Outfall + UVT.... + NSEC.Effluent.NO3",0.0525863362840275,0.688943011424209,"3,2"
"10583","Temp..of.NSEC.Main.Ch. + Temp..of.the.Atmos. + Secondary.Effluent.Flow + N..Basin.Outfall + UVT.... + NSEC.Effluent.OP",0.0171107741397112,0.599777720374628,"3,2"
"10584","Temp..of.NSEC.Main.Ch. + Temp..of.the.Atmos. + Secondary.Effluent.Flow + N..Basin.Outfall + UVT.... + NSEC.Effluent.TSS",0.119820853186697,0.706996201626891,"3,2"
"10585","Temp..of.NSEC.Main.Ch. + Temp..of.the.Atmos. + Secondary.Effluent.Flow + N..Basin.Outfall + UVT.... + NSEC.Effluent.NO5",0.150286819798851,0.603911363070981,"3,2"
"10586","Temp..of.NSEC.Main.Ch. + Temp..of.the.Atmos. + Secondary.Effluent.Flow + N..Basin.Outfall + UVT.... + NSEC.Effluent.Flow",0.03110634511104,0.551953345271126,"3,2"
"10587","Temp..of.NSEC.Main.Ch. + Temp..of.the.Atmos. + Secondary.Effluent.Flow + N..Basin.Outfall + CODds..mg.L. + SACto..1.m.",0.173880211456414,0.574231868635985,"3,2"
"10588","Temp..of.NSEC.Main.Ch. + Temp..of.the.Atmos. + Secondary.Effluent.Flow + N..Basin.Outfall + CODds..mg.L. + NSEC.Aerobic.SRT",0.260929100546119,0.640069039682564,"3,2"
"10589","Temp..of.NSEC.Main.Ch. + Temp..of.the.Atmos. + Secondary.Effluent.Flow + N..Basin.Outfall + CODds..mg.L. + NSEC.Effluent.NH3",0.155795643623882,0.53845221614146,"3,2"
"10590","Temp..of.NSEC.Main.Ch. + Temp..of.the.Atmos. + Secondary.Effluent.Flow + N..Basin.Outfall + CODds..mg.L. + NSEC.Effluent.NO3",0.324822287528679,0.646634905932053,"3,2"
"10591","Temp..of.NSEC.Main.Ch. + Temp..of.the.Atmos. + Secondary.Effluent.Flow + N..Basin.Outfall + CODds..mg.L. + NSEC.Effluent.OP",0.0248817357891218,0.604206104494799,"3,2"
"10592","Temp..of.NSEC.Main.Ch. + Temp..of.the.Atmos. + Secondary.Effluent.Flow + N..Basin.Outfall + CODds..mg.L. + NSEC.Effluent.TSS",0.0379639697935521,0.646686769148374,"3,2"
"10593","Temp..of.NSEC.Main.Ch. + Temp..of.the.Atmos. + Secondary.Effluent.Flow + N..Basin.Outfall + CODds..mg.L. + NSEC.Effluent.NO5",0.329897712180626,0.620448303208212,"3,2"
"10594","Temp..of.NSEC.Main.Ch. + Temp..of.the.Atmos. + Secondary.Effluent.Flow + N..Basin.Outfall + CODds..mg.L. + NSEC.Effluent.Flow",0.121399212388955,0.614799669726598,"3,2"
"10595","Temp..of.NSEC.Main.Ch. + Temp..of.the.Atmos. + Secondary.Effluent.Flow + N..Basin.Outfall + SACto..1.m. + NSEC.Aerobic.SRT",0.0771585576830796,0.732452686673931,"3,2"
"10596","Temp..of.NSEC.Main.Ch. + Temp..of.the.Atmos. + Secondary.Effluent.Flow + N..Basin.Outfall + SACto..1.m. + NSEC.Effluent.NH3",0.25331596027604,0.612368776327485,"3,2"
"10597","Temp..of.NSEC.Main.Ch. + Temp..of.the.Atmos. + Secondary.Effluent.Flow + N..Basin.Outfall + SACto..1.m. + NSEC.Effluent.NO3",0.23658896145598,0.554767033197975,"3,2"
"10598","Temp..of.NSEC.Main.Ch. + Temp..of.the.Atmos. + Secondary.Effluent.Flow + N..Basin.Outfall + SACto..1.m. + NSEC.Effluent.OP",0.446062430700007,0.624237932356063,"3,2"
"10599","Temp..of.NSEC.Main.Ch. + Temp..of.the.Atmos. + Secondary.Effluent.Flow + N..Basin.Outfall + SACto..1.m. + NSEC.Effluent.TSS",0.0879329181869095,0.39179946408519,"3,2"
"10600","Temp..of.NSEC.Main.Ch. + Temp..of.the.Atmos. + Secondary.Effluent.Flow + N..Basin.Outfall + SACto..1.m. + NSEC.Effluent.NO5",0.172762988460349,0.405202679232631,"3,2"
"10601","Temp..of.NSEC.Main.Ch. + Temp..of.the.Atmos. + Secondary.Effluent.Flow + N..Basin.Outfall + SACto..1.m. + NSEC.Effluent.Flow",0.131277258176984,0.531859910613561,"3,2"
"10602","Temp..of.NSEC.Main.Ch. + Temp..of.the.Atmos. + Secondary.Effluent.Flow + N..Basin.Outfall + NSEC.Aerobic.SRT + NSEC.Effluent.NH3",0.298841762335425,0.683083668898,"3,2"
"10603","Temp..of.NSEC.Main.Ch. + Temp..of.the.Atmos. + Secondary.Effluent.Flow + N..Basin.Outfall + NSEC.Aerobic.SRT + NSEC.Effluent.NO3",0.274264549733303,0.752706904302271,"3,2"
"10604","Temp..of.NSEC.Main.Ch. + Temp..of.the.Atmos. + Secondary.Effluent.Flow + N..Basin.Outfall + NSEC.Aerobic.SRT + NSEC.Effluent.OP",0.0804051509805452,0.717002843102318,"3,2"
"10605","Temp..of.NSEC.Main.Ch. + Temp..of.the.Atmos. + Secondary.Effluent.Flow + N..Basin.Outfall + NSEC.Aerobic.SRT + NSEC.Effluent.TSS",0.412033930580342,0.735733312212452,"3,2"
"10606","Temp..of.NSEC.Main.Ch. + Temp..of.the.Atmos. + Secondary.Effluent.Flow + N..Basin.Outfall + NSEC.Aerobic.SRT + NSEC.Effluent.NO5",0.0256379712988393,0.393365316785429,"3,2"
"10607","Temp..of.NSEC.Main.Ch. + Temp..of.the.Atmos. + Secondary.Effluent.Flow + N..Basin.Outfall + NSEC.Aerobic.SRT + NSEC.Effluent.Flow",0.120578900679436,0.584267686311258,"3,2"
"10608","Temp..of.NSEC.Main.Ch. + Temp..of.the.Atmos. + Secondary.Effluent.Flow + N..Basin.Outfall + NSEC.Effluent.NH3 + NSEC.Effluent.NO3",0.177013755154428,0.406428053703009,"3,2"
"10609","Temp..of.NSEC.Main.Ch. + Temp..of.the.Atmos. + Secondary.Effluent.Flow + N..Basin.Outfall + NSEC.Effluent.NH3 + NSEC.Effluent.OP",0.118064721956921,0.466453052219688,"3,2"
"10610","Temp..of.NSEC.Main.Ch. + Temp..of.the.Atmos. + Secondary.Effluent.Flow + N..Basin.Outfall + NSEC.Effluent.NH3 + NSEC.Effluent.TSS",0.0917504693905251,0.442678755802781,"3,2"
"10611","Temp..of.NSEC.Main.Ch. + Temp..of.the.Atmos. + Secondary.Effluent.Flow + N..Basin.Outfall + NSEC.Effluent.NH3 + NSEC.Effluent.NO5",0.138921264870004,0.486604191932524,"3,2"
"10612","Temp..of.NSEC.Main.Ch. + Temp..of.the.Atmos. + Secondary.Effluent.Flow + N..Basin.Outfall + NSEC.Effluent.NH3 + NSEC.Effluent.Flow",0.123915831086078,0.429377790592576,"3,2"
"10613","Temp..of.NSEC.Main.Ch. + Temp..of.the.Atmos. + Secondary.Effluent.Flow + N..Basin.Outfall + NSEC.Effluent.NO3 + NSEC.Effluent.OP",0.244166503753781,0.565876921202441,"3,2"
"10614","Temp..of.NSEC.Main.Ch. + Temp..of.the.Atmos. + Secondary.Effluent.Flow + N..Basin.Outfall + NSEC.Effluent.NO3 + NSEC.Effluent.TSS",0.366759274735445,0.593460835375612,"3,2"
"10615","Temp..of.NSEC.Main.Ch. + Temp..of.the.Atmos. + Secondary.Effluent.Flow + N..Basin.Outfall + NSEC.Effluent.NO3 + NSEC.Effluent.NO5",0.245134156323318,0.707429336662502,"3,2"
"10616","Temp..of.NSEC.Main.Ch. + Temp..of.the.Atmos. + Secondary.Effluent.Flow + N..Basin.Outfall + NSEC.Effluent.NO3 + NSEC.Effluent.Flow",0.219932356760518,0.449299425603166,"3,2"
"10617","Temp..of.NSEC.Main.Ch. + Temp..of.the.Atmos. + Secondary.Effluent.Flow + N..Basin.Outfall + NSEC.Effluent.OP + NSEC.Effluent.TSS",0.346118205067067,0.625119173499221,"3,2"
"10618","Temp..of.NSEC.Main.Ch. + Temp..of.the.Atmos. + Secondary.Effluent.Flow + N..Basin.Outfall + NSEC.Effluent.OP + NSEC.Effluent.NO5",0.171701900393946,0.537203904294861,"3,2"
"10619","Temp..of.NSEC.Main.Ch. + Temp..of.the.Atmos. + Secondary.Effluent.Flow + N..Basin.Outfall + NSEC.Effluent.OP + NSEC.Effluent.Flow",0.253872906754544,0.654755619015603,"3,2"
"10620","Temp..of.NSEC.Main.Ch. + Temp..of.the.Atmos. + Secondary.Effluent.Flow + N..Basin.Outfall + NSEC.Effluent.TSS + NSEC.Effluent.NO5",0.149945471490985,0.434622232413616,"3,2"
"10621","Temp..of.NSEC.Main.Ch. + Temp..of.the.Atmos. + Secondary.Effluent.Flow + N..Basin.Outfall + NSEC.Effluent.TSS + NSEC.Effluent.Flow",0.0522324866227515,0.533868822374583,"3,2"
"10622","Temp..of.NSEC.Main.Ch. + Temp..of.the.Atmos. + Secondary.Effluent.Flow + N..Basin.Outfall + NSEC.Effluent.NO5 + NSEC.Effluent.Flow",0.0261468007081791,0.622085434278784,"3,2"
"10623","Temp..of.NSEC.Main.Ch. + Temp..of.the.Atmos. + Secondary.Effluent.Flow + CODto..mg.L. + TSS..mg.L. + UVT....",0.0509957621339674,0.675765214098733,"3,2"
"10624","Temp..of.NSEC.Main.Ch. + Temp..of.the.Atmos. + Secondary.Effluent.Flow + CODto..mg.L. + TSS..mg.L. + CODds..mg.L.",0.122013279095053,0.597720630594977,"3,2"
"10625","Temp..of.NSEC.Main.Ch. + Temp..of.the.Atmos. + Secondary.Effluent.Flow + CODto..mg.L. + TSS..mg.L. + SACto..1.m.",0.331340305995126,0.784542835583284,"3,2"
"10626","Temp..of.NSEC.Main.Ch. + Temp..of.the.Atmos. + Secondary.Effluent.Flow + CODto..mg.L. + TSS..mg.L. + NSEC.Aerobic.SRT",0.428641746050355,0.760085976525298,"3,2"
"10627","Temp..of.NSEC.Main.Ch. + Temp..of.the.Atmos. + Secondary.Effluent.Flow + CODto..mg.L. + TSS..mg.L. + NSEC.Effluent.NH3",0.0930065831740998,0.710281957969668,"3,2"
"10628","Temp..of.NSEC.Main.Ch. + Temp..of.the.Atmos. + Secondary.Effluent.Flow + CODto..mg.L. + TSS..mg.L. + NSEC.Effluent.NO3",0.226653094542322,0.768616676313796,"3,2"
"10629","Temp..of.NSEC.Main.Ch. + Temp..of.the.Atmos. + Secondary.Effluent.Flow + CODto..mg.L. + TSS..mg.L. + NSEC.Effluent.OP",0.06857416843792,0.715025773153461,"3,2"
"10630","Temp..of.NSEC.Main.Ch. + Temp..of.the.Atmos. + Secondary.Effluent.Flow + CODto..mg.L. + TSS..mg.L. + NSEC.Effluent.TSS",0.0628929968617435,0.741765588928753,"3,2"
"10631","Temp..of.NSEC.Main.Ch. + Temp..of.the.Atmos. + Secondary.Effluent.Flow + CODto..mg.L. + TSS..mg.L. + NSEC.Effluent.NO5",0.192287775527826,0.0106920591996127,"3,2"
"10632","Temp..of.NSEC.Main.Ch. + Temp..of.the.Atmos. + Secondary.Effluent.Flow + CODto..mg.L. + TSS..mg.L. + NSEC.Effluent.Flow",0.162800449373052,0.750639650615223,"3,2"
"10633","Temp..of.NSEC.Main.Ch. + Temp..of.the.Atmos. + Secondary.Effluent.Flow + CODto..mg.L. + UVT.... + CODds..mg.L.",0.0247212336140603,0.673957903094401,"3,2"
"10634","Temp..of.NSEC.Main.Ch. + Temp..of.the.Atmos. + Secondary.Effluent.Flow + CODto..mg.L. + UVT.... + SACto..1.m.",0.0175941907199131,0.628277129517987,"3,2"
"10635","Temp..of.NSEC.Main.Ch. + Temp..of.the.Atmos. + Secondary.Effluent.Flow + CODto..mg.L. + UVT.... + NSEC.Aerobic.SRT",0.146445770337778,0.642685560905517,"3,2"
"10636","Temp..of.NSEC.Main.Ch. + Temp..of.the.Atmos. + Secondary.Effluent.Flow + CODto..mg.L. + UVT.... + NSEC.Effluent.NH3",0.0637040937794964,0.598061058375616,"3,2"
"10637","Temp..of.NSEC.Main.Ch. + Temp..of.the.Atmos. + Secondary.Effluent.Flow + CODto..mg.L. + UVT.... + NSEC.Effluent.NO3",0.189494645673125,0.725877513000671,"3,2"
"10638","Temp..of.NSEC.Main.Ch. + Temp..of.the.Atmos. + Secondary.Effluent.Flow + CODto..mg.L. + UVT.... + NSEC.Effluent.OP",0.193563752492618,0.0279026758663652,"3,2"
"10639","Temp..of.NSEC.Main.Ch. + Temp..of.the.Atmos. + Secondary.Effluent.Flow + CODto..mg.L. + UVT.... + NSEC.Effluent.TSS",0.0627266712744547,0.681011021928826,"3,2"
"10640","Temp..of.NSEC.Main.Ch. + Temp..of.the.Atmos. + Secondary.Effluent.Flow + CODto..mg.L. + UVT.... + NSEC.Effluent.NO5",0.131094547717853,0.591591745776143,"3,2"
"10641","Temp..of.NSEC.Main.Ch. + Temp..of.the.Atmos. + Secondary.Effluent.Flow + CODto..mg.L. + UVT.... + NSEC.Effluent.Flow",0.0236963729803408,0.615344030483191,"3,2"
"10642","Temp..of.NSEC.Main.Ch. + Temp..of.the.Atmos. + Secondary.Effluent.Flow + CODto..mg.L. + CODds..mg.L. + SACto..1.m.",0.369047232102491,0.670050463983534,"3,2"
"10643","Temp..of.NSEC.Main.Ch. + Temp..of.the.Atmos. + Secondary.Effluent.Flow + CODto..mg.L. + CODds..mg.L. + NSEC.Aerobic.SRT",0.352421559084981,0.719743925571774,"3,2"
"10644","Temp..of.NSEC.Main.Ch. + Temp..of.the.Atmos. + Secondary.Effluent.Flow + CODto..mg.L. + CODds..mg.L. + NSEC.Effluent.NH3",0.433002002809918,0.661151237970518,"3,2"
"10645","Temp..of.NSEC.Main.Ch. + Temp..of.the.Atmos. + Secondary.Effluent.Flow + CODto..mg.L. + CODds..mg.L. + NSEC.Effluent.NO3",0.00635239020141665,0.752744557133779,"3,2"
"10646","Temp..of.NSEC.Main.Ch. + Temp..of.the.Atmos. + Secondary.Effluent.Flow + CODto..mg.L. + CODds..mg.L. + NSEC.Effluent.OP",0.256169744859696,0.611059695062564,"3,2"
"10647","Temp..of.NSEC.Main.Ch. + Temp..of.the.Atmos. + Secondary.Effluent.Flow + CODto..mg.L. + CODds..mg.L. + NSEC.Effluent.TSS",0.257026289044819,0.667858830746744,"3,2"
"10648","Temp..of.NSEC.Main.Ch. + Temp..of.the.Atmos. + Secondary.Effluent.Flow + CODto..mg.L. + CODds..mg.L. + NSEC.Effluent.NO5",0.329282069507904,0.659598149823707,"3,2"
"10649","Temp..of.NSEC.Main.Ch. + Temp..of.the.Atmos. + Secondary.Effluent.Flow + CODto..mg.L. + CODds..mg.L. + NSEC.Effluent.Flow",0.245034600120416,0.622295051841588,"3,2"
"10650","Temp..of.NSEC.Main.Ch. + Temp..of.the.Atmos. + Secondary.Effluent.Flow + CODto..mg.L. + SACto..1.m. + NSEC.Aerobic.SRT",0.194351442049588,0.784198924997312,"3,2"
"10651","Temp..of.NSEC.Main.Ch. + Temp..of.the.Atmos. + Secondary.Effluent.Flow + CODto..mg.L. + SACto..1.m. + NSEC.Effluent.NH3",0.122208381208456,0.726053970360728,"3,2"
"10652","Temp..of.NSEC.Main.Ch. + Temp..of.the.Atmos. + Secondary.Effluent.Flow + CODto..mg.L. + SACto..1.m. + NSEC.Effluent.NO3",0.145095595829677,0.61975290640026,"3,2"
"10653","Temp..of.NSEC.Main.Ch. + Temp..of.the.Atmos. + Secondary.Effluent.Flow + CODto..mg.L. + SACto..1.m. + NSEC.Effluent.OP",0.0173733416251323,0.689881229468863,"3,2"
"10654","Temp..of.NSEC.Main.Ch. + Temp..of.the.Atmos. + Secondary.Effluent.Flow + CODto..mg.L. + SACto..1.m. + NSEC.Effluent.TSS",0.19366664847425,0.820614916593861,"3,2"
"10655","Temp..of.NSEC.Main.Ch. + Temp..of.the.Atmos. + Secondary.Effluent.Flow + CODto..mg.L. + SACto..1.m. + NSEC.Effluent.NO5",0.0809194552277754,0.673846270717988,"3,2"
"10656","Temp..of.NSEC.Main.Ch. + Temp..of.the.Atmos. + Secondary.Effluent.Flow + CODto..mg.L. + SACto..1.m. + NSEC.Effluent.Flow",0.0872175757780662,0.667293984501929,"3,2"
"10657","Temp..of.NSEC.Main.Ch. + Temp..of.the.Atmos. + Secondary.Effluent.Flow + CODto..mg.L. + NSEC.Aerobic.SRT + NSEC.Effluent.NH3",0.0324497183791872,0.720366692067721,"3,2"
"10658","Temp..of.NSEC.Main.Ch. + Temp..of.the.Atmos. + Secondary.Effluent.Flow + CODto..mg.L. + NSEC.Aerobic.SRT + NSEC.Effluent.NO3",0.178254705270698,0.718408568021321,"3,2"
"10659","Temp..of.NSEC.Main.Ch. + Temp..of.the.Atmos. + Secondary.Effluent.Flow + CODto..mg.L. + NSEC.Aerobic.SRT + NSEC.Effluent.OP",0.115683393649276,0.751103659635336,"3,2"
"10660","Temp..of.NSEC.Main.Ch. + Temp..of.the.Atmos. + Secondary.Effluent.Flow + CODto..mg.L. + NSEC.Aerobic.SRT + NSEC.Effluent.TSS",0.003678566529981,0.733318116278036,"3,2"
"10661","Temp..of.NSEC.Main.Ch. + Temp..of.the.Atmos. + Secondary.Effluent.Flow + CODto..mg.L. + NSEC.Aerobic.SRT + NSEC.Effluent.NO5",0.167821015823853,0.686345127812077,"3,2"
"10662","Temp..of.NSEC.Main.Ch. + Temp..of.the.Atmos. + Secondary.Effluent.Flow + CODto..mg.L. + NSEC.Aerobic.SRT + NSEC.Effluent.Flow",0.14340735044608,0.773328247537408,"3,2"
"10663","Temp..of.NSEC.Main.Ch. + Temp..of.the.Atmos. + Secondary.Effluent.Flow + CODto..mg.L. + NSEC.Effluent.NH3 + NSEC.Effluent.NO3",0.150186555080106,0.455625788692488,"3,2"
"10664","Temp..of.NSEC.Main.Ch. + Temp..of.the.Atmos. + Secondary.Effluent.Flow + CODto..mg.L. + NSEC.Effluent.NH3 + NSEC.Effluent.OP",0.129759911379655,0.501132194903556,"3,2"
"10665","Temp..of.NSEC.Main.Ch. + Temp..of.the.Atmos. + Secondary.Effluent.Flow + CODto..mg.L. + NSEC.Effluent.NH3 + NSEC.Effluent.TSS",0.077760529361194,0.434705674561693,"3,2"
"10666","Temp..of.NSEC.Main.Ch. + Temp..of.the.Atmos. + Secondary.Effluent.Flow + CODto..mg.L. + NSEC.Effluent.NH3 + NSEC.Effluent.NO5",0.227493691712689,0.572187869512191,"3,2"
"10667","Temp..of.NSEC.Main.Ch. + Temp..of.the.Atmos. + Secondary.Effluent.Flow + CODto..mg.L. + NSEC.Effluent.NH3 + NSEC.Effluent.Flow",0.0779719426810548,0.579059382548393,"3,2"
"10668","Temp..of.NSEC.Main.Ch. + Temp..of.the.Atmos. + Secondary.Effluent.Flow + CODto..mg.L. + NSEC.Effluent.NO3 + NSEC.Effluent.OP",0.181380817907388,0.658949311846779,"3,2"
"10669","Temp..of.NSEC.Main.Ch. + Temp..of.the.Atmos. + Secondary.Effluent.Flow + CODto..mg.L. + NSEC.Effluent.NO3 + NSEC.Effluent.TSS",0.186320349030947,0.666021283005592,"3,2"
"10670","Temp..of.NSEC.Main.Ch. + Temp..of.the.Atmos. + Secondary.Effluent.Flow + CODto..mg.L. + NSEC.Effluent.NO3 + NSEC.Effluent.NO5",0.130863843417907,0.643898370312206,"3,2"
"10671","Temp..of.NSEC.Main.Ch. + Temp..of.the.Atmos. + Secondary.Effluent.Flow + CODto..mg.L. + NSEC.Effluent.NO3 + NSEC.Effluent.Flow",0.157623714448208,0.622319209627044,"3,2"
"10672","Temp..of.NSEC.Main.Ch. + Temp..of.the.Atmos. + Secondary.Effluent.Flow + CODto..mg.L. + NSEC.Effluent.OP + NSEC.Effluent.TSS",0.0541468886575656,0.55454166245432,"3,2"
"10673","Temp..of.NSEC.Main.Ch. + Temp..of.the.Atmos. + Secondary.Effluent.Flow + CODto..mg.L. + NSEC.Effluent.OP + NSEC.Effluent.NO5",0.230056706400294,0.66695040749373,"3,2"
"10674","Temp..of.NSEC.Main.Ch. + Temp..of.the.Atmos. + Secondary.Effluent.Flow + CODto..mg.L. + NSEC.Effluent.OP + NSEC.Effluent.Flow",0.0114190300545647,0.595999524066266,"3,2"
"10675","Temp..of.NSEC.Main.Ch. + Temp..of.the.Atmos. + Secondary.Effluent.Flow + CODto..mg.L. + NSEC.Effluent.TSS + NSEC.Effluent.NO5",0.199078764878417,0.602424424942317,"3,2"
"10676","Temp..of.NSEC.Main.Ch. + Temp..of.the.Atmos. + Secondary.Effluent.Flow + CODto..mg.L. + NSEC.Effluent.TSS + NSEC.Effluent.Flow",0.19931037761765,0.595140484392606,"3,2"
"10677","Temp..of.NSEC.Main.Ch. + Temp..of.the.Atmos. + Secondary.Effluent.Flow + CODto..mg.L. + NSEC.Effluent.NO5 + NSEC.Effluent.Flow",0.269404912001227,0.61970937392937,"3,2"
"10678","Temp..of.NSEC.Main.Ch. + Temp..of.the.Atmos. + Secondary.Effluent.Flow + TSS..mg.L. + UVT.... + CODds..mg.L.",0.132827333498948,0.689773192306612,"3,2"
"10679","Temp..of.NSEC.Main.Ch. + Temp..of.the.Atmos. + Secondary.Effluent.Flow + TSS..mg.L. + UVT.... + SACto..1.m.",0.435983216224262,0.740364230527904,"3,2"
"10680","Temp..of.NSEC.Main.Ch. + Temp..of.the.Atmos. + Secondary.Effluent.Flow + TSS..mg.L. + UVT.... + NSEC.Aerobic.SRT",0.1044236544035,0.815984705820129,"3,2"
"10681","Temp..of.NSEC.Main.Ch. + Temp..of.the.Atmos. + Secondary.Effluent.Flow + TSS..mg.L. + UVT.... + NSEC.Effluent.NH3",0.331795422530258,0.762932091123357,"3,2"
"10682","Temp..of.NSEC.Main.Ch. + Temp..of.the.Atmos. + Secondary.Effluent.Flow + TSS..mg.L. + UVT.... + NSEC.Effluent.NO3",0.0337865930243662,0.69087982094511,"3,2"
"10683","Temp..of.NSEC.Main.Ch. + Temp..of.the.Atmos. + Secondary.Effluent.Flow + TSS..mg.L. + UVT.... + NSEC.Effluent.OP",0.108838889511235,0.634917350540553,"3,2"
"10684","Temp..of.NSEC.Main.Ch. + Temp..of.the.Atmos. + Secondary.Effluent.Flow + TSS..mg.L. + UVT.... + NSEC.Effluent.TSS",0.0335600171943113,0.74444441820126,"3,2"
"10685","Temp..of.NSEC.Main.Ch. + Temp..of.the.Atmos. + Secondary.Effluent.Flow + TSS..mg.L. + UVT.... + NSEC.Effluent.NO5",0.0755979887242995,0.728967195046452,"3,2"
"10686","Temp..of.NSEC.Main.Ch. + Temp..of.the.Atmos. + Secondary.Effluent.Flow + TSS..mg.L. + UVT.... + NSEC.Effluent.Flow",0.0517892193263823,0.749887441328222,"3,2"
"10687","Temp..of.NSEC.Main.Ch. + Temp..of.the.Atmos. + Secondary.Effluent.Flow + TSS..mg.L. + CODds..mg.L. + SACto..1.m.",0.238089660870245,0.579061314511219,"3,2"
"10688","Temp..of.NSEC.Main.Ch. + Temp..of.the.Atmos. + Secondary.Effluent.Flow + TSS..mg.L. + CODds..mg.L. + NSEC.Aerobic.SRT",0.140336337234785,0.691459121124715,"3,2"
"10689","Temp..of.NSEC.Main.Ch. + Temp..of.the.Atmos. + Secondary.Effluent.Flow + TSS..mg.L. + CODds..mg.L. + NSEC.Effluent.NH3",0.274794511372561,0.640973356935647,"3,2"
"10690","Temp..of.NSEC.Main.Ch. + Temp..of.the.Atmos. + Secondary.Effluent.Flow + TSS..mg.L. + CODds..mg.L. + NSEC.Effluent.NO3",0.0222608858682118,0.710302232541673,"3,2"
"10691","Temp..of.NSEC.Main.Ch. + Temp..of.the.Atmos. + Secondary.Effluent.Flow + TSS..mg.L. + CODds..mg.L. + NSEC.Effluent.OP",0.0568958296094531,0.579090901855985,"3,2"
"10692","Temp..of.NSEC.Main.Ch. + Temp..of.the.Atmos. + Secondary.Effluent.Flow + TSS..mg.L. + CODds..mg.L. + NSEC.Effluent.TSS",0.155470353327408,0.645194916865534,"3,2"
"10693","Temp..of.NSEC.Main.Ch. + Temp..of.the.Atmos. + Secondary.Effluent.Flow + TSS..mg.L. + CODds..mg.L. + NSEC.Effluent.NO5",0.220107314127736,0.664479911024822,"3,2"
"10694","Temp..of.NSEC.Main.Ch. + Temp..of.the.Atmos. + Secondary.Effluent.Flow + TSS..mg.L. + CODds..mg.L. + NSEC.Effluent.Flow",0.217064452758245,0.673178327793655,"3,2"
"10695","Temp..of.NSEC.Main.Ch. + Temp..of.the.Atmos. + Secondary.Effluent.Flow + TSS..mg.L. + SACto..1.m. + NSEC.Aerobic.SRT",0.112437378875589,0.788901534672035,"3,2"
"10696","Temp..of.NSEC.Main.Ch. + Temp..of.the.Atmos. + Secondary.Effluent.Flow + TSS..mg.L. + SACto..1.m. + NSEC.Effluent.NH3",0.11181621097392,0.735596599862732,"3,2"
"10697","Temp..of.NSEC.Main.Ch. + Temp..of.the.Atmos. + Secondary.Effluent.Flow + TSS..mg.L. + SACto..1.m. + NSEC.Effluent.NO3",0.104518154860336,0.757367951689806,"3,2"
"10698","Temp..of.NSEC.Main.Ch. + Temp..of.the.Atmos. + Secondary.Effluent.Flow + TSS..mg.L. + SACto..1.m. + NSEC.Effluent.OP",0.195824737161912,0.640062239520421,"3,2"
"10699","Temp..of.NSEC.Main.Ch. + Temp..of.the.Atmos. + Secondary.Effluent.Flow + TSS..mg.L. + SACto..1.m. + NSEC.Effluent.TSS",0.0419562843956762,0.783209786860073,"3,2"
"10700","Temp..of.NSEC.Main.Ch. + Temp..of.the.Atmos. + Secondary.Effluent.Flow + TSS..mg.L. + SACto..1.m. + NSEC.Effluent.NO5",0.409593459327619,0.73580410513741,"3,2"
"10701","Temp..of.NSEC.Main.Ch. + Temp..of.the.Atmos. + Secondary.Effluent.Flow + TSS..mg.L. + SACto..1.m. + NSEC.Effluent.Flow",0.190628646833198,0.0536692091303762,"3,2"
"10702","Temp..of.NSEC.Main.Ch. + Temp..of.the.Atmos. + Secondary.Effluent.Flow + TSS..mg.L. + NSEC.Aerobic.SRT + NSEC.Effluent.NH3",0.328341462886927,0.75661716658895,"3,2"
"10703","Temp..of.NSEC.Main.Ch. + Temp..of.the.Atmos. + Secondary.Effluent.Flow + TSS..mg.L. + NSEC.Aerobic.SRT + NSEC.Effluent.NO3",0.19352104001739,0.0131753772618294,"3,2"
"10704","Temp..of.NSEC.Main.Ch. + Temp..of.the.Atmos. + Secondary.Effluent.Flow + TSS..mg.L. + NSEC.Aerobic.SRT + NSEC.Effluent.OP",0.150586825599856,0.761537215853783,"3,2"
"10705","Temp..of.NSEC.Main.Ch. + Temp..of.the.Atmos. + Secondary.Effluent.Flow + TSS..mg.L. + NSEC.Aerobic.SRT + NSEC.Effluent.TSS",0.324993003917407,0.773187798274549,"3,2"
"10706","Temp..of.NSEC.Main.Ch. + Temp..of.the.Atmos. + Secondary.Effluent.Flow + TSS..mg.L. + NSEC.Aerobic.SRT + NSEC.Effluent.NO5",0.12535935991971,0.765484698581754,"3,2"
"10707","Temp..of.NSEC.Main.Ch. + Temp..of.the.Atmos. + Secondary.Effluent.Flow + TSS..mg.L. + NSEC.Aerobic.SRT + NSEC.Effluent.Flow",0.343381085028371,0.776333920811152,"3,2"
"10708","Temp..of.NSEC.Main.Ch. + Temp..of.the.Atmos. + Secondary.Effluent.Flow + TSS..mg.L. + NSEC.Effluent.NH3 + NSEC.Effluent.NO3",0.0263325314910481,0.671376390131409,"3,2"
"10709","Temp..of.NSEC.Main.Ch. + Temp..of.the.Atmos. + Secondary.Effluent.Flow + TSS..mg.L. + NSEC.Effluent.NH3 + NSEC.Effluent.OP",0.00655017271955427,0.568986755561815,"3,2"
"10710","Temp..of.NSEC.Main.Ch. + Temp..of.the.Atmos. + Secondary.Effluent.Flow + TSS..mg.L. + NSEC.Effluent.NH3 + NSEC.Effluent.TSS",0.36864856733606,0.658089588184307,"3,2"
"10711","Temp..of.NSEC.Main.Ch. + Temp..of.the.Atmos. + Secondary.Effluent.Flow + TSS..mg.L. + NSEC.Effluent.NH3 + NSEC.Effluent.NO5",0.220435020920211,0.59759692332146,"3,2"
"10712","Temp..of.NSEC.Main.Ch. + Temp..of.the.Atmos. + Secondary.Effluent.Flow + TSS..mg.L. + NSEC.Effluent.NH3 + NSEC.Effluent.Flow",0.152348664081325,0.614253917889218,"3,2"
"10713","Temp..of.NSEC.Main.Ch. + Temp..of.the.Atmos. + Secondary.Effluent.Flow + TSS..mg.L. + NSEC.Effluent.NO3 + NSEC.Effluent.OP",0.268018052755054,0.609419388639077,"3,2"
"10714","Temp..of.NSEC.Main.Ch. + Temp..of.the.Atmos. + Secondary.Effluent.Flow + TSS..mg.L. + NSEC.Effluent.NO3 + NSEC.Effluent.TSS",0.0147097021283513,0.658003772730443,"3,2"
"10715","Temp..of.NSEC.Main.Ch. + Temp..of.the.Atmos. + Secondary.Effluent.Flow + TSS..mg.L. + NSEC.Effluent.NO3 + NSEC.Effluent.NO5",0.0462063804150223,0.51361004858143,"3,2"
"10716","Temp..of.NSEC.Main.Ch. + Temp..of.the.Atmos. + Secondary.Effluent.Flow + TSS..mg.L. + NSEC.Effluent.NO3 + NSEC.Effluent.Flow",0.178062370321462,0.677905821098071,"3,2"
"10717","Temp..of.NSEC.Main.Ch. + Temp..of.the.Atmos. + Secondary.Effluent.Flow + TSS..mg.L. + NSEC.Effluent.OP + NSEC.Effluent.TSS",0.114285691722996,0.617729707433023,"3,2"
"10718","Temp..of.NSEC.Main.Ch. + Temp..of.the.Atmos. + Secondary.Effluent.Flow + TSS..mg.L. + NSEC.Effluent.OP + NSEC.Effluent.NO5",0.58338630075818,0.672744480253603,"3,2"
"10719","Temp..of.NSEC.Main.Ch. + Temp..of.the.Atmos. + Secondary.Effluent.Flow + TSS..mg.L. + NSEC.Effluent.OP + NSEC.Effluent.Flow",0.0449330234945089,0.72433956398872,"3,2"
"10720","Temp..of.NSEC.Main.Ch. + Temp..of.the.Atmos. + Secondary.Effluent.Flow + TSS..mg.L. + NSEC.Effluent.TSS + NSEC.Effluent.NO5",0.20716012667511,0.466664852289581,"3,2"
"10721","Temp..of.NSEC.Main.Ch. + Temp..of.the.Atmos. + Secondary.Effluent.Flow + TSS..mg.L. + NSEC.Effluent.TSS + NSEC.Effluent.Flow",0.268188690406236,0.604916507943393,"3,2"
"10722","Temp..of.NSEC.Main.Ch. + Temp..of.the.Atmos. + Secondary.Effluent.Flow + TSS..mg.L. + NSEC.Effluent.NO5 + NSEC.Effluent.Flow",0.0907379765864977,0.654786210272531,"3,2"
"10723","Temp..of.NSEC.Main.Ch. + Temp..of.the.Atmos. + Secondary.Effluent.Flow + UVT.... + CODds..mg.L. + SACto..1.m.",0.198142276155845,0.663591504454888,"3,2"
"10724","Temp..of.NSEC.Main.Ch. + Temp..of.the.Atmos. + Secondary.Effluent.Flow + UVT.... + CODds..mg.L. + NSEC.Aerobic.SRT",0.194183429187132,0.780944705200874,"3,2"
"10725","Temp..of.NSEC.Main.Ch. + Temp..of.the.Atmos. + Secondary.Effluent.Flow + UVT.... + CODds..mg.L. + NSEC.Effluent.NH3",0.0394466336354062,0.685980373700249,"3,2"
"10726","Temp..of.NSEC.Main.Ch. + Temp..of.the.Atmos. + Secondary.Effluent.Flow + UVT.... + CODds..mg.L. + NSEC.Effluent.NO3",0.193056159469641,0.0861651208562545,"3,2"
"10727","Temp..of.NSEC.Main.Ch. + Temp..of.the.Atmos. + Secondary.Effluent.Flow + UVT.... + CODds..mg.L. + NSEC.Effluent.OP",0.141802466753483,0.520868265514676,"3,2"
"10728","Temp..of.NSEC.Main.Ch. + Temp..of.the.Atmos. + Secondary.Effluent.Flow + UVT.... + CODds..mg.L. + NSEC.Effluent.TSS",0.179100553522171,0.685605633295373,"3,2"
"10729","Temp..of.NSEC.Main.Ch. + Temp..of.the.Atmos. + Secondary.Effluent.Flow + UVT.... + CODds..mg.L. + NSEC.Effluent.NO5",0.303729811800387,0.632763584800507,"3,2"
"10730","Temp..of.NSEC.Main.Ch. + Temp..of.the.Atmos. + Secondary.Effluent.Flow + UVT.... + CODds..mg.L. + NSEC.Effluent.Flow",0.255192071207062,0.600116885793362,"3,2"
"10731","Temp..of.NSEC.Main.Ch. + Temp..of.the.Atmos. + Secondary.Effluent.Flow + UVT.... + SACto..1.m. + NSEC.Aerobic.SRT",0.0497949950844121,0.658028017002574,"3,2"
"10732","Temp..of.NSEC.Main.Ch. + Temp..of.the.Atmos. + Secondary.Effluent.Flow + UVT.... + SACto..1.m. + NSEC.Effluent.NH3",0.0810842746240374,0.385769438912287,"3,2"
"10733","Temp..of.NSEC.Main.Ch. + Temp..of.the.Atmos. + Secondary.Effluent.Flow + UVT.... + SACto..1.m. + NSEC.Effluent.NO3",0.00817920429983765,0.560755216509224,"3,2"
"10734","Temp..of.NSEC.Main.Ch. + Temp..of.the.Atmos. + Secondary.Effluent.Flow + UVT.... + SACto..1.m. + NSEC.Effluent.OP",0.090786474988465,0.551907640040191,"3,2"
"10735","Temp..of.NSEC.Main.Ch. + Temp..of.the.Atmos. + Secondary.Effluent.Flow + UVT.... + SACto..1.m. + NSEC.Effluent.TSS",0.0179670852736675,0.539933159569261,"3,2"
"10736","Temp..of.NSEC.Main.Ch. + Temp..of.the.Atmos. + Secondary.Effluent.Flow + UVT.... + SACto..1.m. + NSEC.Effluent.NO5",0.104102814603191,0.704686278328663,"3,2"
"10737","Temp..of.NSEC.Main.Ch. + Temp..of.the.Atmos. + Secondary.Effluent.Flow + UVT.... + SACto..1.m. + NSEC.Effluent.Flow",0.0578103994055539,0.464709445348785,"3,2"
"10738","Temp..of.NSEC.Main.Ch. + Temp..of.the.Atmos. + Secondary.Effluent.Flow + UVT.... + NSEC.Aerobic.SRT + NSEC.Effluent.NH3",0.136840276663305,0.76152582914351,"3,2"
"10739","Temp..of.NSEC.Main.Ch. + Temp..of.the.Atmos. + Secondary.Effluent.Flow + UVT.... + NSEC.Aerobic.SRT + NSEC.Effluent.NO3",0.0445466361429623,0.734985819668431,"3,2"
"10740","Temp..of.NSEC.Main.Ch. + Temp..of.the.Atmos. + Secondary.Effluent.Flow + UVT.... + NSEC.Aerobic.SRT + NSEC.Effluent.OP",0.090732953629328,0.567116954087119,"3,2"
"10741","Temp..of.NSEC.Main.Ch. + Temp..of.the.Atmos. + Secondary.Effluent.Flow + UVT.... + NSEC.Aerobic.SRT + NSEC.Effluent.TSS",0.0804638092185264,0.788873659978161,"3,2"
"10742","Temp..of.NSEC.Main.Ch. + Temp..of.the.Atmos. + Secondary.Effluent.Flow + UVT.... + NSEC.Aerobic.SRT + NSEC.Effluent.NO5",0.0403910005052932,0.744552574564496,"3,2"
"10743","Temp..of.NSEC.Main.Ch. + Temp..of.the.Atmos. + Secondary.Effluent.Flow + UVT.... + NSEC.Aerobic.SRT + NSEC.Effluent.Flow",0.121631311818306,0.63768213970146,"3,2"
"10744","Temp..of.NSEC.Main.Ch. + Temp..of.the.Atmos. + Secondary.Effluent.Flow + UVT.... + NSEC.Effluent.NH3 + NSEC.Effluent.NO3",0.0210508354821335,0.606266322938478,"3,2"
"10745","Temp..of.NSEC.Main.Ch. + Temp..of.the.Atmos. + Secondary.Effluent.Flow + UVT.... + NSEC.Effluent.NH3 + NSEC.Effluent.OP",0.270005074447366,0.640177340689303,"3,2"
"10746","Temp..of.NSEC.Main.Ch. + Temp..of.the.Atmos. + Secondary.Effluent.Flow + UVT.... + NSEC.Effluent.NH3 + NSEC.Effluent.TSS",0.250737354423745,0.626432877182478,"3,2"
"10747","Temp..of.NSEC.Main.Ch. + Temp..of.the.Atmos. + Secondary.Effluent.Flow + UVT.... + NSEC.Effluent.NH3 + NSEC.Effluent.NO5",0.171982704773401,0.607361087547163,"3,2"
"10748","Temp..of.NSEC.Main.Ch. + Temp..of.the.Atmos. + Secondary.Effluent.Flow + UVT.... + NSEC.Effluent.NH3 + NSEC.Effluent.Flow",0.100497087190409,0.658394986059292,"3,2"
"10749","Temp..of.NSEC.Main.Ch. + Temp..of.the.Atmos. + Secondary.Effluent.Flow + UVT.... + NSEC.Effluent.NO3 + NSEC.Effluent.OP",0.148927402108746,0.726436630338452,"3,2"
"10750","Temp..of.NSEC.Main.Ch. + Temp..of.the.Atmos. + Secondary.Effluent.Flow + UVT.... + NSEC.Effluent.NO3 + NSEC.Effluent.TSS",0.200307540388811,0.527975010661916,"3,2"
"10751","Temp..of.NSEC.Main.Ch. + Temp..of.the.Atmos. + Secondary.Effluent.Flow + UVT.... + NSEC.Effluent.NO3 + NSEC.Effluent.NO5",0.104216540790378,0.629431519965023,"3,2"
"10752","Temp..of.NSEC.Main.Ch. + Temp..of.the.Atmos. + Secondary.Effluent.Flow + UVT.... + NSEC.Effluent.NO3 + NSEC.Effluent.Flow",0.0459592728547094,0.553943196121572,"3,2"
"10753","Temp..of.NSEC.Main.Ch. + Temp..of.the.Atmos. + Secondary.Effluent.Flow + UVT.... + NSEC.Effluent.OP + NSEC.Effluent.TSS",0.115099745626739,0.55412986802542,"3,2"
"10754","Temp..of.NSEC.Main.Ch. + Temp..of.the.Atmos. + Secondary.Effluent.Flow + UVT.... + NSEC.Effluent.OP + NSEC.Effluent.NO5",0.134131207314228,0.637417761264231,"3,2"
"10755","Temp..of.NSEC.Main.Ch. + Temp..of.the.Atmos. + Secondary.Effluent.Flow + UVT.... + NSEC.Effluent.OP + NSEC.Effluent.Flow",0.0909034941447884,0.546688088798837,"3,2"
"10756","Temp..of.NSEC.Main.Ch. + Temp..of.the.Atmos. + Secondary.Effluent.Flow + UVT.... + NSEC.Effluent.TSS + NSEC.Effluent.NO5",0.0608244018526314,0.572514636642939,"3,2"
"10757","Temp..of.NSEC.Main.Ch. + Temp..of.the.Atmos. + Secondary.Effluent.Flow + UVT.... + NSEC.Effluent.TSS + NSEC.Effluent.Flow",0.125305620038675,0.650894619781386,"3,2"
"10758","Temp..of.NSEC.Main.Ch. + Temp..of.the.Atmos. + Secondary.Effluent.Flow + UVT.... + NSEC.Effluent.NO5 + NSEC.Effluent.Flow",0.0464786445514089,0.653536586813322,"3,2"
"10759","Temp..of.NSEC.Main.Ch. + Temp..of.the.Atmos. + Secondary.Effluent.Flow + CODds..mg.L. + SACto..1.m. + NSEC.Aerobic.SRT",0.0203562733037459,0.738294542317732,"3,2"
"10760","Temp..of.NSEC.Main.Ch. + Temp..of.the.Atmos. + Secondary.Effluent.Flow + CODds..mg.L. + SACto..1.m. + NSEC.Effluent.NH3",0.254895273862579,0.596169454495155,"3,2"
"10761","Temp..of.NSEC.Main.Ch. + Temp..of.the.Atmos. + Secondary.Effluent.Flow + CODds..mg.L. + SACto..1.m. + NSEC.Effluent.NO3",0.0193679189565688,0.711788285618569,"3,2"
"10762","Temp..of.NSEC.Main.Ch. + Temp..of.the.Atmos. + Secondary.Effluent.Flow + CODds..mg.L. + SACto..1.m. + NSEC.Effluent.OP",0.142526286587065,0.648359409590201,"3,2"
"10763","Temp..of.NSEC.Main.Ch. + Temp..of.the.Atmos. + Secondary.Effluent.Flow + CODds..mg.L. + SACto..1.m. + NSEC.Effluent.TSS",0.266228606973084,0.695271337564924,"3,2"
"10764","Temp..of.NSEC.Main.Ch. + Temp..of.the.Atmos. + Secondary.Effluent.Flow + CODds..mg.L. + SACto..1.m. + NSEC.Effluent.NO5",0.259741137818143,0.65019525848041,"3,2"
"10765","Temp..of.NSEC.Main.Ch. + Temp..of.the.Atmos. + Secondary.Effluent.Flow + CODds..mg.L. + SACto..1.m. + NSEC.Effluent.Flow",0.273929025970853,0.618732397484192,"3,2"
"10766","Temp..of.NSEC.Main.Ch. + Temp..of.the.Atmos. + Secondary.Effluent.Flow + CODds..mg.L. + NSEC.Aerobic.SRT + NSEC.Effluent.NH3",0.249863386953074,0.766984798339462,"3,2"
"10767","Temp..of.NSEC.Main.Ch. + Temp..of.the.Atmos. + Secondary.Effluent.Flow + CODds..mg.L. + NSEC.Aerobic.SRT + NSEC.Effluent.NO3",0.278683939527315,0.635318237351948,"3,2"
"10768","Temp..of.NSEC.Main.Ch. + Temp..of.the.Atmos. + Secondary.Effluent.Flow + CODds..mg.L. + NSEC.Aerobic.SRT + NSEC.Effluent.OP",0.239411758723945,0.788043212821279,"3,2"
"10769","Temp..of.NSEC.Main.Ch. + Temp..of.the.Atmos. + Secondary.Effluent.Flow + CODds..mg.L. + NSEC.Aerobic.SRT + NSEC.Effluent.TSS",0.375915339260072,0.710655629252987,"3,2"
"10770","Temp..of.NSEC.Main.Ch. + Temp..of.the.Atmos. + Secondary.Effluent.Flow + CODds..mg.L. + NSEC.Aerobic.SRT + NSEC.Effluent.NO5",0.0348648376537584,0.669823725130739,"3,2"
"10771","Temp..of.NSEC.Main.Ch. + Temp..of.the.Atmos. + Secondary.Effluent.Flow + CODds..mg.L. + NSEC.Aerobic.SRT + NSEC.Effluent.Flow",0.231595595683606,0.788266843278269,"3,2"
"10772","Temp..of.NSEC.Main.Ch. + Temp..of.the.Atmos. + Secondary.Effluent.Flow + CODds..mg.L. + NSEC.Effluent.NH3 + NSEC.Effluent.NO3",0.389786413954573,0.689376232742603,"3,2"
"10773","Temp..of.NSEC.Main.Ch. + Temp..of.the.Atmos. + Secondary.Effluent.Flow + CODds..mg.L. + NSEC.Effluent.NH3 + NSEC.Effluent.OP",0.129334907997833,0.659177945744506,"3,2"
"10774","Temp..of.NSEC.Main.Ch. + Temp..of.the.Atmos. + Secondary.Effluent.Flow + CODds..mg.L. + NSEC.Effluent.NH3 + NSEC.Effluent.TSS",0.0874118325103499,0.600752410311228,"3,2"
"10775","Temp..of.NSEC.Main.Ch. + Temp..of.the.Atmos. + Secondary.Effluent.Flow + CODds..mg.L. + NSEC.Effluent.NH3 + NSEC.Effluent.NO5",0.120835520887441,0.653607577612385,"3,2"
"10776","Temp..of.NSEC.Main.Ch. + Temp..of.the.Atmos. + Secondary.Effluent.Flow + CODds..mg.L. + NSEC.Effluent.NH3 + NSEC.Effluent.Flow",0.0543231494632352,0.630909528430754,"3,2"
"10777","Temp..of.NSEC.Main.Ch. + Temp..of.the.Atmos. + Secondary.Effluent.Flow + CODds..mg.L. + NSEC.Effluent.NO3 + NSEC.Effluent.OP",0.28388373054543,0.707639258321626,"3,2"
"10778","Temp..of.NSEC.Main.Ch. + Temp..of.the.Atmos. + Secondary.Effluent.Flow + CODds..mg.L. + NSEC.Effluent.NO3 + NSEC.Effluent.TSS",0.26699726772021,0.73557561873154,"3,2"
"10779","Temp..of.NSEC.Main.Ch. + Temp..of.the.Atmos. + Secondary.Effluent.Flow + CODds..mg.L. + NSEC.Effluent.NO3 + NSEC.Effluent.NO5",0.37312230747269,0.666870350519465,"3,2"
"10780","Temp..of.NSEC.Main.Ch. + Temp..of.the.Atmos. + Secondary.Effluent.Flow + CODds..mg.L. + NSEC.Effluent.NO3 + NSEC.Effluent.Flow",0.288176923248129,0.677694577485934,"3,2"
"10781","Temp..of.NSEC.Main.Ch. + Temp..of.the.Atmos. + Secondary.Effluent.Flow + CODds..mg.L. + NSEC.Effluent.OP + NSEC.Effluent.TSS",0.0259586769575764,0.676550339444372,"3,2"
"10782","Temp..of.NSEC.Main.Ch. + Temp..of.the.Atmos. + Secondary.Effluent.Flow + CODds..mg.L. + NSEC.Effluent.OP + NSEC.Effluent.NO5",0.318231343443061,0.609265904306917,"3,2"
"10783","Temp..of.NSEC.Main.Ch. + Temp..of.the.Atmos. + Secondary.Effluent.Flow + CODds..mg.L. + NSEC.Effluent.OP + NSEC.Effluent.Flow",0.159643229302664,0.568556983900765,"3,2"
"10784","Temp..of.NSEC.Main.Ch. + Temp..of.the.Atmos. + Secondary.Effluent.Flow + CODds..mg.L. + NSEC.Effluent.TSS + NSEC.Effluent.NO5",0.116408760561746,0.633602209318899,"3,2"
"10785","Temp..of.NSEC.Main.Ch. + Temp..of.the.Atmos. + Secondary.Effluent.Flow + CODds..mg.L. + NSEC.Effluent.TSS + NSEC.Effluent.Flow",0.229511931811911,0.69959067632878,"3,2"
"10786","Temp..of.NSEC.Main.Ch. + Temp..of.the.Atmos. + Secondary.Effluent.Flow + CODds..mg.L. + NSEC.Effluent.NO5 + NSEC.Effluent.Flow",0.241645787182041,0.630168827979078,"3,2"
"10787","Temp..of.NSEC.Main.Ch. + Temp..of.the.Atmos. + Secondary.Effluent.Flow + SACto..1.m. + NSEC.Aerobic.SRT + NSEC.Effluent.NH3",0.061086483600775,0.733564663588372,"3,2"
"10788","Temp..of.NSEC.Main.Ch. + Temp..of.the.Atmos. + Secondary.Effluent.Flow + SACto..1.m. + NSEC.Aerobic.SRT + NSEC.Effluent.NO3",0.0886913936517797,0.775592197104769,"3,2"
"10789","Temp..of.NSEC.Main.Ch. + Temp..of.the.Atmos. + Secondary.Effluent.Flow + SACto..1.m. + NSEC.Aerobic.SRT + NSEC.Effluent.OP",0.0858886398539886,0.687146576391326,"3,2"
"10790","Temp..of.NSEC.Main.Ch. + Temp..of.the.Atmos. + Secondary.Effluent.Flow + SACto..1.m. + NSEC.Aerobic.SRT + NSEC.Effluent.TSS",0.194668674013081,0.785402771571194,"3,2"
"10791","Temp..of.NSEC.Main.Ch. + Temp..of.the.Atmos. + Secondary.Effluent.Flow + SACto..1.m. + NSEC.Aerobic.SRT + NSEC.Effluent.NO5",0.341338948540316,0.709435389016152,"3,2"
"10792","Temp..of.NSEC.Main.Ch. + Temp..of.the.Atmos. + Secondary.Effluent.Flow + SACto..1.m. + NSEC.Aerobic.SRT + NSEC.Effluent.Flow",0.129112359094997,0.75056804415238,"3,2"
"10793","Temp..of.NSEC.Main.Ch. + Temp..of.the.Atmos. + Secondary.Effluent.Flow + SACto..1.m. + NSEC.Effluent.NH3 + NSEC.Effluent.NO3",0.173407200187046,0.430745962867332,"3,2"
"10794","Temp..of.NSEC.Main.Ch. + Temp..of.the.Atmos. + Secondary.Effluent.Flow + SACto..1.m. + NSEC.Effluent.NH3 + NSEC.Effluent.OP",0.0863182819767525,0.463509539171335,"3,2"
"10795","Temp..of.NSEC.Main.Ch. + Temp..of.the.Atmos. + Secondary.Effluent.Flow + SACto..1.m. + NSEC.Effluent.NH3 + NSEC.Effluent.TSS",0.160530848938157,0.58318072657216,"3,2"
"10796","Temp..of.NSEC.Main.Ch. + Temp..of.the.Atmos. + Secondary.Effluent.Flow + SACto..1.m. + NSEC.Effluent.NH3 + NSEC.Effluent.NO5",0.131174044716996,0.539444818055097,"3,2"
"10797","Temp..of.NSEC.Main.Ch. + Temp..of.the.Atmos. + Secondary.Effluent.Flow + SACto..1.m. + NSEC.Effluent.NH3 + NSEC.Effluent.Flow",0.0615899857096891,0.51558263452244,"3,2"
"10798","Temp..of.NSEC.Main.Ch. + Temp..of.the.Atmos. + Secondary.Effluent.Flow + SACto..1.m. + NSEC.Effluent.NO3 + NSEC.Effluent.OP",0.15455103421358,0.695037003651861,"3,2"
"10799","Temp..of.NSEC.Main.Ch. + Temp..of.the.Atmos. + Secondary.Effluent.Flow + SACto..1.m. + NSEC.Effluent.NO3 + NSEC.Effluent.TSS",0.0344673120522567,0.62751699890285,"3,2"
"10800","Temp..of.NSEC.Main.Ch. + Temp..of.the.Atmos. + Secondary.Effluent.Flow + SACto..1.m. + NSEC.Effluent.NO3 + NSEC.Effluent.NO5",0.179353427995489,0.456673461268708,"3,2"
"10801","Temp..of.NSEC.Main.Ch. + Temp..of.the.Atmos. + Secondary.Effluent.Flow + SACto..1.m. + NSEC.Effluent.NO3 + NSEC.Effluent.Flow",0.151946842255364,0.63741108934659,"3,2"
"10802","Temp..of.NSEC.Main.Ch. + Temp..of.the.Atmos. + Secondary.Effluent.Flow + SACto..1.m. + NSEC.Effluent.OP + NSEC.Effluent.TSS",0.300551856578112,0.631467736619307,"3,2"
"10803","Temp..of.NSEC.Main.Ch. + Temp..of.the.Atmos. + Secondary.Effluent.Flow + SACto..1.m. + NSEC.Effluent.OP + NSEC.Effluent.NO5",0.19100946358181,0.612314622377375,"3,2"
"10804","Temp..of.NSEC.Main.Ch. + Temp..of.the.Atmos. + Secondary.Effluent.Flow + SACto..1.m. + NSEC.Effluent.OP + NSEC.Effluent.Flow",0.263669692620478,0.643245451465014,"3,2"
"10805","Temp..of.NSEC.Main.Ch. + Temp..of.the.Atmos. + Secondary.Effluent.Flow + SACto..1.m. + NSEC.Effluent.TSS + NSEC.Effluent.NO5",0.284600811326857,0.63032493349574,"3,2"
"10806","Temp..of.NSEC.Main.Ch. + Temp..of.the.Atmos. + Secondary.Effluent.Flow + SACto..1.m. + NSEC.Effluent.TSS + NSEC.Effluent.Flow",0.20592646318913,0.563515748133017,"3,2"
"10807","Temp..of.NSEC.Main.Ch. + Temp..of.the.Atmos. + Secondary.Effluent.Flow + SACto..1.m. + NSEC.Effluent.NO5 + NSEC.Effluent.Flow",0.245144234593824,0.593276211900988,"3,2"
"10808","Temp..of.NSEC.Main.Ch. + Temp..of.the.Atmos. + Secondary.Effluent.Flow + NSEC.Aerobic.SRT + NSEC.Effluent.NH3 + NSEC.Effluent.NO3",0.0150184750401667,0.424057935513283,"3,2"
"10809","Temp..of.NSEC.Main.Ch. + Temp..of.the.Atmos. + Secondary.Effluent.Flow + NSEC.Aerobic.SRT + NSEC.Effluent.NH3 + NSEC.Effluent.OP",0.157540515512628,0.79024119292481,"3,2"
"10810","Temp..of.NSEC.Main.Ch. + Temp..of.the.Atmos. + Secondary.Effluent.Flow + NSEC.Aerobic.SRT + NSEC.Effluent.NH3 + NSEC.Effluent.TSS",0.326213281145216,0.767138152123911,"3,2"
"10811","Temp..of.NSEC.Main.Ch. + Temp..of.the.Atmos. + Secondary.Effluent.Flow + NSEC.Aerobic.SRT + NSEC.Effluent.NH3 + NSEC.Effluent.NO5",0.0448536990014929,0.719853432036955,"3,2"
"10812","Temp..of.NSEC.Main.Ch. + Temp..of.the.Atmos. + Secondary.Effluent.Flow + NSEC.Aerobic.SRT + NSEC.Effluent.NH3 + NSEC.Effluent.Flow",0.0169376323403549,0.430044807400475,"3,2"
"10813","Temp..of.NSEC.Main.Ch. + Temp..of.the.Atmos. + Secondary.Effluent.Flow + NSEC.Aerobic.SRT + NSEC.Effluent.NO3 + NSEC.Effluent.OP",0.268243601995433,0.615803583421774,"3,2"
"10814","Temp..of.NSEC.Main.Ch. + Temp..of.the.Atmos. + Secondary.Effluent.Flow + NSEC.Aerobic.SRT + NSEC.Effluent.NO3 + NSEC.Effluent.TSS",0.18064874017591,0.758869239369598,"3,2"
"10815","Temp..of.NSEC.Main.Ch. + Temp..of.the.Atmos. + Secondary.Effluent.Flow + NSEC.Aerobic.SRT + NSEC.Effluent.NO3 + NSEC.Effluent.NO5",0.212568749754486,0.735806133077838,"3,2"
"10816","Temp..of.NSEC.Main.Ch. + Temp..of.the.Atmos. + Secondary.Effluent.Flow + NSEC.Aerobic.SRT + NSEC.Effluent.NO3 + NSEC.Effluent.Flow",0.226024136640838,0.749714655285652,"3,2"
"10817","Temp..of.NSEC.Main.Ch. + Temp..of.the.Atmos. + Secondary.Effluent.Flow + NSEC.Aerobic.SRT + NSEC.Effluent.OP + NSEC.Effluent.TSS",0.0953207148098161,0.607756421237108,"3,2"
"10818","Temp..of.NSEC.Main.Ch. + Temp..of.the.Atmos. + Secondary.Effluent.Flow + NSEC.Aerobic.SRT + NSEC.Effluent.OP + NSEC.Effluent.NO5",0.124073852973239,0.634951366189092,"3,2"
"10819","Temp..of.NSEC.Main.Ch. + Temp..of.the.Atmos. + Secondary.Effluent.Flow + NSEC.Aerobic.SRT + NSEC.Effluent.OP + NSEC.Effluent.Flow",0.0903138708456961,0.642653342753849,"3,2"
"10820","Temp..of.NSEC.Main.Ch. + Temp..of.the.Atmos. + Secondary.Effluent.Flow + NSEC.Aerobic.SRT + NSEC.Effluent.TSS + NSEC.Effluent.NO5",0.271318133437848,0.710963349414608,"3,2"
"10821","Temp..of.NSEC.Main.Ch. + Temp..of.the.Atmos. + Secondary.Effluent.Flow + NSEC.Aerobic.SRT + NSEC.Effluent.TSS + NSEC.Effluent.Flow",0.296755231611675,0.733818672607176,"3,2"
"10822","Temp..of.NSEC.Main.Ch. + Temp..of.the.Atmos. + Secondary.Effluent.Flow + NSEC.Aerobic.SRT + NSEC.Effluent.NO5 + NSEC.Effluent.Flow",0.0211729222684824,0.401170488832002,"3,2"
"10823","Temp..of.NSEC.Main.Ch. + Temp..of.the.Atmos. + Secondary.Effluent.Flow + NSEC.Effluent.NH3 + NSEC.Effluent.NO3 + NSEC.Effluent.OP",0.269167097403603,0.580317781350314,"3,2"
"10824","Temp..of.NSEC.Main.Ch. + Temp..of.the.Atmos. + Secondary.Effluent.Flow + NSEC.Effluent.NH3 + NSEC.Effluent.NO3 + NSEC.Effluent.TSS",0.0426244387137606,0.576552346126039,"3,2"
"10825","Temp..of.NSEC.Main.Ch. + Temp..of.the.Atmos. + Secondary.Effluent.Flow + NSEC.Effluent.NH3 + NSEC.Effluent.NO3 + NSEC.Effluent.NO5",0.149258873190281,0.411411202732311,"3,2"
"10826","Temp..of.NSEC.Main.Ch. + Temp..of.the.Atmos. + Secondary.Effluent.Flow + NSEC.Effluent.NH3 + NSEC.Effluent.NO3 + NSEC.Effluent.Flow",0.259604358949233,0.524569412419624,"3,2"
"10827","Temp..of.NSEC.Main.Ch. + Temp..of.the.Atmos. + Secondary.Effluent.Flow + NSEC.Effluent.NH3 + NSEC.Effluent.OP + NSEC.Effluent.TSS",0.291248964412998,0.642001101227662,"3,2"
"10828","Temp..of.NSEC.Main.Ch. + Temp..of.the.Atmos. + Secondary.Effluent.Flow + NSEC.Effluent.NH3 + NSEC.Effluent.OP + NSEC.Effluent.NO5",0.235932672799392,0.535338895881222,"3,2"
"10829","Temp..of.NSEC.Main.Ch. + Temp..of.the.Atmos. + Secondary.Effluent.Flow + NSEC.Effluent.NH3 + NSEC.Effluent.OP + NSEC.Effluent.Flow",0.010246805762866,0.582442855567637,"3,2"
"10830","Temp..of.NSEC.Main.Ch. + Temp..of.the.Atmos. + Secondary.Effluent.Flow + NSEC.Effluent.NH3 + NSEC.Effluent.TSS + NSEC.Effluent.NO5",0.133152461110109,0.42854186467274,"3,2"
"10831","Temp..of.NSEC.Main.Ch. + Temp..of.the.Atmos. + Secondary.Effluent.Flow + NSEC.Effluent.NH3 + NSEC.Effluent.TSS + NSEC.Effluent.Flow",0.00196189974446348,0.550316046960388,"3,2"
"10832","Temp..of.NSEC.Main.Ch. + Temp..of.the.Atmos. + Secondary.Effluent.Flow + NSEC.Effluent.NH3 + NSEC.Effluent.NO5 + NSEC.Effluent.Flow",0.177850362519374,0.681416879147628,"3,2"
"10833","Temp..of.NSEC.Main.Ch. + Temp..of.the.Atmos. + Secondary.Effluent.Flow + NSEC.Effluent.NO3 + NSEC.Effluent.OP + NSEC.Effluent.TSS",0.172104758061427,0.627536716389997,"3,2"
"10834","Temp..of.NSEC.Main.Ch. + Temp..of.the.Atmos. + Secondary.Effluent.Flow + NSEC.Effluent.NO3 + NSEC.Effluent.OP + NSEC.Effluent.NO5",0.0876688230115046,0.651969597455328,"3,2"
"10835","Temp..of.NSEC.Main.Ch. + Temp..of.the.Atmos. + Secondary.Effluent.Flow + NSEC.Effluent.NO3 + NSEC.Effluent.OP + NSEC.Effluent.Flow",0.137693849893883,0.644376825831277,"3,2"
"10836","Temp..of.NSEC.Main.Ch. + Temp..of.the.Atmos. + Secondary.Effluent.Flow + NSEC.Effluent.NO3 + NSEC.Effluent.TSS + NSEC.Effluent.NO5",0.114455086637584,0.659162586498488,"3,2"
"10837","Temp..of.NSEC.Main.Ch. + Temp..of.the.Atmos. + Secondary.Effluent.Flow + NSEC.Effluent.NO3 + NSEC.Effluent.TSS + NSEC.Effluent.Flow",0.214081433624629,0.626015428871826,"3,2"
"10838","Temp..of.NSEC.Main.Ch. + Temp..of.the.Atmos. + Secondary.Effluent.Flow + NSEC.Effluent.NO3 + NSEC.Effluent.NO5 + NSEC.Effluent.Flow",0.297290742393637,0.513156747530708,"3,2"
"10839","Temp..of.NSEC.Main.Ch. + Temp..of.the.Atmos. + Secondary.Effluent.Flow + NSEC.Effluent.OP + NSEC.Effluent.TSS + NSEC.Effluent.NO5",0.14480694243654,0.563958366707684,"3,2"
"10840","Temp..of.NSEC.Main.Ch. + Temp..of.the.Atmos. + Secondary.Effluent.Flow + NSEC.Effluent.OP + NSEC.Effluent.TSS + NSEC.Effluent.Flow",0.0713700423136956,0.525357237972049,"3,2"
"10841","Temp..of.NSEC.Main.Ch. + Temp..of.the.Atmos. + Secondary.Effluent.Flow + NSEC.Effluent.OP + NSEC.Effluent.NO5 + NSEC.Effluent.Flow",0.21015164799958,0.520944022835373,"3,2"
"10842","Temp..of.NSEC.Main.Ch. + Temp..of.the.Atmos. + Secondary.Effluent.Flow + NSEC.Effluent.TSS + NSEC.Effluent.NO5 + NSEC.Effluent.Flow",0.161818346571027,0.611848979788591,"3,2"
"10843","Temp..of.NSEC.Main.Ch. + Temp..of.the.Atmos. + N..Basin.Outfall + CODto..mg.L. + TSS..mg.L. + UVT....",0.142100440514469,0.725842054234751,"3,2"
"10844","Temp..of.NSEC.Main.Ch. + Temp..of.the.Atmos. + N..Basin.Outfall + CODto..mg.L. + TSS..mg.L. + CODds..mg.L.",0.305040570023956,0.751992759165203,"3,2"
"10845","Temp..of.NSEC.Main.Ch. + Temp..of.the.Atmos. + N..Basin.Outfall + CODto..mg.L. + TSS..mg.L. + SACto..1.m.",0.179103847097715,0.746301565467015,"3,2"
"10846","Temp..of.NSEC.Main.Ch. + Temp..of.the.Atmos. + N..Basin.Outfall + CODto..mg.L. + TSS..mg.L. + NSEC.Aerobic.SRT",0.0881394482620128,0.750854155663754,"3,2"
"10847","Temp..of.NSEC.Main.Ch. + Temp..of.the.Atmos. + N..Basin.Outfall + CODto..mg.L. + TSS..mg.L. + NSEC.Effluent.NH3",0.221590340100617,0.712609805142535,"3,2"
"10848","Temp..of.NSEC.Main.Ch. + Temp..of.the.Atmos. + N..Basin.Outfall + CODto..mg.L. + TSS..mg.L. + NSEC.Effluent.NO3",0.198959098593247,0.815000202962644,"3,2"
"10849","Temp..of.NSEC.Main.Ch. + Temp..of.the.Atmos. + N..Basin.Outfall + CODto..mg.L. + TSS..mg.L. + NSEC.Effluent.OP",0.0488922614428304,0.695189458334933,"3,2"
"10850","Temp..of.NSEC.Main.Ch. + Temp..of.the.Atmos. + N..Basin.Outfall + CODto..mg.L. + TSS..mg.L. + NSEC.Effluent.TSS",0.291603289821942,0.724940230475046,"3,2"
"10851","Temp..of.NSEC.Main.Ch. + Temp..of.the.Atmos. + N..Basin.Outfall + CODto..mg.L. + TSS..mg.L. + NSEC.Effluent.NO5",0.117152664583514,0.733126864914153,"3,2"
"10852","Temp..of.NSEC.Main.Ch. + Temp..of.the.Atmos. + N..Basin.Outfall + CODto..mg.L. + TSS..mg.L. + NSEC.Effluent.Flow",0.192618131729888,0.00596652792793539,"3,2"
"10853","Temp..of.NSEC.Main.Ch. + Temp..of.the.Atmos. + N..Basin.Outfall + CODto..mg.L. + UVT.... + CODds..mg.L.",0.237354680248038,0.661041128620561,"3,2"
"10854","Temp..of.NSEC.Main.Ch. + Temp..of.the.Atmos. + N..Basin.Outfall + CODto..mg.L. + UVT.... + SACto..1.m.",0.105213893004514,0.681696081136836,"3,2"
"10855","Temp..of.NSEC.Main.Ch. + Temp..of.the.Atmos. + N..Basin.Outfall + CODto..mg.L. + UVT.... + NSEC.Aerobic.SRT",0.342041281995956,0.761923576117735,"3,2"
"10856","Temp..of.NSEC.Main.Ch. + Temp..of.the.Atmos. + N..Basin.Outfall + CODto..mg.L. + UVT.... + NSEC.Effluent.NH3",0.0199302939582358,0.689217074045143,"3,2"
"10857","Temp..of.NSEC.Main.Ch. + Temp..of.the.Atmos. + N..Basin.Outfall + CODto..mg.L. + UVT.... + NSEC.Effluent.NO3",0.162350640259505,0.728893640041272,"3,2"
"10858","Temp..of.NSEC.Main.Ch. + Temp..of.the.Atmos. + N..Basin.Outfall + CODto..mg.L. + UVT.... + NSEC.Effluent.OP",0.317914714111031,0.714284285913307,"3,2"
"10859","Temp..of.NSEC.Main.Ch. + Temp..of.the.Atmos. + N..Basin.Outfall + CODto..mg.L. + UVT.... + NSEC.Effluent.TSS",0.0296813727866687,0.783452739368739,"3,2"
"10860","Temp..of.NSEC.Main.Ch. + Temp..of.the.Atmos. + N..Basin.Outfall + CODto..mg.L. + UVT.... + NSEC.Effluent.NO5",0.112718693867825,0.679927574850892,"3,2"
"10861","Temp..of.NSEC.Main.Ch. + Temp..of.the.Atmos. + N..Basin.Outfall + CODto..mg.L. + UVT.... + NSEC.Effluent.Flow",0.063538349459674,0.675291651659953,"3,2"
"10862","Temp..of.NSEC.Main.Ch. + Temp..of.the.Atmos. + N..Basin.Outfall + CODto..mg.L. + CODds..mg.L. + SACto..1.m.",0.250253209240516,0.60272502491024,"3,2"
"10863","Temp..of.NSEC.Main.Ch. + Temp..of.the.Atmos. + N..Basin.Outfall + CODto..mg.L. + CODds..mg.L. + NSEC.Aerobic.SRT",0.177985392105336,0.724841858635049,"3,2"
"10864","Temp..of.NSEC.Main.Ch. + Temp..of.the.Atmos. + N..Basin.Outfall + CODto..mg.L. + CODds..mg.L. + NSEC.Effluent.NH3",0.0252608034469188,0.687119678924599,"3,2"
"10865","Temp..of.NSEC.Main.Ch. + Temp..of.the.Atmos. + N..Basin.Outfall + CODto..mg.L. + CODds..mg.L. + NSEC.Effluent.NO3",0.310024990160418,0.675124855470099,"3,2"
"10866","Temp..of.NSEC.Main.Ch. + Temp..of.the.Atmos. + N..Basin.Outfall + CODto..mg.L. + CODds..mg.L. + NSEC.Effluent.OP",0.021230789215932,0.662418517795548,"3,2"
"10867","Temp..of.NSEC.Main.Ch. + Temp..of.the.Atmos. + N..Basin.Outfall + CODto..mg.L. + CODds..mg.L. + NSEC.Effluent.TSS",0.666770278993707,0.728955897458325,"3,2"
"10868","Temp..of.NSEC.Main.Ch. + Temp..of.the.Atmos. + N..Basin.Outfall + CODto..mg.L. + CODds..mg.L. + NSEC.Effluent.NO5",0.146613365637351,0.732072707755054,"3,2"
"10869","Temp..of.NSEC.Main.Ch. + Temp..of.the.Atmos. + N..Basin.Outfall + CODto..mg.L. + CODds..mg.L. + NSEC.Effluent.Flow",0.222020899919211,0.578159785231548,"3,2"
"10870","Temp..of.NSEC.Main.Ch. + Temp..of.the.Atmos. + N..Basin.Outfall + CODto..mg.L. + SACto..1.m. + NSEC.Aerobic.SRT",0.0130262206587544,0.76552763131626,"3,2"
"10871","Temp..of.NSEC.Main.Ch. + Temp..of.the.Atmos. + N..Basin.Outfall + CODto..mg.L. + SACto..1.m. + NSEC.Effluent.NH3",0.0765306551912344,0.630647385299847,"3,2"
"10872","Temp..of.NSEC.Main.Ch. + Temp..of.the.Atmos. + N..Basin.Outfall + CODto..mg.L. + SACto..1.m. + NSEC.Effluent.NO3",0.0584776763341532,0.697856707004201,"3,2"
"10873","Temp..of.NSEC.Main.Ch. + Temp..of.the.Atmos. + N..Basin.Outfall + CODto..mg.L. + SACto..1.m. + NSEC.Effluent.OP",0.0580717829834683,0.648036606450207,"3,2"
"10874","Temp..of.NSEC.Main.Ch. + Temp..of.the.Atmos. + N..Basin.Outfall + CODto..mg.L. + SACto..1.m. + NSEC.Effluent.TSS",0.205166606693044,0.729615123997701,"3,2"
"10875","Temp..of.NSEC.Main.Ch. + Temp..of.the.Atmos. + N..Basin.Outfall + CODto..mg.L. + SACto..1.m. + NSEC.Effluent.NO5",0.193997529590438,0.686627799701851,"3,2"
"10876","Temp..of.NSEC.Main.Ch. + Temp..of.the.Atmos. + N..Basin.Outfall + CODto..mg.L. + SACto..1.m. + NSEC.Effluent.Flow",0.020675118966478,0.718440648908804,"3,2"
"10877","Temp..of.NSEC.Main.Ch. + Temp..of.the.Atmos. + N..Basin.Outfall + CODto..mg.L. + NSEC.Aerobic.SRT + NSEC.Effluent.NH3",0.117042434045149,0.626889210050645,"3,2"
"10878","Temp..of.NSEC.Main.Ch. + Temp..of.the.Atmos. + N..Basin.Outfall + CODto..mg.L. + NSEC.Aerobic.SRT + NSEC.Effluent.NO3",0.123373312634336,0.687814171370286,"3,2"
"10879","Temp..of.NSEC.Main.Ch. + Temp..of.the.Atmos. + N..Basin.Outfall + CODto..mg.L. + NSEC.Aerobic.SRT + NSEC.Effluent.OP",0.0362455107187745,0.710701092534686,"3,2"
"10880","Temp..of.NSEC.Main.Ch. + Temp..of.the.Atmos. + N..Basin.Outfall + CODto..mg.L. + NSEC.Aerobic.SRT + NSEC.Effluent.TSS",0.16957900740748,0.750197681159451,"3,2"
"10881","Temp..of.NSEC.Main.Ch. + Temp..of.the.Atmos. + N..Basin.Outfall + CODto..mg.L. + NSEC.Aerobic.SRT + NSEC.Effluent.NO5",0.0170676788498345,0.724783110961493,"3,2"
"10882","Temp..of.NSEC.Main.Ch. + Temp..of.the.Atmos. + N..Basin.Outfall + CODto..mg.L. + NSEC.Aerobic.SRT + NSEC.Effluent.Flow",0.025424728158161,0.770105351660921,"3,2"
"10883","Temp..of.NSEC.Main.Ch. + Temp..of.the.Atmos. + N..Basin.Outfall + CODto..mg.L. + NSEC.Effluent.NH3 + NSEC.Effluent.NO3",0.112327174230179,0.666011112569103,"3,2"
"10884","Temp..of.NSEC.Main.Ch. + Temp..of.the.Atmos. + N..Basin.Outfall + CODto..mg.L. + NSEC.Effluent.NH3 + NSEC.Effluent.OP",0.25513315689903,0.488349071110572,"3,2"
"10885","Temp..of.NSEC.Main.Ch. + Temp..of.the.Atmos. + N..Basin.Outfall + CODto..mg.L. + NSEC.Effluent.NH3 + NSEC.Effluent.TSS",0.178495207103894,0.49742612769242,"3,2"
"10886","Temp..of.NSEC.Main.Ch. + Temp..of.the.Atmos. + N..Basin.Outfall + CODto..mg.L. + NSEC.Effluent.NH3 + NSEC.Effluent.NO5",0.177121047272071,0.613739486628458,"3,2"
"10887","Temp..of.NSEC.Main.Ch. + Temp..of.the.Atmos. + N..Basin.Outfall + CODto..mg.L. + NSEC.Effluent.NH3 + NSEC.Effluent.Flow",0.107850534164833,0.491158622238238,"3,2"
"10888","Temp..of.NSEC.Main.Ch. + Temp..of.the.Atmos. + N..Basin.Outfall + CODto..mg.L. + NSEC.Effluent.NO3 + NSEC.Effluent.OP",0.25103613181428,0.578781474574613,"3,2"
"10889","Temp..of.NSEC.Main.Ch. + Temp..of.the.Atmos. + N..Basin.Outfall + CODto..mg.L. + NSEC.Effluent.NO3 + NSEC.Effluent.TSS",0.0777365796618672,0.629056619172731,"3,2"
"10890","Temp..of.NSEC.Main.Ch. + Temp..of.the.Atmos. + N..Basin.Outfall + CODto..mg.L. + NSEC.Effluent.NO3 + NSEC.Effluent.NO5",0.0237739581891545,0.657331956190481,"3,2"
"10891","Temp..of.NSEC.Main.Ch. + Temp..of.the.Atmos. + N..Basin.Outfall + CODto..mg.L. + NSEC.Effluent.NO3 + NSEC.Effluent.Flow",0.173580514191299,0.641463410576793,"3,2"
"10892","Temp..of.NSEC.Main.Ch. + Temp..of.the.Atmos. + N..Basin.Outfall + CODto..mg.L. + NSEC.Effluent.OP + NSEC.Effluent.TSS",0.0608437672437105,0.564738068909682,"3,2"
"10893","Temp..of.NSEC.Main.Ch. + Temp..of.the.Atmos. + N..Basin.Outfall + CODto..mg.L. + NSEC.Effluent.OP + NSEC.Effluent.NO5",0.120762992398616,0.669078059537262,"3,2"
"10894","Temp..of.NSEC.Main.Ch. + Temp..of.the.Atmos. + N..Basin.Outfall + CODto..mg.L. + NSEC.Effluent.OP + NSEC.Effluent.Flow",0.0236529489489494,0.594816626936939,"3,2"
"10895","Temp..of.NSEC.Main.Ch. + Temp..of.the.Atmos. + N..Basin.Outfall + CODto..mg.L. + NSEC.Effluent.TSS + NSEC.Effluent.NO5",0.0201753601028909,0.589268908211666,"3,2"
"10896","Temp..of.NSEC.Main.Ch. + Temp..of.the.Atmos. + N..Basin.Outfall + CODto..mg.L. + NSEC.Effluent.TSS + NSEC.Effluent.Flow",0.292705343607441,0.62278009078065,"3,2"
"10897","Temp..of.NSEC.Main.Ch. + Temp..of.the.Atmos. + N..Basin.Outfall + CODto..mg.L. + NSEC.Effluent.NO5 + NSEC.Effluent.Flow",0.168751781406724,0.709013626195271,"3,2"
"10898","Temp..of.NSEC.Main.Ch. + Temp..of.the.Atmos. + N..Basin.Outfall + TSS..mg.L. + UVT.... + CODds..mg.L.",0.224721995033707,0.609380583792037,"3,2"
"10899","Temp..of.NSEC.Main.Ch. + Temp..of.the.Atmos. + N..Basin.Outfall + TSS..mg.L. + UVT.... + SACto..1.m.",0.0165768527046679,0.723556024136689,"3,2"
"10900","Temp..of.NSEC.Main.Ch. + Temp..of.the.Atmos. + N..Basin.Outfall + TSS..mg.L. + UVT.... + NSEC.Aerobic.SRT",0.167472401192434,0.778970029048352,"3,2"
"10901","Temp..of.NSEC.Main.Ch. + Temp..of.the.Atmos. + N..Basin.Outfall + TSS..mg.L. + UVT.... + NSEC.Effluent.NH3",0.114664051040551,0.673665054178351,"3,2"
"10902","Temp..of.NSEC.Main.Ch. + Temp..of.the.Atmos. + N..Basin.Outfall + TSS..mg.L. + UVT.... + NSEC.Effluent.NO3",0.0279838633755127,0.749125356371287,"3,2"
"10903","Temp..of.NSEC.Main.Ch. + Temp..of.the.Atmos. + N..Basin.Outfall + TSS..mg.L. + UVT.... + NSEC.Effluent.OP",0.31272580987293,0.730889985158646,"3,2"
"10904","Temp..of.NSEC.Main.Ch. + Temp..of.the.Atmos. + N..Basin.Outfall + TSS..mg.L. + UVT.... + NSEC.Effluent.TSS",0.0185211700286696,0.781407126623715,"3,2"
"10905","Temp..of.NSEC.Main.Ch. + Temp..of.the.Atmos. + N..Basin.Outfall + TSS..mg.L. + UVT.... + NSEC.Effluent.NO5",0.0448389098189841,0.668545506702327,"3,2"
"10906","Temp..of.NSEC.Main.Ch. + Temp..of.the.Atmos. + N..Basin.Outfall + TSS..mg.L. + UVT.... + NSEC.Effluent.Flow",0.209719677384553,0.73832689238168,"3,2"
"10907","Temp..of.NSEC.Main.Ch. + Temp..of.the.Atmos. + N..Basin.Outfall + TSS..mg.L. + CODds..mg.L. + SACto..1.m.",0.333825868008206,0.606882329970541,"3,2"
"10908","Temp..of.NSEC.Main.Ch. + Temp..of.the.Atmos. + N..Basin.Outfall + TSS..mg.L. + CODds..mg.L. + NSEC.Aerobic.SRT",0.246439650983529,0.640116817126603,"3,2"
"10909","Temp..of.NSEC.Main.Ch. + Temp..of.the.Atmos. + N..Basin.Outfall + TSS..mg.L. + CODds..mg.L. + NSEC.Effluent.NH3",0.116070028422838,0.629358425219212,"3,2"
"10910","Temp..of.NSEC.Main.Ch. + Temp..of.the.Atmos. + N..Basin.Outfall + TSS..mg.L. + CODds..mg.L. + NSEC.Effluent.NO3",0.268110596490065,0.696756804992677,"3,2"
"10911","Temp..of.NSEC.Main.Ch. + Temp..of.the.Atmos. + N..Basin.Outfall + TSS..mg.L. + CODds..mg.L. + NSEC.Effluent.OP",0.136445887851714,0.57659076950144,"3,2"
"10912","Temp..of.NSEC.Main.Ch. + Temp..of.the.Atmos. + N..Basin.Outfall + TSS..mg.L. + CODds..mg.L. + NSEC.Effluent.TSS",0.063190694622288,0.686260433753373,"3,2"
"10913","Temp..of.NSEC.Main.Ch. + Temp..of.the.Atmos. + N..Basin.Outfall + TSS..mg.L. + CODds..mg.L. + NSEC.Effluent.NO5",0.307190261280301,0.732625203382645,"3,2"
"10914","Temp..of.NSEC.Main.Ch. + Temp..of.the.Atmos. + N..Basin.Outfall + TSS..mg.L. + CODds..mg.L. + NSEC.Effluent.Flow",0.179844533712195,0.647346187051042,"3,2"
"10915","Temp..of.NSEC.Main.Ch. + Temp..of.the.Atmos. + N..Basin.Outfall + TSS..mg.L. + SACto..1.m. + NSEC.Aerobic.SRT",0.115902934643491,0.779653756827983,"3,2"
"10916","Temp..of.NSEC.Main.Ch. + Temp..of.the.Atmos. + N..Basin.Outfall + TSS..mg.L. + SACto..1.m. + NSEC.Effluent.NH3",0.0367161011221147,0.722069081916526,"3,2"
"10917","Temp..of.NSEC.Main.Ch. + Temp..of.the.Atmos. + N..Basin.Outfall + TSS..mg.L. + SACto..1.m. + NSEC.Effluent.NO3",0.113004827697015,0.669143150728929,"3,2"
"10918","Temp..of.NSEC.Main.Ch. + Temp..of.the.Atmos. + N..Basin.Outfall + TSS..mg.L. + SACto..1.m. + NSEC.Effluent.OP",0.151862523081842,0.668715178351611,"3,2"
"10919","Temp..of.NSEC.Main.Ch. + Temp..of.the.Atmos. + N..Basin.Outfall + TSS..mg.L. + SACto..1.m. + NSEC.Effluent.TSS",0.0541832915930081,0.783053974182977,"3,2"
"10920","Temp..of.NSEC.Main.Ch. + Temp..of.the.Atmos. + N..Basin.Outfall + TSS..mg.L. + SACto..1.m. + NSEC.Effluent.NO5",0.210765883444155,0.746497662050596,"3,2"
"10921","Temp..of.NSEC.Main.Ch. + Temp..of.the.Atmos. + N..Basin.Outfall + TSS..mg.L. + SACto..1.m. + NSEC.Effluent.Flow",0.0297178825706643,0.64837867914507,"3,2"
"10922","Temp..of.NSEC.Main.Ch. + Temp..of.the.Atmos. + N..Basin.Outfall + TSS..mg.L. + NSEC.Aerobic.SRT + NSEC.Effluent.NH3",0.19093158811259,0.60419363060034,"3,2"
"10923","Temp..of.NSEC.Main.Ch. + Temp..of.the.Atmos. + N..Basin.Outfall + TSS..mg.L. + NSEC.Aerobic.SRT + NSEC.Effluent.NO3",0.0970402181738028,0.760758982685306,"3,2"
"10924","Temp..of.NSEC.Main.Ch. + Temp..of.the.Atmos. + N..Basin.Outfall + TSS..mg.L. + NSEC.Aerobic.SRT + NSEC.Effluent.OP",0.00689259302535694,0.522342297634377,"3,2"
"10925","Temp..of.NSEC.Main.Ch. + Temp..of.the.Atmos. + N..Basin.Outfall + TSS..mg.L. + NSEC.Aerobic.SRT + NSEC.Effluent.TSS",0.000349721618980503,0.454605590322597,"3,2"
"10926","Temp..of.NSEC.Main.Ch. + Temp..of.the.Atmos. + N..Basin.Outfall + TSS..mg.L. + NSEC.Aerobic.SRT + NSEC.Effluent.NO5",0.0271026028234176,0.405594941271114,"3,2"
"10927","Temp..of.NSEC.Main.Ch. + Temp..of.the.Atmos. + N..Basin.Outfall + TSS..mg.L. + NSEC.Aerobic.SRT + NSEC.Effluent.Flow",0.145586305437246,0.792496253018313,"3,2"
"10928","Temp..of.NSEC.Main.Ch. + Temp..of.the.Atmos. + N..Basin.Outfall + TSS..mg.L. + NSEC.Effluent.NH3 + NSEC.Effluent.NO3",0.224710295061371,0.63887592005696,"3,2"
"10929","Temp..of.NSEC.Main.Ch. + Temp..of.the.Atmos. + N..Basin.Outfall + TSS..mg.L. + NSEC.Effluent.NH3 + NSEC.Effluent.OP",0.332960559603662,0.575531195141905,"3,2"
"10930","Temp..of.NSEC.Main.Ch. + Temp..of.the.Atmos. + N..Basin.Outfall + TSS..mg.L. + NSEC.Effluent.NH3 + NSEC.Effluent.TSS",0.0733191052177617,0.522131633844542,"3,2"
"10931","Temp..of.NSEC.Main.Ch. + Temp..of.the.Atmos. + N..Basin.Outfall + TSS..mg.L. + NSEC.Effluent.NH3 + NSEC.Effluent.NO5",0.523687399819752,0.680684918645287,"3,2"
"10932","Temp..of.NSEC.Main.Ch. + Temp..of.the.Atmos. + N..Basin.Outfall + TSS..mg.L. + NSEC.Effluent.NH3 + NSEC.Effluent.Flow",0.0350073884002406,0.548709024046391,"3,2"
"10933","Temp..of.NSEC.Main.Ch. + Temp..of.the.Atmos. + N..Basin.Outfall + TSS..mg.L. + NSEC.Effluent.NO3 + NSEC.Effluent.OP",0.00504108966258143,0.671886472634197,"3,2"
"10934","Temp..of.NSEC.Main.Ch. + Temp..of.the.Atmos. + N..Basin.Outfall + TSS..mg.L. + NSEC.Effluent.NO3 + NSEC.Effluent.TSS",0.120383712124259,0.666233537557045,"3,2"
"10935","Temp..of.NSEC.Main.Ch. + Temp..of.the.Atmos. + N..Basin.Outfall + TSS..mg.L. + NSEC.Effluent.NO3 + NSEC.Effluent.NO5",0.228632495442892,0.663693582787548,"3,2"
"10936","Temp..of.NSEC.Main.Ch. + Temp..of.the.Atmos. + N..Basin.Outfall + TSS..mg.L. + NSEC.Effluent.NO3 + NSEC.Effluent.Flow",0.0928466721738828,0.707927407248974,"3,2"
"10937","Temp..of.NSEC.Main.Ch. + Temp..of.the.Atmos. + N..Basin.Outfall + TSS..mg.L. + NSEC.Effluent.OP + NSEC.Effluent.TSS",0.0547056334854688,0.587302283895365,"3,2"
"10938","Temp..of.NSEC.Main.Ch. + Temp..of.the.Atmos. + N..Basin.Outfall + TSS..mg.L. + NSEC.Effluent.OP + NSEC.Effluent.NO5",0.122511649582085,0.677624358553058,"3,2"
"10939","Temp..of.NSEC.Main.Ch. + Temp..of.the.Atmos. + N..Basin.Outfall + TSS..mg.L. + NSEC.Effluent.OP + NSEC.Effluent.Flow",0.12226745116162,0.503691662289647,"3,2"
"10940","Temp..of.NSEC.Main.Ch. + Temp..of.the.Atmos. + N..Basin.Outfall + TSS..mg.L. + NSEC.Effluent.TSS + NSEC.Effluent.NO5",0.0954267669670155,0.57620611140927,"3,2"
"10941","Temp..of.NSEC.Main.Ch. + Temp..of.the.Atmos. + N..Basin.Outfall + TSS..mg.L. + NSEC.Effluent.TSS + NSEC.Effluent.Flow",0.0959245960244721,0.614973818513001,"3,2"
"10942","Temp..of.NSEC.Main.Ch. + Temp..of.the.Atmos. + N..Basin.Outfall + TSS..mg.L. + NSEC.Effluent.NO5 + NSEC.Effluent.Flow",0.291097508167153,0.543294607326756,"3,2"
"10943","Temp..of.NSEC.Main.Ch. + Temp..of.the.Atmos. + N..Basin.Outfall + UVT.... + CODds..mg.L. + SACto..1.m.",0.0481023505584532,0.708459076351578,"3,2"
"10944","Temp..of.NSEC.Main.Ch. + Temp..of.the.Atmos. + N..Basin.Outfall + UVT.... + CODds..mg.L. + NSEC.Aerobic.SRT",0.139156119474238,0.754057131646294,"3,2"
"10945","Temp..of.NSEC.Main.Ch. + Temp..of.the.Atmos. + N..Basin.Outfall + UVT.... + CODds..mg.L. + NSEC.Effluent.NH3",0.234453865011775,0.60460627120536,"3,2"
"10946","Temp..of.NSEC.Main.Ch. + Temp..of.the.Atmos. + N..Basin.Outfall + UVT.... + CODds..mg.L. + NSEC.Effluent.NO3",0.098745175048379,0.659272810347222,"3,2"
"10947","Temp..of.NSEC.Main.Ch. + Temp..of.the.Atmos. + N..Basin.Outfall + UVT.... + CODds..mg.L. + NSEC.Effluent.OP",0.186205563847559,0.625860331410151,"3,2"
"10948","Temp..of.NSEC.Main.Ch. + Temp..of.the.Atmos. + N..Basin.Outfall + UVT.... + CODds..mg.L. + NSEC.Effluent.TSS",0.12904655729336,0.720959626164865,"3,2"
"10949","Temp..of.NSEC.Main.Ch. + Temp..of.the.Atmos. + N..Basin.Outfall + UVT.... + CODds..mg.L. + NSEC.Effluent.NO5",0.272769339573326,0.619612033486463,"3,2"
"10950","Temp..of.NSEC.Main.Ch. + Temp..of.the.Atmos. + N..Basin.Outfall + UVT.... + CODds..mg.L. + NSEC.Effluent.Flow",0.102920732586265,0.538196570258087,"3,2"
"10951","Temp..of.NSEC.Main.Ch. + Temp..of.the.Atmos. + N..Basin.Outfall + UVT.... + SACto..1.m. + NSEC.Aerobic.SRT",0.146498711689039,0.626439835976425,"3,2"
"10952","Temp..of.NSEC.Main.Ch. + Temp..of.the.Atmos. + N..Basin.Outfall + UVT.... + SACto..1.m. + NSEC.Effluent.NH3",0.177131188987092,0.570654121063469,"3,2"
"10953","Temp..of.NSEC.Main.Ch. + Temp..of.the.Atmos. + N..Basin.Outfall + UVT.... + SACto..1.m. + NSEC.Effluent.NO3",0.2174898637617,0.713200743821191,"3,2"
"10954","Temp..of.NSEC.Main.Ch. + Temp..of.the.Atmos. + N..Basin.Outfall + UVT.... + SACto..1.m. + NSEC.Effluent.OP",0.0438184535518937,0.637408890879476,"3,2"
"10955","Temp..of.NSEC.Main.Ch. + Temp..of.the.Atmos. + N..Basin.Outfall + UVT.... + SACto..1.m. + NSEC.Effluent.TSS",0.0288778715815221,0.557501258656831,"3,2"
"10956","Temp..of.NSEC.Main.Ch. + Temp..of.the.Atmos. + N..Basin.Outfall + UVT.... + SACto..1.m. + NSEC.Effluent.NO5",0.0943422120270199,0.612619657080604,"3,2"
"10957","Temp..of.NSEC.Main.Ch. + Temp..of.the.Atmos. + N..Basin.Outfall + UVT.... + SACto..1.m. + NSEC.Effluent.Flow",0.119816366444054,0.598784970660708,"3,2"
"10958","Temp..of.NSEC.Main.Ch. + Temp..of.the.Atmos. + N..Basin.Outfall + UVT.... + NSEC.Aerobic.SRT + NSEC.Effluent.NH3",0.157172212138143,0.725621626248716,"3,2"
"10959","Temp..of.NSEC.Main.Ch. + Temp..of.the.Atmos. + N..Basin.Outfall + UVT.... + NSEC.Aerobic.SRT + NSEC.Effluent.NO3",0.141861244468136,0.71446024729807,"3,2"
"10960","Temp..of.NSEC.Main.Ch. + Temp..of.the.Atmos. + N..Basin.Outfall + UVT.... + NSEC.Aerobic.SRT + NSEC.Effluent.OP",0.0149017387737826,0.656008752953588,"3,2"
"10961","Temp..of.NSEC.Main.Ch. + Temp..of.the.Atmos. + N..Basin.Outfall + UVT.... + NSEC.Aerobic.SRT + NSEC.Effluent.TSS",0.0357965035339476,0.739482238514812,"3,2"
"10962","Temp..of.NSEC.Main.Ch. + Temp..of.the.Atmos. + N..Basin.Outfall + UVT.... + NSEC.Aerobic.SRT + NSEC.Effluent.NO5",0.249329615182963,0.747349117498212,"3,2"
"10963","Temp..of.NSEC.Main.Ch. + Temp..of.the.Atmos. + N..Basin.Outfall + UVT.... + NSEC.Aerobic.SRT + NSEC.Effluent.Flow",0.0754392954931853,0.369901381415826,"3,2"
"10964","Temp..of.NSEC.Main.Ch. + Temp..of.the.Atmos. + N..Basin.Outfall + UVT.... + NSEC.Effluent.NH3 + NSEC.Effluent.NO3",0.191655271515283,0.647054550798793,"3,2"
"10965","Temp..of.NSEC.Main.Ch. + Temp..of.the.Atmos. + N..Basin.Outfall + UVT.... + NSEC.Effluent.NH3 + NSEC.Effluent.OP",0.1211335392067,0.717655113835811,"3,2"
"10966","Temp..of.NSEC.Main.Ch. + Temp..of.the.Atmos. + N..Basin.Outfall + UVT.... + NSEC.Effluent.NH3 + NSEC.Effluent.TSS",0.0510114041209664,0.75914034260612,"3,2"
"10967","Temp..of.NSEC.Main.Ch. + Temp..of.the.Atmos. + N..Basin.Outfall + UVT.... + NSEC.Effluent.NH3 + NSEC.Effluent.NO5",0.150473460923769,0.658820865404959,"3,2"
"10968","Temp..of.NSEC.Main.Ch. + Temp..of.the.Atmos. + N..Basin.Outfall + UVT.... + NSEC.Effluent.NH3 + NSEC.Effluent.Flow",0.126999898630791,0.636347151142637,"3,2"
"10969","Temp..of.NSEC.Main.Ch. + Temp..of.the.Atmos. + N..Basin.Outfall + UVT.... + NSEC.Effluent.NO3 + NSEC.Effluent.OP",0.14002084630804,0.621530194243694,"3,2"
"10970","Temp..of.NSEC.Main.Ch. + Temp..of.the.Atmos. + N..Basin.Outfall + UVT.... + NSEC.Effluent.NO3 + NSEC.Effluent.TSS",0.129282029581173,0.62301902187529,"3,2"
"10971","Temp..of.NSEC.Main.Ch. + Temp..of.the.Atmos. + N..Basin.Outfall + UVT.... + NSEC.Effluent.NO3 + NSEC.Effluent.NO5",0.190694854706442,0.000284178515908368,"3,2"
"10972","Temp..of.NSEC.Main.Ch. + Temp..of.the.Atmos. + N..Basin.Outfall + UVT.... + NSEC.Effluent.NO3 + NSEC.Effluent.Flow",0.0523908580896006,0.613003068471693,"3,2"
"10973","Temp..of.NSEC.Main.Ch. + Temp..of.the.Atmos. + N..Basin.Outfall + UVT.... + NSEC.Effluent.OP + NSEC.Effluent.TSS",0.0053918178624428,0.59151462314995,"3,2"
"10974","Temp..of.NSEC.Main.Ch. + Temp..of.the.Atmos. + N..Basin.Outfall + UVT.... + NSEC.Effluent.OP + NSEC.Effluent.NO5",0.210667088392274,0.61616578874,"3,2"
"10975","Temp..of.NSEC.Main.Ch. + Temp..of.the.Atmos. + N..Basin.Outfall + UVT.... + NSEC.Effluent.OP + NSEC.Effluent.Flow",0.0253525521109643,0.608119338095294,"3,2"
"10976","Temp..of.NSEC.Main.Ch. + Temp..of.the.Atmos. + N..Basin.Outfall + UVT.... + NSEC.Effluent.TSS + NSEC.Effluent.NO5",0.153661778910229,0.657276010209807,"3,2"
"10977","Temp..of.NSEC.Main.Ch. + Temp..of.the.Atmos. + N..Basin.Outfall + UVT.... + NSEC.Effluent.TSS + NSEC.Effluent.Flow",0.277638195117935,0.611674104456175,"3,2"
"10978","Temp..of.NSEC.Main.Ch. + Temp..of.the.Atmos. + N..Basin.Outfall + UVT.... + NSEC.Effluent.NO5 + NSEC.Effluent.Flow",0.226026773147534,0.585481128275614,"3,2"
"10979","Temp..of.NSEC.Main.Ch. + Temp..of.the.Atmos. + N..Basin.Outfall + CODds..mg.L. + SACto..1.m. + NSEC.Aerobic.SRT",0.0508305098185913,0.78043493494582,"3,2"
"10980","Temp..of.NSEC.Main.Ch. + Temp..of.the.Atmos. + N..Basin.Outfall + CODds..mg.L. + SACto..1.m. + NSEC.Effluent.NH3",0.230925090349062,0.656569116691459,"3,2"
"10981","Temp..of.NSEC.Main.Ch. + Temp..of.the.Atmos. + N..Basin.Outfall + CODds..mg.L. + SACto..1.m. + NSEC.Effluent.NO3",0.329368955249518,0.713176880415451,"3,2"
"10982","Temp..of.NSEC.Main.Ch. + Temp..of.the.Atmos. + N..Basin.Outfall + CODds..mg.L. + SACto..1.m. + NSEC.Effluent.OP",0.217834817371958,0.564508804120533,"3,2"
"10983","Temp..of.NSEC.Main.Ch. + Temp..of.the.Atmos. + N..Basin.Outfall + CODds..mg.L. + SACto..1.m. + NSEC.Effluent.TSS",0.188860143979509,0.731490096184983,"3,2"
"10984","Temp..of.NSEC.Main.Ch. + Temp..of.the.Atmos. + N..Basin.Outfall + CODds..mg.L. + SACto..1.m. + NSEC.Effluent.NO5",0.309032996532504,0.659311504459086,"3,2"
"10985","Temp..of.NSEC.Main.Ch. + Temp..of.the.Atmos. + N..Basin.Outfall + CODds..mg.L. + SACto..1.m. + NSEC.Effluent.Flow",0.185995457698378,0.620266670929829,"3,2"
"10986","Temp..of.NSEC.Main.Ch. + Temp..of.the.Atmos. + N..Basin.Outfall + CODds..mg.L. + NSEC.Aerobic.SRT + NSEC.Effluent.NH3",0.233843195385087,0.784728445662201,"3,2"
"10987","Temp..of.NSEC.Main.Ch. + Temp..of.the.Atmos. + N..Basin.Outfall + CODds..mg.L. + NSEC.Aerobic.SRT + NSEC.Effluent.NO3",0.0902575958574543,0.786874026179591,"3,2"
"10988","Temp..of.NSEC.Main.Ch. + Temp..of.the.Atmos. + N..Basin.Outfall + CODds..mg.L. + NSEC.Aerobic.SRT + NSEC.Effluent.OP",0.203832270167268,0.615675761226843,"3,2"
"10989","Temp..of.NSEC.Main.Ch. + Temp..of.the.Atmos. + N..Basin.Outfall + CODds..mg.L. + NSEC.Aerobic.SRT + NSEC.Effluent.TSS",0.327010223824308,0.728685482877635,"3,2"
"10990","Temp..of.NSEC.Main.Ch. + Temp..of.the.Atmos. + N..Basin.Outfall + CODds..mg.L. + NSEC.Aerobic.SRT + NSEC.Effluent.NO5",0.258504064472842,0.747299882440653,"3,2"
"10991","Temp..of.NSEC.Main.Ch. + Temp..of.the.Atmos. + N..Basin.Outfall + CODds..mg.L. + NSEC.Aerobic.SRT + NSEC.Effluent.Flow",0.166259476297244,0.787346757775355,"3,2"
"10992","Temp..of.NSEC.Main.Ch. + Temp..of.the.Atmos. + N..Basin.Outfall + CODds..mg.L. + NSEC.Effluent.NH3 + NSEC.Effluent.NO3",0.202628653984225,0.624078370656041,"3,2"
"10993","Temp..of.NSEC.Main.Ch. + Temp..of.the.Atmos. + N..Basin.Outfall + CODds..mg.L. + NSEC.Effluent.NH3 + NSEC.Effluent.OP",0.137282796135795,0.520364461481205,"3,2"
"10994","Temp..of.NSEC.Main.Ch. + Temp..of.the.Atmos. + N..Basin.Outfall + CODds..mg.L. + NSEC.Effluent.NH3 + NSEC.Effluent.TSS",0.115563032629493,0.602829820768973,"3,2"
"10995","Temp..of.NSEC.Main.Ch. + Temp..of.the.Atmos. + N..Basin.Outfall + CODds..mg.L. + NSEC.Effluent.NH3 + NSEC.Effluent.NO5",0.252599598003155,0.636197561646746,"3,2"
"10996","Temp..of.NSEC.Main.Ch. + Temp..of.the.Atmos. + N..Basin.Outfall + CODds..mg.L. + NSEC.Effluent.NH3 + NSEC.Effluent.Flow",0.0362252104731189,0.627355353389827,"3,2"
"10997","Temp..of.NSEC.Main.Ch. + Temp..of.the.Atmos. + N..Basin.Outfall + CODds..mg.L. + NSEC.Effluent.NO3 + NSEC.Effluent.OP",0.220456360312759,0.554605100040366,"3,2"
"10998","Temp..of.NSEC.Main.Ch. + Temp..of.the.Atmos. + N..Basin.Outfall + CODds..mg.L. + NSEC.Effluent.NO3 + NSEC.Effluent.TSS",0.249179495142388,0.666981477393223,"3,2"
"10999","Temp..of.NSEC.Main.Ch. + Temp..of.the.Atmos. + N..Basin.Outfall + CODds..mg.L. + NSEC.Effluent.NO3 + NSEC.Effluent.NO5",0.368107568784418,0.68426949346302,"3,2"
"11000","Temp..of.NSEC.Main.Ch. + Temp..of.the.Atmos. + N..Basin.Outfall + CODds..mg.L. + NSEC.Effluent.NO3 + NSEC.Effluent.Flow",0.292171333856545,0.677387571572874,"3,2"
"11001","Temp..of.NSEC.Main.Ch. + Temp..of.the.Atmos. + N..Basin.Outfall + CODds..mg.L. + NSEC.Effluent.OP + NSEC.Effluent.TSS",0.121187818297941,0.604565305479011,"3,2"
"11002","Temp..of.NSEC.Main.Ch. + Temp..of.the.Atmos. + N..Basin.Outfall + CODds..mg.L. + NSEC.Effluent.OP + NSEC.Effluent.NO5",0.207339260877268,0.541434567303824,"3,2"
"11003","Temp..of.NSEC.Main.Ch. + Temp..of.the.Atmos. + N..Basin.Outfall + CODds..mg.L. + NSEC.Effluent.OP + NSEC.Effluent.Flow",0.100913956543666,0.655353510564363,"3,2"
"11004","Temp..of.NSEC.Main.Ch. + Temp..of.the.Atmos. + N..Basin.Outfall + CODds..mg.L. + NSEC.Effluent.TSS + NSEC.Effluent.NO5",0.22908171562229,0.644196848565643,"3,2"
"11005","Temp..of.NSEC.Main.Ch. + Temp..of.the.Atmos. + N..Basin.Outfall + CODds..mg.L. + NSEC.Effluent.TSS + NSEC.Effluent.Flow",0.107497770418748,0.617267044099895,"3,2"
"11006","Temp..of.NSEC.Main.Ch. + Temp..of.the.Atmos. + N..Basin.Outfall + CODds..mg.L. + NSEC.Effluent.NO5 + NSEC.Effluent.Flow",0.0569779985218739,0.658703967064399,"3,2"
"11007","Temp..of.NSEC.Main.Ch. + Temp..of.the.Atmos. + N..Basin.Outfall + SACto..1.m. + NSEC.Aerobic.SRT + NSEC.Effluent.NH3",0.179437724656532,0.706420508922169,"3,2"
"11008","Temp..of.NSEC.Main.Ch. + Temp..of.the.Atmos. + N..Basin.Outfall + SACto..1.m. + NSEC.Aerobic.SRT + NSEC.Effluent.NO3",0.138134518696599,0.744027704657973,"3,2"
"11009","Temp..of.NSEC.Main.Ch. + Temp..of.the.Atmos. + N..Basin.Outfall + SACto..1.m. + NSEC.Aerobic.SRT + NSEC.Effluent.OP",0.206641506040295,0.679547524134862,"3,2"
"11010","Temp..of.NSEC.Main.Ch. + Temp..of.the.Atmos. + N..Basin.Outfall + SACto..1.m. + NSEC.Aerobic.SRT + NSEC.Effluent.TSS",0.127505214712529,0.655843316394398,"3,2"
"11011","Temp..of.NSEC.Main.Ch. + Temp..of.the.Atmos. + N..Basin.Outfall + SACto..1.m. + NSEC.Aerobic.SRT + NSEC.Effluent.NO5",0.0246304836317717,0.660936101143056,"3,2"
"11012","Temp..of.NSEC.Main.Ch. + Temp..of.the.Atmos. + N..Basin.Outfall + SACto..1.m. + NSEC.Aerobic.SRT + NSEC.Effluent.Flow",0.0681847607408042,0.742976576704554,"3,2"
"11013","Temp..of.NSEC.Main.Ch. + Temp..of.the.Atmos. + N..Basin.Outfall + SACto..1.m. + NSEC.Effluent.NH3 + NSEC.Effluent.NO3",0.26011017033517,0.669210027119893,"3,2"
"11014","Temp..of.NSEC.Main.Ch. + Temp..of.the.Atmos. + N..Basin.Outfall + SACto..1.m. + NSEC.Effluent.NH3 + NSEC.Effluent.OP",0.130819967762525,0.587116472181334,"3,2"
"11015","Temp..of.NSEC.Main.Ch. + Temp..of.the.Atmos. + N..Basin.Outfall + SACto..1.m. + NSEC.Effluent.NH3 + NSEC.Effluent.TSS",0.29780214113673,0.639633823760486,"3,2"
"11016","Temp..of.NSEC.Main.Ch. + Temp..of.the.Atmos. + N..Basin.Outfall + SACto..1.m. + NSEC.Effluent.NH3 + NSEC.Effluent.NO5",0.128814515361971,0.524066472454417,"3,2"
"11017","Temp..of.NSEC.Main.Ch. + Temp..of.the.Atmos. + N..Basin.Outfall + SACto..1.m. + NSEC.Effluent.NH3 + NSEC.Effluent.Flow",0.0869742988848334,0.670296400712358,"3,2"
"11018","Temp..of.NSEC.Main.Ch. + Temp..of.the.Atmos. + N..Basin.Outfall + SACto..1.m. + NSEC.Effluent.NO3 + NSEC.Effluent.OP",0.178735172917785,0.490828445068983,"3,2"
"11019","Temp..of.NSEC.Main.Ch. + Temp..of.the.Atmos. + N..Basin.Outfall + SACto..1.m. + NSEC.Effluent.NO3 + NSEC.Effluent.TSS",0.0719716289557399,0.663263173297495,"3,2"
"11020","Temp..of.NSEC.Main.Ch. + Temp..of.the.Atmos. + N..Basin.Outfall + SACto..1.m. + NSEC.Effluent.NO3 + NSEC.Effluent.NO5",0.132886952109151,0.60272194911708,"3,2"
"11021","Temp..of.NSEC.Main.Ch. + Temp..of.the.Atmos. + N..Basin.Outfall + SACto..1.m. + NSEC.Effluent.NO3 + NSEC.Effluent.Flow",0.230384913386211,0.472557234775357,"3,2"
"11022","Temp..of.NSEC.Main.Ch. + Temp..of.the.Atmos. + N..Basin.Outfall + SACto..1.m. + NSEC.Effluent.OP + NSEC.Effluent.TSS",0.028442650566749,0.636447302122116,"3,2"
"11023","Temp..of.NSEC.Main.Ch. + Temp..of.the.Atmos. + N..Basin.Outfall + SACto..1.m. + NSEC.Effluent.OP + NSEC.Effluent.NO5",0.148082621492224,0.704001514334417,"3,2"
"11024","Temp..of.NSEC.Main.Ch. + Temp..of.the.Atmos. + N..Basin.Outfall + SACto..1.m. + NSEC.Effluent.OP + NSEC.Effluent.Flow",0.0411669401669059,0.457152060071923,"3,2"
"11025","Temp..of.NSEC.Main.Ch. + Temp..of.the.Atmos. + N..Basin.Outfall + SACto..1.m. + NSEC.Effluent.TSS + NSEC.Effluent.NO5",0.227847325213422,0.583171914824054,"3,2"
"11026","Temp..of.NSEC.Main.Ch. + Temp..of.the.Atmos. + N..Basin.Outfall + SACto..1.m. + NSEC.Effluent.TSS + NSEC.Effluent.Flow",0.292178211871938,0.61569402349342,"3,2"
"11027","Temp..of.NSEC.Main.Ch. + Temp..of.the.Atmos. + N..Basin.Outfall + SACto..1.m. + NSEC.Effluent.NO5 + NSEC.Effluent.Flow",0.131589232161336,0.623239426559436,"3,2"
"11028","Temp..of.NSEC.Main.Ch. + Temp..of.the.Atmos. + N..Basin.Outfall + NSEC.Aerobic.SRT + NSEC.Effluent.NH3 + NSEC.Effluent.NO3",0.204594244413956,0.695959217893315,"3,2"
"11029","Temp..of.NSEC.Main.Ch. + Temp..of.the.Atmos. + N..Basin.Outfall + NSEC.Aerobic.SRT + NSEC.Effluent.NH3 + NSEC.Effluent.OP",0.0742884162301192,0.743059104013362,"3,2"
"11030","Temp..of.NSEC.Main.Ch. + Temp..of.the.Atmos. + N..Basin.Outfall + NSEC.Aerobic.SRT + NSEC.Effluent.NH3 + NSEC.Effluent.TSS",0.00165215614129499,0.361677127430349,"3,2"
"11031","Temp..of.NSEC.Main.Ch. + Temp..of.the.Atmos. + N..Basin.Outfall + NSEC.Aerobic.SRT + NSEC.Effluent.NH3 + NSEC.Effluent.NO5",0.183099976831484,0.722845814483638,"3,2"
"11032","Temp..of.NSEC.Main.Ch. + Temp..of.the.Atmos. + N..Basin.Outfall + NSEC.Aerobic.SRT + NSEC.Effluent.NH3 + NSEC.Effluent.Flow",0.154045513623252,0.777380316036367,"3,2"
"11033","Temp..of.NSEC.Main.Ch. + Temp..of.the.Atmos. + N..Basin.Outfall + NSEC.Aerobic.SRT + NSEC.Effluent.NO3 + NSEC.Effluent.OP",0.0845652784168014,0.7576128874498,"3,2"
"11034","Temp..of.NSEC.Main.Ch. + Temp..of.the.Atmos. + N..Basin.Outfall + NSEC.Aerobic.SRT + NSEC.Effluent.NO3 + NSEC.Effluent.TSS",0.293541705121989,0.710578230604432,"3,2"
"11035","Temp..of.NSEC.Main.Ch. + Temp..of.the.Atmos. + N..Basin.Outfall + NSEC.Aerobic.SRT + NSEC.Effluent.NO3 + NSEC.Effluent.NO5",0.134001761548028,0.758499712324741,"3,2"
"11036","Temp..of.NSEC.Main.Ch. + Temp..of.the.Atmos. + N..Basin.Outfall + NSEC.Aerobic.SRT + NSEC.Effluent.NO3 + NSEC.Effluent.Flow",0.0235925287975647,0.403146601925132,"3,2"
"11037","Temp..of.NSEC.Main.Ch. + Temp..of.the.Atmos. + N..Basin.Outfall + NSEC.Aerobic.SRT + NSEC.Effluent.OP + NSEC.Effluent.TSS",0.154138765288283,0.766980474617432,"3,2"
"11038","Temp..of.NSEC.Main.Ch. + Temp..of.the.Atmos. + N..Basin.Outfall + NSEC.Aerobic.SRT + NSEC.Effluent.OP + NSEC.Effluent.NO5",0.104433111823909,0.792936344496389,"3,2"
"11039","Temp..of.NSEC.Main.Ch. + Temp..of.the.Atmos. + N..Basin.Outfall + NSEC.Aerobic.SRT + NSEC.Effluent.OP + NSEC.Effluent.Flow",0.184461206033183,0.793922099089686,"3,2"
"11040","Temp..of.NSEC.Main.Ch. + Temp..of.the.Atmos. + N..Basin.Outfall + NSEC.Aerobic.SRT + NSEC.Effluent.TSS + NSEC.Effluent.NO5",0.000609543954902758,0.392172636191756,"3,2"
"11041","Temp..of.NSEC.Main.Ch. + Temp..of.the.Atmos. + N..Basin.Outfall + NSEC.Aerobic.SRT + NSEC.Effluent.TSS + NSEC.Effluent.Flow",0.311611514662721,0.694760208479299,"3,2"
"11042","Temp..of.NSEC.Main.Ch. + Temp..of.the.Atmos. + N..Basin.Outfall + NSEC.Aerobic.SRT + NSEC.Effluent.NO5 + NSEC.Effluent.Flow",0.354636315847707,0.701322525045257,"3,2"
"11043","Temp..of.NSEC.Main.Ch. + Temp..of.the.Atmos. + N..Basin.Outfall + NSEC.Effluent.NH3 + NSEC.Effluent.NO3 + NSEC.Effluent.OP",0.223473481285026,0.563744808489066,"3,2"
"11044","Temp..of.NSEC.Main.Ch. + Temp..of.the.Atmos. + N..Basin.Outfall + NSEC.Effluent.NH3 + NSEC.Effluent.NO3 + NSEC.Effluent.TSS",0.215908658316853,0.648414328131006,"3,2"
"11045","Temp..of.NSEC.Main.Ch. + Temp..of.the.Atmos. + N..Basin.Outfall + NSEC.Effluent.NH3 + NSEC.Effluent.NO3 + NSEC.Effluent.NO5",0.18434038839153,0.605701852191574,"3,2"
"11046","Temp..of.NSEC.Main.Ch. + Temp..of.the.Atmos. + N..Basin.Outfall + NSEC.Effluent.NH3 + NSEC.Effluent.NO3 + NSEC.Effluent.Flow",0.155841617838683,0.614612661449725,"3,2"
"11047","Temp..of.NSEC.Main.Ch. + Temp..of.the.Atmos. + N..Basin.Outfall + NSEC.Effluent.NH3 + NSEC.Effluent.OP + NSEC.Effluent.TSS",0.123686941931521,0.588388007450367,"3,2"
"11048","Temp..of.NSEC.Main.Ch. + Temp..of.the.Atmos. + N..Basin.Outfall + NSEC.Effluent.NH3 + NSEC.Effluent.OP + NSEC.Effluent.NO5",0.093627429902384,0.516257225693205,"3,2"
"11049","Temp..of.NSEC.Main.Ch. + Temp..of.the.Atmos. + N..Basin.Outfall + NSEC.Effluent.NH3 + NSEC.Effluent.OP + NSEC.Effluent.Flow",0.00849951984246067,0.577073044647293,"3,2"
"11050","Temp..of.NSEC.Main.Ch. + Temp..of.the.Atmos. + N..Basin.Outfall + NSEC.Effluent.NH3 + NSEC.Effluent.TSS + NSEC.Effluent.NO5",0.0404278523032606,0.568568644490676,"3,2"
"11051","Temp..of.NSEC.Main.Ch. + Temp..of.the.Atmos. + N..Basin.Outfall + NSEC.Effluent.NH3 + NSEC.Effluent.TSS + NSEC.Effluent.Flow",0.0361594069339479,0.600286445589373,"3,2"
"11052","Temp..of.NSEC.Main.Ch. + Temp..of.the.Atmos. + N..Basin.Outfall + NSEC.Effluent.NH3 + NSEC.Effluent.NO5 + NSEC.Effluent.Flow",0.0385692737384116,0.616979295896277,"3,2"
"11053","Temp..of.NSEC.Main.Ch. + Temp..of.the.Atmos. + N..Basin.Outfall + NSEC.Effluent.NO3 + NSEC.Effluent.OP + NSEC.Effluent.TSS",0.270316330335809,0.693199059552248,"3,2"
"11054","Temp..of.NSEC.Main.Ch. + Temp..of.the.Atmos. + N..Basin.Outfall + NSEC.Effluent.NO3 + NSEC.Effluent.OP + NSEC.Effluent.NO5",0.129165828523879,0.733007545792849,"3,2"
"11055","Temp..of.NSEC.Main.Ch. + Temp..of.the.Atmos. + N..Basin.Outfall + NSEC.Effluent.NO3 + NSEC.Effluent.OP + NSEC.Effluent.Flow",0.403421463390019,0.667821884384411,"3,2"
"11056","Temp..of.NSEC.Main.Ch. + Temp..of.the.Atmos. + N..Basin.Outfall + NSEC.Effluent.NO3 + NSEC.Effluent.TSS + NSEC.Effluent.NO5",0.207604029222479,0.549048208226498,"3,2"
"11057","Temp..of.NSEC.Main.Ch. + Temp..of.the.Atmos. + N..Basin.Outfall + NSEC.Effluent.NO3 + NSEC.Effluent.TSS + NSEC.Effluent.Flow",0.392008213028961,0.676667982055026,"3,2"
"11058","Temp..of.NSEC.Main.Ch. + Temp..of.the.Atmos. + N..Basin.Outfall + NSEC.Effluent.NO3 + NSEC.Effluent.NO5 + NSEC.Effluent.Flow",0.19471957569583,0.655686891443366,"3,2"
"11059","Temp..of.NSEC.Main.Ch. + Temp..of.the.Atmos. + N..Basin.Outfall + NSEC.Effluent.OP + NSEC.Effluent.TSS + NSEC.Effluent.NO5",0.00580688515324668,0.622287690845678,"3,2"
"11060","Temp..of.NSEC.Main.Ch. + Temp..of.the.Atmos. + N..Basin.Outfall + NSEC.Effluent.OP + NSEC.Effluent.TSS + NSEC.Effluent.Flow",0.070604999430151,0.541691750220434,"3,2"
"11061","Temp..of.NSEC.Main.Ch. + Temp..of.the.Atmos. + N..Basin.Outfall + NSEC.Effluent.OP + NSEC.Effluent.NO5 + NSEC.Effluent.Flow",0.0113703184692517,0.607672734131076,"3,2"
"11062","Temp..of.NSEC.Main.Ch. + Temp..of.the.Atmos. + N..Basin.Outfall + NSEC.Effluent.TSS + NSEC.Effluent.NO5 + NSEC.Effluent.Flow",0.0417097586489246,0.656405581801556,"3,2"
"11063","Temp..of.NSEC.Main.Ch. + Temp..of.the.Atmos. + CODto..mg.L. + TSS..mg.L. + UVT.... + CODds..mg.L.",0.0453773184639634,0.583284907115351,"3,2"
"11064","Temp..of.NSEC.Main.Ch. + Temp..of.the.Atmos. + CODto..mg.L. + TSS..mg.L. + UVT.... + SACto..1.m.",0.089982415874756,0.609195911334761,"3,2"
"11065","Temp..of.NSEC.Main.Ch. + Temp..of.the.Atmos. + CODto..mg.L. + TSS..mg.L. + UVT.... + NSEC.Aerobic.SRT",0.225238254149066,0.734977164834922,"3,2"
"11066","Temp..of.NSEC.Main.Ch. + Temp..of.the.Atmos. + CODto..mg.L. + TSS..mg.L. + UVT.... + NSEC.Effluent.NH3",0.193085725343838,0.635278459339084,"3,2"
"11067","Temp..of.NSEC.Main.Ch. + Temp..of.the.Atmos. + CODto..mg.L. + TSS..mg.L. + UVT.... + NSEC.Effluent.NO3",0.162443020963411,0.658955347978383,"3,2"
"11068","Temp..of.NSEC.Main.Ch. + Temp..of.the.Atmos. + CODto..mg.L. + TSS..mg.L. + UVT.... + NSEC.Effluent.OP",0.000758418427948104,0.708908163319329,"3,2"
"11069","Temp..of.NSEC.Main.Ch. + Temp..of.the.Atmos. + CODto..mg.L. + TSS..mg.L. + UVT.... + NSEC.Effluent.TSS",0.0454147534255525,0.743524030377843,"3,2"
"11070","Temp..of.NSEC.Main.Ch. + Temp..of.the.Atmos. + CODto..mg.L. + TSS..mg.L. + UVT.... + NSEC.Effluent.NO5",0.0873027954849737,0.686695419781641,"3,2"
"11071","Temp..of.NSEC.Main.Ch. + Temp..of.the.Atmos. + CODto..mg.L. + TSS..mg.L. + UVT.... + NSEC.Effluent.Flow",0.05603871507684,0.74972960112167,"3,2"
"11072","Temp..of.NSEC.Main.Ch. + Temp..of.the.Atmos. + CODto..mg.L. + TSS..mg.L. + CODds..mg.L. + SACto..1.m.",0.019180529620022,0.569847256565664,"3,2"
"11073","Temp..of.NSEC.Main.Ch. + Temp..of.the.Atmos. + CODto..mg.L. + TSS..mg.L. + CODds..mg.L. + NSEC.Aerobic.SRT",0.313669797634491,0.627867341811875,"3,2"
"11074","Temp..of.NSEC.Main.Ch. + Temp..of.the.Atmos. + CODto..mg.L. + TSS..mg.L. + CODds..mg.L. + NSEC.Effluent.NH3",0.322497679613551,0.666304889460894,"3,2"
"11075","Temp..of.NSEC.Main.Ch. + Temp..of.the.Atmos. + CODto..mg.L. + TSS..mg.L. + CODds..mg.L. + NSEC.Effluent.NO3",0.291030240529666,0.690711142142276,"3,2"
"11076","Temp..of.NSEC.Main.Ch. + Temp..of.the.Atmos. + CODto..mg.L. + TSS..mg.L. + CODds..mg.L. + NSEC.Effluent.OP",0.100393351285529,0.646665688463294,"3,2"
"11077","Temp..of.NSEC.Main.Ch. + Temp..of.the.Atmos. + CODto..mg.L. + TSS..mg.L. + CODds..mg.L. + NSEC.Effluent.TSS",0.0484963549896833,0.693064108216338,"3,2"
"11078","Temp..of.NSEC.Main.Ch. + Temp..of.the.Atmos. + CODto..mg.L. + TSS..mg.L. + CODds..mg.L. + NSEC.Effluent.NO5",0.193333172049933,0.000972225632527807,"3,2"
"11079","Temp..of.NSEC.Main.Ch. + Temp..of.the.Atmos. + CODto..mg.L. + TSS..mg.L. + CODds..mg.L. + NSEC.Effluent.Flow",0.0595408048006791,0.697715899931214,"3,2"
"11080","Temp..of.NSEC.Main.Ch. + Temp..of.the.Atmos. + CODto..mg.L. + TSS..mg.L. + SACto..1.m. + NSEC.Aerobic.SRT",0.0930596035101807,0.605370666513338,"3,2"
"11081","Temp..of.NSEC.Main.Ch. + Temp..of.the.Atmos. + CODto..mg.L. + TSS..mg.L. + SACto..1.m. + NSEC.Effluent.NH3",0.26313707945739,0.687468130867084,"3,2"
"11082","Temp..of.NSEC.Main.Ch. + Temp..of.the.Atmos. + CODto..mg.L. + TSS..mg.L. + SACto..1.m. + NSEC.Effluent.NO3",0.040144268820351,0.681424974925653,"3,2"
"11083","Temp..of.NSEC.Main.Ch. + Temp..of.the.Atmos. + CODto..mg.L. + TSS..mg.L. + SACto..1.m. + NSEC.Effluent.OP",0.00717721578695585,0.654496929167578,"3,2"
"11084","Temp..of.NSEC.Main.Ch. + Temp..of.the.Atmos. + CODto..mg.L. + TSS..mg.L. + SACto..1.m. + NSEC.Effluent.TSS",0.16672113236849,0.707996040460398,"3,2"
"11085","Temp..of.NSEC.Main.Ch. + Temp..of.the.Atmos. + CODto..mg.L. + TSS..mg.L. + SACto..1.m. + NSEC.Effluent.NO5",0.455226248944832,0.740276324996301,"3,2"
"11086","Temp..of.NSEC.Main.Ch. + Temp..of.the.Atmos. + CODto..mg.L. + TSS..mg.L. + SACto..1.m. + NSEC.Effluent.Flow",0.318719266138946,0.772765451618397,"3,2"
"11087","Temp..of.NSEC.Main.Ch. + Temp..of.the.Atmos. + CODto..mg.L. + TSS..mg.L. + NSEC.Aerobic.SRT + NSEC.Effluent.NH3",0.28626522847087,0.669505671206908,"3,2"
"11088","Temp..of.NSEC.Main.Ch. + Temp..of.the.Atmos. + CODto..mg.L. + TSS..mg.L. + NSEC.Aerobic.SRT + NSEC.Effluent.NO3",0.0263898050270668,0.769877481169407,"3,2"
"11089","Temp..of.NSEC.Main.Ch. + Temp..of.the.Atmos. + CODto..mg.L. + TSS..mg.L. + NSEC.Aerobic.SRT + NSEC.Effluent.OP",0.140797502451682,0.785544362677874,"3,2"
"11090","Temp..of.NSEC.Main.Ch. + Temp..of.the.Atmos. + CODto..mg.L. + TSS..mg.L. + NSEC.Aerobic.SRT + NSEC.Effluent.TSS",0.204793362945445,0.762088782508518,"3,2"
"11091","Temp..of.NSEC.Main.Ch. + Temp..of.the.Atmos. + CODto..mg.L. + TSS..mg.L. + NSEC.Aerobic.SRT + NSEC.Effluent.NO5",0.167484593255784,0.794812122869362,"3,2"
"11092","Temp..of.NSEC.Main.Ch. + Temp..of.the.Atmos. + CODto..mg.L. + TSS..mg.L. + NSEC.Aerobic.SRT + NSEC.Effluent.Flow",0.0551910094158305,0.776419547890103,"3,2"
"11093","Temp..of.NSEC.Main.Ch. + Temp..of.the.Atmos. + CODto..mg.L. + TSS..mg.L. + NSEC.Effluent.NH3 + NSEC.Effluent.NO3",0.0324403647036737,0.677361461522955,"3,2"
"11094","Temp..of.NSEC.Main.Ch. + Temp..of.the.Atmos. + CODto..mg.L. + TSS..mg.L. + NSEC.Effluent.NH3 + NSEC.Effluent.OP",0.283303547151976,0.603636281515249,"3,2"
"11095","Temp..of.NSEC.Main.Ch. + Temp..of.the.Atmos. + CODto..mg.L. + TSS..mg.L. + NSEC.Effluent.NH3 + NSEC.Effluent.TSS",0.210810555707866,0.706336562298082,"3,2"
"11096","Temp..of.NSEC.Main.Ch. + Temp..of.the.Atmos. + CODto..mg.L. + TSS..mg.L. + NSEC.Effluent.NH3 + NSEC.Effluent.NO5",0.114315307232542,0.609507308973354,"3,2"
"11097","Temp..of.NSEC.Main.Ch. + Temp..of.the.Atmos. + CODto..mg.L. + TSS..mg.L. + NSEC.Effluent.NH3 + NSEC.Effluent.Flow",0.102836678018243,0.542675832815773,"3,2"
"11098","Temp..of.NSEC.Main.Ch. + Temp..of.the.Atmos. + CODto..mg.L. + TSS..mg.L. + NSEC.Effluent.NO3 + NSEC.Effluent.OP",0.277356365265254,0.741062706673832,"3,2"
"11099","Temp..of.NSEC.Main.Ch. + Temp..of.the.Atmos. + CODto..mg.L. + TSS..mg.L. + NSEC.Effluent.NO3 + NSEC.Effluent.TSS",0.0809813692693893,0.686139386287958,"3,2"
"11100","Temp..of.NSEC.Main.Ch. + Temp..of.the.Atmos. + CODto..mg.L. + TSS..mg.L. + NSEC.Effluent.NO3 + NSEC.Effluent.NO5",0.152468468095414,0.718207771915548,"3,2"
"11101","Temp..of.NSEC.Main.Ch. + Temp..of.the.Atmos. + CODto..mg.L. + TSS..mg.L. + NSEC.Effluent.NO3 + NSEC.Effluent.Flow",0.19348032596115,0.00353186013220052,"3,2"
"11102","Temp..of.NSEC.Main.Ch. + Temp..of.the.Atmos. + CODto..mg.L. + TSS..mg.L. + NSEC.Effluent.OP + NSEC.Effluent.TSS",0.0489405082930965,0.701508365652311,"3,2"
"11103","Temp..of.NSEC.Main.Ch. + Temp..of.the.Atmos. + CODto..mg.L. + TSS..mg.L. + NSEC.Effluent.OP + NSEC.Effluent.NO5",0.0404459629852116,0.722167421790264,"3,2"
"11104","Temp..of.NSEC.Main.Ch. + Temp..of.the.Atmos. + CODto..mg.L. + TSS..mg.L. + NSEC.Effluent.OP + NSEC.Effluent.Flow",0.166538366118371,0.668755960797054,"3,2"
"11105","Temp..of.NSEC.Main.Ch. + Temp..of.the.Atmos. + CODto..mg.L. + TSS..mg.L. + NSEC.Effluent.TSS + NSEC.Effluent.NO5",0.103889471940885,0.70495835638051,"3,2"
"11106","Temp..of.NSEC.Main.Ch. + Temp..of.the.Atmos. + CODto..mg.L. + TSS..mg.L. + NSEC.Effluent.TSS + NSEC.Effluent.Flow",0.0452447646511764,0.701000502916429,"3,2"
"11107","Temp..of.NSEC.Main.Ch. + Temp..of.the.Atmos. + CODto..mg.L. + TSS..mg.L. + NSEC.Effluent.NO5 + NSEC.Effluent.Flow",0.301181736998453,0.723055473864322,"3,2"
"11108","Temp..of.NSEC.Main.Ch. + Temp..of.the.Atmos. + CODto..mg.L. + UVT.... + CODds..mg.L. + SACto..1.m.",0.0487222079429674,0.64962593838285,"3,2"
"11109","Temp..of.NSEC.Main.Ch. + Temp..of.the.Atmos. + CODto..mg.L. + UVT.... + CODds..mg.L. + NSEC.Aerobic.SRT",0.266588294632233,0.74851208743527,"3,2"
"11110","Temp..of.NSEC.Main.Ch. + Temp..of.the.Atmos. + CODto..mg.L. + UVT.... + CODds..mg.L. + NSEC.Effluent.NH3",0.150678111808199,0.464237856464139,"3,2"
"11111","Temp..of.NSEC.Main.Ch. + Temp..of.the.Atmos. + CODto..mg.L. + UVT.... + CODds..mg.L. + NSEC.Effluent.NO3",0.0260054242947447,0.632301330330674,"3,2"
"11112","Temp..of.NSEC.Main.Ch. + Temp..of.the.Atmos. + CODto..mg.L. + UVT.... + CODds..mg.L. + NSEC.Effluent.OP",0.0183360224410818,0.588916668161642,"3,2"
"11113","Temp..of.NSEC.Main.Ch. + Temp..of.the.Atmos. + CODto..mg.L. + UVT.... + CODds..mg.L. + NSEC.Effluent.TSS",0.136967554361348,0.681365170385784,"3,2"
"11114","Temp..of.NSEC.Main.Ch. + Temp..of.the.Atmos. + CODto..mg.L. + UVT.... + CODds..mg.L. + NSEC.Effluent.NO5",0.183070545869921,0.614193137912945,"3,2"
"11115","Temp..of.NSEC.Main.Ch. + Temp..of.the.Atmos. + CODto..mg.L. + UVT.... + CODds..mg.L. + NSEC.Effluent.Flow",0.0588462955143139,0.650302756313343,"3,2"
"11116","Temp..of.NSEC.Main.Ch. + Temp..of.the.Atmos. + CODto..mg.L. + UVT.... + SACto..1.m. + NSEC.Aerobic.SRT",0.0648584084460286,0.611312751966791,"3,2"
"11117","Temp..of.NSEC.Main.Ch. + Temp..of.the.Atmos. + CODto..mg.L. + UVT.... + SACto..1.m. + NSEC.Effluent.NH3",0.0994181158226897,0.618572406321655,"3,2"
"11118","Temp..of.NSEC.Main.Ch. + Temp..of.the.Atmos. + CODto..mg.L. + UVT.... + SACto..1.m. + NSEC.Effluent.NO3",0.0744736761399312,0.62693205492433,"3,2"
"11119","Temp..of.NSEC.Main.Ch. + Temp..of.the.Atmos. + CODto..mg.L. + UVT.... + SACto..1.m. + NSEC.Effluent.OP",0.207745363656872,0.685432908497077,"3,2"
"11120","Temp..of.NSEC.Main.Ch. + Temp..of.the.Atmos. + CODto..mg.L. + UVT.... + SACto..1.m. + NSEC.Effluent.TSS",0.0317238183656523,0.689797519448519,"3,2"
"11121","Temp..of.NSEC.Main.Ch. + Temp..of.the.Atmos. + CODto..mg.L. + UVT.... + SACto..1.m. + NSEC.Effluent.NO5",0.144588654266455,0.617139757161183,"3,2"
"11122","Temp..of.NSEC.Main.Ch. + Temp..of.the.Atmos. + CODto..mg.L. + UVT.... + SACto..1.m. + NSEC.Effluent.Flow",0.145039394782285,0.650107893594032,"3,2"
"11123","Temp..of.NSEC.Main.Ch. + Temp..of.the.Atmos. + CODto..mg.L. + UVT.... + NSEC.Aerobic.SRT + NSEC.Effluent.NH3",0.0815192981800186,0.609150874560995,"3,2"
"11124","Temp..of.NSEC.Main.Ch. + Temp..of.the.Atmos. + CODto..mg.L. + UVT.... + NSEC.Aerobic.SRT + NSEC.Effluent.NO3",0.230909090696843,0.776938207625043,"3,2"
"11125","Temp..of.NSEC.Main.Ch. + Temp..of.the.Atmos. + CODto..mg.L. + UVT.... + NSEC.Aerobic.SRT + NSEC.Effluent.OP",0.000653336403924509,0.716219003424594,"3,2"
"11126","Temp..of.NSEC.Main.Ch. + Temp..of.the.Atmos. + CODto..mg.L. + UVT.... + NSEC.Aerobic.SRT + NSEC.Effluent.TSS",0.132911401934919,0.757538378465324,"3,2"
"11127","Temp..of.NSEC.Main.Ch. + Temp..of.the.Atmos. + CODto..mg.L. + UVT.... + NSEC.Aerobic.SRT + NSEC.Effluent.NO5",0.143360282922514,0.655726018602455,"3,2"
"11128","Temp..of.NSEC.Main.Ch. + Temp..of.the.Atmos. + CODto..mg.L. + UVT.... + NSEC.Aerobic.SRT + NSEC.Effluent.Flow",0.0658422220843562,0.723725190650173,"3,2"
"11129","Temp..of.NSEC.Main.Ch. + Temp..of.the.Atmos. + CODto..mg.L. + UVT.... + NSEC.Effluent.NH3 + NSEC.Effluent.NO3",0.374852467654564,0.719855179376619,"3,2"
"11130","Temp..of.NSEC.Main.Ch. + Temp..of.the.Atmos. + CODto..mg.L. + UVT.... + NSEC.Effluent.NH3 + NSEC.Effluent.OP",0.00933279779816831,0.673799718882371,"3,2"
"11131","Temp..of.NSEC.Main.Ch. + Temp..of.the.Atmos. + CODto..mg.L. + UVT.... + NSEC.Effluent.NH3 + NSEC.Effluent.TSS",0.00120955540919043,0.708817856970872,"3,2"
"11132","Temp..of.NSEC.Main.Ch. + Temp..of.the.Atmos. + CODto..mg.L. + UVT.... + NSEC.Effluent.NH3 + NSEC.Effluent.NO5",0.0892483625338321,0.567115167431709,"3,2"
"11133","Temp..of.NSEC.Main.Ch. + Temp..of.the.Atmos. + CODto..mg.L. + UVT.... + NSEC.Effluent.NH3 + NSEC.Effluent.Flow",0.0168809427287844,0.628047667564979,"3,2"
"11134","Temp..of.NSEC.Main.Ch. + Temp..of.the.Atmos. + CODto..mg.L. + UVT.... + NSEC.Effluent.NO3 + NSEC.Effluent.OP",0.058779286686534,0.664486958010512,"3,2"
"11135","Temp..of.NSEC.Main.Ch. + Temp..of.the.Atmos. + CODto..mg.L. + UVT.... + NSEC.Effluent.NO3 + NSEC.Effluent.TSS",0.10226359186111,0.68899705149082,"3,2"
"11136","Temp..of.NSEC.Main.Ch. + Temp..of.the.Atmos. + CODto..mg.L. + UVT.... + NSEC.Effluent.NO3 + NSEC.Effluent.NO5",0.151144189639293,0.663331562261444,"3,2"
"11137","Temp..of.NSEC.Main.Ch. + Temp..of.the.Atmos. + CODto..mg.L. + UVT.... + NSEC.Effluent.NO3 + NSEC.Effluent.Flow",0.0220264340228655,0.716182924949878,"3,2"
"11138","Temp..of.NSEC.Main.Ch. + Temp..of.the.Atmos. + CODto..mg.L. + UVT.... + NSEC.Effluent.OP + NSEC.Effluent.TSS",0.00217561375728859,0.664141403220432,"3,2"
"11139","Temp..of.NSEC.Main.Ch. + Temp..of.the.Atmos. + CODto..mg.L. + UVT.... + NSEC.Effluent.OP + NSEC.Effluent.NO5",0.0157245745109207,0.567546005078783,"3,2"
"11140","Temp..of.NSEC.Main.Ch. + Temp..of.the.Atmos. + CODto..mg.L. + UVT.... + NSEC.Effluent.OP + NSEC.Effluent.Flow",0.10445377541381,0.647201212552885,"3,2"
"11141","Temp..of.NSEC.Main.Ch. + Temp..of.the.Atmos. + CODto..mg.L. + UVT.... + NSEC.Effluent.TSS + NSEC.Effluent.NO5",0.000215068575105448,0.688183288072434,"3,2"
"11142","Temp..of.NSEC.Main.Ch. + Temp..of.the.Atmos. + CODto..mg.L. + UVT.... + NSEC.Effluent.TSS + NSEC.Effluent.Flow",0.19842174138477,0.742937351824803,"3,2"
"11143","Temp..of.NSEC.Main.Ch. + Temp..of.the.Atmos. + CODto..mg.L. + UVT.... + NSEC.Effluent.NO5 + NSEC.Effluent.Flow",0.249059340943376,0.748881066383276,"3,2"
"11144","Temp..of.NSEC.Main.Ch. + Temp..of.the.Atmos. + CODto..mg.L. + CODds..mg.L. + SACto..1.m. + NSEC.Aerobic.SRT",0.214117211720888,0.713883036980943,"3,2"
"11145","Temp..of.NSEC.Main.Ch. + Temp..of.the.Atmos. + CODto..mg.L. + CODds..mg.L. + SACto..1.m. + NSEC.Effluent.NH3",0.12507258133455,0.665019439935189,"3,2"
"11146","Temp..of.NSEC.Main.Ch. + Temp..of.the.Atmos. + CODto..mg.L. + CODds..mg.L. + SACto..1.m. + NSEC.Effluent.NO3",0.236520622581081,0.598467399321911,"3,2"
"11147","Temp..of.NSEC.Main.Ch. + Temp..of.the.Atmos. + CODto..mg.L. + CODds..mg.L. + SACto..1.m. + NSEC.Effluent.OP",0.232597347165113,0.538713678606114,"3,2"
"11148","Temp..of.NSEC.Main.Ch. + Temp..of.the.Atmos. + CODto..mg.L. + CODds..mg.L. + SACto..1.m. + NSEC.Effluent.TSS",0.107877475642421,0.717076434754045,"3,2"
"11149","Temp..of.NSEC.Main.Ch. + Temp..of.the.Atmos. + CODto..mg.L. + CODds..mg.L. + SACto..1.m. + NSEC.Effluent.NO5",0.206177851068381,0.534540013897535,"3,2"
"11150","Temp..of.NSEC.Main.Ch. + Temp..of.the.Atmos. + CODto..mg.L. + CODds..mg.L. + SACto..1.m. + NSEC.Effluent.Flow",0.228783380001853,0.652179163759027,"3,2"
"11151","Temp..of.NSEC.Main.Ch. + Temp..of.the.Atmos. + CODto..mg.L. + CODds..mg.L. + NSEC.Aerobic.SRT + NSEC.Effluent.NH3",0.229064632107399,0.67506846322608,"3,2"
"11152","Temp..of.NSEC.Main.Ch. + Temp..of.the.Atmos. + CODto..mg.L. + CODds..mg.L. + NSEC.Aerobic.SRT + NSEC.Effluent.NO3",0.249146402002753,0.744267461332402,"3,2"
"11153","Temp..of.NSEC.Main.Ch. + Temp..of.the.Atmos. + CODto..mg.L. + CODds..mg.L. + NSEC.Aerobic.SRT + NSEC.Effluent.OP",0.123070433890287,0.740669508557758,"3,2"
"11154","Temp..of.NSEC.Main.Ch. + Temp..of.the.Atmos. + CODto..mg.L. + CODds..mg.L. + NSEC.Aerobic.SRT + NSEC.Effluent.TSS",0.228116636824925,0.72937361004666,"3,2"
"11155","Temp..of.NSEC.Main.Ch. + Temp..of.the.Atmos. + CODto..mg.L. + CODds..mg.L. + NSEC.Aerobic.SRT + NSEC.Effluent.NO5",0.265375037219211,0.651723999635819,"3,2"
"11156","Temp..of.NSEC.Main.Ch. + Temp..of.the.Atmos. + CODto..mg.L. + CODds..mg.L. + NSEC.Aerobic.SRT + NSEC.Effluent.Flow",0.147109444641141,0.756387566472433,"3,2"
"11157","Temp..of.NSEC.Main.Ch. + Temp..of.the.Atmos. + CODto..mg.L. + CODds..mg.L. + NSEC.Effluent.NH3 + NSEC.Effluent.NO3",0.183679281135709,0.637670441251279,"3,2"
"11158","Temp..of.NSEC.Main.Ch. + Temp..of.the.Atmos. + CODto..mg.L. + CODds..mg.L. + NSEC.Effluent.NH3 + NSEC.Effluent.OP",0.284539248504937,0.507331190733533,"3,2"
"11159","Temp..of.NSEC.Main.Ch. + Temp..of.the.Atmos. + CODto..mg.L. + CODds..mg.L. + NSEC.Effluent.NH3 + NSEC.Effluent.TSS",0.0736296537075087,0.609309342378374,"3,2"
"11160","Temp..of.NSEC.Main.Ch. + Temp..of.the.Atmos. + CODto..mg.L. + CODds..mg.L. + NSEC.Effluent.NH3 + NSEC.Effluent.NO5",0.0507081353520171,0.653005808803464,"3,2"
"11161","Temp..of.NSEC.Main.Ch. + Temp..of.the.Atmos. + CODto..mg.L. + CODds..mg.L. + NSEC.Effluent.NH3 + NSEC.Effluent.Flow",0.238047782371523,0.611885495756234,"3,2"
"11162","Temp..of.NSEC.Main.Ch. + Temp..of.the.Atmos. + CODto..mg.L. + CODds..mg.L. + NSEC.Effluent.NO3 + NSEC.Effluent.OP",0.353616624282352,0.643323203103796,"3,2"
"11163","Temp..of.NSEC.Main.Ch. + Temp..of.the.Atmos. + CODto..mg.L. + CODds..mg.L. + NSEC.Effluent.NO3 + NSEC.Effluent.TSS",0.244266377636063,0.685447139509424,"3,2"
"11164","Temp..of.NSEC.Main.Ch. + Temp..of.the.Atmos. + CODto..mg.L. + CODds..mg.L. + NSEC.Effluent.NO3 + NSEC.Effluent.NO5",0.259817570898149,0.562027198334709,"3,2"
"11165","Temp..of.NSEC.Main.Ch. + Temp..of.the.Atmos. + CODto..mg.L. + CODds..mg.L. + NSEC.Effluent.NO3 + NSEC.Effluent.Flow",0.29519492801737,0.671342540182821,"3,2"
"11166","Temp..of.NSEC.Main.Ch. + Temp..of.the.Atmos. + CODto..mg.L. + CODds..mg.L. + NSEC.Effluent.OP + NSEC.Effluent.TSS",0.224812252478918,0.668267220724979,"3,2"
"11167","Temp..of.NSEC.Main.Ch. + Temp..of.the.Atmos. + CODto..mg.L. + CODds..mg.L. + NSEC.Effluent.OP + NSEC.Effluent.NO5",0.250764295099938,0.58591628522558,"3,2"
"11168","Temp..of.NSEC.Main.Ch. + Temp..of.the.Atmos. + CODto..mg.L. + CODds..mg.L. + NSEC.Effluent.OP + NSEC.Effluent.Flow",0.211833624250396,0.661605418427496,"3,2"
"11169","Temp..of.NSEC.Main.Ch. + Temp..of.the.Atmos. + CODto..mg.L. + CODds..mg.L. + NSEC.Effluent.TSS + NSEC.Effluent.NO5",0.145136273654633,0.579328824011636,"3,2"
"11170","Temp..of.NSEC.Main.Ch. + Temp..of.the.Atmos. + CODto..mg.L. + CODds..mg.L. + NSEC.Effluent.TSS + NSEC.Effluent.Flow",0.0938547380449566,0.692067718654623,"3,2"
"11171","Temp..of.NSEC.Main.Ch. + Temp..of.the.Atmos. + CODto..mg.L. + CODds..mg.L. + NSEC.Effluent.NO5 + NSEC.Effluent.Flow",0.309210730063477,0.706718392058066,"3,2"
"11172","Temp..of.NSEC.Main.Ch. + Temp..of.the.Atmos. + CODto..mg.L. + SACto..1.m. + NSEC.Aerobic.SRT + NSEC.Effluent.NH3",0.0605576121004145,0.652061369529521,"3,2"
"11173","Temp..of.NSEC.Main.Ch. + Temp..of.the.Atmos. + CODto..mg.L. + SACto..1.m. + NSEC.Aerobic.SRT + NSEC.Effluent.NO3",0.108400571442043,0.70986000559702,"3,2"
"11174","Temp..of.NSEC.Main.Ch. + Temp..of.the.Atmos. + CODto..mg.L. + SACto..1.m. + NSEC.Aerobic.SRT + NSEC.Effluent.OP",0.0444604294798829,0.654595367904253,"3,2"
"11175","Temp..of.NSEC.Main.Ch. + Temp..of.the.Atmos. + CODto..mg.L. + SACto..1.m. + NSEC.Aerobic.SRT + NSEC.Effluent.TSS",0.149649732699623,0.742598951152242,"3,2"
"11176","Temp..of.NSEC.Main.Ch. + Temp..of.the.Atmos. + CODto..mg.L. + SACto..1.m. + NSEC.Aerobic.SRT + NSEC.Effluent.NO5",0.116316453198793,0.577941222014171,"3,2"
"11177","Temp..of.NSEC.Main.Ch. + Temp..of.the.Atmos. + CODto..mg.L. + SACto..1.m. + NSEC.Aerobic.SRT + NSEC.Effluent.Flow",0.143736596649967,0.625572837945424,"3,2"
"11178","Temp..of.NSEC.Main.Ch. + Temp..of.the.Atmos. + CODto..mg.L. + SACto..1.m. + NSEC.Effluent.NH3 + NSEC.Effluent.NO3",0.0402418679994971,0.623978991184963,"3,2"
"11179","Temp..of.NSEC.Main.Ch. + Temp..of.the.Atmos. + CODto..mg.L. + SACto..1.m. + NSEC.Effluent.NH3 + NSEC.Effluent.OP",0.0821337884710904,0.544883201448217,"3,2"
"11180","Temp..of.NSEC.Main.Ch. + Temp..of.the.Atmos. + CODto..mg.L. + SACto..1.m. + NSEC.Effluent.NH3 + NSEC.Effluent.TSS",0.0598597287544056,0.700249392155957,"3,2"
"11181","Temp..of.NSEC.Main.Ch. + Temp..of.the.Atmos. + CODto..mg.L. + SACto..1.m. + NSEC.Effluent.NH3 + NSEC.Effluent.NO5",0.0559599949400895,0.635876948602557,"3,2"
"11182","Temp..of.NSEC.Main.Ch. + Temp..of.the.Atmos. + CODto..mg.L. + SACto..1.m. + NSEC.Effluent.NH3 + NSEC.Effluent.Flow",0.0895614370615667,0.647863395389798,"3,2"
"11183","Temp..of.NSEC.Main.Ch. + Temp..of.the.Atmos. + CODto..mg.L. + SACto..1.m. + NSEC.Effluent.NO3 + NSEC.Effluent.OP",0.208221677653668,0.757566228370824,"3,2"
"11184","Temp..of.NSEC.Main.Ch. + Temp..of.the.Atmos. + CODto..mg.L. + SACto..1.m. + NSEC.Effluent.NO3 + NSEC.Effluent.TSS",0.0622225404456747,0.731551516671448,"3,2"
"11185","Temp..of.NSEC.Main.Ch. + Temp..of.the.Atmos. + CODto..mg.L. + SACto..1.m. + NSEC.Effluent.NO3 + NSEC.Effluent.NO5",0.00331548748819399,0.661619257626016,"3,2"
"11186","Temp..of.NSEC.Main.Ch. + Temp..of.the.Atmos. + CODto..mg.L. + SACto..1.m. + NSEC.Effluent.NO3 + NSEC.Effluent.Flow",0.104416960539666,0.658502346843479,"3,2"
"11187","Temp..of.NSEC.Main.Ch. + Temp..of.the.Atmos. + CODto..mg.L. + SACto..1.m. + NSEC.Effluent.OP + NSEC.Effluent.TSS",0.145733763311893,0.761101929091366,"3,2"
"11188","Temp..of.NSEC.Main.Ch. + Temp..of.the.Atmos. + CODto..mg.L. + SACto..1.m. + NSEC.Effluent.OP + NSEC.Effluent.NO5",0.105312644684714,0.633031057321747,"3,2"
"11189","Temp..of.NSEC.Main.Ch. + Temp..of.the.Atmos. + CODto..mg.L. + SACto..1.m. + NSEC.Effluent.OP + NSEC.Effluent.Flow",0.0862940040221063,0.701180935881043,"3,2"
"11190","Temp..of.NSEC.Main.Ch. + Temp..of.the.Atmos. + CODto..mg.L. + SACto..1.m. + NSEC.Effluent.TSS + NSEC.Effluent.NO5",0.0601533435684134,0.696126924300059,"3,2"
"11191","Temp..of.NSEC.Main.Ch. + Temp..of.the.Atmos. + CODto..mg.L. + SACto..1.m. + NSEC.Effluent.TSS + NSEC.Effluent.Flow",0.0982510855498582,0.651445504898579,"3,2"
"11192","Temp..of.NSEC.Main.Ch. + Temp..of.the.Atmos. + CODto..mg.L. + SACto..1.m. + NSEC.Effluent.NO5 + NSEC.Effluent.Flow",0.0256430344767593,0.655080316710374,"3,2"
"11193","Temp..of.NSEC.Main.Ch. + Temp..of.the.Atmos. + CODto..mg.L. + NSEC.Aerobic.SRT + NSEC.Effluent.NH3 + NSEC.Effluent.NO3",0.124338618447374,0.633174981320456,"3,2"
"11194","Temp..of.NSEC.Main.Ch. + Temp..of.the.Atmos. + CODto..mg.L. + NSEC.Aerobic.SRT + NSEC.Effluent.NH3 + NSEC.Effluent.OP",0.126505377821247,0.684538509904394,"3,2"
"11195","Temp..of.NSEC.Main.Ch. + Temp..of.the.Atmos. + CODto..mg.L. + NSEC.Aerobic.SRT + NSEC.Effluent.NH3 + NSEC.Effluent.TSS",0.313302787994166,0.78539457121859,"3,2"
"11196","Temp..of.NSEC.Main.Ch. + Temp..of.the.Atmos. + CODto..mg.L. + NSEC.Aerobic.SRT + NSEC.Effluent.NH3 + NSEC.Effluent.NO5",0.473483854649405,0.698529588825203,"3,2"
"11197","Temp..of.NSEC.Main.Ch. + Temp..of.the.Atmos. + CODto..mg.L. + NSEC.Aerobic.SRT + NSEC.Effluent.NH3 + NSEC.Effluent.Flow",0.118931191258779,0.667247009200897,"3,2"
"11198","Temp..of.NSEC.Main.Ch. + Temp..of.the.Atmos. + CODto..mg.L. + NSEC.Aerobic.SRT + NSEC.Effluent.NO3 + NSEC.Effluent.OP",0.248146675146888,0.668113555606749,"3,2"
"11199","Temp..of.NSEC.Main.Ch. + Temp..of.the.Atmos. + CODto..mg.L. + NSEC.Aerobic.SRT + NSEC.Effluent.NO3 + NSEC.Effluent.TSS",0.208537609040803,0.71320436368556,"3,2"
"11200","Temp..of.NSEC.Main.Ch. + Temp..of.the.Atmos. + CODto..mg.L. + NSEC.Aerobic.SRT + NSEC.Effluent.NO3 + NSEC.Effluent.NO5",0.0526829503408273,0.791326426025353,"3,2"
"11201","Temp..of.NSEC.Main.Ch. + Temp..of.the.Atmos. + CODto..mg.L. + NSEC.Aerobic.SRT + NSEC.Effluent.NO3 + NSEC.Effluent.Flow",0.253351701630267,0.758647418630206,"3,2"
"11202","Temp..of.NSEC.Main.Ch. + Temp..of.the.Atmos. + CODto..mg.L. + NSEC.Aerobic.SRT + NSEC.Effluent.OP + NSEC.Effluent.TSS",0.15427810303827,0.696505490491366,"3,2"
"11203","Temp..of.NSEC.Main.Ch. + Temp..of.the.Atmos. + CODto..mg.L. + NSEC.Aerobic.SRT + NSEC.Effluent.OP + NSEC.Effluent.NO5",0.271683958012401,0.672439691630384,"3,2"
"11204","Temp..of.NSEC.Main.Ch. + Temp..of.the.Atmos. + CODto..mg.L. + NSEC.Aerobic.SRT + NSEC.Effluent.OP + NSEC.Effluent.Flow",0.147461448754666,0.736514331404536,"3,2"
"11205","Temp..of.NSEC.Main.Ch. + Temp..of.the.Atmos. + CODto..mg.L. + NSEC.Aerobic.SRT + NSEC.Effluent.TSS + NSEC.Effluent.NO5",0.17122246447169,0.729109007444388,"3,2"
"11206","Temp..of.NSEC.Main.Ch. + Temp..of.the.Atmos. + CODto..mg.L. + NSEC.Aerobic.SRT + NSEC.Effluent.TSS + NSEC.Effluent.Flow",0.283607653379145,0.74014012296505,"3,2"
"11207","Temp..of.NSEC.Main.Ch. + Temp..of.the.Atmos. + CODto..mg.L. + NSEC.Aerobic.SRT + NSEC.Effluent.NO5 + NSEC.Effluent.Flow",0.0475205903318707,0.710946867601253,"3,2"
"11208","Temp..of.NSEC.Main.Ch. + Temp..of.the.Atmos. + CODto..mg.L. + NSEC.Effluent.NH3 + NSEC.Effluent.NO3 + NSEC.Effluent.OP",0.270399142587056,0.552479118441515,"3,2"
"11209","Temp..of.NSEC.Main.Ch. + Temp..of.the.Atmos. + CODto..mg.L. + NSEC.Effluent.NH3 + NSEC.Effluent.NO3 + NSEC.Effluent.TSS",0.0788305541468199,0.664579596834526,"3,2"
"11210","Temp..of.NSEC.Main.Ch. + Temp..of.the.Atmos. + CODto..mg.L. + NSEC.Effluent.NH3 + NSEC.Effluent.NO3 + NSEC.Effluent.NO5",0.133496806545367,0.430952177314217,"3,2"
"11211","Temp..of.NSEC.Main.Ch. + Temp..of.the.Atmos. + CODto..mg.L. + NSEC.Effluent.NH3 + NSEC.Effluent.NO3 + NSEC.Effluent.Flow",0.0392515045775057,0.628542843587509,"3,2"
"11212","Temp..of.NSEC.Main.Ch. + Temp..of.the.Atmos. + CODto..mg.L. + NSEC.Effluent.NH3 + NSEC.Effluent.OP + NSEC.Effluent.TSS",0.0964094831747362,0.419614401668859,"3,2"
"11213","Temp..of.NSEC.Main.Ch. + Temp..of.the.Atmos. + CODto..mg.L. + NSEC.Effluent.NH3 + NSEC.Effluent.OP + NSEC.Effluent.NO5",0.247213432696384,0.581742358011087,"3,2"
"11214","Temp..of.NSEC.Main.Ch. + Temp..of.the.Atmos. + CODto..mg.L. + NSEC.Effluent.NH3 + NSEC.Effluent.OP + NSEC.Effluent.Flow",0.0960323682839208,0.555875450695653,"3,2"
"11215","Temp..of.NSEC.Main.Ch. + Temp..of.the.Atmos. + CODto..mg.L. + NSEC.Effluent.NH3 + NSEC.Effluent.TSS + NSEC.Effluent.NO5",0.143504394035643,0.67843070104881,"3,2"
"11216","Temp..of.NSEC.Main.Ch. + Temp..of.the.Atmos. + CODto..mg.L. + NSEC.Effluent.NH3 + NSEC.Effluent.TSS + NSEC.Effluent.Flow",0.123769628132457,0.502040467137035,"3,2"
"11217","Temp..of.NSEC.Main.Ch. + Temp..of.the.Atmos. + CODto..mg.L. + NSEC.Effluent.NH3 + NSEC.Effluent.NO5 + NSEC.Effluent.Flow",0.130115028703626,0.418058183833908,"3,2"
"11218","Temp..of.NSEC.Main.Ch. + Temp..of.the.Atmos. + CODto..mg.L. + NSEC.Effluent.NO3 + NSEC.Effluent.OP + NSEC.Effluent.TSS",0.0361306964388324,0.656765050315229,"3,2"
"11219","Temp..of.NSEC.Main.Ch. + Temp..of.the.Atmos. + CODto..mg.L. + NSEC.Effluent.NO3 + NSEC.Effluent.OP + NSEC.Effluent.NO5",0.0994120484274124,0.692127254333479,"3,2"
"11220","Temp..of.NSEC.Main.Ch. + Temp..of.the.Atmos. + CODto..mg.L. + NSEC.Effluent.NO3 + NSEC.Effluent.OP + NSEC.Effluent.Flow",0.100514467046263,0.464818831485435,"3,2"
"11221","Temp..of.NSEC.Main.Ch. + Temp..of.the.Atmos. + CODto..mg.L. + NSEC.Effluent.NO3 + NSEC.Effluent.TSS + NSEC.Effluent.NO5",0.123983210607431,0.683064440644811,"3,2"
"11222","Temp..of.NSEC.Main.Ch. + Temp..of.the.Atmos. + CODto..mg.L. + NSEC.Effluent.NO3 + NSEC.Effluent.TSS + NSEC.Effluent.Flow",0.123748521145466,0.624652238469058,"3,2"
"11223","Temp..of.NSEC.Main.Ch. + Temp..of.the.Atmos. + CODto..mg.L. + NSEC.Effluent.NO3 + NSEC.Effluent.NO5 + NSEC.Effluent.Flow",0.162255783210496,0.629406247554304,"3,2"
"11224","Temp..of.NSEC.Main.Ch. + Temp..of.the.Atmos. + CODto..mg.L. + NSEC.Effluent.OP + NSEC.Effluent.TSS + NSEC.Effluent.NO5",0.0595808093158867,0.670392474397809,"3,2"
"11225","Temp..of.NSEC.Main.Ch. + Temp..of.the.Atmos. + CODto..mg.L. + NSEC.Effluent.OP + NSEC.Effluent.TSS + NSEC.Effluent.Flow",0.249618666339281,0.649270703720604,"3,2"
"11226","Temp..of.NSEC.Main.Ch. + Temp..of.the.Atmos. + CODto..mg.L. + NSEC.Effluent.OP + NSEC.Effluent.NO5 + NSEC.Effluent.Flow",0.244234109455129,0.613420626645916,"3,2"
"11227","Temp..of.NSEC.Main.Ch. + Temp..of.the.Atmos. + CODto..mg.L. + NSEC.Effluent.TSS + NSEC.Effluent.NO5 + NSEC.Effluent.Flow",0.0184920479938802,0.557012346556041,"3,2"
"11228","Temp..of.NSEC.Main.Ch. + Temp..of.the.Atmos. + TSS..mg.L. + UVT.... + CODds..mg.L. + SACto..1.m.",0.0232595014702333,0.6722967406058,"3,2"
"11229","Temp..of.NSEC.Main.Ch. + Temp..of.the.Atmos. + TSS..mg.L. + UVT.... + CODds..mg.L. + NSEC.Aerobic.SRT",0.0957890204147391,0.598464567610455,"3,2"
"11230","Temp..of.NSEC.Main.Ch. + Temp..of.the.Atmos. + TSS..mg.L. + UVT.... + CODds..mg.L. + NSEC.Effluent.NH3",0.098659364530443,0.671792519667724,"3,2"
"11231","Temp..of.NSEC.Main.Ch. + Temp..of.the.Atmos. + TSS..mg.L. + UVT.... + CODds..mg.L. + NSEC.Effluent.NO3",0.154077673027587,0.643887527543075,"3,2"
"11232","Temp..of.NSEC.Main.Ch. + Temp..of.the.Atmos. + TSS..mg.L. + UVT.... + CODds..mg.L. + NSEC.Effluent.OP",0.0222928065659076,0.638946846487786,"3,2"
"11233","Temp..of.NSEC.Main.Ch. + Temp..of.the.Atmos. + TSS..mg.L. + UVT.... + CODds..mg.L. + NSEC.Effluent.TSS",0.015439816437083,0.758301837186077,"3,2"
"11234","Temp..of.NSEC.Main.Ch. + Temp..of.the.Atmos. + TSS..mg.L. + UVT.... + CODds..mg.L. + NSEC.Effluent.NO5",0.0355204190977905,0.666609613626423,"3,2"
"11235","Temp..of.NSEC.Main.Ch. + Temp..of.the.Atmos. + TSS..mg.L. + UVT.... + CODds..mg.L. + NSEC.Effluent.Flow",0.0113325619425475,0.625865456675439,"3,2"
"11236","Temp..of.NSEC.Main.Ch. + Temp..of.the.Atmos. + TSS..mg.L. + UVT.... + SACto..1.m. + NSEC.Aerobic.SRT",0.276201659792215,0.776808514802224,"3,2"
"11237","Temp..of.NSEC.Main.Ch. + Temp..of.the.Atmos. + TSS..mg.L. + UVT.... + SACto..1.m. + NSEC.Effluent.NH3",0.0158318455793904,0.667406474030084,"3,2"
"11238","Temp..of.NSEC.Main.Ch. + Temp..of.the.Atmos. + TSS..mg.L. + UVT.... + SACto..1.m. + NSEC.Effluent.NO3",0.0759254625501118,0.736242301628149,"3,2"
"11239","Temp..of.NSEC.Main.Ch. + Temp..of.the.Atmos. + TSS..mg.L. + UVT.... + SACto..1.m. + NSEC.Effluent.OP",0.254900644471584,0.689366845222811,"3,2"
"11240","Temp..of.NSEC.Main.Ch. + Temp..of.the.Atmos. + TSS..mg.L. + UVT.... + SACto..1.m. + NSEC.Effluent.TSS",0.0638019439784614,0.805704219648656,"3,2"
"11241","Temp..of.NSEC.Main.Ch. + Temp..of.the.Atmos. + TSS..mg.L. + UVT.... + SACto..1.m. + NSEC.Effluent.NO5",0.15676603404654,0.702846035649468,"3,2"
"11242","Temp..of.NSEC.Main.Ch. + Temp..of.the.Atmos. + TSS..mg.L. + UVT.... + SACto..1.m. + NSEC.Effluent.Flow",0.103749814119204,0.623263348902552,"3,2"
"11243","Temp..of.NSEC.Main.Ch. + Temp..of.the.Atmos. + TSS..mg.L. + UVT.... + NSEC.Aerobic.SRT + NSEC.Effluent.NH3",0.0519345346233377,0.661842141380345,"3,2"
"11244","Temp..of.NSEC.Main.Ch. + Temp..of.the.Atmos. + TSS..mg.L. + UVT.... + NSEC.Aerobic.SRT + NSEC.Effluent.NO3",0.132912894046647,0.750814958174139,"3,2"
"11245","Temp..of.NSEC.Main.Ch. + Temp..of.the.Atmos. + TSS..mg.L. + UVT.... + NSEC.Aerobic.SRT + NSEC.Effluent.OP",0.061444756041058,0.780032158913639,"3,2"
"11246","Temp..of.NSEC.Main.Ch. + Temp..of.the.Atmos. + TSS..mg.L. + UVT.... + NSEC.Aerobic.SRT + NSEC.Effluent.TSS",0.00282590278379424,0.745179255981426,"3,2"
"11247","Temp..of.NSEC.Main.Ch. + Temp..of.the.Atmos. + TSS..mg.L. + UVT.... + NSEC.Aerobic.SRT + NSEC.Effluent.NO5",0.231284938799367,0.802995864668511,"3,2"
"11248","Temp..of.NSEC.Main.Ch. + Temp..of.the.Atmos. + TSS..mg.L. + UVT.... + NSEC.Aerobic.SRT + NSEC.Effluent.Flow",0.135243962231675,0.776923384614397,"3,2"
"11249","Temp..of.NSEC.Main.Ch. + Temp..of.the.Atmos. + TSS..mg.L. + UVT.... + NSEC.Effluent.NH3 + NSEC.Effluent.NO3",0.00939740725079585,0.719687131054084,"3,2"
"11250","Temp..of.NSEC.Main.Ch. + Temp..of.the.Atmos. + TSS..mg.L. + UVT.... + NSEC.Effluent.NH3 + NSEC.Effluent.OP",0.0910679032183577,0.59939679806544,"3,2"
"11251","Temp..of.NSEC.Main.Ch. + Temp..of.the.Atmos. + TSS..mg.L. + UVT.... + NSEC.Effluent.NH3 + NSEC.Effluent.TSS",0.306306937064264,0.741486915488467,"3,2"
"11252","Temp..of.NSEC.Main.Ch. + Temp..of.the.Atmos. + TSS..mg.L. + UVT.... + NSEC.Effluent.NH3 + NSEC.Effluent.NO5",0.0319433295899789,0.595697511679956,"3,2"
"11253","Temp..of.NSEC.Main.Ch. + Temp..of.the.Atmos. + TSS..mg.L. + UVT.... + NSEC.Effluent.NH3 + NSEC.Effluent.Flow",0.10699895480816,0.631112800279337,"3,2"
"11254","Temp..of.NSEC.Main.Ch. + Temp..of.the.Atmos. + TSS..mg.L. + UVT.... + NSEC.Effluent.NO3 + NSEC.Effluent.OP",0.146386104487303,0.738599032704254,"3,2"
"11255","Temp..of.NSEC.Main.Ch. + Temp..of.the.Atmos. + TSS..mg.L. + UVT.... + NSEC.Effluent.NO3 + NSEC.Effluent.TSS",0.0309687153206442,0.720618111024475,"3,2"
"11256","Temp..of.NSEC.Main.Ch. + Temp..of.the.Atmos. + TSS..mg.L. + UVT.... + NSEC.Effluent.NO3 + NSEC.Effluent.NO5",0.339468831916929,0.759266198139581,"3,2"
"11257","Temp..of.NSEC.Main.Ch. + Temp..of.the.Atmos. + TSS..mg.L. + UVT.... + NSEC.Effluent.NO3 + NSEC.Effluent.Flow",0.0364620360195202,0.714241679833068,"3,2"
"11258","Temp..of.NSEC.Main.Ch. + Temp..of.the.Atmos. + TSS..mg.L. + UVT.... + NSEC.Effluent.OP + NSEC.Effluent.TSS",0.00907217745822697,0.780374664394528,"3,2"
"11259","Temp..of.NSEC.Main.Ch. + Temp..of.the.Atmos. + TSS..mg.L. + UVT.... + NSEC.Effluent.OP + NSEC.Effluent.NO5",0.282248405804185,0.775344981130756,"3,2"
"11260","Temp..of.NSEC.Main.Ch. + Temp..of.the.Atmos. + TSS..mg.L. + UVT.... + NSEC.Effluent.OP + NSEC.Effluent.Flow",0.232210289512303,0.710324078121859,"3,2"
"11261","Temp..of.NSEC.Main.Ch. + Temp..of.the.Atmos. + TSS..mg.L. + UVT.... + NSEC.Effluent.TSS + NSEC.Effluent.NO5",0.000574028786727077,0.774566131382115,"3,2"
"11262","Temp..of.NSEC.Main.Ch. + Temp..of.the.Atmos. + TSS..mg.L. + UVT.... + NSEC.Effluent.TSS + NSEC.Effluent.Flow",0.156207155439239,0.798852105386246,"3,2"
"11263","Temp..of.NSEC.Main.Ch. + Temp..of.the.Atmos. + TSS..mg.L. + UVT.... + NSEC.Effluent.NO5 + NSEC.Effluent.Flow",0.329345265136499,0.776039876631751,"3,2"
"11264","Temp..of.NSEC.Main.Ch. + Temp..of.the.Atmos. + TSS..mg.L. + CODds..mg.L. + SACto..1.m. + NSEC.Aerobic.SRT",0.178864298565777,0.761352403671368,"3,2"
"11265","Temp..of.NSEC.Main.Ch. + Temp..of.the.Atmos. + TSS..mg.L. + CODds..mg.L. + SACto..1.m. + NSEC.Effluent.NH3",0.0204146748251377,0.651471864857706,"3,2"
"11266","Temp..of.NSEC.Main.Ch. + Temp..of.the.Atmos. + TSS..mg.L. + CODds..mg.L. + SACto..1.m. + NSEC.Effluent.NO3",0.160586514534311,0.703364435322058,"3,2"
"11267","Temp..of.NSEC.Main.Ch. + Temp..of.the.Atmos. + TSS..mg.L. + CODds..mg.L. + SACto..1.m. + NSEC.Effluent.OP",0.136254225860081,0.561408447421334,"3,2"
"11268","Temp..of.NSEC.Main.Ch. + Temp..of.the.Atmos. + TSS..mg.L. + CODds..mg.L. + SACto..1.m. + NSEC.Effluent.TSS",0.108745066201217,0.787156962358737,"3,2"
"11269","Temp..of.NSEC.Main.Ch. + Temp..of.the.Atmos. + TSS..mg.L. + CODds..mg.L. + SACto..1.m. + NSEC.Effluent.NO5",0.04282209300456,0.744177950280403,"3,2"
"11270","Temp..of.NSEC.Main.Ch. + Temp..of.the.Atmos. + TSS..mg.L. + CODds..mg.L. + SACto..1.m. + NSEC.Effluent.Flow",0.222646073003301,0.59593499979203,"3,2"
"11271","Temp..of.NSEC.Main.Ch. + Temp..of.the.Atmos. + TSS..mg.L. + CODds..mg.L. + NSEC.Aerobic.SRT + NSEC.Effluent.NH3",0.103354921488716,0.422022758915329,"3,2"
"11272","Temp..of.NSEC.Main.Ch. + Temp..of.the.Atmos. + TSS..mg.L. + CODds..mg.L. + NSEC.Aerobic.SRT + NSEC.Effluent.NO3",0.302865106638725,0.674936693840407,"3,2"
"11273","Temp..of.NSEC.Main.Ch. + Temp..of.the.Atmos. + TSS..mg.L. + CODds..mg.L. + NSEC.Aerobic.SRT + NSEC.Effluent.OP",0.0428830609869102,0.463524141151518,"3,2"
"11274","Temp..of.NSEC.Main.Ch. + Temp..of.the.Atmos. + TSS..mg.L. + CODds..mg.L. + NSEC.Aerobic.SRT + NSEC.Effluent.TSS",0.174854561949877,0.761234485809298,"3,2"
"11275","Temp..of.NSEC.Main.Ch. + Temp..of.the.Atmos. + TSS..mg.L. + CODds..mg.L. + NSEC.Aerobic.SRT + NSEC.Effluent.NO5",0.286156384318931,0.632857433635438,"3,2"
"11276","Temp..of.NSEC.Main.Ch. + Temp..of.the.Atmos. + TSS..mg.L. + CODds..mg.L. + NSEC.Aerobic.SRT + NSEC.Effluent.Flow",0.147820134637219,0.703371324960823,"3,2"
"11277","Temp..of.NSEC.Main.Ch. + Temp..of.the.Atmos. + TSS..mg.L. + CODds..mg.L. + NSEC.Effluent.NH3 + NSEC.Effluent.NO3",0.320279876626586,0.536972427880518,"3,2"
"11278","Temp..of.NSEC.Main.Ch. + Temp..of.the.Atmos. + TSS..mg.L. + CODds..mg.L. + NSEC.Effluent.NH3 + NSEC.Effluent.OP",0.0983935805749705,0.608289820154751,"3,2"
"11279","Temp..of.NSEC.Main.Ch. + Temp..of.the.Atmos. + TSS..mg.L. + CODds..mg.L. + NSEC.Effluent.NH3 + NSEC.Effluent.TSS",0.303740243915981,0.644189518829498,"3,2"
"11280","Temp..of.NSEC.Main.Ch. + Temp..of.the.Atmos. + TSS..mg.L. + CODds..mg.L. + NSEC.Effluent.NH3 + NSEC.Effluent.NO5",0.302159155028359,0.626845409946537,"3,2"
"11281","Temp..of.NSEC.Main.Ch. + Temp..of.the.Atmos. + TSS..mg.L. + CODds..mg.L. + NSEC.Effluent.NH3 + NSEC.Effluent.Flow",0.193063638642012,0.00625885420977768,"3,2"
"11282","Temp..of.NSEC.Main.Ch. + Temp..of.the.Atmos. + TSS..mg.L. + CODds..mg.L. + NSEC.Effluent.NO3 + NSEC.Effluent.OP",0.221598218020845,0.730836474816925,"3,2"
"11283","Temp..of.NSEC.Main.Ch. + Temp..of.the.Atmos. + TSS..mg.L. + CODds..mg.L. + NSEC.Effluent.NO3 + NSEC.Effluent.TSS",0.121240240043132,0.743297886712772,"3,2"
"11284","Temp..of.NSEC.Main.Ch. + Temp..of.the.Atmos. + TSS..mg.L. + CODds..mg.L. + NSEC.Effluent.NO3 + NSEC.Effluent.NO5",0.256370197013512,0.711099388312907,"3,2"
"11285","Temp..of.NSEC.Main.Ch. + Temp..of.the.Atmos. + TSS..mg.L. + CODds..mg.L. + NSEC.Effluent.NO3 + NSEC.Effluent.Flow",0.210537614216725,0.679467983951881,"3,2"
"11286","Temp..of.NSEC.Main.Ch. + Temp..of.the.Atmos. + TSS..mg.L. + CODds..mg.L. + NSEC.Effluent.OP + NSEC.Effluent.TSS",0.147570529882907,0.596523540250565,"3,2"
"11287","Temp..of.NSEC.Main.Ch. + Temp..of.the.Atmos. + TSS..mg.L. + CODds..mg.L. + NSEC.Effluent.OP + NSEC.Effluent.NO5",0.322433666567664,0.60974760897811,"3,2"
"11288","Temp..of.NSEC.Main.Ch. + Temp..of.the.Atmos. + TSS..mg.L. + CODds..mg.L. + NSEC.Effluent.OP + NSEC.Effluent.Flow",0.120139604443816,0.640499058634539,"3,2"
"11289","Temp..of.NSEC.Main.Ch. + Temp..of.the.Atmos. + TSS..mg.L. + CODds..mg.L. + NSEC.Effluent.TSS + NSEC.Effluent.NO5",0.136790278773247,0.673535905432684,"3,2"
"11290","Temp..of.NSEC.Main.Ch. + Temp..of.the.Atmos. + TSS..mg.L. + CODds..mg.L. + NSEC.Effluent.TSS + NSEC.Effluent.Flow",0.271237428404991,0.716999961895102,"3,2"
"11291","Temp..of.NSEC.Main.Ch. + Temp..of.the.Atmos. + TSS..mg.L. + CODds..mg.L. + NSEC.Effluent.NO5 + NSEC.Effluent.Flow",0.251880187365427,0.619901040490976,"3,2"
"11292","Temp..of.NSEC.Main.Ch. + Temp..of.the.Atmos. + TSS..mg.L. + SACto..1.m. + NSEC.Aerobic.SRT + NSEC.Effluent.NH3",0.0987014862703333,0.615678778275484,"3,2"
"11293","Temp..of.NSEC.Main.Ch. + Temp..of.the.Atmos. + TSS..mg.L. + SACto..1.m. + NSEC.Aerobic.SRT + NSEC.Effluent.NO3",0.0891815336999091,0.773992927187243,"3,2"
"11294","Temp..of.NSEC.Main.Ch. + Temp..of.the.Atmos. + TSS..mg.L. + SACto..1.m. + NSEC.Aerobic.SRT + NSEC.Effluent.OP",0.019498955517729,0.730787591355134,"3,2"
"11295","Temp..of.NSEC.Main.Ch. + Temp..of.the.Atmos. + TSS..mg.L. + SACto..1.m. + NSEC.Aerobic.SRT + NSEC.Effluent.TSS",0.0969795615273474,0.60857752532081,"3,2"
"11296","Temp..of.NSEC.Main.Ch. + Temp..of.the.Atmos. + TSS..mg.L. + SACto..1.m. + NSEC.Aerobic.SRT + NSEC.Effluent.NO5",0.0535807990139476,0.706671026568108,"3,2"
"11297","Temp..of.NSEC.Main.Ch. + Temp..of.the.Atmos. + TSS..mg.L. + SACto..1.m. + NSEC.Aerobic.SRT + NSEC.Effluent.Flow",0.113866969822368,0.818623722207757,"3,2"
"11298","Temp..of.NSEC.Main.Ch. + Temp..of.the.Atmos. + TSS..mg.L. + SACto..1.m. + NSEC.Effluent.NH3 + NSEC.Effluent.NO3",0.0847503430217316,0.622146883123581,"3,2"
"11299","Temp..of.NSEC.Main.Ch. + Temp..of.the.Atmos. + TSS..mg.L. + SACto..1.m. + NSEC.Effluent.NH3 + NSEC.Effluent.OP",0.194118538291581,0.00184955272314135,"3,2"
"11300","Temp..of.NSEC.Main.Ch. + Temp..of.the.Atmos. + TSS..mg.L. + SACto..1.m. + NSEC.Effluent.NH3 + NSEC.Effluent.TSS",0.00485035757616403,0.709638025567891,"3,2"
"11301","Temp..of.NSEC.Main.Ch. + Temp..of.the.Atmos. + TSS..mg.L. + SACto..1.m. + NSEC.Effluent.NH3 + NSEC.Effluent.NO5",0.0950012892179695,0.6366597207249,"3,2"
"11302","Temp..of.NSEC.Main.Ch. + Temp..of.the.Atmos. + TSS..mg.L. + SACto..1.m. + NSEC.Effluent.NH3 + NSEC.Effluent.Flow",0.189451241075953,0.765016044699072,"3,2"
"11303","Temp..of.NSEC.Main.Ch. + Temp..of.the.Atmos. + TSS..mg.L. + SACto..1.m. + NSEC.Effluent.NO3 + NSEC.Effluent.OP",0.291163660703549,0.758679225547422,"3,2"
"11304","Temp..of.NSEC.Main.Ch. + Temp..of.the.Atmos. + TSS..mg.L. + SACto..1.m. + NSEC.Effluent.NO3 + NSEC.Effluent.TSS",0.107565440164028,0.726496067391709,"3,2"
"11305","Temp..of.NSEC.Main.Ch. + Temp..of.the.Atmos. + TSS..mg.L. + SACto..1.m. + NSEC.Effluent.NO3 + NSEC.Effluent.NO5",0.139999870118206,0.681792914097125,"3,2"
"11306","Temp..of.NSEC.Main.Ch. + Temp..of.the.Atmos. + TSS..mg.L. + SACto..1.m. + NSEC.Effluent.NO3 + NSEC.Effluent.Flow",0.147500181125066,0.738808950792115,"3,2"
"11307","Temp..of.NSEC.Main.Ch. + Temp..of.the.Atmos. + TSS..mg.L. + SACto..1.m. + NSEC.Effluent.OP + NSEC.Effluent.TSS",0.136903329933336,0.681095856648702,"3,2"
"11308","Temp..of.NSEC.Main.Ch. + Temp..of.the.Atmos. + TSS..mg.L. + SACto..1.m. + NSEC.Effluent.OP + NSEC.Effluent.NO5",0.0549105517683308,0.686303847658491,"3,2"
"11309","Temp..of.NSEC.Main.Ch. + Temp..of.the.Atmos. + TSS..mg.L. + SACto..1.m. + NSEC.Effluent.OP + NSEC.Effluent.Flow",0.0743878785638219,0.687642377230578,"3,2"
"11310","Temp..of.NSEC.Main.Ch. + Temp..of.the.Atmos. + TSS..mg.L. + SACto..1.m. + NSEC.Effluent.TSS + NSEC.Effluent.NO5",0.0573727806782265,0.705986627757907,"3,2"
"11311","Temp..of.NSEC.Main.Ch. + Temp..of.the.Atmos. + TSS..mg.L. + SACto..1.m. + NSEC.Effluent.TSS + NSEC.Effluent.Flow",0.248745366550401,0.770165593607108,"3,2"
"11312","Temp..of.NSEC.Main.Ch. + Temp..of.the.Atmos. + TSS..mg.L. + SACto..1.m. + NSEC.Effluent.NO5 + NSEC.Effluent.Flow",0.0135466660148875,0.719853612519864,"3,2"
"11313","Temp..of.NSEC.Main.Ch. + Temp..of.the.Atmos. + TSS..mg.L. + NSEC.Aerobic.SRT + NSEC.Effluent.NH3 + NSEC.Effluent.NO3",0.308914196386897,0.686705271218552,"3,2"
"11314","Temp..of.NSEC.Main.Ch. + Temp..of.the.Atmos. + TSS..mg.L. + NSEC.Aerobic.SRT + NSEC.Effluent.NH3 + NSEC.Effluent.OP",0.0264668214428687,0.330345921044311,"3,2"
"11315","Temp..of.NSEC.Main.Ch. + Temp..of.the.Atmos. + TSS..mg.L. + NSEC.Aerobic.SRT + NSEC.Effluent.NH3 + NSEC.Effluent.TSS",0.475746993451775,0.743037738561404,"3,2"
"11316","Temp..of.NSEC.Main.Ch. + Temp..of.the.Atmos. + TSS..mg.L. + NSEC.Aerobic.SRT + NSEC.Effluent.NH3 + NSEC.Effluent.NO5",0.226904668220191,0.695429217052849,"3,2"
"11317","Temp..of.NSEC.Main.Ch. + Temp..of.the.Atmos. + TSS..mg.L. + NSEC.Aerobic.SRT + NSEC.Effluent.NH3 + NSEC.Effluent.Flow",0.0214680954497861,0.459513077602104,"3,2"
"11318","Temp..of.NSEC.Main.Ch. + Temp..of.the.Atmos. + TSS..mg.L. + NSEC.Aerobic.SRT + NSEC.Effluent.NO3 + NSEC.Effluent.OP",0.0683129090247814,0.757668865237215,"3,2"
"11319","Temp..of.NSEC.Main.Ch. + Temp..of.the.Atmos. + TSS..mg.L. + NSEC.Aerobic.SRT + NSEC.Effluent.NO3 + NSEC.Effluent.TSS",0.00360569734985061,0.354462769155145,"3,2"
"11320","Temp..of.NSEC.Main.Ch. + Temp..of.the.Atmos. + TSS..mg.L. + NSEC.Aerobic.SRT + NSEC.Effluent.NO3 + NSEC.Effluent.NO5",0.0859149151521414,0.787094027056943,"3,2"
"11321","Temp..of.NSEC.Main.Ch. + Temp..of.the.Atmos. + TSS..mg.L. + NSEC.Aerobic.SRT + NSEC.Effluent.NO3 + NSEC.Effluent.Flow",0.0321705138458941,0.40554758394816,"3,2"
"11322","Temp..of.NSEC.Main.Ch. + Temp..of.the.Atmos. + TSS..mg.L. + NSEC.Aerobic.SRT + NSEC.Effluent.OP + NSEC.Effluent.TSS",0.142164600122511,0.649125949105501,"3,2"
"11323","Temp..of.NSEC.Main.Ch. + Temp..of.the.Atmos. + TSS..mg.L. + NSEC.Aerobic.SRT + NSEC.Effluent.OP + NSEC.Effluent.NO5",0.0240355824234255,0.349986645490023,"3,2"
"11324","Temp..of.NSEC.Main.Ch. + Temp..of.the.Atmos. + TSS..mg.L. + NSEC.Aerobic.SRT + NSEC.Effluent.OP + NSEC.Effluent.Flow",0.185332884685184,0.760487249088387,"3,2"
"11325","Temp..of.NSEC.Main.Ch. + Temp..of.the.Atmos. + TSS..mg.L. + NSEC.Aerobic.SRT + NSEC.Effluent.TSS + NSEC.Effluent.NO5",0.0102326719796655,0.68078725192576,"3,2"
"11326","Temp..of.NSEC.Main.Ch. + Temp..of.the.Atmos. + TSS..mg.L. + NSEC.Aerobic.SRT + NSEC.Effluent.TSS + NSEC.Effluent.Flow",0.0152567659393501,0.411463575939861,"3,2"
"11327","Temp..of.NSEC.Main.Ch. + Temp..of.the.Atmos. + TSS..mg.L. + NSEC.Aerobic.SRT + NSEC.Effluent.NO5 + NSEC.Effluent.Flow",0.306607061530731,0.74222176366456,"3,2"
"11328","Temp..of.NSEC.Main.Ch. + Temp..of.the.Atmos. + TSS..mg.L. + NSEC.Effluent.NH3 + NSEC.Effluent.NO3 + NSEC.Effluent.OP",0.126056975786791,0.569348297794245,"3,2"
"11329","Temp..of.NSEC.Main.Ch. + Temp..of.the.Atmos. + TSS..mg.L. + NSEC.Effluent.NH3 + NSEC.Effluent.NO3 + NSEC.Effluent.TSS",0.0304793604920186,0.615707750289709,"3,2"
"11330","Temp..of.NSEC.Main.Ch. + Temp..of.the.Atmos. + TSS..mg.L. + NSEC.Effluent.NH3 + NSEC.Effluent.NO3 + NSEC.Effluent.NO5",0.0930256455594123,0.616170205533603,"3,2"
"11331","Temp..of.NSEC.Main.Ch. + Temp..of.the.Atmos. + TSS..mg.L. + NSEC.Effluent.NH3 + NSEC.Effluent.NO3 + NSEC.Effluent.Flow",0.117327225280652,0.606470112268059,"3,2"
"11332","Temp..of.NSEC.Main.Ch. + Temp..of.the.Atmos. + TSS..mg.L. + NSEC.Effluent.NH3 + NSEC.Effluent.OP + NSEC.Effluent.TSS",0.272255427340122,0.573888602600997,"3,2"
"11333","Temp..of.NSEC.Main.Ch. + Temp..of.the.Atmos. + TSS..mg.L. + NSEC.Effluent.NH3 + NSEC.Effluent.OP + NSEC.Effluent.NO5",0.0275322148858994,0.620793016966925,"3,2"
"11334","Temp..of.NSEC.Main.Ch. + Temp..of.the.Atmos. + TSS..mg.L. + NSEC.Effluent.NH3 + NSEC.Effluent.OP + NSEC.Effluent.Flow",0.139945379234986,0.560633878920961,"3,2"
"11335","Temp..of.NSEC.Main.Ch. + Temp..of.the.Atmos. + TSS..mg.L. + NSEC.Effluent.NH3 + NSEC.Effluent.TSS + NSEC.Effluent.NO5",0.00730815015013464,0.530144136648881,"3,2"
"11336","Temp..of.NSEC.Main.Ch. + Temp..of.the.Atmos. + TSS..mg.L. + NSEC.Effluent.NH3 + NSEC.Effluent.TSS + NSEC.Effluent.Flow",0.0380816630387593,0.429883182657204,"3,2"
"11337","Temp..of.NSEC.Main.Ch. + Temp..of.the.Atmos. + TSS..mg.L. + NSEC.Effluent.NH3 + NSEC.Effluent.NO5 + NSEC.Effluent.Flow",0.0683220691600381,0.586342370926342,"3,2"
"11338","Temp..of.NSEC.Main.Ch. + Temp..of.the.Atmos. + TSS..mg.L. + NSEC.Effluent.NO3 + NSEC.Effluent.OP + NSEC.Effluent.TSS",0.0201045493103762,0.697020674173494,"3,2"
"11339","Temp..of.NSEC.Main.Ch. + Temp..of.the.Atmos. + TSS..mg.L. + NSEC.Effluent.NO3 + NSEC.Effluent.OP + NSEC.Effluent.NO5",0.371547265536007,0.667859710931675,"3,2"
"11340","Temp..of.NSEC.Main.Ch. + Temp..of.the.Atmos. + TSS..mg.L. + NSEC.Effluent.NO3 + NSEC.Effluent.OP + NSEC.Effluent.Flow",0.227713479656786,0.572335647337531,"3,2"
"11341","Temp..of.NSEC.Main.Ch. + Temp..of.the.Atmos. + TSS..mg.L. + NSEC.Effluent.NO3 + NSEC.Effluent.TSS + NSEC.Effluent.NO5",0.106055235360279,0.605251960662071,"3,2"
"11342","Temp..of.NSEC.Main.Ch. + Temp..of.the.Atmos. + TSS..mg.L. + NSEC.Effluent.NO3 + NSEC.Effluent.TSS + NSEC.Effluent.Flow",0.0540069383263264,0.650006068777613,"3,2"
"11343","Temp..of.NSEC.Main.Ch. + Temp..of.the.Atmos. + TSS..mg.L. + NSEC.Effluent.NO3 + NSEC.Effluent.NO5 + NSEC.Effluent.Flow",0.302341697746315,0.61680560301415,"3,2"
"11344","Temp..of.NSEC.Main.Ch. + Temp..of.the.Atmos. + TSS..mg.L. + NSEC.Effluent.OP + NSEC.Effluent.TSS + NSEC.Effluent.NO5",0.0196466187837485,0.668786710897817,"3,2"
"11345","Temp..of.NSEC.Main.Ch. + Temp..of.the.Atmos. + TSS..mg.L. + NSEC.Effluent.OP + NSEC.Effluent.TSS + NSEC.Effluent.Flow",0.123190617068046,0.560812702967783,"3,2"
"11346","Temp..of.NSEC.Main.Ch. + Temp..of.the.Atmos. + TSS..mg.L. + NSEC.Effluent.OP + NSEC.Effluent.NO5 + NSEC.Effluent.Flow",0.014758685435162,0.59699991109112,"3,2"
"11347","Temp..of.NSEC.Main.Ch. + Temp..of.the.Atmos. + TSS..mg.L. + NSEC.Effluent.TSS + NSEC.Effluent.NO5 + NSEC.Effluent.Flow",0.127960155835358,0.565065890235568,"3,2"
"11348","Temp..of.NSEC.Main.Ch. + Temp..of.the.Atmos. + UVT.... + CODds..mg.L. + SACto..1.m. + NSEC.Aerobic.SRT",0.267576048963552,0.733548172980235,"3,2"
"11349","Temp..of.NSEC.Main.Ch. + Temp..of.the.Atmos. + UVT.... + CODds..mg.L. + SACto..1.m. + NSEC.Effluent.NH3",0.0674013383116683,0.527473392100204,"3,2"
"11350","Temp..of.NSEC.Main.Ch. + Temp..of.the.Atmos. + UVT.... + CODds..mg.L. + SACto..1.m. + NSEC.Effluent.NO3",0.247277182372262,0.581061849350601,"3,2"
"11351","Temp..of.NSEC.Main.Ch. + Temp..of.the.Atmos. + UVT.... + CODds..mg.L. + SACto..1.m. + NSEC.Effluent.OP",0.00869159696350263,0.546175043141236,"3,2"
"11352","Temp..of.NSEC.Main.Ch. + Temp..of.the.Atmos. + UVT.... + CODds..mg.L. + SACto..1.m. + NSEC.Effluent.TSS",0.0501064436608827,0.694610758275863,"3,2"
"11353","Temp..of.NSEC.Main.Ch. + Temp..of.the.Atmos. + UVT.... + CODds..mg.L. + SACto..1.m. + NSEC.Effluent.NO5",0.184110924276806,0.623574761168004,"3,2"
"11354","Temp..of.NSEC.Main.Ch. + Temp..of.the.Atmos. + UVT.... + CODds..mg.L. + SACto..1.m. + NSEC.Effluent.Flow",0.102607920911792,0.629307340132508,"3,2"
"11355","Temp..of.NSEC.Main.Ch. + Temp..of.the.Atmos. + UVT.... + CODds..mg.L. + NSEC.Aerobic.SRT + NSEC.Effluent.NH3",0.00388634982369807,0.545105587148818,"3,2"
"11356","Temp..of.NSEC.Main.Ch. + Temp..of.the.Atmos. + UVT.... + CODds..mg.L. + NSEC.Aerobic.SRT + NSEC.Effluent.NO3",0.143343780245788,0.708723666924095,"3,2"
"11357","Temp..of.NSEC.Main.Ch. + Temp..of.the.Atmos. + UVT.... + CODds..mg.L. + NSEC.Aerobic.SRT + NSEC.Effluent.OP",0.0421214408798458,0.464371490846118,"3,2"
"11358","Temp..of.NSEC.Main.Ch. + Temp..of.the.Atmos. + UVT.... + CODds..mg.L. + NSEC.Aerobic.SRT + NSEC.Effluent.TSS",0.213818456580073,0.797974129610849,"3,2"
"11359","Temp..of.NSEC.Main.Ch. + Temp..of.the.Atmos. + UVT.... + CODds..mg.L. + NSEC.Aerobic.SRT + NSEC.Effluent.NO5",0.193078811737995,0.215055037733171,"3,2"
"11360","Temp..of.NSEC.Main.Ch. + Temp..of.the.Atmos. + UVT.... + CODds..mg.L. + NSEC.Aerobic.SRT + NSEC.Effluent.Flow",0.00777818368039984,0.771675298243261,"3,2"
"11361","Temp..of.NSEC.Main.Ch. + Temp..of.the.Atmos. + UVT.... + CODds..mg.L. + NSEC.Effluent.NH3 + NSEC.Effluent.NO3",0.256579488950122,0.578171580897968,"3,2"
"11362","Temp..of.NSEC.Main.Ch. + Temp..of.the.Atmos. + UVT.... + CODds..mg.L. + NSEC.Effluent.NH3 + NSEC.Effluent.OP",0.0361376563737879,0.580160573282229,"3,2"
"11363","Temp..of.NSEC.Main.Ch. + Temp..of.the.Atmos. + UVT.... + CODds..mg.L. + NSEC.Effluent.NH3 + NSEC.Effluent.TSS",0.0713456901614751,0.612924679878468,"3,2"
"11364","Temp..of.NSEC.Main.Ch. + Temp..of.the.Atmos. + UVT.... + CODds..mg.L. + NSEC.Effluent.NH3 + NSEC.Effluent.NO5",0.17293560613512,0.567247802738924,"3,2"
"11365","Temp..of.NSEC.Main.Ch. + Temp..of.the.Atmos. + UVT.... + CODds..mg.L. + NSEC.Effluent.NH3 + NSEC.Effluent.Flow",0.0068070645432845,0.696356500361938,"3,2"
"11366","Temp..of.NSEC.Main.Ch. + Temp..of.the.Atmos. + UVT.... + CODds..mg.L. + NSEC.Effluent.NO3 + NSEC.Effluent.OP",0.241073650844701,0.570589848606268,"3,2"
"11367","Temp..of.NSEC.Main.Ch. + Temp..of.the.Atmos. + UVT.... + CODds..mg.L. + NSEC.Effluent.NO3 + NSEC.Effluent.TSS",0.0428836025915507,0.682688418024312,"3,2"
"11368","Temp..of.NSEC.Main.Ch. + Temp..of.the.Atmos. + UVT.... + CODds..mg.L. + NSEC.Effluent.NO3 + NSEC.Effluent.NO5",0.0597093914182061,0.66669279998168,"3,2"
"11369","Temp..of.NSEC.Main.Ch. + Temp..of.the.Atmos. + UVT.... + CODds..mg.L. + NSEC.Effluent.NO3 + NSEC.Effluent.Flow",0.0785306708078735,0.69544340337095,"3,2"
"11370","Temp..of.NSEC.Main.Ch. + Temp..of.the.Atmos. + UVT.... + CODds..mg.L. + NSEC.Effluent.OP + NSEC.Effluent.TSS",0.0921834047182286,0.582437048853063,"3,2"
"11371","Temp..of.NSEC.Main.Ch. + Temp..of.the.Atmos. + UVT.... + CODds..mg.L. + NSEC.Effluent.OP + NSEC.Effluent.NO5",0.162644767033067,0.714084143732935,"3,2"
"11372","Temp..of.NSEC.Main.Ch. + Temp..of.the.Atmos. + UVT.... + CODds..mg.L. + NSEC.Effluent.OP + NSEC.Effluent.Flow",0.259366667679032,0.715209279394832,"3,2"
"11373","Temp..of.NSEC.Main.Ch. + Temp..of.the.Atmos. + UVT.... + CODds..mg.L. + NSEC.Effluent.TSS + NSEC.Effluent.NO5",0.112595831052855,0.731438729578563,"3,2"
"11374","Temp..of.NSEC.Main.Ch. + Temp..of.the.Atmos. + UVT.... + CODds..mg.L. + NSEC.Effluent.TSS + NSEC.Effluent.Flow",0.189006055470513,0.653603206639858,"3,2"
"11375","Temp..of.NSEC.Main.Ch. + Temp..of.the.Atmos. + UVT.... + CODds..mg.L. + NSEC.Effluent.NO5 + NSEC.Effluent.Flow",0.212047926845047,0.670213628064814,"3,2"
"11376","Temp..of.NSEC.Main.Ch. + Temp..of.the.Atmos. + UVT.... + SACto..1.m. + NSEC.Aerobic.SRT + NSEC.Effluent.NH3",0.0332415158243822,0.443488394659854,"3,2"
"11377","Temp..of.NSEC.Main.Ch. + Temp..of.the.Atmos. + UVT.... + SACto..1.m. + NSEC.Aerobic.SRT + NSEC.Effluent.NO3",0.265663722169861,0.751786353238595,"3,2"
"11378","Temp..of.NSEC.Main.Ch. + Temp..of.the.Atmos. + UVT.... + SACto..1.m. + NSEC.Aerobic.SRT + NSEC.Effluent.OP",0.0436158761276588,0.692965947265441,"3,2"
"11379","Temp..of.NSEC.Main.Ch. + Temp..of.the.Atmos. + UVT.... + SACto..1.m. + NSEC.Aerobic.SRT + NSEC.Effluent.TSS",0.121605315124866,0.642156735625115,"3,2"
"11380","Temp..of.NSEC.Main.Ch. + Temp..of.the.Atmos. + UVT.... + SACto..1.m. + NSEC.Aerobic.SRT + NSEC.Effluent.NO5",0.238692510527239,0.714616454778115,"3,2"
"11381","Temp..of.NSEC.Main.Ch. + Temp..of.the.Atmos. + UVT.... + SACto..1.m. + NSEC.Aerobic.SRT + NSEC.Effluent.Flow",0.0319233176726552,0.742470025425352,"3,2"
"11382","Temp..of.NSEC.Main.Ch. + Temp..of.the.Atmos. + UVT.... + SACto..1.m. + NSEC.Effluent.NH3 + NSEC.Effluent.NO3",0.26997033743966,0.615931566670382,"3,2"
"11383","Temp..of.NSEC.Main.Ch. + Temp..of.the.Atmos. + UVT.... + SACto..1.m. + NSEC.Effluent.NH3 + NSEC.Effluent.OP",0.2393104712295,0.500529256851408,"3,2"
"11384","Temp..of.NSEC.Main.Ch. + Temp..of.the.Atmos. + UVT.... + SACto..1.m. + NSEC.Effluent.NH3 + NSEC.Effluent.TSS",0.0133967566666675,0.616519402902502,"3,2"
"11385","Temp..of.NSEC.Main.Ch. + Temp..of.the.Atmos. + UVT.... + SACto..1.m. + NSEC.Effluent.NH3 + NSEC.Effluent.NO5",0.0937760868134663,0.455592057999606,"3,2"
"11386","Temp..of.NSEC.Main.Ch. + Temp..of.the.Atmos. + UVT.... + SACto..1.m. + NSEC.Effluent.NH3 + NSEC.Effluent.Flow",0.0115551928236148,0.581625560351344,"3,2"
"11387","Temp..of.NSEC.Main.Ch. + Temp..of.the.Atmos. + UVT.... + SACto..1.m. + NSEC.Effluent.NO3 + NSEC.Effluent.OP",0.0979151294689311,0.663348252964166,"3,2"
"11388","Temp..of.NSEC.Main.Ch. + Temp..of.the.Atmos. + UVT.... + SACto..1.m. + NSEC.Effluent.NO3 + NSEC.Effluent.TSS",0.121022181472421,0.665016129572059,"3,2"
"11389","Temp..of.NSEC.Main.Ch. + Temp..of.the.Atmos. + UVT.... + SACto..1.m. + NSEC.Effluent.NO3 + NSEC.Effluent.NO5",0.155190752313896,0.655186461517493,"3,2"
"11390","Temp..of.NSEC.Main.Ch. + Temp..of.the.Atmos. + UVT.... + SACto..1.m. + NSEC.Effluent.NO3 + NSEC.Effluent.Flow",0.388953303416722,0.693069887744865,"3,2"
"11391","Temp..of.NSEC.Main.Ch. + Temp..of.the.Atmos. + UVT.... + SACto..1.m. + NSEC.Effluent.OP + NSEC.Effluent.TSS",0.00811891970243384,0.542019943324543,"3,2"
"11392","Temp..of.NSEC.Main.Ch. + Temp..of.the.Atmos. + UVT.... + SACto..1.m. + NSEC.Effluent.OP + NSEC.Effluent.NO5",0.28581745726207,0.65753958921926,"3,2"
"11393","Temp..of.NSEC.Main.Ch. + Temp..of.the.Atmos. + UVT.... + SACto..1.m. + NSEC.Effluent.OP + NSEC.Effluent.Flow",0.118868903519422,0.564890087552356,"3,2"
"11394","Temp..of.NSEC.Main.Ch. + Temp..of.the.Atmos. + UVT.... + SACto..1.m. + NSEC.Effluent.TSS + NSEC.Effluent.NO5",0.0336373288557823,0.609315972246548,"3,2"
"11395","Temp..of.NSEC.Main.Ch. + Temp..of.the.Atmos. + UVT.... + SACto..1.m. + NSEC.Effluent.TSS + NSEC.Effluent.Flow",0.259299519821456,0.603247608584696,"3,2"
"11396","Temp..of.NSEC.Main.Ch. + Temp..of.the.Atmos. + UVT.... + SACto..1.m. + NSEC.Effluent.NO5 + NSEC.Effluent.Flow",0.0685119450395375,0.584065962490839,"3,2"
"11397","Temp..of.NSEC.Main.Ch. + Temp..of.the.Atmos. + UVT.... + NSEC.Aerobic.SRT + NSEC.Effluent.NH3 + NSEC.Effluent.NO3",0.183027432559708,0.651676876927851,"3,2"
"11398","Temp..of.NSEC.Main.Ch. + Temp..of.the.Atmos. + UVT.... + NSEC.Aerobic.SRT + NSEC.Effluent.NH3 + NSEC.Effluent.OP",0.095488494134609,0.712484648100266,"3,2"
"11399","Temp..of.NSEC.Main.Ch. + Temp..of.the.Atmos. + UVT.... + NSEC.Aerobic.SRT + NSEC.Effluent.NH3 + NSEC.Effluent.TSS",0.0754141058301063,0.704136335071442,"3,2"
"11400","Temp..of.NSEC.Main.Ch. + Temp..of.the.Atmos. + UVT.... + NSEC.Aerobic.SRT + NSEC.Effluent.NH3 + NSEC.Effluent.NO5",0.134160009525879,0.680847854797522,"3,2"
"11401","Temp..of.NSEC.Main.Ch. + Temp..of.the.Atmos. + UVT.... + NSEC.Aerobic.SRT + NSEC.Effluent.NH3 + NSEC.Effluent.Flow",0.124038936853609,0.668327781219385,"3,2"
"11402","Temp..of.NSEC.Main.Ch. + Temp..of.the.Atmos. + UVT.... + NSEC.Aerobic.SRT + NSEC.Effluent.NO3 + NSEC.Effluent.OP",0.12440883647862,0.715820652650303,"3,2"
"11403","Temp..of.NSEC.Main.Ch. + Temp..of.the.Atmos. + UVT.... + NSEC.Aerobic.SRT + NSEC.Effluent.NO3 + NSEC.Effluent.TSS",0.222616952668153,0.748648796278812,"3,2"
"11404","Temp..of.NSEC.Main.Ch. + Temp..of.the.Atmos. + UVT.... + NSEC.Aerobic.SRT + NSEC.Effluent.NO3 + NSEC.Effluent.NO5",0.124921145102061,0.655365586594502,"3,2"
"11405","Temp..of.NSEC.Main.Ch. + Temp..of.the.Atmos. + UVT.... + NSEC.Aerobic.SRT + NSEC.Effluent.NO3 + NSEC.Effluent.Flow",0.127337552683877,0.580730995042973,"3,2"
"11406","Temp..of.NSEC.Main.Ch. + Temp..of.the.Atmos. + UVT.... + NSEC.Aerobic.SRT + NSEC.Effluent.OP + NSEC.Effluent.TSS",0.177113785086761,0.753471536413105,"3,2"
"11407","Temp..of.NSEC.Main.Ch. + Temp..of.the.Atmos. + UVT.... + NSEC.Aerobic.SRT + NSEC.Effluent.OP + NSEC.Effluent.NO5",0.0549848196277356,0.757721200032402,"3,2"
"11408","Temp..of.NSEC.Main.Ch. + Temp..of.the.Atmos. + UVT.... + NSEC.Aerobic.SRT + NSEC.Effluent.OP + NSEC.Effluent.Flow",0.173515668396212,0.690311534464413,"3,2"
"11409","Temp..of.NSEC.Main.Ch. + Temp..of.the.Atmos. + UVT.... + NSEC.Aerobic.SRT + NSEC.Effluent.TSS + NSEC.Effluent.NO5",0.0960151419011721,0.77320959068979,"3,2"
"11410","Temp..of.NSEC.Main.Ch. + Temp..of.the.Atmos. + UVT.... + NSEC.Aerobic.SRT + NSEC.Effluent.TSS + NSEC.Effluent.Flow",0.0649228880626582,0.734504648567569,"3,2"
"11411","Temp..of.NSEC.Main.Ch. + Temp..of.the.Atmos. + UVT.... + NSEC.Aerobic.SRT + NSEC.Effluent.NO5 + NSEC.Effluent.Flow",0.197398222601354,0.762048285832732,"3,2"
"11412","Temp..of.NSEC.Main.Ch. + Temp..of.the.Atmos. + UVT.... + NSEC.Effluent.NH3 + NSEC.Effluent.NO3 + NSEC.Effluent.OP",0.124626272938707,0.694465096539549,"3,2"
"11413","Temp..of.NSEC.Main.Ch. + Temp..of.the.Atmos. + UVT.... + NSEC.Effluent.NH3 + NSEC.Effluent.NO3 + NSEC.Effluent.TSS",0.0533299901921587,0.618728091522467,"3,2"
"11414","Temp..of.NSEC.Main.Ch. + Temp..of.the.Atmos. + UVT.... + NSEC.Effluent.NH3 + NSEC.Effluent.NO3 + NSEC.Effluent.NO5",0.593549364327704,0.673923446886613,"3,2"
"11415","Temp..of.NSEC.Main.Ch. + Temp..of.the.Atmos. + UVT.... + NSEC.Effluent.NH3 + NSEC.Effluent.NO3 + NSEC.Effluent.Flow",0.244117967954046,0.653441926882045,"3,2"
"11416","Temp..of.NSEC.Main.Ch. + Temp..of.the.Atmos. + UVT.... + NSEC.Effluent.NH3 + NSEC.Effluent.OP + NSEC.Effluent.TSS",0.00428755310854667,0.581296751189489,"3,2"
"11417","Temp..of.NSEC.Main.Ch. + Temp..of.the.Atmos. + UVT.... + NSEC.Effluent.NH3 + NSEC.Effluent.OP + NSEC.Effluent.NO5",0.197688775850556,0.0095293768029157,"3,2"
"11418","Temp..of.NSEC.Main.Ch. + Temp..of.the.Atmos. + UVT.... + NSEC.Effluent.NH3 + NSEC.Effluent.OP + NSEC.Effluent.Flow",0.104114042505662,0.588310395366531,"3,2"
"11419","Temp..of.NSEC.Main.Ch. + Temp..of.the.Atmos. + UVT.... + NSEC.Effluent.NH3 + NSEC.Effluent.TSS + NSEC.Effluent.NO5",0.0656934202583996,0.606676499861345,"3,2"
"11420","Temp..of.NSEC.Main.Ch. + Temp..of.the.Atmos. + UVT.... + NSEC.Effluent.NH3 + NSEC.Effluent.TSS + NSEC.Effluent.Flow",0.0968830529270661,0.583334121311009,"3,2"
"11421","Temp..of.NSEC.Main.Ch. + Temp..of.the.Atmos. + UVT.... + NSEC.Effluent.NH3 + NSEC.Effluent.NO5 + NSEC.Effluent.Flow",0.244400032354286,0.682495921223773,"3,2"
"11422","Temp..of.NSEC.Main.Ch. + Temp..of.the.Atmos. + UVT.... + NSEC.Effluent.NO3 + NSEC.Effluent.OP + NSEC.Effluent.TSS",0.054225442236786,0.605129500459282,"3,2"
"11423","Temp..of.NSEC.Main.Ch. + Temp..of.the.Atmos. + UVT.... + NSEC.Effluent.NO3 + NSEC.Effluent.OP + NSEC.Effluent.NO5",0.123365393931123,0.562130534432875,"3,2"
"11424","Temp..of.NSEC.Main.Ch. + Temp..of.the.Atmos. + UVT.... + NSEC.Effluent.NO3 + NSEC.Effluent.OP + NSEC.Effluent.Flow",0.227374115682025,0.660079083132924,"3,2"
"11425","Temp..of.NSEC.Main.Ch. + Temp..of.the.Atmos. + UVT.... + NSEC.Effluent.NO3 + NSEC.Effluent.TSS + NSEC.Effluent.NO5",0.239351379066272,0.59284738367078,"3,2"
"11426","Temp..of.NSEC.Main.Ch. + Temp..of.the.Atmos. + UVT.... + NSEC.Effluent.NO3 + NSEC.Effluent.TSS + NSEC.Effluent.Flow",0.207891655959624,0.636482982492388,"3,2"
"11427","Temp..of.NSEC.Main.Ch. + Temp..of.the.Atmos. + UVT.... + NSEC.Effluent.NO3 + NSEC.Effluent.NO5 + NSEC.Effluent.Flow",0.11677029527219,0.607179258658494,"3,2"
"11428","Temp..of.NSEC.Main.Ch. + Temp..of.the.Atmos. + UVT.... + NSEC.Effluent.OP + NSEC.Effluent.TSS + NSEC.Effluent.NO5",0.0788585626262051,0.65671741545112,"3,2"
"11429","Temp..of.NSEC.Main.Ch. + Temp..of.the.Atmos. + UVT.... + NSEC.Effluent.OP + NSEC.Effluent.TSS + NSEC.Effluent.Flow",0.0198739407163209,0.678960709992932,"3,2"
"11430","Temp..of.NSEC.Main.Ch. + Temp..of.the.Atmos. + UVT.... + NSEC.Effluent.OP + NSEC.Effluent.NO5 + NSEC.Effluent.Flow",0.199998196398095,0.694798234143358,"3,2"
"11431","Temp..of.NSEC.Main.Ch. + Temp..of.the.Atmos. + UVT.... + NSEC.Effluent.TSS + NSEC.Effluent.NO5 + NSEC.Effluent.Flow",0.013755361274622,0.739472159356687,"3,2"
"11432","Temp..of.NSEC.Main.Ch. + Temp..of.the.Atmos. + CODds..mg.L. + SACto..1.m. + NSEC.Aerobic.SRT + NSEC.Effluent.NH3",0.245257889421067,0.629586734695487,"3,2"
"11433","Temp..of.NSEC.Main.Ch. + Temp..of.the.Atmos. + CODds..mg.L. + SACto..1.m. + NSEC.Aerobic.SRT + NSEC.Effluent.NO3",0.197429994866553,0.747832096715305,"3,2"
"11434","Temp..of.NSEC.Main.Ch. + Temp..of.the.Atmos. + CODds..mg.L. + SACto..1.m. + NSEC.Aerobic.SRT + NSEC.Effluent.OP",0.00195064177503013,0.64381960589193,"3,2"
"11435","Temp..of.NSEC.Main.Ch. + Temp..of.the.Atmos. + CODds..mg.L. + SACto..1.m. + NSEC.Aerobic.SRT + NSEC.Effluent.TSS",0.106050637850479,0.752848216444427,"3,2"
"11436","Temp..of.NSEC.Main.Ch. + Temp..of.the.Atmos. + CODds..mg.L. + SACto..1.m. + NSEC.Aerobic.SRT + NSEC.Effluent.NO5",0.101636944194182,0.76530927934709,"3,2"
"11437","Temp..of.NSEC.Main.Ch. + Temp..of.the.Atmos. + CODds..mg.L. + SACto..1.m. + NSEC.Aerobic.SRT + NSEC.Effluent.Flow",0.241307675418393,0.773970059891498,"3,2"
"11438","Temp..of.NSEC.Main.Ch. + Temp..of.the.Atmos. + CODds..mg.L. + SACto..1.m. + NSEC.Effluent.NH3 + NSEC.Effluent.NO3",0.336297186595758,0.667151646397534,"3,2"
"11439","Temp..of.NSEC.Main.Ch. + Temp..of.the.Atmos. + CODds..mg.L. + SACto..1.m. + NSEC.Effluent.NH3 + NSEC.Effluent.OP",0.185150515635771,0.628066541733387,"3,2"
"11440","Temp..of.NSEC.Main.Ch. + Temp..of.the.Atmos. + CODds..mg.L. + SACto..1.m. + NSEC.Effluent.NH3 + NSEC.Effluent.TSS",0.089876656869688,0.507468859923848,"3,2"
"11441","Temp..of.NSEC.Main.Ch. + Temp..of.the.Atmos. + CODds..mg.L. + SACto..1.m. + NSEC.Effluent.NH3 + NSEC.Effluent.NO5",0.331538116807858,0.608437892707473,"3,2"
"11442","Temp..of.NSEC.Main.Ch. + Temp..of.the.Atmos. + CODds..mg.L. + SACto..1.m. + NSEC.Effluent.NH3 + NSEC.Effluent.Flow",0.105081365785001,0.578049072423487,"3,2"
"11443","Temp..of.NSEC.Main.Ch. + Temp..of.the.Atmos. + CODds..mg.L. + SACto..1.m. + NSEC.Effluent.NO3 + NSEC.Effluent.OP",0.169275239933806,0.69839658994683,"3,2"
"11444","Temp..of.NSEC.Main.Ch. + Temp..of.the.Atmos. + CODds..mg.L. + SACto..1.m. + NSEC.Effluent.NO3 + NSEC.Effluent.TSS",0.241898065970237,0.611800751951513,"3,2"
"11445","Temp..of.NSEC.Main.Ch. + Temp..of.the.Atmos. + CODds..mg.L. + SACto..1.m. + NSEC.Effluent.NO3 + NSEC.Effluent.NO5",0.282290289027535,0.631329992087697,"3,2"
"11446","Temp..of.NSEC.Main.Ch. + Temp..of.the.Atmos. + CODds..mg.L. + SACto..1.m. + NSEC.Effluent.NO3 + NSEC.Effluent.Flow",0.248311355854984,0.639996227808566,"3,2"
"11447","Temp..of.NSEC.Main.Ch. + Temp..of.the.Atmos. + CODds..mg.L. + SACto..1.m. + NSEC.Effluent.OP + NSEC.Effluent.TSS",0.0663468249999712,0.688654522118327,"3,2"
"11448","Temp..of.NSEC.Main.Ch. + Temp..of.the.Atmos. + CODds..mg.L. + SACto..1.m. + NSEC.Effluent.OP + NSEC.Effluent.NO5",0.0459421579904047,0.708914351310614,"3,2"
"11449","Temp..of.NSEC.Main.Ch. + Temp..of.the.Atmos. + CODds..mg.L. + SACto..1.m. + NSEC.Effluent.OP + NSEC.Effluent.Flow",0.179072712136493,0.539682806889612,"3,2"
"11450","Temp..of.NSEC.Main.Ch. + Temp..of.the.Atmos. + CODds..mg.L. + SACto..1.m. + NSEC.Effluent.TSS + NSEC.Effluent.NO5",0.241662002973646,0.617825575344645,"3,2"
"11451","Temp..of.NSEC.Main.Ch. + Temp..of.the.Atmos. + CODds..mg.L. + SACto..1.m. + NSEC.Effluent.TSS + NSEC.Effluent.Flow",0.103896450262844,0.678474036471417,"3,2"
"11452","Temp..of.NSEC.Main.Ch. + Temp..of.the.Atmos. + CODds..mg.L. + SACto..1.m. + NSEC.Effluent.NO5 + NSEC.Effluent.Flow",0.255300098129387,0.633448413043324,"3,2"
"11453","Temp..of.NSEC.Main.Ch. + Temp..of.the.Atmos. + CODds..mg.L. + NSEC.Aerobic.SRT + NSEC.Effluent.NH3 + NSEC.Effluent.NO3",0.250934603410835,0.797781134965969,"3,2"
"11454","Temp..of.NSEC.Main.Ch. + Temp..of.the.Atmos. + CODds..mg.L. + NSEC.Aerobic.SRT + NSEC.Effluent.NH3 + NSEC.Effluent.OP",0.496157395529083,0.741899688329527,"3,2"
"11455","Temp..of.NSEC.Main.Ch. + Temp..of.the.Atmos. + CODds..mg.L. + NSEC.Aerobic.SRT + NSEC.Effluent.NH3 + NSEC.Effluent.TSS",0.269115845086342,0.662104127758628,"3,2"
"11456","Temp..of.NSEC.Main.Ch. + Temp..of.the.Atmos. + CODds..mg.L. + NSEC.Aerobic.SRT + NSEC.Effluent.NH3 + NSEC.Effluent.NO5",0.154172694138572,0.661087828608129,"3,2"
"11457","Temp..of.NSEC.Main.Ch. + Temp..of.the.Atmos. + CODds..mg.L. + NSEC.Aerobic.SRT + NSEC.Effluent.NH3 + NSEC.Effluent.Flow",0.228213478882072,0.750682925189331,"3,2"
"11458","Temp..of.NSEC.Main.Ch. + Temp..of.the.Atmos. + CODds..mg.L. + NSEC.Aerobic.SRT + NSEC.Effluent.NO3 + NSEC.Effluent.OP",0.187949958528629,0.746167141827045,"3,2"
"11459","Temp..of.NSEC.Main.Ch. + Temp..of.the.Atmos. + CODds..mg.L. + NSEC.Aerobic.SRT + NSEC.Effluent.NO3 + NSEC.Effluent.TSS",0.24744399137735,0.717135828163359,"3,2"
"11460","Temp..of.NSEC.Main.Ch. + Temp..of.the.Atmos. + CODds..mg.L. + NSEC.Aerobic.SRT + NSEC.Effluent.NO3 + NSEC.Effluent.NO5",0.171125029124953,0.774723669851159,"3,2"
"11461","Temp..of.NSEC.Main.Ch. + Temp..of.the.Atmos. + CODds..mg.L. + NSEC.Aerobic.SRT + NSEC.Effluent.NO3 + NSEC.Effluent.Flow",0.522785091276696,0.709862685517105,"3,2"
"11462","Temp..of.NSEC.Main.Ch. + Temp..of.the.Atmos. + CODds..mg.L. + NSEC.Aerobic.SRT + NSEC.Effluent.OP + NSEC.Effluent.TSS",0.345917495046354,0.683787835538596,"3,2"
"11463","Temp..of.NSEC.Main.Ch. + Temp..of.the.Atmos. + CODds..mg.L. + NSEC.Aerobic.SRT + NSEC.Effluent.OP + NSEC.Effluent.NO5",0.214055301189634,0.696107917325514,"3,2"
"11464","Temp..of.NSEC.Main.Ch. + Temp..of.the.Atmos. + CODds..mg.L. + NSEC.Aerobic.SRT + NSEC.Effluent.OP + NSEC.Effluent.Flow",0.328576054580356,0.718029753090857,"3,2"
"11465","Temp..of.NSEC.Main.Ch. + Temp..of.the.Atmos. + CODds..mg.L. + NSEC.Aerobic.SRT + NSEC.Effluent.TSS + NSEC.Effluent.NO5",0.264942414986804,0.752715442617003,"3,2"
"11466","Temp..of.NSEC.Main.Ch. + Temp..of.the.Atmos. + CODds..mg.L. + NSEC.Aerobic.SRT + NSEC.Effluent.TSS + NSEC.Effluent.Flow",0.268598698479605,0.786464046235011,"3,2"
"11467","Temp..of.NSEC.Main.Ch. + Temp..of.the.Atmos. + CODds..mg.L. + NSEC.Aerobic.SRT + NSEC.Effluent.NO5 + NSEC.Effluent.Flow",0.402366838830804,0.757538782864701,"3,2"
"11468","Temp..of.NSEC.Main.Ch. + Temp..of.the.Atmos. + CODds..mg.L. + NSEC.Effluent.NH3 + NSEC.Effluent.NO3 + NSEC.Effluent.OP",0.0691187325736546,0.660450725677371,"3,2"
"11469","Temp..of.NSEC.Main.Ch. + Temp..of.the.Atmos. + CODds..mg.L. + NSEC.Effluent.NH3 + NSEC.Effluent.NO3 + NSEC.Effluent.TSS",0.235305202948205,0.667338875784016,"3,2"
"11470","Temp..of.NSEC.Main.Ch. + Temp..of.the.Atmos. + CODds..mg.L. + NSEC.Effluent.NH3 + NSEC.Effluent.NO3 + NSEC.Effluent.NO5",0.181572642220682,0.591586808807929,"3,2"
"11471","Temp..of.NSEC.Main.Ch. + Temp..of.the.Atmos. + CODds..mg.L. + NSEC.Effluent.NH3 + NSEC.Effluent.NO3 + NSEC.Effluent.Flow",0.103712076236606,0.642774370597734,"3,2"
"11472","Temp..of.NSEC.Main.Ch. + Temp..of.the.Atmos. + CODds..mg.L. + NSEC.Effluent.NH3 + NSEC.Effluent.OP + NSEC.Effluent.TSS",0.0456921509340138,0.626304312512838,"3,2"
"11473","Temp..of.NSEC.Main.Ch. + Temp..of.the.Atmos. + CODds..mg.L. + NSEC.Effluent.NH3 + NSEC.Effluent.OP + NSEC.Effluent.NO5",0.0685847720931476,0.633524323608161,"3,2"
"11474","Temp..of.NSEC.Main.Ch. + Temp..of.the.Atmos. + CODds..mg.L. + NSEC.Effluent.NH3 + NSEC.Effluent.OP + NSEC.Effluent.Flow",0.0529637376118588,0.594308857670888,"3,2"
"11475","Temp..of.NSEC.Main.Ch. + Temp..of.the.Atmos. + CODds..mg.L. + NSEC.Effluent.NH3 + NSEC.Effluent.TSS + NSEC.Effluent.NO5",0.193540286022281,0.0625927438254118,"3,2"
"11476","Temp..of.NSEC.Main.Ch. + Temp..of.the.Atmos. + CODds..mg.L. + NSEC.Effluent.NH3 + NSEC.Effluent.TSS + NSEC.Effluent.Flow",0.0503775320172346,0.612009211104883,"3,2"
"11477","Temp..of.NSEC.Main.Ch. + Temp..of.the.Atmos. + CODds..mg.L. + NSEC.Effluent.NH3 + NSEC.Effluent.NO5 + NSEC.Effluent.Flow",0.272145606313388,0.553356135448983,"3,2"
"11478","Temp..of.NSEC.Main.Ch. + Temp..of.the.Atmos. + CODds..mg.L. + NSEC.Effluent.NO3 + NSEC.Effluent.OP + NSEC.Effluent.TSS",0.186383123174653,0.69384965327159,"3,2"
"11479","Temp..of.NSEC.Main.Ch. + Temp..of.the.Atmos. + CODds..mg.L. + NSEC.Effluent.NO3 + NSEC.Effluent.OP + NSEC.Effluent.NO5",0.0681584504791255,0.711953108571423,"3,2"
"11480","Temp..of.NSEC.Main.Ch. + Temp..of.the.Atmos. + CODds..mg.L. + NSEC.Effluent.NO3 + NSEC.Effluent.OP + NSEC.Effluent.Flow",0.313862409398565,0.635301282905332,"3,2"
"11481","Temp..of.NSEC.Main.Ch. + Temp..of.the.Atmos. + CODds..mg.L. + NSEC.Effluent.NO3 + NSEC.Effluent.TSS + NSEC.Effluent.NO5",0.147621747662185,0.641025613408939,"3,2"
"11482","Temp..of.NSEC.Main.Ch. + Temp..of.the.Atmos. + CODds..mg.L. + NSEC.Effluent.NO3 + NSEC.Effluent.TSS + NSEC.Effluent.Flow",0.112629172377016,0.65176673258399,"3,2"
"11483","Temp..of.NSEC.Main.Ch. + Temp..of.the.Atmos. + CODds..mg.L. + NSEC.Effluent.NO3 + NSEC.Effluent.NO5 + NSEC.Effluent.Flow",0.144959316827187,0.671481024507916,"3,2"
"11484","Temp..of.NSEC.Main.Ch. + Temp..of.the.Atmos. + CODds..mg.L. + NSEC.Effluent.OP + NSEC.Effluent.TSS + NSEC.Effluent.NO5",0.200515070085237,0.631761810687719,"3,2"
"11485","Temp..of.NSEC.Main.Ch. + Temp..of.the.Atmos. + CODds..mg.L. + NSEC.Effluent.OP + NSEC.Effluent.TSS + NSEC.Effluent.Flow",0.257841701494932,0.753210817258541,"3,2"
"11486","Temp..of.NSEC.Main.Ch. + Temp..of.the.Atmos. + CODds..mg.L. + NSEC.Effluent.OP + NSEC.Effluent.NO5 + NSEC.Effluent.Flow",0.266103909981943,0.614127268106079,"3,2"
"11487","Temp..of.NSEC.Main.Ch. + Temp..of.the.Atmos. + CODds..mg.L. + NSEC.Effluent.TSS + NSEC.Effluent.NO5 + NSEC.Effluent.Flow",0.0591249987776379,0.704691416281181,"3,2"
"11488","Temp..of.NSEC.Main.Ch. + Temp..of.the.Atmos. + SACto..1.m. + NSEC.Aerobic.SRT + NSEC.Effluent.NH3 + NSEC.Effluent.NO3",0.144196241624594,0.67797583654883,"3,2"
"11489","Temp..of.NSEC.Main.Ch. + Temp..of.the.Atmos. + SACto..1.m. + NSEC.Aerobic.SRT + NSEC.Effluent.NH3 + NSEC.Effluent.OP",0.00306652967200582,0.720740224582224,"3,2"
"11490","Temp..of.NSEC.Main.Ch. + Temp..of.the.Atmos. + SACto..1.m. + NSEC.Aerobic.SRT + NSEC.Effluent.NH3 + NSEC.Effluent.TSS",0.109717487301673,0.42554579308969,"3,2"
"11491","Temp..of.NSEC.Main.Ch. + Temp..of.the.Atmos. + SACto..1.m. + NSEC.Aerobic.SRT + NSEC.Effluent.NH3 + NSEC.Effluent.NO5",0.154990190288154,0.677061008531288,"3,2"
"11492","Temp..of.NSEC.Main.Ch. + Temp..of.the.Atmos. + SACto..1.m. + NSEC.Aerobic.SRT + NSEC.Effluent.NH3 + NSEC.Effluent.Flow",0.00678685479310515,0.733683869740084,"3,2"
"11493","Temp..of.NSEC.Main.Ch. + Temp..of.the.Atmos. + SACto..1.m. + NSEC.Aerobic.SRT + NSEC.Effluent.NO3 + NSEC.Effluent.OP",0.122734335582002,0.674069999040634,"3,2"
"11494","Temp..of.NSEC.Main.Ch. + Temp..of.the.Atmos. + SACto..1.m. + NSEC.Aerobic.SRT + NSEC.Effluent.NO3 + NSEC.Effluent.TSS",0.23343256408408,0.7451396588798,"3,2"
"11495","Temp..of.NSEC.Main.Ch. + Temp..of.the.Atmos. + SACto..1.m. + NSEC.Aerobic.SRT + NSEC.Effluent.NO3 + NSEC.Effluent.NO5",0.00622610279677227,0.707425838460905,"3,2"
"11496","Temp..of.NSEC.Main.Ch. + Temp..of.the.Atmos. + SACto..1.m. + NSEC.Aerobic.SRT + NSEC.Effluent.NO3 + NSEC.Effluent.Flow",0.12827965147956,0.699369596251484,"3,2"
"11497","Temp..of.NSEC.Main.Ch. + Temp..of.the.Atmos. + SACto..1.m. + NSEC.Aerobic.SRT + NSEC.Effluent.OP + NSEC.Effluent.TSS",0.189238709266694,0.723235857334934,"3,2"
"11498","Temp..of.NSEC.Main.Ch. + Temp..of.the.Atmos. + SACto..1.m. + NSEC.Aerobic.SRT + NSEC.Effluent.OP + NSEC.Effluent.NO5",0.0501013332403357,0.743308769544197,"3,2"
"11499","Temp..of.NSEC.Main.Ch. + Temp..of.the.Atmos. + SACto..1.m. + NSEC.Aerobic.SRT + NSEC.Effluent.OP + NSEC.Effluent.Flow",0.231440558021323,0.721436942581405,"3,2"
"11500","Temp..of.NSEC.Main.Ch. + Temp..of.the.Atmos. + SACto..1.m. + NSEC.Aerobic.SRT + NSEC.Effluent.TSS + NSEC.Effluent.NO5",0.122816762047673,0.698980597132651,"3,2"
"11501","Temp..of.NSEC.Main.Ch. + Temp..of.the.Atmos. + SACto..1.m. + NSEC.Aerobic.SRT + NSEC.Effluent.TSS + NSEC.Effluent.Flow",0.411902227031243,0.750949795672957,"3,2"
"11502","Temp..of.NSEC.Main.Ch. + Temp..of.the.Atmos. + SACto..1.m. + NSEC.Aerobic.SRT + NSEC.Effluent.NO5 + NSEC.Effluent.Flow",0.188342437337731,0.7179995944882,"3,2"
"11503","Temp..of.NSEC.Main.Ch. + Temp..of.the.Atmos. + SACto..1.m. + NSEC.Effluent.NH3 + NSEC.Effluent.NO3 + NSEC.Effluent.OP",0.00363061057591252,0.545759083779254,"3,2"
"11504","Temp..of.NSEC.Main.Ch. + Temp..of.the.Atmos. + SACto..1.m. + NSEC.Effluent.NH3 + NSEC.Effluent.NO3 + NSEC.Effluent.TSS",0.0600255839219941,0.519794592131879,"3,2"
"11505","Temp..of.NSEC.Main.Ch. + Temp..of.the.Atmos. + SACto..1.m. + NSEC.Effluent.NH3 + NSEC.Effluent.NO3 + NSEC.Effluent.NO5",0.0153520123997652,0.598562222217917,"3,2"
"11506","Temp..of.NSEC.Main.Ch. + Temp..of.the.Atmos. + SACto..1.m. + NSEC.Effluent.NH3 + NSEC.Effluent.NO3 + NSEC.Effluent.Flow",0.135442425548417,0.549744152262382,"3,2"
"11507","Temp..of.NSEC.Main.Ch. + Temp..of.the.Atmos. + SACto..1.m. + NSEC.Effluent.NH3 + NSEC.Effluent.OP + NSEC.Effluent.TSS",0.153841568476581,0.629071772983971,"3,2"
"11508","Temp..of.NSEC.Main.Ch. + Temp..of.the.Atmos. + SACto..1.m. + NSEC.Effluent.NH3 + NSEC.Effluent.OP + NSEC.Effluent.NO5",0.0653047248178718,0.612432203555704,"3,2"
"11509","Temp..of.NSEC.Main.Ch. + Temp..of.the.Atmos. + SACto..1.m. + NSEC.Effluent.NH3 + NSEC.Effluent.OP + NSEC.Effluent.Flow",0.205858762055118,0.622817312957357,"3,2"
"11510","Temp..of.NSEC.Main.Ch. + Temp..of.the.Atmos. + SACto..1.m. + NSEC.Effluent.NH3 + NSEC.Effluent.TSS + NSEC.Effluent.NO5",0.0414479496863933,0.510223149167645,"3,2"
"11511","Temp..of.NSEC.Main.Ch. + Temp..of.the.Atmos. + SACto..1.m. + NSEC.Effluent.NH3 + NSEC.Effluent.TSS + NSEC.Effluent.Flow",0.0241469708588171,0.597937202195079,"3,2"
"11512","Temp..of.NSEC.Main.Ch. + Temp..of.the.Atmos. + SACto..1.m. + NSEC.Effluent.NH3 + NSEC.Effluent.NO5 + NSEC.Effluent.Flow",0.109985514313125,0.612694045297356,"3,2"
"11513","Temp..of.NSEC.Main.Ch. + Temp..of.the.Atmos. + SACto..1.m. + NSEC.Effluent.NO3 + NSEC.Effluent.OP + NSEC.Effluent.TSS",0.168597395116978,0.578093030095988,"3,2"
"11514","Temp..of.NSEC.Main.Ch. + Temp..of.the.Atmos. + SACto..1.m. + NSEC.Effluent.NO3 + NSEC.Effluent.OP + NSEC.Effluent.NO5",0.0740094697167328,0.61261139965178,"3,2"
"11515","Temp..of.NSEC.Main.Ch. + Temp..of.the.Atmos. + SACto..1.m. + NSEC.Effluent.NO3 + NSEC.Effluent.OP + NSEC.Effluent.Flow",0.269736837129618,0.602167796651612,"3,2"
"11516","Temp..of.NSEC.Main.Ch. + Temp..of.the.Atmos. + SACto..1.m. + NSEC.Effluent.NO3 + NSEC.Effluent.TSS + NSEC.Effluent.NO5",0.0453507746220987,0.675882183633938,"3,2"
"11517","Temp..of.NSEC.Main.Ch. + Temp..of.the.Atmos. + SACto..1.m. + NSEC.Effluent.NO3 + NSEC.Effluent.TSS + NSEC.Effluent.Flow",0.0385604046333632,0.630087690214542,"3,2"
"11518","Temp..of.NSEC.Main.Ch. + Temp..of.the.Atmos. + SACto..1.m. + NSEC.Effluent.NO3 + NSEC.Effluent.NO5 + NSEC.Effluent.Flow",0.190788862168751,0.68399260985047,"3,2"
"11519","Temp..of.NSEC.Main.Ch. + Temp..of.the.Atmos. + SACto..1.m. + NSEC.Effluent.OP + NSEC.Effluent.TSS + NSEC.Effluent.NO5",0.0759865841015488,0.387070719461777,"3,2"
"11520","Temp..of.NSEC.Main.Ch. + Temp..of.the.Atmos. + SACto..1.m. + NSEC.Effluent.OP + NSEC.Effluent.TSS + NSEC.Effluent.Flow",0.0349109622046904,0.65586991132798,"3,2"
"11521","Temp..of.NSEC.Main.Ch. + Temp..of.the.Atmos. + SACto..1.m. + NSEC.Effluent.OP + NSEC.Effluent.NO5 + NSEC.Effluent.Flow",0.174421779967459,0.626691426890553,"3,2"
"11522","Temp..of.NSEC.Main.Ch. + Temp..of.the.Atmos. + SACto..1.m. + NSEC.Effluent.TSS + NSEC.Effluent.NO5 + NSEC.Effluent.Flow",0.191415711549708,0.0244219020400731,"3,2"
"11523","Temp..of.NSEC.Main.Ch. + Temp..of.the.Atmos. + NSEC.Aerobic.SRT + NSEC.Effluent.NH3 + NSEC.Effluent.NO3 + NSEC.Effluent.OP",0.0223303894799005,0.740362461199684,"3,2"
"11524","Temp..of.NSEC.Main.Ch. + Temp..of.the.Atmos. + NSEC.Aerobic.SRT + NSEC.Effluent.NH3 + NSEC.Effluent.NO3 + NSEC.Effluent.TSS",0.187402707869833,0.727906799605554,"3,2"
"11525","Temp..of.NSEC.Main.Ch. + Temp..of.the.Atmos. + NSEC.Aerobic.SRT + NSEC.Effluent.NH3 + NSEC.Effluent.NO3 + NSEC.Effluent.NO5",0.304656010710387,0.780185040203062,"3,2"
"11526","Temp..of.NSEC.Main.Ch. + Temp..of.the.Atmos. + NSEC.Aerobic.SRT + NSEC.Effluent.NH3 + NSEC.Effluent.NO3 + NSEC.Effluent.Flow",0.52630026372959,0.723542980798865,"3,2"
"11527","Temp..of.NSEC.Main.Ch. + Temp..of.the.Atmos. + NSEC.Aerobic.SRT + NSEC.Effluent.NH3 + NSEC.Effluent.OP + NSEC.Effluent.TSS",0.00248229809398692,0.353297778205406,"3,2"
"11528","Temp..of.NSEC.Main.Ch. + Temp..of.the.Atmos. + NSEC.Aerobic.SRT + NSEC.Effluent.NH3 + NSEC.Effluent.OP + NSEC.Effluent.NO5",0.161187347016915,0.751523043152444,"3,2"
"11529","Temp..of.NSEC.Main.Ch. + Temp..of.the.Atmos. + NSEC.Aerobic.SRT + NSEC.Effluent.NH3 + NSEC.Effluent.OP + NSEC.Effluent.Flow",0.22614846755255,0.764964914083082,"3,2"
"11530","Temp..of.NSEC.Main.Ch. + Temp..of.the.Atmos. + NSEC.Aerobic.SRT + NSEC.Effluent.NH3 + NSEC.Effluent.TSS + NSEC.Effluent.NO5",0.174657644083641,0.602438804207179,"3,2"
"11531","Temp..of.NSEC.Main.Ch. + Temp..of.the.Atmos. + NSEC.Aerobic.SRT + NSEC.Effluent.NH3 + NSEC.Effluent.TSS + NSEC.Effluent.Flow",0.168988119520004,0.647081060850461,"3,2"
"11532","Temp..of.NSEC.Main.Ch. + Temp..of.the.Atmos. + NSEC.Aerobic.SRT + NSEC.Effluent.NH3 + NSEC.Effluent.NO5 + NSEC.Effluent.Flow",0.252226608720757,0.718784694005621,"3,2"
"11533","Temp..of.NSEC.Main.Ch. + Temp..of.the.Atmos. + NSEC.Aerobic.SRT + NSEC.Effluent.NO3 + NSEC.Effluent.OP + NSEC.Effluent.TSS",0.16041960605699,0.745936059104563,"3,2"
"11534","Temp..of.NSEC.Main.Ch. + Temp..of.the.Atmos. + NSEC.Aerobic.SRT + NSEC.Effluent.NO3 + NSEC.Effluent.OP + NSEC.Effluent.NO5",0.00290449819448746,0.78234062042037,"3,2"
"11535","Temp..of.NSEC.Main.Ch. + Temp..of.the.Atmos. + NSEC.Aerobic.SRT + NSEC.Effluent.NO3 + NSEC.Effluent.OP + NSEC.Effluent.Flow",0.150540448555619,0.610320917049503,"3,2"
"11536","Temp..of.NSEC.Main.Ch. + Temp..of.the.Atmos. + NSEC.Aerobic.SRT + NSEC.Effluent.NO3 + NSEC.Effluent.TSS + NSEC.Effluent.NO5",0.276624958955727,0.684471144604766,"3,2"
"11537","Temp..of.NSEC.Main.Ch. + Temp..of.the.Atmos. + NSEC.Aerobic.SRT + NSEC.Effluent.NO3 + NSEC.Effluent.TSS + NSEC.Effluent.Flow",0.193768976219248,0.00943328658878142,"3,2"
"11538","Temp..of.NSEC.Main.Ch. + Temp..of.the.Atmos. + NSEC.Aerobic.SRT + NSEC.Effluent.NO3 + NSEC.Effluent.NO5 + NSEC.Effluent.Flow",0.1249700770511,0.771326000864666,"3,2"
"11539","Temp..of.NSEC.Main.Ch. + Temp..of.the.Atmos. + NSEC.Aerobic.SRT + NSEC.Effluent.OP + NSEC.Effluent.TSS + NSEC.Effluent.NO5",0.478240889422032,0.678072661226165,"3,2"
"11540","Temp..of.NSEC.Main.Ch. + Temp..of.the.Atmos. + NSEC.Aerobic.SRT + NSEC.Effluent.OP + NSEC.Effluent.TSS + NSEC.Effluent.Flow",0.0443127794956566,0.594022856742509,"3,2"
"11541","Temp..of.NSEC.Main.Ch. + Temp..of.the.Atmos. + NSEC.Aerobic.SRT + NSEC.Effluent.OP + NSEC.Effluent.NO5 + NSEC.Effluent.Flow",0.203316074841241,0.789140876583329,"3,2"
"11542","Temp..of.NSEC.Main.Ch. + Temp..of.the.Atmos. + NSEC.Aerobic.SRT + NSEC.Effluent.TSS + NSEC.Effluent.NO5 + NSEC.Effluent.Flow",0.341382896265171,0.758855446349655,"3,2"
"11543","Temp..of.NSEC.Main.Ch. + Temp..of.the.Atmos. + NSEC.Effluent.NH3 + NSEC.Effluent.NO3 + NSEC.Effluent.OP + NSEC.Effluent.TSS",0.147113400827301,0.54497318603923,"3,2"
"11544","Temp..of.NSEC.Main.Ch. + Temp..of.the.Atmos. + NSEC.Effluent.NH3 + NSEC.Effluent.NO3 + NSEC.Effluent.OP + NSEC.Effluent.NO5",0.128897265989164,0.678674059988756,"3,2"
"11545","Temp..of.NSEC.Main.Ch. + Temp..of.the.Atmos. + NSEC.Effluent.NH3 + NSEC.Effluent.NO3 + NSEC.Effluent.OP + NSEC.Effluent.Flow",0.227986779858073,0.573931081803897,"3,2"
"11546","Temp..of.NSEC.Main.Ch. + Temp..of.the.Atmos. + NSEC.Effluent.NH3 + NSEC.Effluent.NO3 + NSEC.Effluent.TSS + NSEC.Effluent.NO5",0.1231454087362,0.682409467774011,"3,2"
"11547","Temp..of.NSEC.Main.Ch. + Temp..of.the.Atmos. + NSEC.Effluent.NH3 + NSEC.Effluent.NO3 + NSEC.Effluent.TSS + NSEC.Effluent.Flow",0.153187555488376,0.623189379318745,"3,2"
"11548","Temp..of.NSEC.Main.Ch. + Temp..of.the.Atmos. + NSEC.Effluent.NH3 + NSEC.Effluent.NO3 + NSEC.Effluent.NO5 + NSEC.Effluent.Flow",0.193490728842394,0.00701316189107187,"3,2"
"11549","Temp..of.NSEC.Main.Ch. + Temp..of.the.Atmos. + NSEC.Effluent.NH3 + NSEC.Effluent.OP + NSEC.Effluent.TSS + NSEC.Effluent.NO5",0.0378539371679958,0.543170802124298,"3,2"
"11550","Temp..of.NSEC.Main.Ch. + Temp..of.the.Atmos. + NSEC.Effluent.NH3 + NSEC.Effluent.OP + NSEC.Effluent.TSS + NSEC.Effluent.Flow",0.296650168274883,0.689076275780579,"3,2"
"11551","Temp..of.NSEC.Main.Ch. + Temp..of.the.Atmos. + NSEC.Effluent.NH3 + NSEC.Effluent.OP + NSEC.Effluent.NO5 + NSEC.Effluent.Flow",0.202229973100911,0.525563185150774,"3,2"
"11552","Temp..of.NSEC.Main.Ch. + Temp..of.the.Atmos. + NSEC.Effluent.NH3 + NSEC.Effluent.TSS + NSEC.Effluent.NO5 + NSEC.Effluent.Flow",0.10643231651462,0.567241536864092,"3,2"
"11553","Temp..of.NSEC.Main.Ch. + Temp..of.the.Atmos. + NSEC.Effluent.NO3 + NSEC.Effluent.OP + NSEC.Effluent.TSS + NSEC.Effluent.NO5",0.193461620965474,0.00372611929959672,"3,2"
"11554","Temp..of.NSEC.Main.Ch. + Temp..of.the.Atmos. + NSEC.Effluent.NO3 + NSEC.Effluent.OP + NSEC.Effluent.TSS + NSEC.Effluent.Flow",0.0890581903196601,0.643307540981348,"3,2"
"11555","Temp..of.NSEC.Main.Ch. + Temp..of.the.Atmos. + NSEC.Effluent.NO3 + NSEC.Effluent.OP + NSEC.Effluent.NO5 + NSEC.Effluent.Flow",0.17762703566232,0.623158735083588,"3,2"
"11556","Temp..of.NSEC.Main.Ch. + Temp..of.the.Atmos. + NSEC.Effluent.NO3 + NSEC.Effluent.TSS + NSEC.Effluent.NO5 + NSEC.Effluent.Flow",0.210276173926012,0.655992983042993,"3,2"
"11557","Temp..of.NSEC.Main.Ch. + Temp..of.the.Atmos. + NSEC.Effluent.OP + NSEC.Effluent.TSS + NSEC.Effluent.NO5 + NSEC.Effluent.Flow",0.192843445640521,0.0223071755690734,"3,2"
"11558","Temp..of.NSEC.Main.Ch. + Secondary.Effluent.Flow + N..Basin.Outfall + CODto..mg.L. + TSS..mg.L. + UVT....",0.0167287275430139,0.590008556485792,"3,2"
"11559","Temp..of.NSEC.Main.Ch. + Secondary.Effluent.Flow + N..Basin.Outfall + CODto..mg.L. + TSS..mg.L. + CODds..mg.L.",0.106649964298321,0.525221045459502,"3,2"
"11560","Temp..of.NSEC.Main.Ch. + Secondary.Effluent.Flow + N..Basin.Outfall + CODto..mg.L. + TSS..mg.L. + SACto..1.m.",0.0417268571568179,0.602344626037861,"3,2"
"11561","Temp..of.NSEC.Main.Ch. + Secondary.Effluent.Flow + N..Basin.Outfall + CODto..mg.L. + TSS..mg.L. + NSEC.Aerobic.SRT",0.0797106138447199,0.732285933365118,"3,2"
"11562","Temp..of.NSEC.Main.Ch. + Secondary.Effluent.Flow + N..Basin.Outfall + CODto..mg.L. + TSS..mg.L. + NSEC.Effluent.NH3",0.136131609348812,0.634732650100201,"3,2"
"11563","Temp..of.NSEC.Main.Ch. + Secondary.Effluent.Flow + N..Basin.Outfall + CODto..mg.L. + TSS..mg.L. + NSEC.Effluent.NO3",0.129596381829888,0.564841006149684,"3,2"
"11564","Temp..of.NSEC.Main.Ch. + Secondary.Effluent.Flow + N..Basin.Outfall + CODto..mg.L. + TSS..mg.L. + NSEC.Effluent.OP",0.02584185585611,0.68645767780808,"3,2"
"11565","Temp..of.NSEC.Main.Ch. + Secondary.Effluent.Flow + N..Basin.Outfall + CODto..mg.L. + TSS..mg.L. + NSEC.Effluent.TSS",0.0823980225423144,0.558384165970741,"3,2"
"11566","Temp..of.NSEC.Main.Ch. + Secondary.Effluent.Flow + N..Basin.Outfall + CODto..mg.L. + TSS..mg.L. + NSEC.Effluent.NO5",0.191532015597785,0.045850640483799,"3,2"
"11567","Temp..of.NSEC.Main.Ch. + Secondary.Effluent.Flow + N..Basin.Outfall + CODto..mg.L. + TSS..mg.L. + NSEC.Effluent.Flow",0.803121168155946,0.618563707256343,"3,2"
"11568","Temp..of.NSEC.Main.Ch. + Secondary.Effluent.Flow + N..Basin.Outfall + CODto..mg.L. + UVT.... + CODds..mg.L.",0.0322109841942437,0.530021569870667,"3,2"
"11569","Temp..of.NSEC.Main.Ch. + Secondary.Effluent.Flow + N..Basin.Outfall + CODto..mg.L. + UVT.... + SACto..1.m.",0.0557711663689189,0.423117774956742,"3,2"
"11570","Temp..of.NSEC.Main.Ch. + Secondary.Effluent.Flow + N..Basin.Outfall + CODto..mg.L. + UVT.... + NSEC.Aerobic.SRT",0.0718725851343887,0.764097379556003,"3,2"
"11571","Temp..of.NSEC.Main.Ch. + Secondary.Effluent.Flow + N..Basin.Outfall + CODto..mg.L. + UVT.... + NSEC.Effluent.NH3",0.0306443483920704,0.439022443114791,"3,2"
"11572","Temp..of.NSEC.Main.Ch. + Secondary.Effluent.Flow + N..Basin.Outfall + CODto..mg.L. + UVT.... + NSEC.Effluent.NO3",0.0329263899738961,0.49141676358475,"3,2"
"11573","Temp..of.NSEC.Main.Ch. + Secondary.Effluent.Flow + N..Basin.Outfall + CODto..mg.L. + UVT.... + NSEC.Effluent.OP",0.0169475546890117,0.58224972092751,"3,2"
"11574","Temp..of.NSEC.Main.Ch. + Secondary.Effluent.Flow + N..Basin.Outfall + CODto..mg.L. + UVT.... + NSEC.Effluent.TSS",0.0263079711445835,0.676422875375983,"3,2"
"11575","Temp..of.NSEC.Main.Ch. + Secondary.Effluent.Flow + N..Basin.Outfall + CODto..mg.L. + UVT.... + NSEC.Effluent.NO5",0.186616535238788,0.478136639768938,"3,2"
"11576","Temp..of.NSEC.Main.Ch. + Secondary.Effluent.Flow + N..Basin.Outfall + CODto..mg.L. + UVT.... + NSEC.Effluent.Flow",0.0457608114407695,0.602351793572112,"3,2"
"11577","Temp..of.NSEC.Main.Ch. + Secondary.Effluent.Flow + N..Basin.Outfall + CODto..mg.L. + CODds..mg.L. + SACto..1.m.",0.102172686036211,0.544805955210288,"3,2"
"11578","Temp..of.NSEC.Main.Ch. + Secondary.Effluent.Flow + N..Basin.Outfall + CODto..mg.L. + CODds..mg.L. + NSEC.Aerobic.SRT",0.0715603121963686,0.743232095341256,"3,2"
"11579","Temp..of.NSEC.Main.Ch. + Secondary.Effluent.Flow + N..Basin.Outfall + CODto..mg.L. + CODds..mg.L. + NSEC.Effluent.NH3",0.148372308658918,0.512872044417723,"3,2"
"11580","Temp..of.NSEC.Main.Ch. + Secondary.Effluent.Flow + N..Basin.Outfall + CODto..mg.L. + CODds..mg.L. + NSEC.Effluent.NO3",0.0959027134567769,0.567469251656346,"3,2"
"11581","Temp..of.NSEC.Main.Ch. + Secondary.Effluent.Flow + N..Basin.Outfall + CODto..mg.L. + CODds..mg.L. + NSEC.Effluent.OP",0.138680667678989,0.5336130160338,"3,2"
"11582","Temp..of.NSEC.Main.Ch. + Secondary.Effluent.Flow + N..Basin.Outfall + CODto..mg.L. + CODds..mg.L. + NSEC.Effluent.TSS",0.0761559816943698,0.682054424309589,"3,2"
"11583","Temp..of.NSEC.Main.Ch. + Secondary.Effluent.Flow + N..Basin.Outfall + CODto..mg.L. + CODds..mg.L. + NSEC.Effluent.NO5",0.123049415680236,0.424370168665417,"3,2"
"11584","Temp..of.NSEC.Main.Ch. + Secondary.Effluent.Flow + N..Basin.Outfall + CODto..mg.L. + CODds..mg.L. + NSEC.Effluent.Flow",0.147112651766357,0.535806877237144,"3,2"
"11585","Temp..of.NSEC.Main.Ch. + Secondary.Effluent.Flow + N..Basin.Outfall + CODto..mg.L. + SACto..1.m. + NSEC.Aerobic.SRT",0.153729482992175,0.73644781365118,"3,2"
"11586","Temp..of.NSEC.Main.Ch. + Secondary.Effluent.Flow + N..Basin.Outfall + CODto..mg.L. + SACto..1.m. + NSEC.Effluent.NH3",0.0739789567076747,0.55890993771456,"3,2"
"11587","Temp..of.NSEC.Main.Ch. + Secondary.Effluent.Flow + N..Basin.Outfall + CODto..mg.L. + SACto..1.m. + NSEC.Effluent.NO3",0.362535263394169,0.459036204444319,"3,2"
"11588","Temp..of.NSEC.Main.Ch. + Secondary.Effluent.Flow + N..Basin.Outfall + CODto..mg.L. + SACto..1.m. + NSEC.Effluent.OP",0.139897585362304,0.584418662477272,"3,2"
"11589","Temp..of.NSEC.Main.Ch. + Secondary.Effluent.Flow + N..Basin.Outfall + CODto..mg.L. + SACto..1.m. + NSEC.Effluent.TSS",0.128217058718195,0.576411704009701,"3,2"
"11590","Temp..of.NSEC.Main.Ch. + Secondary.Effluent.Flow + N..Basin.Outfall + CODto..mg.L. + SACto..1.m. + NSEC.Effluent.NO5",0.0108852658954928,0.445497952999204,"3,2"
"11591","Temp..of.NSEC.Main.Ch. + Secondary.Effluent.Flow + N..Basin.Outfall + CODto..mg.L. + SACto..1.m. + NSEC.Effluent.Flow",0.054027510490916,0.593112392837911,"3,2"
"11592","Temp..of.NSEC.Main.Ch. + Secondary.Effluent.Flow + N..Basin.Outfall + CODto..mg.L. + NSEC.Aerobic.SRT + NSEC.Effluent.NH3",0.18594763953531,0.62660093026533,"3,2"
"11593","Temp..of.NSEC.Main.Ch. + Secondary.Effluent.Flow + N..Basin.Outfall + CODto..mg.L. + NSEC.Aerobic.SRT + NSEC.Effluent.NO3",0.11532582487628,0.720656212319464,"3,2"
"11594","Temp..of.NSEC.Main.Ch. + Secondary.Effluent.Flow + N..Basin.Outfall + CODto..mg.L. + NSEC.Aerobic.SRT + NSEC.Effluent.OP",0.101975764153761,0.733927952471309,"3,2"
"11595","Temp..of.NSEC.Main.Ch. + Secondary.Effluent.Flow + N..Basin.Outfall + CODto..mg.L. + NSEC.Aerobic.SRT + NSEC.Effluent.TSS",0.172278528924182,0.775610699296223,"3,2"
"11596","Temp..of.NSEC.Main.Ch. + Secondary.Effluent.Flow + N..Basin.Outfall + CODto..mg.L. + NSEC.Aerobic.SRT + NSEC.Effluent.NO5",0.0535905175408575,0.757414563667817,"3,2"
"11597","Temp..of.NSEC.Main.Ch. + Secondary.Effluent.Flow + N..Basin.Outfall + CODto..mg.L. + NSEC.Aerobic.SRT + NSEC.Effluent.Flow",0.0394832779293006,0.768689188631145,"3,2"
"11598","Temp..of.NSEC.Main.Ch. + Secondary.Effluent.Flow + N..Basin.Outfall + CODto..mg.L. + NSEC.Effluent.NH3 + NSEC.Effluent.NO3",0.0766389069411426,0.364897337642974,"3,2"
"11599","Temp..of.NSEC.Main.Ch. + Secondary.Effluent.Flow + N..Basin.Outfall + CODto..mg.L. + NSEC.Effluent.NH3 + NSEC.Effluent.OP",0.0605895061278936,0.53319608079665,"3,2"
"11600","Temp..of.NSEC.Main.Ch. + Secondary.Effluent.Flow + N..Basin.Outfall + CODto..mg.L. + NSEC.Effluent.NH3 + NSEC.Effluent.TSS",0.0734266811665443,0.496948842239244,"3,2"
"11601","Temp..of.NSEC.Main.Ch. + Secondary.Effluent.Flow + N..Basin.Outfall + CODto..mg.L. + NSEC.Effluent.NH3 + NSEC.Effluent.NO5",0.0200401851642906,0.20095546441465,"3,2"
"11602","Temp..of.NSEC.Main.Ch. + Secondary.Effluent.Flow + N..Basin.Outfall + CODto..mg.L. + NSEC.Effluent.NH3 + NSEC.Effluent.Flow",0.0524982375734684,0.359280645624504,"3,2"
"11603","Temp..of.NSEC.Main.Ch. + Secondary.Effluent.Flow + N..Basin.Outfall + CODto..mg.L. + NSEC.Effluent.NO3 + NSEC.Effluent.OP",0.185551146144227,0.54210902483668,"3,2"
"11604","Temp..of.NSEC.Main.Ch. + Secondary.Effluent.Flow + N..Basin.Outfall + CODto..mg.L. + NSEC.Effluent.NO3 + NSEC.Effluent.TSS",0.295720998304217,0.560600067102425,"3,2"
"11605","Temp..of.NSEC.Main.Ch. + Secondary.Effluent.Flow + N..Basin.Outfall + CODto..mg.L. + NSEC.Effluent.NO3 + NSEC.Effluent.NO5",0.0248946537332737,0.333378971849658,"3,2"
"11606","Temp..of.NSEC.Main.Ch. + Secondary.Effluent.Flow + N..Basin.Outfall + CODto..mg.L. + NSEC.Effluent.NO3 + NSEC.Effluent.Flow",0.0613516555009206,0.400801701716418,"3,2"
"11607","Temp..of.NSEC.Main.Ch. + Secondary.Effluent.Flow + N..Basin.Outfall + CODto..mg.L. + NSEC.Effluent.OP + NSEC.Effluent.TSS",0.0819591350907911,0.54069863406417,"3,2"
"11608","Temp..of.NSEC.Main.Ch. + Secondary.Effluent.Flow + N..Basin.Outfall + CODto..mg.L. + NSEC.Effluent.OP + NSEC.Effluent.NO5",0.119441178656656,0.450698097384931,"3,2"
"11609","Temp..of.NSEC.Main.Ch. + Secondary.Effluent.Flow + N..Basin.Outfall + CODto..mg.L. + NSEC.Effluent.OP + NSEC.Effluent.Flow",0.0222435633223945,0.403409382224155,"3,2"
"11610","Temp..of.NSEC.Main.Ch. + Secondary.Effluent.Flow + N..Basin.Outfall + CODto..mg.L. + NSEC.Effluent.TSS + NSEC.Effluent.NO5",0.147726844678048,0.498266721448207,"3,2"
"11611","Temp..of.NSEC.Main.Ch. + Secondary.Effluent.Flow + N..Basin.Outfall + CODto..mg.L. + NSEC.Effluent.TSS + NSEC.Effluent.Flow",0.0945553525267289,0.497727886590883,"3,2"
"11612","Temp..of.NSEC.Main.Ch. + Secondary.Effluent.Flow + N..Basin.Outfall + CODto..mg.L. + NSEC.Effluent.NO5 + NSEC.Effluent.Flow",0.0368235282649456,0.336823749025206,"3,2"
"11613","Temp..of.NSEC.Main.Ch. + Secondary.Effluent.Flow + N..Basin.Outfall + TSS..mg.L. + UVT.... + CODds..mg.L.",0.140985940549615,0.574662547116199,"3,2"
"11614","Temp..of.NSEC.Main.Ch. + Secondary.Effluent.Flow + N..Basin.Outfall + TSS..mg.L. + UVT.... + SACto..1.m.",0.0670434504380109,0.544236065670592,"3,2"
"11615","Temp..of.NSEC.Main.Ch. + Secondary.Effluent.Flow + N..Basin.Outfall + TSS..mg.L. + UVT.... + NSEC.Aerobic.SRT",0.106907842828832,0.837408570492244,"3,2"
"11616","Temp..of.NSEC.Main.Ch. + Secondary.Effluent.Flow + N..Basin.Outfall + TSS..mg.L. + UVT.... + NSEC.Effluent.NH3",0.191955164608113,0.0251045123978053,"3,2"
"11617","Temp..of.NSEC.Main.Ch. + Secondary.Effluent.Flow + N..Basin.Outfall + TSS..mg.L. + UVT.... + NSEC.Effluent.NO3",0.0749282102066378,0.600929223075813,"3,2"
"11618","Temp..of.NSEC.Main.Ch. + Secondary.Effluent.Flow + N..Basin.Outfall + TSS..mg.L. + UVT.... + NSEC.Effluent.OP",0.104439450198959,0.654868021917217,"3,2"
"11619","Temp..of.NSEC.Main.Ch. + Secondary.Effluent.Flow + N..Basin.Outfall + TSS..mg.L. + UVT.... + NSEC.Effluent.TSS",0.149914406877708,0.728379551469154,"3,2"
"11620","Temp..of.NSEC.Main.Ch. + Secondary.Effluent.Flow + N..Basin.Outfall + TSS..mg.L. + UVT.... + NSEC.Effluent.NO5",0.0512247913471187,0.650939187911836,"3,2"
"11621","Temp..of.NSEC.Main.Ch. + Secondary.Effluent.Flow + N..Basin.Outfall + TSS..mg.L. + UVT.... + NSEC.Effluent.Flow",0.128579547662317,0.541242547879895,"3,2"
"11622","Temp..of.NSEC.Main.Ch. + Secondary.Effluent.Flow + N..Basin.Outfall + TSS..mg.L. + CODds..mg.L. + SACto..1.m.",0.14486388869322,0.639698808504976,"3,2"
"11623","Temp..of.NSEC.Main.Ch. + Secondary.Effluent.Flow + N..Basin.Outfall + TSS..mg.L. + CODds..mg.L. + NSEC.Aerobic.SRT",0.192746322554622,1.68018400869521e-05,"3,2"
"11624","Temp..of.NSEC.Main.Ch. + Secondary.Effluent.Flow + N..Basin.Outfall + TSS..mg.L. + CODds..mg.L. + NSEC.Effluent.NH3",0.0951162952131051,0.514100419371215,"3,2"
"11625","Temp..of.NSEC.Main.Ch. + Secondary.Effluent.Flow + N..Basin.Outfall + TSS..mg.L. + CODds..mg.L. + NSEC.Effluent.NO3",0.12624322105612,0.506405124961085,"3,2"
"11626","Temp..of.NSEC.Main.Ch. + Secondary.Effluent.Flow + N..Basin.Outfall + TSS..mg.L. + CODds..mg.L. + NSEC.Effluent.OP",0.199690694198048,0.575508577159602,"3,2"
"11627","Temp..of.NSEC.Main.Ch. + Secondary.Effluent.Flow + N..Basin.Outfall + TSS..mg.L. + CODds..mg.L. + NSEC.Effluent.TSS",0.109227151760992,0.619778112710199,"3,2"
"11628","Temp..of.NSEC.Main.Ch. + Secondary.Effluent.Flow + N..Basin.Outfall + TSS..mg.L. + CODds..mg.L. + NSEC.Effluent.NO5",0.192933087605187,0.187701491291049,"3,2"
"11629","Temp..of.NSEC.Main.Ch. + Secondary.Effluent.Flow + N..Basin.Outfall + TSS..mg.L. + CODds..mg.L. + NSEC.Effluent.Flow",0.0924393677965487,0.537834114665382,"3,2"
"11630","Temp..of.NSEC.Main.Ch. + Secondary.Effluent.Flow + N..Basin.Outfall + TSS..mg.L. + SACto..1.m. + NSEC.Aerobic.SRT",0.0200194197282972,0.762287721786439,"3,2"
"11631","Temp..of.NSEC.Main.Ch. + Secondary.Effluent.Flow + N..Basin.Outfall + TSS..mg.L. + SACto..1.m. + NSEC.Effluent.NH3",0.124345116318227,0.572939602245778,"3,2"
"11632","Temp..of.NSEC.Main.Ch. + Secondary.Effluent.Flow + N..Basin.Outfall + TSS..mg.L. + SACto..1.m. + NSEC.Effluent.NO3",0.0017663317074752,0.628419549572632,"3,2"
"11633","Temp..of.NSEC.Main.Ch. + Secondary.Effluent.Flow + N..Basin.Outfall + TSS..mg.L. + SACto..1.m. + NSEC.Effluent.OP",0.153018346774235,0.563358582033032,"3,2"
"11634","Temp..of.NSEC.Main.Ch. + Secondary.Effluent.Flow + N..Basin.Outfall + TSS..mg.L. + SACto..1.m. + NSEC.Effluent.TSS",0.00265626807004082,0.723925769296625,"3,2"
"11635","Temp..of.NSEC.Main.Ch. + Secondary.Effluent.Flow + N..Basin.Outfall + TSS..mg.L. + SACto..1.m. + NSEC.Effluent.NO5",0.143097283547836,0.649790230363454,"3,2"
"11636","Temp..of.NSEC.Main.Ch. + Secondary.Effluent.Flow + N..Basin.Outfall + TSS..mg.L. + SACto..1.m. + NSEC.Effluent.Flow",0.0689636498125932,0.578417249313876,"3,2"
"11637","Temp..of.NSEC.Main.Ch. + Secondary.Effluent.Flow + N..Basin.Outfall + TSS..mg.L. + NSEC.Aerobic.SRT + NSEC.Effluent.NH3",0.0231509526886162,0.757792436364529,"3,2"
"11638","Temp..of.NSEC.Main.Ch. + Secondary.Effluent.Flow + N..Basin.Outfall + TSS..mg.L. + NSEC.Aerobic.SRT + NSEC.Effluent.NO3",0.0207784219754941,0.465321676641419,"3,2"
"11639","Temp..of.NSEC.Main.Ch. + Secondary.Effluent.Flow + N..Basin.Outfall + TSS..mg.L. + NSEC.Aerobic.SRT + NSEC.Effluent.OP",0.109220269706136,0.698894534500763,"3,2"
"11640","Temp..of.NSEC.Main.Ch. + Secondary.Effluent.Flow + N..Basin.Outfall + TSS..mg.L. + NSEC.Aerobic.SRT + NSEC.Effluent.TSS",0.000565060047956312,0.492542963576882,"3,2"
"11641","Temp..of.NSEC.Main.Ch. + Secondary.Effluent.Flow + N..Basin.Outfall + TSS..mg.L. + NSEC.Aerobic.SRT + NSEC.Effluent.NO5",0.264283020459893,0.725284316883934,"3,2"
"11642","Temp..of.NSEC.Main.Ch. + Secondary.Effluent.Flow + N..Basin.Outfall + TSS..mg.L. + NSEC.Aerobic.SRT + NSEC.Effluent.Flow",0.0731171164166009,0.619135354777404,"3,2"
"11643","Temp..of.NSEC.Main.Ch. + Secondary.Effluent.Flow + N..Basin.Outfall + TSS..mg.L. + NSEC.Effluent.NH3 + NSEC.Effluent.NO3",0.035759656242123,0.279753180376804,"3,2"
"11644","Temp..of.NSEC.Main.Ch. + Secondary.Effluent.Flow + N..Basin.Outfall + TSS..mg.L. + NSEC.Effluent.NH3 + NSEC.Effluent.OP",0.00751220018755028,0.434665895899142,"3,2"
"11645","Temp..of.NSEC.Main.Ch. + Secondary.Effluent.Flow + N..Basin.Outfall + TSS..mg.L. + NSEC.Effluent.NH3 + NSEC.Effluent.TSS",0.251687442468386,0.576862105219368,"3,2"
"11646","Temp..of.NSEC.Main.Ch. + Secondary.Effluent.Flow + N..Basin.Outfall + TSS..mg.L. + NSEC.Effluent.NH3 + NSEC.Effluent.NO5",0.00893626124541846,0.194302422433807,"3,2"
"11647","Temp..of.NSEC.Main.Ch. + Secondary.Effluent.Flow + N..Basin.Outfall + TSS..mg.L. + NSEC.Effluent.NH3 + NSEC.Effluent.Flow",0.0367909954391363,0.239789270739449,"3,2"
"11648","Temp..of.NSEC.Main.Ch. + Secondary.Effluent.Flow + N..Basin.Outfall + TSS..mg.L. + NSEC.Effluent.NO3 + NSEC.Effluent.OP",0.156674950137419,0.449406359298276,"3,2"
"11649","Temp..of.NSEC.Main.Ch. + Secondary.Effluent.Flow + N..Basin.Outfall + TSS..mg.L. + NSEC.Effluent.NO3 + NSEC.Effluent.TSS",0.00497588942457727,0.405759541293593,"3,2"
"11650","Temp..of.NSEC.Main.Ch. + Secondary.Effluent.Flow + N..Basin.Outfall + TSS..mg.L. + NSEC.Effluent.NO3 + NSEC.Effluent.NO5",0.13348246347338,0.292268674186635,"3,2"
"11651","Temp..of.NSEC.Main.Ch. + Secondary.Effluent.Flow + N..Basin.Outfall + TSS..mg.L. + NSEC.Effluent.NO3 + NSEC.Effluent.Flow",0.0666150183686982,0.245734390805688,"3,2"
"11652","Temp..of.NSEC.Main.Ch. + Secondary.Effluent.Flow + N..Basin.Outfall + TSS..mg.L. + NSEC.Effluent.OP + NSEC.Effluent.TSS",0.111057426990111,0.57493250620058,"3,2"
"11653","Temp..of.NSEC.Main.Ch. + Secondary.Effluent.Flow + N..Basin.Outfall + TSS..mg.L. + NSEC.Effluent.OP + NSEC.Effluent.NO5",0.129935379605511,0.438213077457862,"3,2"
"11654","Temp..of.NSEC.Main.Ch. + Secondary.Effluent.Flow + N..Basin.Outfall + TSS..mg.L. + NSEC.Effluent.OP + NSEC.Effluent.Flow",0.0944912772547486,0.42315341770937,"3,2"
"11655","Temp..of.NSEC.Main.Ch. + Secondary.Effluent.Flow + N..Basin.Outfall + TSS..mg.L. + NSEC.Effluent.TSS + NSEC.Effluent.NO5",0.097529610487805,0.494041853760206,"3,2"
"11656","Temp..of.NSEC.Main.Ch. + Secondary.Effluent.Flow + N..Basin.Outfall + TSS..mg.L. + NSEC.Effluent.TSS + NSEC.Effluent.Flow",0.00983785199459808,0.420965699108457,"3,2"
"11657","Temp..of.NSEC.Main.Ch. + Secondary.Effluent.Flow + N..Basin.Outfall + TSS..mg.L. + NSEC.Effluent.NO5 + NSEC.Effluent.Flow",0.0101798600027203,0.245511458153754,"3,2"
"11658","Temp..of.NSEC.Main.Ch. + Secondary.Effluent.Flow + N..Basin.Outfall + UVT.... + CODds..mg.L. + SACto..1.m.",0.111079037872068,0.517252323304131,"3,2"
"11659","Temp..of.NSEC.Main.Ch. + Secondary.Effluent.Flow + N..Basin.Outfall + UVT.... + CODds..mg.L. + NSEC.Aerobic.SRT",0.0217061860449417,0.80867541348066,"3,2"
"11660","Temp..of.NSEC.Main.Ch. + Secondary.Effluent.Flow + N..Basin.Outfall + UVT.... + CODds..mg.L. + NSEC.Effluent.NH3",0.0459469078114281,0.505272715076909,"3,2"
"11661","Temp..of.NSEC.Main.Ch. + Secondary.Effluent.Flow + N..Basin.Outfall + UVT.... + CODds..mg.L. + NSEC.Effluent.NO3",0.166956459592566,0.586004763115302,"3,2"
"11662","Temp..of.NSEC.Main.Ch. + Secondary.Effluent.Flow + N..Basin.Outfall + UVT.... + CODds..mg.L. + NSEC.Effluent.OP",0.075363038899293,0.588501976590768,"3,2"
"11663","Temp..of.NSEC.Main.Ch. + Secondary.Effluent.Flow + N..Basin.Outfall + UVT.... + CODds..mg.L. + NSEC.Effluent.TSS",0.151540990265114,0.750223260661202,"3,2"
"11664","Temp..of.NSEC.Main.Ch. + Secondary.Effluent.Flow + N..Basin.Outfall + UVT.... + CODds..mg.L. + NSEC.Effluent.NO5",0.150798959512958,0.548083536253669,"3,2"
"11665","Temp..of.NSEC.Main.Ch. + Secondary.Effluent.Flow + N..Basin.Outfall + UVT.... + CODds..mg.L. + NSEC.Effluent.Flow",0.137439839271308,0.534447551305554,"3,2"
"11666","Temp..of.NSEC.Main.Ch. + Secondary.Effluent.Flow + N..Basin.Outfall + UVT.... + SACto..1.m. + NSEC.Aerobic.SRT",0.0328264377511629,0.739802831038337,"3,2"
"11667","Temp..of.NSEC.Main.Ch. + Secondary.Effluent.Flow + N..Basin.Outfall + UVT.... + SACto..1.m. + NSEC.Effluent.NH3",0.0511429243695485,0.430140580158922,"3,2"
"11668","Temp..of.NSEC.Main.Ch. + Secondary.Effluent.Flow + N..Basin.Outfall + UVT.... + SACto..1.m. + NSEC.Effluent.NO3",0.031893885660778,0.464430125933292,"3,2"
"11669","Temp..of.NSEC.Main.Ch. + Secondary.Effluent.Flow + N..Basin.Outfall + UVT.... + SACto..1.m. + NSEC.Effluent.OP",0.147533812743938,0.564062198315949,"3,2"
"11670","Temp..of.NSEC.Main.Ch. + Secondary.Effluent.Flow + N..Basin.Outfall + UVT.... + SACto..1.m. + NSEC.Effluent.TSS",0.194011448400409,0.11847413006977,"3,2"
"11671","Temp..of.NSEC.Main.Ch. + Secondary.Effluent.Flow + N..Basin.Outfall + UVT.... + SACto..1.m. + NSEC.Effluent.NO5",0.0100144472380965,0.343544304849551,"3,2"
"11672","Temp..of.NSEC.Main.Ch. + Secondary.Effluent.Flow + N..Basin.Outfall + UVT.... + SACto..1.m. + NSEC.Effluent.Flow",0.131143527028917,0.458671044997413,"3,2"
"11673","Temp..of.NSEC.Main.Ch. + Secondary.Effluent.Flow + N..Basin.Outfall + UVT.... + NSEC.Aerobic.SRT + NSEC.Effluent.NH3",0.0404245949902418,0.751284647790603,"3,2"
"11674","Temp..of.NSEC.Main.Ch. + Secondary.Effluent.Flow + N..Basin.Outfall + UVT.... + NSEC.Aerobic.SRT + NSEC.Effluent.NO3",0.00616605301143247,0.714829254021486,"3,2"
"11675","Temp..of.NSEC.Main.Ch. + Secondary.Effluent.Flow + N..Basin.Outfall + UVT.... + NSEC.Aerobic.SRT + NSEC.Effluent.OP",0.0307678798280091,0.665780183647593,"3,2"
"11676","Temp..of.NSEC.Main.Ch. + Secondary.Effluent.Flow + N..Basin.Outfall + UVT.... + NSEC.Aerobic.SRT + NSEC.Effluent.TSS",0.217332375452989,0.748457805111882,"3,2"
"11677","Temp..of.NSEC.Main.Ch. + Secondary.Effluent.Flow + N..Basin.Outfall + UVT.... + NSEC.Aerobic.SRT + NSEC.Effluent.NO5",0.137657175664308,0.705681142506951,"3,2"
"11678","Temp..of.NSEC.Main.Ch. + Secondary.Effluent.Flow + N..Basin.Outfall + UVT.... + NSEC.Aerobic.SRT + NSEC.Effluent.Flow",0.152986128505294,0.687422693178734,"3,2"
"11679","Temp..of.NSEC.Main.Ch. + Secondary.Effluent.Flow + N..Basin.Outfall + UVT.... + NSEC.Effluent.NH3 + NSEC.Effluent.NO3",0.0740274178463876,0.571317075125434,"3,2"
"11680","Temp..of.NSEC.Main.Ch. + Secondary.Effluent.Flow + N..Basin.Outfall + UVT.... + NSEC.Effluent.NH3 + NSEC.Effluent.OP",0.0751026539612241,0.397202863641616,"3,2"
"11681","Temp..of.NSEC.Main.Ch. + Secondary.Effluent.Flow + N..Basin.Outfall + UVT.... + NSEC.Effluent.NH3 + NSEC.Effluent.TSS",0.340734701363388,0.620576772973406,"3,2"
"11682","Temp..of.NSEC.Main.Ch. + Secondary.Effluent.Flow + N..Basin.Outfall + UVT.... + NSEC.Effluent.NH3 + NSEC.Effluent.NO5",0.154512562876419,0.512008393776101,"3,2"
"11683","Temp..of.NSEC.Main.Ch. + Secondary.Effluent.Flow + N..Basin.Outfall + UVT.... + NSEC.Effluent.NH3 + NSEC.Effluent.Flow",0.00206428863708008,0.449357154538152,"3,2"
"11684","Temp..of.NSEC.Main.Ch. + Secondary.Effluent.Flow + N..Basin.Outfall + UVT.... + NSEC.Effluent.NO3 + NSEC.Effluent.OP",0.164912911720416,0.619887135361716,"3,2"
"11685","Temp..of.NSEC.Main.Ch. + Secondary.Effluent.Flow + N..Basin.Outfall + UVT.... + NSEC.Effluent.NO3 + NSEC.Effluent.TSS",0.0721961743395032,0.458440564690608,"3,2"
"11686","Temp..of.NSEC.Main.Ch. + Secondary.Effluent.Flow + N..Basin.Outfall + UVT.... + NSEC.Effluent.NO3 + NSEC.Effluent.NO5",0.0261343560592913,0.440258987565895,"3,2"
"11687","Temp..of.NSEC.Main.Ch. + Secondary.Effluent.Flow + N..Basin.Outfall + UVT.... + NSEC.Effluent.NO3 + NSEC.Effluent.Flow",0.103895121916728,0.489440070323102,"3,2"
"11688","Temp..of.NSEC.Main.Ch. + Secondary.Effluent.Flow + N..Basin.Outfall + UVT.... + NSEC.Effluent.OP + NSEC.Effluent.TSS",0.0364259081923053,0.57504155843759,"3,2"
"11689","Temp..of.NSEC.Main.Ch. + Secondary.Effluent.Flow + N..Basin.Outfall + UVT.... + NSEC.Effluent.OP + NSEC.Effluent.NO5",0.213219363228627,0.613534918710501,"3,2"
"11690","Temp..of.NSEC.Main.Ch. + Secondary.Effluent.Flow + N..Basin.Outfall + UVT.... + NSEC.Effluent.OP + NSEC.Effluent.Flow",0.0454746356184415,0.521039211250259,"3,2"
"11691","Temp..of.NSEC.Main.Ch. + Secondary.Effluent.Flow + N..Basin.Outfall + UVT.... + NSEC.Effluent.TSS + NSEC.Effluent.NO5",0.25986752978926,0.739328684114983,"3,2"
"11692","Temp..of.NSEC.Main.Ch. + Secondary.Effluent.Flow + N..Basin.Outfall + UVT.... + NSEC.Effluent.TSS + NSEC.Effluent.Flow",0.0626280331640756,0.447356615036911,"3,2"
"11693","Temp..of.NSEC.Main.Ch. + Secondary.Effluent.Flow + N..Basin.Outfall + UVT.... + NSEC.Effluent.NO5 + NSEC.Effluent.Flow",0.232715657534132,0.568590517254582,"3,2"
"11694","Temp..of.NSEC.Main.Ch. + Secondary.Effluent.Flow + N..Basin.Outfall + CODds..mg.L. + SACto..1.m. + NSEC.Aerobic.SRT",0.000383307548646572,0.711854623827334,"3,2"
"11695","Temp..of.NSEC.Main.Ch. + Secondary.Effluent.Flow + N..Basin.Outfall + CODds..mg.L. + SACto..1.m. + NSEC.Effluent.NH3",0.0406214023623295,0.56577717215009,"3,2"
"11696","Temp..of.NSEC.Main.Ch. + Secondary.Effluent.Flow + N..Basin.Outfall + CODds..mg.L. + SACto..1.m. + NSEC.Effluent.NO3",0.117176584544984,0.449893581405063,"3,2"
"11697","Temp..of.NSEC.Main.Ch. + Secondary.Effluent.Flow + N..Basin.Outfall + CODds..mg.L. + SACto..1.m. + NSEC.Effluent.OP",0.16271953374059,0.538894566271951,"3,2"
"11698","Temp..of.NSEC.Main.Ch. + Secondary.Effluent.Flow + N..Basin.Outfall + CODds..mg.L. + SACto..1.m. + NSEC.Effluent.TSS",0.114632469161114,0.734920127729778,"3,2"
"11699","Temp..of.NSEC.Main.Ch. + Secondary.Effluent.Flow + N..Basin.Outfall + CODds..mg.L. + SACto..1.m. + NSEC.Effluent.NO5",0.206545257914221,0.614455905747033,"3,2"
"11700","Temp..of.NSEC.Main.Ch. + Secondary.Effluent.Flow + N..Basin.Outfall + CODds..mg.L. + SACto..1.m. + NSEC.Effluent.Flow",0.0823958793505546,0.4351316752268,"3,2"
"11701","Temp..of.NSEC.Main.Ch. + Secondary.Effluent.Flow + N..Basin.Outfall + CODds..mg.L. + NSEC.Aerobic.SRT + NSEC.Effluent.NH3",0.0432196981067525,0.539544458305647,"3,2"
"11702","Temp..of.NSEC.Main.Ch. + Secondary.Effluent.Flow + N..Basin.Outfall + CODds..mg.L. + NSEC.Aerobic.SRT + NSEC.Effluent.NO3",0.191088062384872,0.0630218297670869,"3,2"
"11703","Temp..of.NSEC.Main.Ch. + Secondary.Effluent.Flow + N..Basin.Outfall + CODds..mg.L. + NSEC.Aerobic.SRT + NSEC.Effluent.OP",0.125297699158042,0.557843354005529,"3,2"
"11704","Temp..of.NSEC.Main.Ch. + Secondary.Effluent.Flow + N..Basin.Outfall + CODds..mg.L. + NSEC.Aerobic.SRT + NSEC.Effluent.TSS",0.212752278003435,0.726659932475682,"3,2"
"11705","Temp..of.NSEC.Main.Ch. + Secondary.Effluent.Flow + N..Basin.Outfall + CODds..mg.L. + NSEC.Aerobic.SRT + NSEC.Effluent.NO5",0.296661403208868,0.728042198887944,"3,2"
"11706","Temp..of.NSEC.Main.Ch. + Secondary.Effluent.Flow + N..Basin.Outfall + CODds..mg.L. + NSEC.Aerobic.SRT + NSEC.Effluent.Flow",0.170687129318702,0.76488827256404,"3,2"
"11707","Temp..of.NSEC.Main.Ch. + Secondary.Effluent.Flow + N..Basin.Outfall + CODds..mg.L. + NSEC.Effluent.NH3 + NSEC.Effluent.NO3",0.274770947456038,0.551229281072821,"3,2"
"11708","Temp..of.NSEC.Main.Ch. + Secondary.Effluent.Flow + N..Basin.Outfall + CODds..mg.L. + NSEC.Effluent.NH3 + NSEC.Effluent.OP",0.0835854848678892,0.499248822572168,"3,2"
"11709","Temp..of.NSEC.Main.Ch. + Secondary.Effluent.Flow + N..Basin.Outfall + CODds..mg.L. + NSEC.Effluent.NH3 + NSEC.Effluent.TSS",0.184290868764572,0.693537788356016,"3,2"
"11710","Temp..of.NSEC.Main.Ch. + Secondary.Effluent.Flow + N..Basin.Outfall + CODds..mg.L. + NSEC.Effluent.NH3 + NSEC.Effluent.NO5",0.119961261470788,0.508352181422908,"3,2"
"11711","Temp..of.NSEC.Main.Ch. + Secondary.Effluent.Flow + N..Basin.Outfall + CODds..mg.L. + NSEC.Effluent.NH3 + NSEC.Effluent.Flow",0.0728310366925731,0.443878297592293,"3,2"
"11712","Temp..of.NSEC.Main.Ch. + Secondary.Effluent.Flow + N..Basin.Outfall + CODds..mg.L. + NSEC.Effluent.NO3 + NSEC.Effluent.OP",0.153497685384378,0.552643795355973,"3,2"
"11713","Temp..of.NSEC.Main.Ch. + Secondary.Effluent.Flow + N..Basin.Outfall + CODds..mg.L. + NSEC.Effluent.NO3 + NSEC.Effluent.TSS",0.172394913824205,0.649767535284422,"3,2"
"11714","Temp..of.NSEC.Main.Ch. + Secondary.Effluent.Flow + N..Basin.Outfall + CODds..mg.L. + NSEC.Effluent.NO3 + NSEC.Effluent.NO5",0.0895767695240819,0.458805698655206,"3,2"
"11715","Temp..of.NSEC.Main.Ch. + Secondary.Effluent.Flow + N..Basin.Outfall + CODds..mg.L. + NSEC.Effluent.NO3 + NSEC.Effluent.Flow",0.104381844038536,0.498150059850417,"3,2"
"11716","Temp..of.NSEC.Main.Ch. + Secondary.Effluent.Flow + N..Basin.Outfall + CODds..mg.L. + NSEC.Effluent.OP + NSEC.Effluent.TSS",0.0374077297189102,0.614811333942578,"3,2"
"11717","Temp..of.NSEC.Main.Ch. + Secondary.Effluent.Flow + N..Basin.Outfall + CODds..mg.L. + NSEC.Effluent.OP + NSEC.Effluent.NO5",0.184637982277203,0.585397257863674,"3,2"
"11718","Temp..of.NSEC.Main.Ch. + Secondary.Effluent.Flow + N..Basin.Outfall + CODds..mg.L. + NSEC.Effluent.OP + NSEC.Effluent.Flow",0.0898367396485951,0.55004662062257,"3,2"
"11719","Temp..of.NSEC.Main.Ch. + Secondary.Effluent.Flow + N..Basin.Outfall + CODds..mg.L. + NSEC.Effluent.TSS + NSEC.Effluent.NO5",0.0127497174149924,0.606006653237408,"3,2"
"11720","Temp..of.NSEC.Main.Ch. + Secondary.Effluent.Flow + N..Basin.Outfall + CODds..mg.L. + NSEC.Effluent.TSS + NSEC.Effluent.Flow",0.0320747451378558,0.595627823418406,"3,2"
"11721","Temp..of.NSEC.Main.Ch. + Secondary.Effluent.Flow + N..Basin.Outfall + CODds..mg.L. + NSEC.Effluent.NO5 + NSEC.Effluent.Flow",0.078742726359188,0.4943642087857,"3,2"
"11722","Temp..of.NSEC.Main.Ch. + Secondary.Effluent.Flow + N..Basin.Outfall + SACto..1.m. + NSEC.Aerobic.SRT + NSEC.Effluent.NH3",0.0846206948328736,0.726814676920326,"3,2"
"11723","Temp..of.NSEC.Main.Ch. + Secondary.Effluent.Flow + N..Basin.Outfall + SACto..1.m. + NSEC.Aerobic.SRT + NSEC.Effluent.NO3",0.1471699771888,0.778607566963576,"3,2"
"11724","Temp..of.NSEC.Main.Ch. + Secondary.Effluent.Flow + N..Basin.Outfall + SACto..1.m. + NSEC.Aerobic.SRT + NSEC.Effluent.OP",0.0315764081062413,0.718605525098754,"3,2"
"11725","Temp..of.NSEC.Main.Ch. + Secondary.Effluent.Flow + N..Basin.Outfall + SACto..1.m. + NSEC.Aerobic.SRT + NSEC.Effluent.TSS",0.198534153421865,0.795218205776771,"3,2"
"11726","Temp..of.NSEC.Main.Ch. + Secondary.Effluent.Flow + N..Basin.Outfall + SACto..1.m. + NSEC.Aerobic.SRT + NSEC.Effluent.NO5",0.231774256595569,0.740963083233213,"3,2"
"11727","Temp..of.NSEC.Main.Ch. + Secondary.Effluent.Flow + N..Basin.Outfall + SACto..1.m. + NSEC.Aerobic.SRT + NSEC.Effluent.Flow",0.00888303983122452,0.766530907865708,"3,2"
"11728","Temp..of.NSEC.Main.Ch. + Secondary.Effluent.Flow + N..Basin.Outfall + SACto..1.m. + NSEC.Effluent.NH3 + NSEC.Effluent.NO3",0.0700147503181834,0.53617528613988,"3,2"
"11729","Temp..of.NSEC.Main.Ch. + Secondary.Effluent.Flow + N..Basin.Outfall + SACto..1.m. + NSEC.Effluent.NH3 + NSEC.Effluent.OP",0.103750010933412,0.454279103772465,"3,2"
"11730","Temp..of.NSEC.Main.Ch. + Secondary.Effluent.Flow + N..Basin.Outfall + SACto..1.m. + NSEC.Effluent.NH3 + NSEC.Effluent.TSS",0.136920848494793,0.487008926807356,"3,2"
"11731","Temp..of.NSEC.Main.Ch. + Secondary.Effluent.Flow + N..Basin.Outfall + SACto..1.m. + NSEC.Effluent.NH3 + NSEC.Effluent.NO5",0.16756629445811,0.467613595014407,"3,2"
"11732","Temp..of.NSEC.Main.Ch. + Secondary.Effluent.Flow + N..Basin.Outfall + SACto..1.m. + NSEC.Effluent.NH3 + NSEC.Effluent.Flow",0.0157850154634926,0.4596360667276,"3,2"
"11733","Temp..of.NSEC.Main.Ch. + Secondary.Effluent.Flow + N..Basin.Outfall + SACto..1.m. + NSEC.Effluent.NO3 + NSEC.Effluent.OP",0.117735616895971,0.607008173751712,"3,2"
"11734","Temp..of.NSEC.Main.Ch. + Secondary.Effluent.Flow + N..Basin.Outfall + SACto..1.m. + NSEC.Effluent.NO3 + NSEC.Effluent.TSS",0.163372130655445,0.560434869793224,"3,2"
"11735","Temp..of.NSEC.Main.Ch. + Secondary.Effluent.Flow + N..Basin.Outfall + SACto..1.m. + NSEC.Effluent.NO3 + NSEC.Effluent.NO5",0.0288141437645244,0.445562771288073,"3,2"
"11736","Temp..of.NSEC.Main.Ch. + Secondary.Effluent.Flow + N..Basin.Outfall + SACto..1.m. + NSEC.Effluent.NO3 + NSEC.Effluent.Flow",0.0149649886410739,0.438819865924619,"3,2"
"11737","Temp..of.NSEC.Main.Ch. + Secondary.Effluent.Flow + N..Basin.Outfall + SACto..1.m. + NSEC.Effluent.OP + NSEC.Effluent.TSS",0.0194449966753649,0.652002965537722,"3,2"
"11738","Temp..of.NSEC.Main.Ch. + Secondary.Effluent.Flow + N..Basin.Outfall + SACto..1.m. + NSEC.Effluent.OP + NSEC.Effluent.NO5",0.134579675138906,0.587907559824479,"3,2"
"11739","Temp..of.NSEC.Main.Ch. + Secondary.Effluent.Flow + N..Basin.Outfall + SACto..1.m. + NSEC.Effluent.OP + NSEC.Effluent.Flow",0.244038683960307,0.585709120185628,"3,2"
"11740","Temp..of.NSEC.Main.Ch. + Secondary.Effluent.Flow + N..Basin.Outfall + SACto..1.m. + NSEC.Effluent.TSS + NSEC.Effluent.NO5",0.170199500007405,0.606808967438437,"3,2"
"11741","Temp..of.NSEC.Main.Ch. + Secondary.Effluent.Flow + N..Basin.Outfall + SACto..1.m. + NSEC.Effluent.TSS + NSEC.Effluent.Flow",0.119249461549377,0.562614647838565,"3,2"
"11742","Temp..of.NSEC.Main.Ch. + Secondary.Effluent.Flow + N..Basin.Outfall + SACto..1.m. + NSEC.Effluent.NO5 + NSEC.Effluent.Flow",0.100153777098833,0.290307177816567,"3,2"
"11743","Temp..of.NSEC.Main.Ch. + Secondary.Effluent.Flow + N..Basin.Outfall + NSEC.Aerobic.SRT + NSEC.Effluent.NH3 + NSEC.Effluent.NO3",0.190052452985651,0.583558678135858,"3,2"
"11744","Temp..of.NSEC.Main.Ch. + Secondary.Effluent.Flow + N..Basin.Outfall + NSEC.Aerobic.SRT + NSEC.Effluent.NH3 + NSEC.Effluent.OP",0.221564462090875,0.751445479619977,"3,2"
"11745","Temp..of.NSEC.Main.Ch. + Secondary.Effluent.Flow + N..Basin.Outfall + NSEC.Aerobic.SRT + NSEC.Effluent.NH3 + NSEC.Effluent.TSS",0.170343841094945,0.575637960124878,"3,2"
"11746","Temp..of.NSEC.Main.Ch. + Secondary.Effluent.Flow + N..Basin.Outfall + NSEC.Aerobic.SRT + NSEC.Effluent.NH3 + NSEC.Effluent.NO5",0.0166784335775576,0.642700518522277,"3,2"
"11747","Temp..of.NSEC.Main.Ch. + Secondary.Effluent.Flow + N..Basin.Outfall + NSEC.Aerobic.SRT + NSEC.Effluent.NH3 + NSEC.Effluent.Flow",0.0276722847208621,0.452821477512773,"3,2"
"11748","Temp..of.NSEC.Main.Ch. + Secondary.Effluent.Flow + N..Basin.Outfall + NSEC.Aerobic.SRT + NSEC.Effluent.NO3 + NSEC.Effluent.OP",0.0304795928524055,0.750808474430851,"3,2"
"11749","Temp..of.NSEC.Main.Ch. + Secondary.Effluent.Flow + N..Basin.Outfall + NSEC.Aerobic.SRT + NSEC.Effluent.NO3 + NSEC.Effluent.TSS",0.314158397545897,0.765640773297936,"3,2"
"11750","Temp..of.NSEC.Main.Ch. + Secondary.Effluent.Flow + N..Basin.Outfall + NSEC.Aerobic.SRT + NSEC.Effluent.NO3 + NSEC.Effluent.NO5",0.0211225491265281,0.419384216065142,"3,2"
"11751","Temp..of.NSEC.Main.Ch. + Secondary.Effluent.Flow + N..Basin.Outfall + NSEC.Aerobic.SRT + NSEC.Effluent.NO3 + NSEC.Effluent.Flow",0.00469654511211814,0.468973127132758,"3,2"
"11752","Temp..of.NSEC.Main.Ch. + Secondary.Effluent.Flow + N..Basin.Outfall + NSEC.Aerobic.SRT + NSEC.Effluent.OP + NSEC.Effluent.TSS",0.160066395682747,0.718616217421026,"3,2"
"11753","Temp..of.NSEC.Main.Ch. + Secondary.Effluent.Flow + N..Basin.Outfall + NSEC.Aerobic.SRT + NSEC.Effluent.OP + NSEC.Effluent.NO5",0.0940059519341365,0.731221834001242,"3,2"
"11754","Temp..of.NSEC.Main.Ch. + Secondary.Effluent.Flow + N..Basin.Outfall + NSEC.Aerobic.SRT + NSEC.Effluent.OP + NSEC.Effluent.Flow",0.157226247477686,0.689756356542904,"3,2"
"11755","Temp..of.NSEC.Main.Ch. + Secondary.Effluent.Flow + N..Basin.Outfall + NSEC.Aerobic.SRT + NSEC.Effluent.TSS + NSEC.Effluent.NO5",0.0199434692827141,0.465080863009962,"3,2"
"11756","Temp..of.NSEC.Main.Ch. + Secondary.Effluent.Flow + N..Basin.Outfall + NSEC.Aerobic.SRT + NSEC.Effluent.TSS + NSEC.Effluent.Flow",0.00411581919481918,0.406921292582113,"3,2"
"11757","Temp..of.NSEC.Main.Ch. + Secondary.Effluent.Flow + N..Basin.Outfall + NSEC.Aerobic.SRT + NSEC.Effluent.NO5 + NSEC.Effluent.Flow",0.0272627716851022,0.388264751945455,"3,2"
"11758","Temp..of.NSEC.Main.Ch. + Secondary.Effluent.Flow + N..Basin.Outfall + NSEC.Effluent.NH3 + NSEC.Effluent.NO3 + NSEC.Effluent.OP",0.14319836949775,0.494120826012024,"3,2"
"11759","Temp..of.NSEC.Main.Ch. + Secondary.Effluent.Flow + N..Basin.Outfall + NSEC.Effluent.NH3 + NSEC.Effluent.NO3 + NSEC.Effluent.TSS",0.123084944805025,0.518216162201797,"3,2"
"11760","Temp..of.NSEC.Main.Ch. + Secondary.Effluent.Flow + N..Basin.Outfall + NSEC.Effluent.NH3 + NSEC.Effluent.NO3 + NSEC.Effluent.NO5",0.1128842595255,0.465078446269629,"3,2"
"11761","Temp..of.NSEC.Main.Ch. + Secondary.Effluent.Flow + N..Basin.Outfall + NSEC.Effluent.NH3 + NSEC.Effluent.NO3 + NSEC.Effluent.Flow",0.0113938327929191,0.229223473278748,"3,2"
"11762","Temp..of.NSEC.Main.Ch. + Secondary.Effluent.Flow + N..Basin.Outfall + NSEC.Effluent.NH3 + NSEC.Effluent.OP + NSEC.Effluent.TSS",0.0809546911988883,0.591461087970398,"3,2"
"11763","Temp..of.NSEC.Main.Ch. + Secondary.Effluent.Flow + N..Basin.Outfall + NSEC.Effluent.NH3 + NSEC.Effluent.OP + NSEC.Effluent.NO5",0.094236684576873,0.458000533592108,"3,2"
"11764","Temp..of.NSEC.Main.Ch. + Secondary.Effluent.Flow + N..Basin.Outfall + NSEC.Effluent.NH3 + NSEC.Effluent.OP + NSEC.Effluent.Flow",0.0376267988590282,0.407925238682655,"3,2"
"11765","Temp..of.NSEC.Main.Ch. + Secondary.Effluent.Flow + N..Basin.Outfall + NSEC.Effluent.NH3 + NSEC.Effluent.TSS + NSEC.Effluent.NO5",0.213741779562804,0.490567440995605,"3,2"
"11766","Temp..of.NSEC.Main.Ch. + Secondary.Effluent.Flow + N..Basin.Outfall + NSEC.Effluent.NH3 + NSEC.Effluent.TSS + NSEC.Effluent.Flow",0.0535517317199394,0.41901766298649,"3,2"
"11767","Temp..of.NSEC.Main.Ch. + Secondary.Effluent.Flow + N..Basin.Outfall + NSEC.Effluent.NH3 + NSEC.Effluent.NO5 + NSEC.Effluent.Flow",0.0434558702943035,0.315874501707651,"3,2"
"11768","Temp..of.NSEC.Main.Ch. + Secondary.Effluent.Flow + N..Basin.Outfall + NSEC.Effluent.NO3 + NSEC.Effluent.OP + NSEC.Effluent.TSS",0.206343470570174,0.673095242026272,"3,2"
"11769","Temp..of.NSEC.Main.Ch. + Secondary.Effluent.Flow + N..Basin.Outfall + NSEC.Effluent.NO3 + NSEC.Effluent.OP + NSEC.Effluent.NO5",0.230296182490973,0.578920846813556,"3,2"
"11770","Temp..of.NSEC.Main.Ch. + Secondary.Effluent.Flow + N..Basin.Outfall + NSEC.Effluent.NO3 + NSEC.Effluent.OP + NSEC.Effluent.Flow",0.0605795478512619,0.44044048097668,"3,2"
"11771","Temp..of.NSEC.Main.Ch. + Secondary.Effluent.Flow + N..Basin.Outfall + NSEC.Effluent.NO3 + NSEC.Effluent.TSS + NSEC.Effluent.NO5",0.00677697312430814,0.359368629297804,"3,2"
"11772","Temp..of.NSEC.Main.Ch. + Secondary.Effluent.Flow + N..Basin.Outfall + NSEC.Effluent.NO3 + NSEC.Effluent.TSS + NSEC.Effluent.Flow",0.106578233811088,0.522266835303371,"3,2"
"11773","Temp..of.NSEC.Main.Ch. + Secondary.Effluent.Flow + N..Basin.Outfall + NSEC.Effluent.NO3 + NSEC.Effluent.NO5 + NSEC.Effluent.Flow",0.026157012299449,0.376814980080882,"3,2"
"11774","Temp..of.NSEC.Main.Ch. + Secondary.Effluent.Flow + N..Basin.Outfall + NSEC.Effluent.OP + NSEC.Effluent.TSS + NSEC.Effluent.NO5",0.0273673530644332,0.580479260014205,"3,2"
"11775","Temp..of.NSEC.Main.Ch. + Secondary.Effluent.Flow + N..Basin.Outfall + NSEC.Effluent.OP + NSEC.Effluent.TSS + NSEC.Effluent.Flow",0.0141130134326415,0.49206956787833,"3,2"
"11776","Temp..of.NSEC.Main.Ch. + Secondary.Effluent.Flow + N..Basin.Outfall + NSEC.Effluent.OP + NSEC.Effluent.NO5 + NSEC.Effluent.Flow",0.0747897040835674,0.421190283068024,"3,2"
"11777","Temp..of.NSEC.Main.Ch. + Secondary.Effluent.Flow + N..Basin.Outfall + NSEC.Effluent.TSS + NSEC.Effluent.NO5 + NSEC.Effluent.Flow",0.0899766897338508,0.424986621801101,"3,2"
"11778","Temp..of.NSEC.Main.Ch. + Secondary.Effluent.Flow + CODto..mg.L. + TSS..mg.L. + UVT.... + CODds..mg.L.",0.074494797942412,0.536677067722281,"3,2"
"11779","Temp..of.NSEC.Main.Ch. + Secondary.Effluent.Flow + CODto..mg.L. + TSS..mg.L. + UVT.... + SACto..1.m.",0.0233497536327576,0.599338193971135,"3,2"
"11780","Temp..of.NSEC.Main.Ch. + Secondary.Effluent.Flow + CODto..mg.L. + TSS..mg.L. + UVT.... + NSEC.Aerobic.SRT",0.0338785328760824,0.740963047792855,"3,2"
"11781","Temp..of.NSEC.Main.Ch. + Secondary.Effluent.Flow + CODto..mg.L. + TSS..mg.L. + UVT.... + NSEC.Effluent.NH3",0.141057608859338,0.58138714928078,"3,2"
"11782","Temp..of.NSEC.Main.Ch. + Secondary.Effluent.Flow + CODto..mg.L. + TSS..mg.L. + UVT.... + NSEC.Effluent.NO3",0.182249727127681,0.673286084629531,"3,2"
"11783","Temp..of.NSEC.Main.Ch. + Secondary.Effluent.Flow + CODto..mg.L. + TSS..mg.L. + UVT.... + NSEC.Effluent.OP",0.175295755247153,0.669742792230046,"3,2"
"11784","Temp..of.NSEC.Main.Ch. + Secondary.Effluent.Flow + CODto..mg.L. + TSS..mg.L. + UVT.... + NSEC.Effluent.TSS",0.0233842686675914,0.702310955606074,"3,2"
"11785","Temp..of.NSEC.Main.Ch. + Secondary.Effluent.Flow + CODto..mg.L. + TSS..mg.L. + UVT.... + NSEC.Effluent.NO5",0.0926803042897233,0.558488154396747,"3,2"
"11786","Temp..of.NSEC.Main.Ch. + Secondary.Effluent.Flow + CODto..mg.L. + TSS..mg.L. + UVT.... + NSEC.Effluent.Flow",0.00511735666266011,0.552758868010813,"3,2"
"11787","Temp..of.NSEC.Main.Ch. + Secondary.Effluent.Flow + CODto..mg.L. + TSS..mg.L. + CODds..mg.L. + SACto..1.m.",0.0692721392488811,0.559054233726792,"3,2"
"11788","Temp..of.NSEC.Main.Ch. + Secondary.Effluent.Flow + CODto..mg.L. + TSS..mg.L. + CODds..mg.L. + NSEC.Aerobic.SRT",0.218953473206196,0.73809714015712,"3,2"
"11789","Temp..of.NSEC.Main.Ch. + Secondary.Effluent.Flow + CODto..mg.L. + TSS..mg.L. + CODds..mg.L. + NSEC.Effluent.NH3",0.228363800305442,0.69171834064602,"3,2"
"11790","Temp..of.NSEC.Main.Ch. + Secondary.Effluent.Flow + CODto..mg.L. + TSS..mg.L. + CODds..mg.L. + NSEC.Effluent.NO3",0.17560724377574,0.59534400249897,"3,2"
"11791","Temp..of.NSEC.Main.Ch. + Secondary.Effluent.Flow + CODto..mg.L. + TSS..mg.L. + CODds..mg.L. + NSEC.Effluent.OP",0.121819535137162,0.681212450143729,"3,2"
"11792","Temp..of.NSEC.Main.Ch. + Secondary.Effluent.Flow + CODto..mg.L. + TSS..mg.L. + CODds..mg.L. + NSEC.Effluent.TSS",0.020045932240039,0.775045516822871,"3,2"
"11793","Temp..of.NSEC.Main.Ch. + Secondary.Effluent.Flow + CODto..mg.L. + TSS..mg.L. + CODds..mg.L. + NSEC.Effluent.NO5",0.216419253682733,0.639762194004346,"3,2"
"11794","Temp..of.NSEC.Main.Ch. + Secondary.Effluent.Flow + CODto..mg.L. + TSS..mg.L. + CODds..mg.L. + NSEC.Effluent.Flow",0.241294446086992,0.565993948070094,"3,2"
"11795","Temp..of.NSEC.Main.Ch. + Secondary.Effluent.Flow + CODto..mg.L. + TSS..mg.L. + SACto..1.m. + NSEC.Aerobic.SRT",0.0996763197703909,0.626492340845926,"3,2"
"11796","Temp..of.NSEC.Main.Ch. + Secondary.Effluent.Flow + CODto..mg.L. + TSS..mg.L. + SACto..1.m. + NSEC.Effluent.NH3",0.107493064873233,0.566078574330782,"3,2"
"11797","Temp..of.NSEC.Main.Ch. + Secondary.Effluent.Flow + CODto..mg.L. + TSS..mg.L. + SACto..1.m. + NSEC.Effluent.NO3",0.276547856021525,0.618778332328262,"3,2"
"11798","Temp..of.NSEC.Main.Ch. + Secondary.Effluent.Flow + CODto..mg.L. + TSS..mg.L. + SACto..1.m. + NSEC.Effluent.OP",0.146670515413275,0.63385081823051,"3,2"
"11799","Temp..of.NSEC.Main.Ch. + Secondary.Effluent.Flow + CODto..mg.L. + TSS..mg.L. + SACto..1.m. + NSEC.Effluent.TSS",0.0683595648084965,0.688112700596658,"3,2"
"11800","Temp..of.NSEC.Main.Ch. + Secondary.Effluent.Flow + CODto..mg.L. + TSS..mg.L. + SACto..1.m. + NSEC.Effluent.NO5",0.163392601169653,0.652287275158779,"3,2"
"11801","Temp..of.NSEC.Main.Ch. + Secondary.Effluent.Flow + CODto..mg.L. + TSS..mg.L. + SACto..1.m. + NSEC.Effluent.Flow",0.0847511193568085,0.591109521983819,"3,2"
"11802","Temp..of.NSEC.Main.Ch. + Secondary.Effluent.Flow + CODto..mg.L. + TSS..mg.L. + NSEC.Aerobic.SRT + NSEC.Effluent.NH3",0.18931991257735,0.757407272620048,"3,2"
"11803","Temp..of.NSEC.Main.Ch. + Secondary.Effluent.Flow + CODto..mg.L. + TSS..mg.L. + NSEC.Aerobic.SRT + NSEC.Effluent.NO3",0.0838494227368947,0.681796195398687,"3,2"
"11804","Temp..of.NSEC.Main.Ch. + Secondary.Effluent.Flow + CODto..mg.L. + TSS..mg.L. + NSEC.Aerobic.SRT + NSEC.Effluent.OP",0.173711001358113,0.728043043840212,"3,2"
"11805","Temp..of.NSEC.Main.Ch. + Secondary.Effluent.Flow + CODto..mg.L. + TSS..mg.L. + NSEC.Aerobic.SRT + NSEC.Effluent.TSS",0.144959013069616,0.763707336371375,"3,2"
"11806","Temp..of.NSEC.Main.Ch. + Secondary.Effluent.Flow + CODto..mg.L. + TSS..mg.L. + NSEC.Aerobic.SRT + NSEC.Effluent.NO5",0.0495990310269077,0.779920549878553,"3,2"
"11807","Temp..of.NSEC.Main.Ch. + Secondary.Effluent.Flow + CODto..mg.L. + TSS..mg.L. + NSEC.Aerobic.SRT + NSEC.Effluent.Flow",0.0156478404501064,0.761884615048709,"3,2"
"11808","Temp..of.NSEC.Main.Ch. + Secondary.Effluent.Flow + CODto..mg.L. + TSS..mg.L. + NSEC.Effluent.NH3 + NSEC.Effluent.NO3",0.103694736257516,0.656421815755605,"3,2"
"11809","Temp..of.NSEC.Main.Ch. + Secondary.Effluent.Flow + CODto..mg.L. + TSS..mg.L. + NSEC.Effluent.NH3 + NSEC.Effluent.OP",0.133687330827138,0.650074780684864,"3,2"
"11810","Temp..of.NSEC.Main.Ch. + Secondary.Effluent.Flow + CODto..mg.L. + TSS..mg.L. + NSEC.Effluent.NH3 + NSEC.Effluent.TSS",0.0463982447183091,0.726285764467811,"3,2"
"11811","Temp..of.NSEC.Main.Ch. + Secondary.Effluent.Flow + CODto..mg.L. + TSS..mg.L. + NSEC.Effluent.NH3 + NSEC.Effluent.NO5",0.155869911810506,0.584524323386425,"3,2"
"11812","Temp..of.NSEC.Main.Ch. + Secondary.Effluent.Flow + CODto..mg.L. + TSS..mg.L. + NSEC.Effluent.NH3 + NSEC.Effluent.Flow",0.147875772570768,0.639599628901124,"3,2"
"11813","Temp..of.NSEC.Main.Ch. + Secondary.Effluent.Flow + CODto..mg.L. + TSS..mg.L. + NSEC.Effluent.NO3 + NSEC.Effluent.OP",0.199360215897455,0.617070711954015,"3,2"
"11814","Temp..of.NSEC.Main.Ch. + Secondary.Effluent.Flow + CODto..mg.L. + TSS..mg.L. + NSEC.Effluent.NO3 + NSEC.Effluent.TSS",0.0469051714429138,0.659945840390675,"3,2"
"11815","Temp..of.NSEC.Main.Ch. + Secondary.Effluent.Flow + CODto..mg.L. + TSS..mg.L. + NSEC.Effluent.NO3 + NSEC.Effluent.NO5",0.105725805816512,0.697731516423332,"3,2"
"11816","Temp..of.NSEC.Main.Ch. + Secondary.Effluent.Flow + CODto..mg.L. + TSS..mg.L. + NSEC.Effluent.NO3 + NSEC.Effluent.Flow",0.0827562635605588,0.556550674539771,"3,2"
"11817","Temp..of.NSEC.Main.Ch. + Secondary.Effluent.Flow + CODto..mg.L. + TSS..mg.L. + NSEC.Effluent.OP + NSEC.Effluent.TSS",0.0339946115362024,0.701571880073533,"3,2"
"11818","Temp..of.NSEC.Main.Ch. + Secondary.Effluent.Flow + CODto..mg.L. + TSS..mg.L. + NSEC.Effluent.OP + NSEC.Effluent.NO5",0.197860151551104,0.687877199377192,"3,2"
"11819","Temp..of.NSEC.Main.Ch. + Secondary.Effluent.Flow + CODto..mg.L. + TSS..mg.L. + NSEC.Effluent.OP + NSEC.Effluent.Flow",0.229420218671281,0.596481550275973,"3,2"
"11820","Temp..of.NSEC.Main.Ch. + Secondary.Effluent.Flow + CODto..mg.L. + TSS..mg.L. + NSEC.Effluent.TSS + NSEC.Effluent.NO5",0.33650544880512,0.726922807186939,"3,2"
"11821","Temp..of.NSEC.Main.Ch. + Secondary.Effluent.Flow + CODto..mg.L. + TSS..mg.L. + NSEC.Effluent.TSS + NSEC.Effluent.Flow",0.230809349314355,0.723488118453684,"3,2"
"11822","Temp..of.NSEC.Main.Ch. + Secondary.Effluent.Flow + CODto..mg.L. + TSS..mg.L. + NSEC.Effluent.NO5 + NSEC.Effluent.Flow",0.125590663251859,0.606054609116757,"3,2"
"11823","Temp..of.NSEC.Main.Ch. + Secondary.Effluent.Flow + CODto..mg.L. + UVT.... + CODds..mg.L. + SACto..1.m.",0.0829984497134089,0.562429641034428,"3,2"
"11824","Temp..of.NSEC.Main.Ch. + Secondary.Effluent.Flow + CODto..mg.L. + UVT.... + CODds..mg.L. + NSEC.Aerobic.SRT",0.0660555126300024,0.761281227341412,"3,2"
"11825","Temp..of.NSEC.Main.Ch. + Secondary.Effluent.Flow + CODto..mg.L. + UVT.... + CODds..mg.L. + NSEC.Effluent.NH3",0.0548128636196803,0.578380438729119,"3,2"
"11826","Temp..of.NSEC.Main.Ch. + Secondary.Effluent.Flow + CODto..mg.L. + UVT.... + CODds..mg.L. + NSEC.Effluent.NO3",0.0133466862419738,0.577339043243937,"3,2"
"11827","Temp..of.NSEC.Main.Ch. + Secondary.Effluent.Flow + CODto..mg.L. + UVT.... + CODds..mg.L. + NSEC.Effluent.OP",0.00561024308388247,0.644421786487566,"3,2"
"11828","Temp..of.NSEC.Main.Ch. + Secondary.Effluent.Flow + CODto..mg.L. + UVT.... + CODds..mg.L. + NSEC.Effluent.TSS",0.123506962335799,0.739789822090622,"3,2"
"11829","Temp..of.NSEC.Main.Ch. + Secondary.Effluent.Flow + CODto..mg.L. + UVT.... + CODds..mg.L. + NSEC.Effluent.NO5",0.0419890081934216,0.57386890996656,"3,2"
"11830","Temp..of.NSEC.Main.Ch. + Secondary.Effluent.Flow + CODto..mg.L. + UVT.... + CODds..mg.L. + NSEC.Effluent.Flow",0.0658843868713879,0.52898708695422,"3,2"
"11831","Temp..of.NSEC.Main.Ch. + Secondary.Effluent.Flow + CODto..mg.L. + UVT.... + SACto..1.m. + NSEC.Aerobic.SRT",0.0930724376671919,0.793326926528306,"3,2"
"11832","Temp..of.NSEC.Main.Ch. + Secondary.Effluent.Flow + CODto..mg.L. + UVT.... + SACto..1.m. + NSEC.Effluent.NH3",0.0214356484648546,0.490217402264725,"3,2"
"11833","Temp..of.NSEC.Main.Ch. + Secondary.Effluent.Flow + CODto..mg.L. + UVT.... + SACto..1.m. + NSEC.Effluent.NO3",0.0339959010727631,0.568830293549492,"3,2"
"11834","Temp..of.NSEC.Main.Ch. + Secondary.Effluent.Flow + CODto..mg.L. + UVT.... + SACto..1.m. + NSEC.Effluent.OP",0.188469996502637,0.644507394755983,"3,2"
"11835","Temp..of.NSEC.Main.Ch. + Secondary.Effluent.Flow + CODto..mg.L. + UVT.... + SACto..1.m. + NSEC.Effluent.TSS",0.00300563715164248,0.605916729735665,"3,2"
"11836","Temp..of.NSEC.Main.Ch. + Secondary.Effluent.Flow + CODto..mg.L. + UVT.... + SACto..1.m. + NSEC.Effluent.NO5",0.244303134652476,0.505310383299053,"3,2"
"11837","Temp..of.NSEC.Main.Ch. + Secondary.Effluent.Flow + CODto..mg.L. + UVT.... + SACto..1.m. + NSEC.Effluent.Flow",0.0970752561288439,0.478793872848512,"3,2"
"11838","Temp..of.NSEC.Main.Ch. + Secondary.Effluent.Flow + CODto..mg.L. + UVT.... + NSEC.Aerobic.SRT + NSEC.Effluent.NH3",0.109336235242272,0.717018433006433,"3,2"
"11839","Temp..of.NSEC.Main.Ch. + Secondary.Effluent.Flow + CODto..mg.L. + UVT.... + NSEC.Aerobic.SRT + NSEC.Effluent.NO3",0.00914686487052374,0.444919208421836,"3,2"
"11840","Temp..of.NSEC.Main.Ch. + Secondary.Effluent.Flow + CODto..mg.L. + UVT.... + NSEC.Aerobic.SRT + NSEC.Effluent.OP",0.0194466180632686,0.736791585524879,"3,2"
"11841","Temp..of.NSEC.Main.Ch. + Secondary.Effluent.Flow + CODto..mg.L. + UVT.... + NSEC.Aerobic.SRT + NSEC.Effluent.TSS",0.0217732678144664,0.781434768163229,"3,2"
"11842","Temp..of.NSEC.Main.Ch. + Secondary.Effluent.Flow + CODto..mg.L. + UVT.... + NSEC.Aerobic.SRT + NSEC.Effluent.NO5",0.176901971151273,0.821400170975624,"3,2"
"11843","Temp..of.NSEC.Main.Ch. + Secondary.Effluent.Flow + CODto..mg.L. + UVT.... + NSEC.Aerobic.SRT + NSEC.Effluent.Flow",0.284886463788273,0.774101516220128,"3,2"
"11844","Temp..of.NSEC.Main.Ch. + Secondary.Effluent.Flow + CODto..mg.L. + UVT.... + NSEC.Effluent.NH3 + NSEC.Effluent.NO3",0.147727439702117,0.639216216809529,"3,2"
"11845","Temp..of.NSEC.Main.Ch. + Secondary.Effluent.Flow + CODto..mg.L. + UVT.... + NSEC.Effluent.NH3 + NSEC.Effluent.OP",0.0786379898444225,0.535168330771807,"3,2"
"11846","Temp..of.NSEC.Main.Ch. + Secondary.Effluent.Flow + CODto..mg.L. + UVT.... + NSEC.Effluent.NH3 + NSEC.Effluent.TSS",0.0790824091392239,0.668509315746054,"3,2"
"11847","Temp..of.NSEC.Main.Ch. + Secondary.Effluent.Flow + CODto..mg.L. + UVT.... + NSEC.Effluent.NH3 + NSEC.Effluent.NO5",0.051813860371944,0.520043220035448,"3,2"
"11848","Temp..of.NSEC.Main.Ch. + Secondary.Effluent.Flow + CODto..mg.L. + UVT.... + NSEC.Effluent.NH3 + NSEC.Effluent.Flow",0.0420172228882016,0.451922276643981,"3,2"
"11849","Temp..of.NSEC.Main.Ch. + Secondary.Effluent.Flow + CODto..mg.L. + UVT.... + NSEC.Effluent.NO3 + NSEC.Effluent.OP",0.0133191036515539,0.675633164237247,"3,2"
"11850","Temp..of.NSEC.Main.Ch. + Secondary.Effluent.Flow + CODto..mg.L. + UVT.... + NSEC.Effluent.NO3 + NSEC.Effluent.TSS",0.0703222028872457,0.691462312883939,"3,2"
"11851","Temp..of.NSEC.Main.Ch. + Secondary.Effluent.Flow + CODto..mg.L. + UVT.... + NSEC.Effluent.NO3 + NSEC.Effluent.NO5",0.141455367439422,0.634612155934975,"3,2"
"11852","Temp..of.NSEC.Main.Ch. + Secondary.Effluent.Flow + CODto..mg.L. + UVT.... + NSEC.Effluent.NO3 + NSEC.Effluent.Flow",0.0991747935831531,0.595243698819714,"3,2"
"11853","Temp..of.NSEC.Main.Ch. + Secondary.Effluent.Flow + CODto..mg.L. + UVT.... + NSEC.Effluent.OP + NSEC.Effluent.TSS",0.476104084747638,0.757099693396972,"3,2"
"11854","Temp..of.NSEC.Main.Ch. + Secondary.Effluent.Flow + CODto..mg.L. + UVT.... + NSEC.Effluent.OP + NSEC.Effluent.NO5",0.271159851668415,0.611144433937399,"3,2"
"11855","Temp..of.NSEC.Main.Ch. + Secondary.Effluent.Flow + CODto..mg.L. + UVT.... + NSEC.Effluent.OP + NSEC.Effluent.Flow",0.0825578705175767,0.591900171630793,"3,2"
"11856","Temp..of.NSEC.Main.Ch. + Secondary.Effluent.Flow + CODto..mg.L. + UVT.... + NSEC.Effluent.TSS + NSEC.Effluent.NO5",0.0537179035320539,0.705904247146943,"3,2"
"11857","Temp..of.NSEC.Main.Ch. + Secondary.Effluent.Flow + CODto..mg.L. + UVT.... + NSEC.Effluent.TSS + NSEC.Effluent.Flow",0.0249880085091523,0.696177125641532,"3,2"
"11858","Temp..of.NSEC.Main.Ch. + Secondary.Effluent.Flow + CODto..mg.L. + UVT.... + NSEC.Effluent.NO5 + NSEC.Effluent.Flow",0.0349148207019105,0.479311705044572,"3,2"
"11859","Temp..of.NSEC.Main.Ch. + Secondary.Effluent.Flow + CODto..mg.L. + CODds..mg.L. + SACto..1.m. + NSEC.Aerobic.SRT",0.0877126854339856,0.775559302295078,"3,2"
"11860","Temp..of.NSEC.Main.Ch. + Secondary.Effluent.Flow + CODto..mg.L. + CODds..mg.L. + SACto..1.m. + NSEC.Effluent.NH3",0.0343917761392252,0.575837320285263,"3,2"
"11861","Temp..of.NSEC.Main.Ch. + Secondary.Effluent.Flow + CODto..mg.L. + CODds..mg.L. + SACto..1.m. + NSEC.Effluent.NO3",0.0615207724677549,0.570626528374133,"3,2"
"11862","Temp..of.NSEC.Main.Ch. + Secondary.Effluent.Flow + CODto..mg.L. + CODds..mg.L. + SACto..1.m. + NSEC.Effluent.OP",0.209888007271384,0.577748785126767,"3,2"
"11863","Temp..of.NSEC.Main.Ch. + Secondary.Effluent.Flow + CODto..mg.L. + CODds..mg.L. + SACto..1.m. + NSEC.Effluent.TSS",0.22211175740842,0.693437304234272,"3,2"
"11864","Temp..of.NSEC.Main.Ch. + Secondary.Effluent.Flow + CODto..mg.L. + CODds..mg.L. + SACto..1.m. + NSEC.Effluent.NO5",0.214558609297276,0.502957196430345,"3,2"
"11865","Temp..of.NSEC.Main.Ch. + Secondary.Effluent.Flow + CODto..mg.L. + CODds..mg.L. + SACto..1.m. + NSEC.Effluent.Flow",0.0286989714142547,0.588243136739059,"3,2"
"11866","Temp..of.NSEC.Main.Ch. + Secondary.Effluent.Flow + CODto..mg.L. + CODds..mg.L. + NSEC.Aerobic.SRT + NSEC.Effluent.NH3",0.0771823328690757,0.760952206009736,"3,2"
"11867","Temp..of.NSEC.Main.Ch. + Secondary.Effluent.Flow + CODto..mg.L. + CODds..mg.L. + NSEC.Aerobic.SRT + NSEC.Effluent.NO3",0.00499901539008007,0.766811935922384,"3,2"
"11868","Temp..of.NSEC.Main.Ch. + Secondary.Effluent.Flow + CODto..mg.L. + CODds..mg.L. + NSEC.Aerobic.SRT + NSEC.Effluent.OP",0.0452545120172649,0.782886210467137,"3,2"
"11869","Temp..of.NSEC.Main.Ch. + Secondary.Effluent.Flow + CODto..mg.L. + CODds..mg.L. + NSEC.Aerobic.SRT + NSEC.Effluent.TSS",0.146658097384013,0.783847042270429,"3,2"
"11870","Temp..of.NSEC.Main.Ch. + Secondary.Effluent.Flow + CODto..mg.L. + CODds..mg.L. + NSEC.Aerobic.SRT + NSEC.Effluent.NO5",0.0662430806082908,0.774389866895721,"3,2"
"11871","Temp..of.NSEC.Main.Ch. + Secondary.Effluent.Flow + CODto..mg.L. + CODds..mg.L. + NSEC.Aerobic.SRT + NSEC.Effluent.Flow",0.0388206625165279,0.749503345399294,"3,2"
"11872","Temp..of.NSEC.Main.Ch. + Secondary.Effluent.Flow + CODto..mg.L. + CODds..mg.L. + NSEC.Effluent.NH3 + NSEC.Effluent.NO3",0.177192029182937,0.501415967139645,"3,2"
"11873","Temp..of.NSEC.Main.Ch. + Secondary.Effluent.Flow + CODto..mg.L. + CODds..mg.L. + NSEC.Effluent.NH3 + NSEC.Effluent.OP",0.0122954147602869,0.619363693528323,"3,2"
"11874","Temp..of.NSEC.Main.Ch. + Secondary.Effluent.Flow + CODto..mg.L. + CODds..mg.L. + NSEC.Effluent.NH3 + NSEC.Effluent.TSS",0.0704513974925525,0.71801550662463,"3,2"
"11875","Temp..of.NSEC.Main.Ch. + Secondary.Effluent.Flow + CODto..mg.L. + CODds..mg.L. + NSEC.Effluent.NH3 + NSEC.Effluent.NO5",0.089347704349215,0.432315650438617,"3,2"
"11876","Temp..of.NSEC.Main.Ch. + Secondary.Effluent.Flow + CODto..mg.L. + CODds..mg.L. + NSEC.Effluent.NH3 + NSEC.Effluent.Flow",0.209926428430462,0.539796873235526,"3,2"
"11877","Temp..of.NSEC.Main.Ch. + Secondary.Effluent.Flow + CODto..mg.L. + CODds..mg.L. + NSEC.Effluent.NO3 + NSEC.Effluent.OP",0.163405143109053,0.600464429633445,"3,2"
"11878","Temp..of.NSEC.Main.Ch. + Secondary.Effluent.Flow + CODto..mg.L. + CODds..mg.L. + NSEC.Effluent.NO3 + NSEC.Effluent.TSS",0.22253034636463,0.711678708717609,"3,2"
"11879","Temp..of.NSEC.Main.Ch. + Secondary.Effluent.Flow + CODto..mg.L. + CODds..mg.L. + NSEC.Effluent.NO3 + NSEC.Effluent.NO5",0.248759435232493,0.548975743088307,"3,2"
"11880","Temp..of.NSEC.Main.Ch. + Secondary.Effluent.Flow + CODto..mg.L. + CODds..mg.L. + NSEC.Effluent.NO3 + NSEC.Effluent.Flow",0.104892276876059,0.57831193101089,"3,2"
"11881","Temp..of.NSEC.Main.Ch. + Secondary.Effluent.Flow + CODto..mg.L. + CODds..mg.L. + NSEC.Effluent.OP + NSEC.Effluent.TSS",0.162547412891703,0.681802929866742,"3,2"
"11882","Temp..of.NSEC.Main.Ch. + Secondary.Effluent.Flow + CODto..mg.L. + CODds..mg.L. + NSEC.Effluent.OP + NSEC.Effluent.NO5",0.233126175495424,0.612613345620315,"3,2"
"11883","Temp..of.NSEC.Main.Ch. + Secondary.Effluent.Flow + CODto..mg.L. + CODds..mg.L. + NSEC.Effluent.OP + NSEC.Effluent.Flow",0.0989753152816144,0.687878876332508,"3,2"
"11884","Temp..of.NSEC.Main.Ch. + Secondary.Effluent.Flow + CODto..mg.L. + CODds..mg.L. + NSEC.Effluent.TSS + NSEC.Effluent.NO5",0.192903962929953,0.712362092055822,"3,2"
"11885","Temp..of.NSEC.Main.Ch. + Secondary.Effluent.Flow + CODto..mg.L. + CODds..mg.L. + NSEC.Effluent.TSS + NSEC.Effluent.Flow",0.255456921333165,0.679660493688513,"3,2"
"11886","Temp..of.NSEC.Main.Ch. + Secondary.Effluent.Flow + CODto..mg.L. + CODds..mg.L. + NSEC.Effluent.NO5 + NSEC.Effluent.Flow",0.177572450451802,0.574823303000849,"3,2"
"11887","Temp..of.NSEC.Main.Ch. + Secondary.Effluent.Flow + CODto..mg.L. + SACto..1.m. + NSEC.Aerobic.SRT + NSEC.Effluent.NH3",0.0618389154367347,0.704801041856594,"3,2"
"11888","Temp..of.NSEC.Main.Ch. + Secondary.Effluent.Flow + CODto..mg.L. + SACto..1.m. + NSEC.Aerobic.SRT + NSEC.Effluent.NO3",0.212741592139101,0.781038681322081,"3,2"
"11889","Temp..of.NSEC.Main.Ch. + Secondary.Effluent.Flow + CODto..mg.L. + SACto..1.m. + NSEC.Aerobic.SRT + NSEC.Effluent.OP",0.0674803844817689,0.61190764879156,"3,2"
"11890","Temp..of.NSEC.Main.Ch. + Secondary.Effluent.Flow + CODto..mg.L. + SACto..1.m. + NSEC.Aerobic.SRT + NSEC.Effluent.TSS",0.193706717020394,0.0355497075431646,"3,2"
"11891","Temp..of.NSEC.Main.Ch. + Secondary.Effluent.Flow + CODto..mg.L. + SACto..1.m. + NSEC.Aerobic.SRT + NSEC.Effluent.NO5",0.102381705919377,0.615472588942,"3,2"
"11892","Temp..of.NSEC.Main.Ch. + Secondary.Effluent.Flow + CODto..mg.L. + SACto..1.m. + NSEC.Aerobic.SRT + NSEC.Effluent.Flow",0.0132269108504937,0.783017927682304,"3,2"
"11893","Temp..of.NSEC.Main.Ch. + Secondary.Effluent.Flow + CODto..mg.L. + SACto..1.m. + NSEC.Effluent.NH3 + NSEC.Effluent.NO3",0.187416324903658,0.557977321643276,"3,2"
"11894","Temp..of.NSEC.Main.Ch. + Secondary.Effluent.Flow + CODto..mg.L. + SACto..1.m. + NSEC.Effluent.NH3 + NSEC.Effluent.OP",0.0939950033844315,0.598017926853408,"3,2"
"11895","Temp..of.NSEC.Main.Ch. + Secondary.Effluent.Flow + CODto..mg.L. + SACto..1.m. + NSEC.Effluent.NH3 + NSEC.Effluent.TSS",0.174745298909295,0.627947464852772,"3,2"
"11896","Temp..of.NSEC.Main.Ch. + Secondary.Effluent.Flow + CODto..mg.L. + SACto..1.m. + NSEC.Effluent.NH3 + NSEC.Effluent.NO5",0.0113499529836831,0.452112934775027,"3,2"
"11897","Temp..of.NSEC.Main.Ch. + Secondary.Effluent.Flow + CODto..mg.L. + SACto..1.m. + NSEC.Effluent.NH3 + NSEC.Effluent.Flow",0.0234470326496776,0.477366184375695,"3,2"
"11898","Temp..of.NSEC.Main.Ch. + Secondary.Effluent.Flow + CODto..mg.L. + SACto..1.m. + NSEC.Effluent.NO3 + NSEC.Effluent.OP",0.173139836335478,0.584300163585694,"3,2"
"11899","Temp..of.NSEC.Main.Ch. + Secondary.Effluent.Flow + CODto..mg.L. + SACto..1.m. + NSEC.Effluent.NO3 + NSEC.Effluent.TSS",0.0902220190190022,0.663825091458982,"3,2"
"11900","Temp..of.NSEC.Main.Ch. + Secondary.Effluent.Flow + CODto..mg.L. + SACto..1.m. + NSEC.Effluent.NO3 + NSEC.Effluent.NO5",0.0355960496911591,0.592214336877233,"3,2"
"11901","Temp..of.NSEC.Main.Ch. + Secondary.Effluent.Flow + CODto..mg.L. + SACto..1.m. + NSEC.Effluent.NO3 + NSEC.Effluent.Flow",0.328357563317221,0.604855197586729,"3,2"
"11902","Temp..of.NSEC.Main.Ch. + Secondary.Effluent.Flow + CODto..mg.L. + SACto..1.m. + NSEC.Effluent.OP + NSEC.Effluent.TSS",0.0101885663257142,0.790906748242945,"3,2"
"11903","Temp..of.NSEC.Main.Ch. + Secondary.Effluent.Flow + CODto..mg.L. + SACto..1.m. + NSEC.Effluent.OP + NSEC.Effluent.NO5",0.135263902904842,0.6424483530921,"3,2"
"11904","Temp..of.NSEC.Main.Ch. + Secondary.Effluent.Flow + CODto..mg.L. + SACto..1.m. + NSEC.Effluent.OP + NSEC.Effluent.Flow",0.277677285160782,0.641810120145945,"3,2"
"11905","Temp..of.NSEC.Main.Ch. + Secondary.Effluent.Flow + CODto..mg.L. + SACto..1.m. + NSEC.Effluent.TSS + NSEC.Effluent.NO5",0.231572509212943,0.704170090928142,"3,2"
"11906","Temp..of.NSEC.Main.Ch. + Secondary.Effluent.Flow + CODto..mg.L. + SACto..1.m. + NSEC.Effluent.TSS + NSEC.Effluent.Flow",0.193559629487003,0.0100149000935459,"3,2"
"11907","Temp..of.NSEC.Main.Ch. + Secondary.Effluent.Flow + CODto..mg.L. + SACto..1.m. + NSEC.Effluent.NO5 + NSEC.Effluent.Flow",0.0192600942540855,0.49600790524703,"3,2"
"11908","Temp..of.NSEC.Main.Ch. + Secondary.Effluent.Flow + CODto..mg.L. + NSEC.Aerobic.SRT + NSEC.Effluent.NH3 + NSEC.Effluent.NO3",0.302341327392225,0.746729356270483,"3,2"
"11909","Temp..of.NSEC.Main.Ch. + Secondary.Effluent.Flow + CODto..mg.L. + NSEC.Aerobic.SRT + NSEC.Effluent.NH3 + NSEC.Effluent.OP",0.0484713989385719,0.677422637084045,"3,2"
"11910","Temp..of.NSEC.Main.Ch. + Secondary.Effluent.Flow + CODto..mg.L. + NSEC.Aerobic.SRT + NSEC.Effluent.NH3 + NSEC.Effluent.TSS",0.0375884652254888,0.801555326498938,"3,2"
"11911","Temp..of.NSEC.Main.Ch. + Secondary.Effluent.Flow + CODto..mg.L. + NSEC.Aerobic.SRT + NSEC.Effluent.NH3 + NSEC.Effluent.NO5",0.00384860305719248,0.770749585042251,"3,2"
"11912","Temp..of.NSEC.Main.Ch. + Secondary.Effluent.Flow + CODto..mg.L. + NSEC.Aerobic.SRT + NSEC.Effluent.NH3 + NSEC.Effluent.Flow",0.0981064304705344,0.633459532861091,"3,2"
"11913","Temp..of.NSEC.Main.Ch. + Secondary.Effluent.Flow + CODto..mg.L. + NSEC.Aerobic.SRT + NSEC.Effluent.NO3 + NSEC.Effluent.OP",0.0821664322068889,0.656316846209192,"3,2"
"11914","Temp..of.NSEC.Main.Ch. + Secondary.Effluent.Flow + CODto..mg.L. + NSEC.Aerobic.SRT + NSEC.Effluent.NO3 + NSEC.Effluent.TSS",0.103371427225663,0.730206226205151,"3,2"
"11915","Temp..of.NSEC.Main.Ch. + Secondary.Effluent.Flow + CODto..mg.L. + NSEC.Aerobic.SRT + NSEC.Effluent.NO3 + NSEC.Effluent.NO5",0.0928724121812188,0.759933621495888,"3,2"
"11916","Temp..of.NSEC.Main.Ch. + Secondary.Effluent.Flow + CODto..mg.L. + NSEC.Aerobic.SRT + NSEC.Effluent.NO3 + NSEC.Effluent.Flow",0.00889193085945106,0.737767349277214,"3,2"
"11917","Temp..of.NSEC.Main.Ch. + Secondary.Effluent.Flow + CODto..mg.L. + NSEC.Aerobic.SRT + NSEC.Effluent.OP + NSEC.Effluent.TSS",0.237649311477284,0.744704443632932,"3,2"
"11918","Temp..of.NSEC.Main.Ch. + Secondary.Effluent.Flow + CODto..mg.L. + NSEC.Aerobic.SRT + NSEC.Effluent.OP + NSEC.Effluent.NO5",0.110665301659806,0.738460497816807,"3,2"
"11919","Temp..of.NSEC.Main.Ch. + Secondary.Effluent.Flow + CODto..mg.L. + NSEC.Aerobic.SRT + NSEC.Effluent.OP + NSEC.Effluent.Flow",0.115436002685236,0.700168700842177,"3,2"
"11920","Temp..of.NSEC.Main.Ch. + Secondary.Effluent.Flow + CODto..mg.L. + NSEC.Aerobic.SRT + NSEC.Effluent.TSS + NSEC.Effluent.NO5",0.0111407437885296,0.439883111792076,"3,2"
"11921","Temp..of.NSEC.Main.Ch. + Secondary.Effluent.Flow + CODto..mg.L. + NSEC.Aerobic.SRT + NSEC.Effluent.TSS + NSEC.Effluent.Flow",0.0128037564802264,0.42779440270693,"3,2"
"11922","Temp..of.NSEC.Main.Ch. + Secondary.Effluent.Flow + CODto..mg.L. + NSEC.Aerobic.SRT + NSEC.Effluent.NO5 + NSEC.Effluent.Flow",0.0479003991883848,0.676729512717751,"3,2"
"11923","Temp..of.NSEC.Main.Ch. + Secondary.Effluent.Flow + CODto..mg.L. + NSEC.Effluent.NH3 + NSEC.Effluent.NO3 + NSEC.Effluent.OP",0.138422520189885,0.49622869088345,"3,2"
"11924","Temp..of.NSEC.Main.Ch. + Secondary.Effluent.Flow + CODto..mg.L. + NSEC.Effluent.NH3 + NSEC.Effluent.NO3 + NSEC.Effluent.TSS",0.102702273354395,0.515465022812103,"3,2"
"11925","Temp..of.NSEC.Main.Ch. + Secondary.Effluent.Flow + CODto..mg.L. + NSEC.Effluent.NH3 + NSEC.Effluent.NO3 + NSEC.Effluent.NO5",0.0410819279890053,0.308972086028309,"3,2"
"11926","Temp..of.NSEC.Main.Ch. + Secondary.Effluent.Flow + CODto..mg.L. + NSEC.Effluent.NH3 + NSEC.Effluent.NO3 + NSEC.Effluent.Flow",0.426435297739188,0.350919784957193,"3,2"
"11927","Temp..of.NSEC.Main.Ch. + Secondary.Effluent.Flow + CODto..mg.L. + NSEC.Effluent.NH3 + NSEC.Effluent.OP + NSEC.Effluent.TSS",0.0785979067733877,0.616921927792083,"3,2"
"11928","Temp..of.NSEC.Main.Ch. + Secondary.Effluent.Flow + CODto..mg.L. + NSEC.Effluent.NH3 + NSEC.Effluent.OP + NSEC.Effluent.NO5",0.140055677186013,0.439594713985871,"3,2"
"11929","Temp..of.NSEC.Main.Ch. + Secondary.Effluent.Flow + CODto..mg.L. + NSEC.Effluent.NH3 + NSEC.Effluent.OP + NSEC.Effluent.Flow",0.0336010450856856,0.437432260055343,"3,2"
"11930","Temp..of.NSEC.Main.Ch. + Secondary.Effluent.Flow + CODto..mg.L. + NSEC.Effluent.NH3 + NSEC.Effluent.TSS + NSEC.Effluent.NO5",0.284104162255243,0.640334300255508,"3,2"
"11931","Temp..of.NSEC.Main.Ch. + Secondary.Effluent.Flow + CODto..mg.L. + NSEC.Effluent.NH3 + NSEC.Effluent.TSS + NSEC.Effluent.Flow",0.182982381457241,0.599316816013041,"3,2"
"11932","Temp..of.NSEC.Main.Ch. + Secondary.Effluent.Flow + CODto..mg.L. + NSEC.Effluent.NH3 + NSEC.Effluent.NO5 + NSEC.Effluent.Flow",0.0122104846191264,0.346061172714125,"3,2"
"11933","Temp..of.NSEC.Main.Ch. + Secondary.Effluent.Flow + CODto..mg.L. + NSEC.Effluent.NO3 + NSEC.Effluent.OP + NSEC.Effluent.TSS",0.125552149787721,0.752000705249322,"3,2"
"11934","Temp..of.NSEC.Main.Ch. + Secondary.Effluent.Flow + CODto..mg.L. + NSEC.Effluent.NO3 + NSEC.Effluent.OP + NSEC.Effluent.NO5",0.216536563140703,0.621132541365137,"3,2"
"11935","Temp..of.NSEC.Main.Ch. + Secondary.Effluent.Flow + CODto..mg.L. + NSEC.Effluent.NO3 + NSEC.Effluent.OP + NSEC.Effluent.Flow",0.213042873859499,0.585662782119023,"3,2"
"11936","Temp..of.NSEC.Main.Ch. + Secondary.Effluent.Flow + CODto..mg.L. + NSEC.Effluent.NO3 + NSEC.Effluent.TSS + NSEC.Effluent.NO5",0.048199313464989,0.435133340057393,"3,2"
"11937","Temp..of.NSEC.Main.Ch. + Secondary.Effluent.Flow + CODto..mg.L. + NSEC.Effluent.NO3 + NSEC.Effluent.TSS + NSEC.Effluent.Flow",0.161694532754656,0.624037168158301,"3,2"
"11938","Temp..of.NSEC.Main.Ch. + Secondary.Effluent.Flow + CODto..mg.L. + NSEC.Effluent.NO3 + NSEC.Effluent.NO5 + NSEC.Effluent.Flow",0.0238949236385555,0.272478446157892,"3,2"
"11939","Temp..of.NSEC.Main.Ch. + Secondary.Effluent.Flow + CODto..mg.L. + NSEC.Effluent.OP + NSEC.Effluent.TSS + NSEC.Effluent.NO5",0.0407336386102697,0.686363089936264,"3,2"
"11940","Temp..of.NSEC.Main.Ch. + Secondary.Effluent.Flow + CODto..mg.L. + NSEC.Effluent.OP + NSEC.Effluent.TSS + NSEC.Effluent.Flow",0.153214341280187,0.648458807126377,"3,2"
"11941","Temp..of.NSEC.Main.Ch. + Secondary.Effluent.Flow + CODto..mg.L. + NSEC.Effluent.OP + NSEC.Effluent.NO5 + NSEC.Effluent.Flow",0.00489386612730591,0.564266617660219,"3,2"
"11942","Temp..of.NSEC.Main.Ch. + Secondary.Effluent.Flow + CODto..mg.L. + NSEC.Effluent.TSS + NSEC.Effluent.NO5 + NSEC.Effluent.Flow",0.065521191141483,0.540467183360068,"3,2"
"11943","Temp..of.NSEC.Main.Ch. + Secondary.Effluent.Flow + TSS..mg.L. + UVT.... + CODds..mg.L. + SACto..1.m.",0.068075381623411,0.571562476674238,"3,2"
"11944","Temp..of.NSEC.Main.Ch. + Secondary.Effluent.Flow + TSS..mg.L. + UVT.... + CODds..mg.L. + NSEC.Aerobic.SRT",0.0461050021458971,0.521700348486966,"3,2"
"11945","Temp..of.NSEC.Main.Ch. + Secondary.Effluent.Flow + TSS..mg.L. + UVT.... + CODds..mg.L. + NSEC.Effluent.NH3",0.00492351808930325,0.625295415204578,"3,2"
"11946","Temp..of.NSEC.Main.Ch. + Secondary.Effluent.Flow + TSS..mg.L. + UVT.... + CODds..mg.L. + NSEC.Effluent.NO3",0.0026138201854633,0.616351877712373,"3,2"
"11947","Temp..of.NSEC.Main.Ch. + Secondary.Effluent.Flow + TSS..mg.L. + UVT.... + CODds..mg.L. + NSEC.Effluent.OP",0.124446949511936,0.622159730916055,"3,2"
"11948","Temp..of.NSEC.Main.Ch. + Secondary.Effluent.Flow + TSS..mg.L. + UVT.... + CODds..mg.L. + NSEC.Effluent.TSS",0.189547741463685,0.78226403405816,"3,2"
"11949","Temp..of.NSEC.Main.Ch. + Secondary.Effluent.Flow + TSS..mg.L. + UVT.... + CODds..mg.L. + NSEC.Effluent.NO5",0.13593815217201,0.63064210720012,"3,2"
"11950","Temp..of.NSEC.Main.Ch. + Secondary.Effluent.Flow + TSS..mg.L. + UVT.... + CODds..mg.L. + NSEC.Effluent.Flow",0.0202468025731113,0.5747674713378,"3,2"
"11951","Temp..of.NSEC.Main.Ch. + Secondary.Effluent.Flow + TSS..mg.L. + UVT.... + SACto..1.m. + NSEC.Aerobic.SRT",0.188067585181507,0.748321988933825,"3,2"
"11952","Temp..of.NSEC.Main.Ch. + Secondary.Effluent.Flow + TSS..mg.L. + UVT.... + SACto..1.m. + NSEC.Effluent.NH3",0.0968031156540765,0.56607177346407,"3,2"
"11953","Temp..of.NSEC.Main.Ch. + Secondary.Effluent.Flow + TSS..mg.L. + UVT.... + SACto..1.m. + NSEC.Effluent.NO3",0.0708405793100004,0.608359480192208,"3,2"
"11954","Temp..of.NSEC.Main.Ch. + Secondary.Effluent.Flow + TSS..mg.L. + UVT.... + SACto..1.m. + NSEC.Effluent.OP",0.0274319934391491,0.66507629825365,"3,2"
"11955","Temp..of.NSEC.Main.Ch. + Secondary.Effluent.Flow + TSS..mg.L. + UVT.... + SACto..1.m. + NSEC.Effluent.TSS",0.0119170709627969,0.700583248746817,"3,2"
"11956","Temp..of.NSEC.Main.Ch. + Secondary.Effluent.Flow + TSS..mg.L. + UVT.... + SACto..1.m. + NSEC.Effluent.NO5",0.123054888067234,0.704487272290051,"3,2"
"11957","Temp..of.NSEC.Main.Ch. + Secondary.Effluent.Flow + TSS..mg.L. + UVT.... + SACto..1.m. + NSEC.Effluent.Flow",0.0114583246062572,0.593976053787225,"3,2"
"11958","Temp..of.NSEC.Main.Ch. + Secondary.Effluent.Flow + TSS..mg.L. + UVT.... + NSEC.Aerobic.SRT + NSEC.Effluent.NH3",0.115075473193693,0.688098109106312,"3,2"
"11959","Temp..of.NSEC.Main.Ch. + Secondary.Effluent.Flow + TSS..mg.L. + UVT.... + NSEC.Aerobic.SRT + NSEC.Effluent.NO3",0.15532060409806,0.820660380454587,"3,2"
"11960","Temp..of.NSEC.Main.Ch. + Secondary.Effluent.Flow + TSS..mg.L. + UVT.... + NSEC.Aerobic.SRT + NSEC.Effluent.OP",0.0922266283949145,0.746224921058594,"3,2"
"11961","Temp..of.NSEC.Main.Ch. + Secondary.Effluent.Flow + TSS..mg.L. + UVT.... + NSEC.Aerobic.SRT + NSEC.Effluent.TSS",0.110938492648905,0.694545524936685,"3,2"
"11962","Temp..of.NSEC.Main.Ch. + Secondary.Effluent.Flow + TSS..mg.L. + UVT.... + NSEC.Aerobic.SRT + NSEC.Effluent.NO5",0.0490837793222516,0.773222591006125,"3,2"
"11963","Temp..of.NSEC.Main.Ch. + Secondary.Effluent.Flow + TSS..mg.L. + UVT.... + NSEC.Aerobic.SRT + NSEC.Effluent.Flow",0.253318965113713,0.792848501295439,"3,2"
"11964","Temp..of.NSEC.Main.Ch. + Secondary.Effluent.Flow + TSS..mg.L. + UVT.... + NSEC.Effluent.NH3 + NSEC.Effluent.NO3",0.193254519335424,0.0725266188125606,"3,2"
"11965","Temp..of.NSEC.Main.Ch. + Secondary.Effluent.Flow + TSS..mg.L. + UVT.... + NSEC.Effluent.NH3 + NSEC.Effluent.OP",0.102867373887288,0.646773491111795,"3,2"
"11966","Temp..of.NSEC.Main.Ch. + Secondary.Effluent.Flow + TSS..mg.L. + UVT.... + NSEC.Effluent.NH3 + NSEC.Effluent.TSS",0.11446604009665,0.67324812266282,"3,2"
"11967","Temp..of.NSEC.Main.Ch. + Secondary.Effluent.Flow + TSS..mg.L. + UVT.... + NSEC.Effluent.NH3 + NSEC.Effluent.NO5",0.1289337696868,0.606903674112948,"3,2"
"11968","Temp..of.NSEC.Main.Ch. + Secondary.Effluent.Flow + TSS..mg.L. + UVT.... + NSEC.Effluent.NH3 + NSEC.Effluent.Flow",0.0338040442029701,0.532750363411335,"3,2"
"11969","Temp..of.NSEC.Main.Ch. + Secondary.Effluent.Flow + TSS..mg.L. + UVT.... + NSEC.Effluent.NO3 + NSEC.Effluent.OP",0.0992101847188549,0.708753101897982,"3,2"
"11970","Temp..of.NSEC.Main.Ch. + Secondary.Effluent.Flow + TSS..mg.L. + UVT.... + NSEC.Effluent.NO3 + NSEC.Effluent.TSS",0.104455545959605,0.672684133183495,"3,2"
"11971","Temp..of.NSEC.Main.Ch. + Secondary.Effluent.Flow + TSS..mg.L. + UVT.... + NSEC.Effluent.NO3 + NSEC.Effluent.NO5",0.122737639596852,0.582076632776819,"3,2"
"11972","Temp..of.NSEC.Main.Ch. + Secondary.Effluent.Flow + TSS..mg.L. + UVT.... + NSEC.Effluent.NO3 + NSEC.Effluent.Flow",0.10387949321584,0.629286709529989,"3,2"
"11973","Temp..of.NSEC.Main.Ch. + Secondary.Effluent.Flow + TSS..mg.L. + UVT.... + NSEC.Effluent.OP + NSEC.Effluent.TSS",0.0897108118527448,0.793706716345933,"3,2"
"11974","Temp..of.NSEC.Main.Ch. + Secondary.Effluent.Flow + TSS..mg.L. + UVT.... + NSEC.Effluent.OP + NSEC.Effluent.NO5",0.216280995482003,0.670569858366775,"3,2"
"11975","Temp..of.NSEC.Main.Ch. + Secondary.Effluent.Flow + TSS..mg.L. + UVT.... + NSEC.Effluent.OP + NSEC.Effluent.Flow",0.107203141648633,0.702696399800417,"3,2"
"11976","Temp..of.NSEC.Main.Ch. + Secondary.Effluent.Flow + TSS..mg.L. + UVT.... + NSEC.Effluent.TSS + NSEC.Effluent.NO5",0.148408146918121,0.742923683073954,"3,2"
"11977","Temp..of.NSEC.Main.Ch. + Secondary.Effluent.Flow + TSS..mg.L. + UVT.... + NSEC.Effluent.TSS + NSEC.Effluent.Flow",0.138237098566201,0.702888136190364,"3,2"
"11978","Temp..of.NSEC.Main.Ch. + Secondary.Effluent.Flow + TSS..mg.L. + UVT.... + NSEC.Effluent.NO5 + NSEC.Effluent.Flow",0.181210311215388,0.614480257631208,"3,2"
"11979","Temp..of.NSEC.Main.Ch. + Secondary.Effluent.Flow + TSS..mg.L. + CODds..mg.L. + SACto..1.m. + NSEC.Aerobic.SRT",0.108618499424896,0.794664012349927,"3,2"
"11980","Temp..of.NSEC.Main.Ch. + Secondary.Effluent.Flow + TSS..mg.L. + CODds..mg.L. + SACto..1.m. + NSEC.Effluent.NH3",0.143507207499834,0.541066126123335,"3,2"
"11981","Temp..of.NSEC.Main.Ch. + Secondary.Effluent.Flow + TSS..mg.L. + CODds..mg.L. + SACto..1.m. + NSEC.Effluent.NO3",0.104399007231876,0.617761764639009,"3,2"
"11982","Temp..of.NSEC.Main.Ch. + Secondary.Effluent.Flow + TSS..mg.L. + CODds..mg.L. + SACto..1.m. + NSEC.Effluent.OP",0.100553134544481,0.635463140249965,"3,2"
"11983","Temp..of.NSEC.Main.Ch. + Secondary.Effluent.Flow + TSS..mg.L. + CODds..mg.L. + SACto..1.m. + NSEC.Effluent.TSS",0.0766257740650076,0.797692738357217,"3,2"
"11984","Temp..of.NSEC.Main.Ch. + Secondary.Effluent.Flow + TSS..mg.L. + CODds..mg.L. + SACto..1.m. + NSEC.Effluent.NO5",0.0931774397874823,0.508458714887607,"3,2"
"11985","Temp..of.NSEC.Main.Ch. + Secondary.Effluent.Flow + TSS..mg.L. + CODds..mg.L. + SACto..1.m. + NSEC.Effluent.Flow",0.0953046022146049,0.61001063566745,"3,2"
"11986","Temp..of.NSEC.Main.Ch. + Secondary.Effluent.Flow + TSS..mg.L. + CODds..mg.L. + NSEC.Aerobic.SRT + NSEC.Effluent.NH3",0.0336122441727,0.771564035874209,"3,2"
"11987","Temp..of.NSEC.Main.Ch. + Secondary.Effluent.Flow + TSS..mg.L. + CODds..mg.L. + NSEC.Aerobic.SRT + NSEC.Effluent.NO3",0.161377615302081,0.773139813055723,"3,2"
"11988","Temp..of.NSEC.Main.Ch. + Secondary.Effluent.Flow + TSS..mg.L. + CODds..mg.L. + NSEC.Aerobic.SRT + NSEC.Effluent.OP",0.0564228985405877,0.751237629102391,"3,2"
"11989","Temp..of.NSEC.Main.Ch. + Secondary.Effluent.Flow + TSS..mg.L. + CODds..mg.L. + NSEC.Aerobic.SRT + NSEC.Effluent.TSS",0.0702037053692826,0.560516493685231,"3,2"
"11990","Temp..of.NSEC.Main.Ch. + Secondary.Effluent.Flow + TSS..mg.L. + CODds..mg.L. + NSEC.Aerobic.SRT + NSEC.Effluent.NO5",0.0415870007468062,0.538019204320858,"3,2"
"11991","Temp..of.NSEC.Main.Ch. + Secondary.Effluent.Flow + TSS..mg.L. + CODds..mg.L. + NSEC.Aerobic.SRT + NSEC.Effluent.Flow",0.0782879010688828,0.833882204262539,"3,2"
"11992","Temp..of.NSEC.Main.Ch. + Secondary.Effluent.Flow + TSS..mg.L. + CODds..mg.L. + NSEC.Effluent.NH3 + NSEC.Effluent.NO3",0.12436817117009,0.496451318921066,"3,2"
"11993","Temp..of.NSEC.Main.Ch. + Secondary.Effluent.Flow + TSS..mg.L. + CODds..mg.L. + NSEC.Effluent.NH3 + NSEC.Effluent.OP",0.0966612593669094,0.516943930084599,"3,2"
"11994","Temp..of.NSEC.Main.Ch. + Secondary.Effluent.Flow + TSS..mg.L. + CODds..mg.L. + NSEC.Effluent.NH3 + NSEC.Effluent.TSS",0.0342050076428801,0.65659558143439,"3,2"
"11995","Temp..of.NSEC.Main.Ch. + Secondary.Effluent.Flow + TSS..mg.L. + CODds..mg.L. + NSEC.Effluent.NH3 + NSEC.Effluent.NO5",0.180194641837754,0.5160226621079,"3,2"
"11996","Temp..of.NSEC.Main.Ch. + Secondary.Effluent.Flow + TSS..mg.L. + CODds..mg.L. + NSEC.Effluent.NH3 + NSEC.Effluent.Flow",0.025438554056314,0.47167942171316,"3,2"
"11997","Temp..of.NSEC.Main.Ch. + Secondary.Effluent.Flow + TSS..mg.L. + CODds..mg.L. + NSEC.Effluent.NO3 + NSEC.Effluent.OP",0.120528882360367,0.543169472677336,"3,2"
"11998","Temp..of.NSEC.Main.Ch. + Secondary.Effluent.Flow + TSS..mg.L. + CODds..mg.L. + NSEC.Effluent.NO3 + NSEC.Effluent.TSS",0.0641464223807131,0.635228845344501,"3,2"
"11999","Temp..of.NSEC.Main.Ch. + Secondary.Effluent.Flow + TSS..mg.L. + CODds..mg.L. + NSEC.Effluent.NO3 + NSEC.Effluent.NO5",0.1127542784649,0.520592912036086,"3,2"
"12000","Temp..of.NSEC.Main.Ch. + Secondary.Effluent.Flow + TSS..mg.L. + CODds..mg.L. + NSEC.Effluent.NO3 + NSEC.Effluent.Flow",0.154535795839397,0.583134338225279,"3,2"
"12001","Temp..of.NSEC.Main.Ch. + Secondary.Effluent.Flow + TSS..mg.L. + CODds..mg.L. + NSEC.Effluent.OP + NSEC.Effluent.TSS",0.1156246669416,0.644936135560879,"3,2"
"12002","Temp..of.NSEC.Main.Ch. + Secondary.Effluent.Flow + TSS..mg.L. + CODds..mg.L. + NSEC.Effluent.OP + NSEC.Effluent.NO5",0.155465643212611,0.557048235578776,"3,2"
"12003","Temp..of.NSEC.Main.Ch. + Secondary.Effluent.Flow + TSS..mg.L. + CODds..mg.L. + NSEC.Effluent.OP + NSEC.Effluent.Flow",0.0844284278546743,0.61653470518033,"3,2"
"12004","Temp..of.NSEC.Main.Ch. + Secondary.Effluent.Flow + TSS..mg.L. + CODds..mg.L. + NSEC.Effluent.TSS + NSEC.Effluent.NO5",0.212733880574783,0.65328087043705,"3,2"
"12005","Temp..of.NSEC.Main.Ch. + Secondary.Effluent.Flow + TSS..mg.L. + CODds..mg.L. + NSEC.Effluent.TSS + NSEC.Effluent.Flow",0.145392931726188,0.588382148869356,"3,2"
"12006","Temp..of.NSEC.Main.Ch. + Secondary.Effluent.Flow + TSS..mg.L. + CODds..mg.L. + NSEC.Effluent.NO5 + NSEC.Effluent.Flow",0.0657956148903409,0.52169042881841,"3,2"
"12007","Temp..of.NSEC.Main.Ch. + Secondary.Effluent.Flow + TSS..mg.L. + SACto..1.m. + NSEC.Aerobic.SRT + NSEC.Effluent.NH3",0.0888144893606644,0.63170586067417,"3,2"
"12008","Temp..of.NSEC.Main.Ch. + Secondary.Effluent.Flow + TSS..mg.L. + SACto..1.m. + NSEC.Aerobic.SRT + NSEC.Effluent.NO3",0.0591329591832364,0.825203522640657,"3,2"
"12009","Temp..of.NSEC.Main.Ch. + Secondary.Effluent.Flow + TSS..mg.L. + SACto..1.m. + NSEC.Aerobic.SRT + NSEC.Effluent.OP",0.17339210240644,0.771050304797911,"3,2"
"12010","Temp..of.NSEC.Main.Ch. + Secondary.Effluent.Flow + TSS..mg.L. + SACto..1.m. + NSEC.Aerobic.SRT + NSEC.Effluent.TSS",0.0651555717987469,0.827674536342904,"3,2"
"12011","Temp..of.NSEC.Main.Ch. + Secondary.Effluent.Flow + TSS..mg.L. + SACto..1.m. + NSEC.Aerobic.SRT + NSEC.Effluent.NO5",0.0961080257886584,0.636476351027612,"3,2"
"12012","Temp..of.NSEC.Main.Ch. + Secondary.Effluent.Flow + TSS..mg.L. + SACto..1.m. + NSEC.Aerobic.SRT + NSEC.Effluent.Flow",0.113065986743141,0.647265321786652,"3,2"
"12013","Temp..of.NSEC.Main.Ch. + Secondary.Effluent.Flow + TSS..mg.L. + SACto..1.m. + NSEC.Effluent.NH3 + NSEC.Effluent.NO3",0.0742575686558322,0.55682496636663,"3,2"
"12014","Temp..of.NSEC.Main.Ch. + Secondary.Effluent.Flow + TSS..mg.L. + SACto..1.m. + NSEC.Effluent.NH3 + NSEC.Effluent.OP",0.140076938244041,0.634572428003521,"3,2"
"12015","Temp..of.NSEC.Main.Ch. + Secondary.Effluent.Flow + TSS..mg.L. + SACto..1.m. + NSEC.Effluent.NH3 + NSEC.Effluent.TSS",0.0871168962909099,0.75175092062824,"3,2"
"12016","Temp..of.NSEC.Main.Ch. + Secondary.Effluent.Flow + TSS..mg.L. + SACto..1.m. + NSEC.Effluent.NH3 + NSEC.Effluent.NO5",0.20103826953642,0.567085478840769,"3,2"
"12017","Temp..of.NSEC.Main.Ch. + Secondary.Effluent.Flow + TSS..mg.L. + SACto..1.m. + NSEC.Effluent.NH3 + NSEC.Effluent.Flow",0.176192495889409,0.644501952569442,"3,2"
"12018","Temp..of.NSEC.Main.Ch. + Secondary.Effluent.Flow + TSS..mg.L. + SACto..1.m. + NSEC.Effluent.NO3 + NSEC.Effluent.OP",0.209263785504137,0.652817994036959,"3,2"
"12019","Temp..of.NSEC.Main.Ch. + Secondary.Effluent.Flow + TSS..mg.L. + SACto..1.m. + NSEC.Effluent.NO3 + NSEC.Effluent.TSS",0.0474317282488552,0.690458843126965,"3,2"
"12020","Temp..of.NSEC.Main.Ch. + Secondary.Effluent.Flow + TSS..mg.L. + SACto..1.m. + NSEC.Effluent.NO3 + NSEC.Effluent.NO5",0.0472646316624443,0.577719591662891,"3,2"
"12021","Temp..of.NSEC.Main.Ch. + Secondary.Effluent.Flow + TSS..mg.L. + SACto..1.m. + NSEC.Effluent.NO3 + NSEC.Effluent.Flow",0.0566474801089343,0.707099643567722,"3,2"
"12022","Temp..of.NSEC.Main.Ch. + Secondary.Effluent.Flow + TSS..mg.L. + SACto..1.m. + NSEC.Effluent.OP + NSEC.Effluent.TSS",0.199190239780586,0.766568839550077,"3,2"
"12023","Temp..of.NSEC.Main.Ch. + Secondary.Effluent.Flow + TSS..mg.L. + SACto..1.m. + NSEC.Effluent.OP + NSEC.Effluent.NO5",0.225677073385429,0.69806711837781,"3,2"
"12024","Temp..of.NSEC.Main.Ch. + Secondary.Effluent.Flow + TSS..mg.L. + SACto..1.m. + NSEC.Effluent.OP + NSEC.Effluent.Flow",0.221489031489077,0.669418187589661,"3,2"
"12025","Temp..of.NSEC.Main.Ch. + Secondary.Effluent.Flow + TSS..mg.L. + SACto..1.m. + NSEC.Effluent.TSS + NSEC.Effluent.NO5",0.375516243185734,0.747752268354435,"3,2"
"12026","Temp..of.NSEC.Main.Ch. + Secondary.Effluent.Flow + TSS..mg.L. + SACto..1.m. + NSEC.Effluent.TSS + NSEC.Effluent.Flow",0.198077503948216,0.688252458619001,"3,2"
"12027","Temp..of.NSEC.Main.Ch. + Secondary.Effluent.Flow + TSS..mg.L. + SACto..1.m. + NSEC.Effluent.NO5 + NSEC.Effluent.Flow",0.116671659396111,0.533889642339645,"3,2"
"12028","Temp..of.NSEC.Main.Ch. + Secondary.Effluent.Flow + TSS..mg.L. + NSEC.Aerobic.SRT + NSEC.Effluent.NH3 + NSEC.Effluent.NO3",0.230298661207344,0.696660233724304,"3,2"
"12029","Temp..of.NSEC.Main.Ch. + Secondary.Effluent.Flow + TSS..mg.L. + NSEC.Aerobic.SRT + NSEC.Effluent.NH3 + NSEC.Effluent.OP",0.0514939346811296,0.755699093814597,"3,2"
"12030","Temp..of.NSEC.Main.Ch. + Secondary.Effluent.Flow + TSS..mg.L. + NSEC.Aerobic.SRT + NSEC.Effluent.NH3 + NSEC.Effluent.TSS",0.0438724373256658,0.751659116800609,"3,2"
"12031","Temp..of.NSEC.Main.Ch. + Secondary.Effluent.Flow + TSS..mg.L. + NSEC.Aerobic.SRT + NSEC.Effluent.NH3 + NSEC.Effluent.NO5",0.0121885613665933,0.484798282996671,"3,2"
"12032","Temp..of.NSEC.Main.Ch. + Secondary.Effluent.Flow + TSS..mg.L. + NSEC.Aerobic.SRT + NSEC.Effluent.NH3 + NSEC.Effluent.Flow",0.307926855796331,0.740907824872108,"3,2"
"12033","Temp..of.NSEC.Main.Ch. + Secondary.Effluent.Flow + TSS..mg.L. + NSEC.Aerobic.SRT + NSEC.Effluent.NO3 + NSEC.Effluent.OP",0.0839830899742067,0.761181115939925,"3,2"
"12034","Temp..of.NSEC.Main.Ch. + Secondary.Effluent.Flow + TSS..mg.L. + NSEC.Aerobic.SRT + NSEC.Effluent.NO3 + NSEC.Effluent.TSS",0.262635247895806,0.766040707924214,"3,2"
"12035","Temp..of.NSEC.Main.Ch. + Secondary.Effluent.Flow + TSS..mg.L. + NSEC.Aerobic.SRT + NSEC.Effluent.NO3 + NSEC.Effluent.NO5",0.17029969557219,0.766351133364098,"3,2"
"12036","Temp..of.NSEC.Main.Ch. + Secondary.Effluent.Flow + TSS..mg.L. + NSEC.Aerobic.SRT + NSEC.Effluent.NO3 + NSEC.Effluent.Flow",0.0236777600239504,0.436499351894427,"3,2"
"12037","Temp..of.NSEC.Main.Ch. + Secondary.Effluent.Flow + TSS..mg.L. + NSEC.Aerobic.SRT + NSEC.Effluent.OP + NSEC.Effluent.TSS",0.0830009550310209,0.754098046264932,"3,2"
"12038","Temp..of.NSEC.Main.Ch. + Secondary.Effluent.Flow + TSS..mg.L. + NSEC.Aerobic.SRT + NSEC.Effluent.OP + NSEC.Effluent.NO5",0.208609790753195,0.758995108442566,"3,2"
"12039","Temp..of.NSEC.Main.Ch. + Secondary.Effluent.Flow + TSS..mg.L. + NSEC.Aerobic.SRT + NSEC.Effluent.OP + NSEC.Effluent.Flow",0.0699831841093816,0.623742760692269,"3,2"
"12040","Temp..of.NSEC.Main.Ch. + Secondary.Effluent.Flow + TSS..mg.L. + NSEC.Aerobic.SRT + NSEC.Effluent.TSS + NSEC.Effluent.NO5",0.000211026318020169,0.477245704657307,"3,2"
"12041","Temp..of.NSEC.Main.Ch. + Secondary.Effluent.Flow + TSS..mg.L. + NSEC.Aerobic.SRT + NSEC.Effluent.TSS + NSEC.Effluent.Flow",0.193322287425797,0.00951317314274207,"3,2"
"12042","Temp..of.NSEC.Main.Ch. + Secondary.Effluent.Flow + TSS..mg.L. + NSEC.Aerobic.SRT + NSEC.Effluent.NO5 + NSEC.Effluent.Flow",0.0257123184719803,0.420122630100029,"3,2"
"12043","Temp..of.NSEC.Main.Ch. + Secondary.Effluent.Flow + TSS..mg.L. + NSEC.Effluent.NH3 + NSEC.Effluent.NO3 + NSEC.Effluent.OP",0.0223316151425377,0.61475314464315,"3,2"
"12044","Temp..of.NSEC.Main.Ch. + Secondary.Effluent.Flow + TSS..mg.L. + NSEC.Effluent.NH3 + NSEC.Effluent.NO3 + NSEC.Effluent.TSS",0.0463020883298373,0.656780518054573,"3,2"
"12045","Temp..of.NSEC.Main.Ch. + Secondary.Effluent.Flow + TSS..mg.L. + NSEC.Effluent.NH3 + NSEC.Effluent.NO3 + NSEC.Effluent.NO5",0.0369287007670489,0.4123631169038,"3,2"
"12046","Temp..of.NSEC.Main.Ch. + Secondary.Effluent.Flow + TSS..mg.L. + NSEC.Effluent.NH3 + NSEC.Effluent.NO3 + NSEC.Effluent.Flow",0.00922202936950733,0.389569638541553,"3,2"
"12047","Temp..of.NSEC.Main.Ch. + Secondary.Effluent.Flow + TSS..mg.L. + NSEC.Effluent.NH3 + NSEC.Effluent.OP + NSEC.Effluent.TSS",0.228876073848295,0.65159044826672,"3,2"
"12048","Temp..of.NSEC.Main.Ch. + Secondary.Effluent.Flow + TSS..mg.L. + NSEC.Effluent.NH3 + NSEC.Effluent.OP + NSEC.Effluent.NO5",0.0159956644123147,0.517238520698474,"3,2"
"12049","Temp..of.NSEC.Main.Ch. + Secondary.Effluent.Flow + TSS..mg.L. + NSEC.Effluent.NH3 + NSEC.Effluent.OP + NSEC.Effluent.Flow",0.0420453436115669,0.504807371609816,"3,2"
"12050","Temp..of.NSEC.Main.Ch. + Secondary.Effluent.Flow + TSS..mg.L. + NSEC.Effluent.NH3 + NSEC.Effluent.TSS + NSEC.Effluent.NO5",0.31116601483758,0.489407029061917,"3,2"
"12051","Temp..of.NSEC.Main.Ch. + Secondary.Effluent.Flow + TSS..mg.L. + NSEC.Effluent.NH3 + NSEC.Effluent.TSS + NSEC.Effluent.Flow",0.0287884184175777,0.468902424935854,"3,2"
"12052","Temp..of.NSEC.Main.Ch. + Secondary.Effluent.Flow + TSS..mg.L. + NSEC.Effluent.NH3 + NSEC.Effluent.NO5 + NSEC.Effluent.Flow",0.0054360530960933,0.300412639679364,"3,2"
"12053","Temp..of.NSEC.Main.Ch. + Secondary.Effluent.Flow + TSS..mg.L. + NSEC.Effluent.NO3 + NSEC.Effluent.OP + NSEC.Effluent.TSS",0.193778071554067,0.643839545865998,"3,2"
"12054","Temp..of.NSEC.Main.Ch. + Secondary.Effluent.Flow + TSS..mg.L. + NSEC.Effluent.NO3 + NSEC.Effluent.OP + NSEC.Effluent.NO5",0.111006852646873,0.482251902745905,"3,2"
"12055","Temp..of.NSEC.Main.Ch. + Secondary.Effluent.Flow + TSS..mg.L. + NSEC.Effluent.NO3 + NSEC.Effluent.OP + NSEC.Effluent.Flow",0.138597133538567,0.450178924844695,"3,2"
"12056","Temp..of.NSEC.Main.Ch. + Secondary.Effluent.Flow + TSS..mg.L. + NSEC.Effluent.NO3 + NSEC.Effluent.TSS + NSEC.Effluent.NO5",0.0292428975114283,0.454276694218396,"3,2"
"12057","Temp..of.NSEC.Main.Ch. + Secondary.Effluent.Flow + TSS..mg.L. + NSEC.Effluent.NO3 + NSEC.Effluent.TSS + NSEC.Effluent.Flow",0.178773895157542,0.566184739118082,"3,2"
"12058","Temp..of.NSEC.Main.Ch. + Secondary.Effluent.Flow + TSS..mg.L. + NSEC.Effluent.NO3 + NSEC.Effluent.NO5 + NSEC.Effluent.Flow",0.124703224932988,0.297629605368438,"3,2"
"12059","Temp..of.NSEC.Main.Ch. + Secondary.Effluent.Flow + TSS..mg.L. + NSEC.Effluent.OP + NSEC.Effluent.TSS + NSEC.Effluent.NO5",0.184457739413878,0.603732072543751,"3,2"
"12060","Temp..of.NSEC.Main.Ch. + Secondary.Effluent.Flow + TSS..mg.L. + NSEC.Effluent.OP + NSEC.Effluent.TSS + NSEC.Effluent.Flow",0.223422966807559,0.656194966037301,"3,2"
"12061","Temp..of.NSEC.Main.Ch. + Secondary.Effluent.Flow + TSS..mg.L. + NSEC.Effluent.OP + NSEC.Effluent.NO5 + NSEC.Effluent.Flow",0.0799703240480705,0.414043866256263,"3,2"
"12062","Temp..of.NSEC.Main.Ch. + Secondary.Effluent.Flow + TSS..mg.L. + NSEC.Effluent.TSS + NSEC.Effluent.NO5 + NSEC.Effluent.Flow",0.0296826962707391,0.615663601231465,"3,2"
"12063","Temp..of.NSEC.Main.Ch. + Secondary.Effluent.Flow + UVT.... + CODds..mg.L. + SACto..1.m. + NSEC.Aerobic.SRT",0.0788981756588041,0.748125662131915,"3,2"
"12064","Temp..of.NSEC.Main.Ch. + Secondary.Effluent.Flow + UVT.... + CODds..mg.L. + SACto..1.m. + NSEC.Effluent.NH3",0.241487316417873,0.579523400443571,"3,2"
"12065","Temp..of.NSEC.Main.Ch. + Secondary.Effluent.Flow + UVT.... + CODds..mg.L. + SACto..1.m. + NSEC.Effluent.NO3",0.144339905519517,0.604621289776832,"3,2"
"12066","Temp..of.NSEC.Main.Ch. + Secondary.Effluent.Flow + UVT.... + CODds..mg.L. + SACto..1.m. + NSEC.Effluent.OP",0.203329102376146,0.553401036869982,"3,2"
"12067","Temp..of.NSEC.Main.Ch. + Secondary.Effluent.Flow + UVT.... + CODds..mg.L. + SACto..1.m. + NSEC.Effluent.TSS",0.121569147275268,0.665218727592661,"3,2"
"12068","Temp..of.NSEC.Main.Ch. + Secondary.Effluent.Flow + UVT.... + CODds..mg.L. + SACto..1.m. + NSEC.Effluent.NO5",0.0782440310163559,0.511836290564791,"3,2"
"12069","Temp..of.NSEC.Main.Ch. + Secondary.Effluent.Flow + UVT.... + CODds..mg.L. + SACto..1.m. + NSEC.Effluent.Flow",0.150214741679116,0.529486542464055,"3,2"
"12070","Temp..of.NSEC.Main.Ch. + Secondary.Effluent.Flow + UVT.... + CODds..mg.L. + NSEC.Aerobic.SRT + NSEC.Effluent.NH3",0.149567721009833,0.752724460202213,"3,2"
"12071","Temp..of.NSEC.Main.Ch. + Secondary.Effluent.Flow + UVT.... + CODds..mg.L. + NSEC.Aerobic.SRT + NSEC.Effluent.NO3",0.2020338350439,0.774577623744352,"3,2"
"12072","Temp..of.NSEC.Main.Ch. + Secondary.Effluent.Flow + UVT.... + CODds..mg.L. + NSEC.Aerobic.SRT + NSEC.Effluent.OP",0.0974427701831337,0.746814913711421,"3,2"
"12073","Temp..of.NSEC.Main.Ch. + Secondary.Effluent.Flow + UVT.... + CODds..mg.L. + NSEC.Aerobic.SRT + NSEC.Effluent.TSS",0.0391462211413049,0.802255664131075,"3,2"
"12074","Temp..of.NSEC.Main.Ch. + Secondary.Effluent.Flow + UVT.... + CODds..mg.L. + NSEC.Aerobic.SRT + NSEC.Effluent.NO5",0.0662414744966635,0.809668548661053,"3,2"
"12075","Temp..of.NSEC.Main.Ch. + Secondary.Effluent.Flow + UVT.... + CODds..mg.L. + NSEC.Aerobic.SRT + NSEC.Effluent.Flow",0.0408815332248209,0.788516129112678,"3,2"
"12076","Temp..of.NSEC.Main.Ch. + Secondary.Effluent.Flow + UVT.... + CODds..mg.L. + NSEC.Effluent.NH3 + NSEC.Effluent.NO3",0.147979076171539,0.627233539899874,"3,2"
"12077","Temp..of.NSEC.Main.Ch. + Secondary.Effluent.Flow + UVT.... + CODds..mg.L. + NSEC.Effluent.NH3 + NSEC.Effluent.OP",0.103942722105456,0.513480122430531,"3,2"
"12078","Temp..of.NSEC.Main.Ch. + Secondary.Effluent.Flow + UVT.... + CODds..mg.L. + NSEC.Effluent.NH3 + NSEC.Effluent.TSS",0.0166330115400246,0.732937428236478,"3,2"
"12079","Temp..of.NSEC.Main.Ch. + Secondary.Effluent.Flow + UVT.... + CODds..mg.L. + NSEC.Effluent.NH3 + NSEC.Effluent.NO5",0.14913059796454,0.526703520730602,"3,2"
"12080","Temp..of.NSEC.Main.Ch. + Secondary.Effluent.Flow + UVT.... + CODds..mg.L. + NSEC.Effluent.NH3 + NSEC.Effluent.Flow",0.0455927330925179,0.571573142619831,"3,2"
"12081","Temp..of.NSEC.Main.Ch. + Secondary.Effluent.Flow + UVT.... + CODds..mg.L. + NSEC.Effluent.NO3 + NSEC.Effluent.OP",0.0153196021414992,0.62451180547782,"3,2"
"12082","Temp..of.NSEC.Main.Ch. + Secondary.Effluent.Flow + UVT.... + CODds..mg.L. + NSEC.Effluent.NO3 + NSEC.Effluent.TSS",0.0671684033065927,0.690752720940154,"3,2"
"12083","Temp..of.NSEC.Main.Ch. + Secondary.Effluent.Flow + UVT.... + CODds..mg.L. + NSEC.Effluent.NO3 + NSEC.Effluent.NO5",0.0819391098348801,0.541046174492166,"3,2"
"12084","Temp..of.NSEC.Main.Ch. + Secondary.Effluent.Flow + UVT.... + CODds..mg.L. + NSEC.Effluent.NO3 + NSEC.Effluent.Flow",0.141757044753726,0.601992012225334,"3,2"
"12085","Temp..of.NSEC.Main.Ch. + Secondary.Effluent.Flow + UVT.... + CODds..mg.L. + NSEC.Effluent.OP + NSEC.Effluent.TSS",0.297231787831236,0.79693677961086,"3,2"
"12086","Temp..of.NSEC.Main.Ch. + Secondary.Effluent.Flow + UVT.... + CODds..mg.L. + NSEC.Effluent.OP + NSEC.Effluent.NO5",0.181998874526706,0.639560354405929,"3,2"
"12087","Temp..of.NSEC.Main.Ch. + Secondary.Effluent.Flow + UVT.... + CODds..mg.L. + NSEC.Effluent.OP + NSEC.Effluent.Flow",0.20974236395069,0.577383321719382,"3,2"
"12088","Temp..of.NSEC.Main.Ch. + Secondary.Effluent.Flow + UVT.... + CODds..mg.L. + NSEC.Effluent.TSS + NSEC.Effluent.NO5",0.0507462143086368,0.762940694570936,"3,2"
"12089","Temp..of.NSEC.Main.Ch. + Secondary.Effluent.Flow + UVT.... + CODds..mg.L. + NSEC.Effluent.TSS + NSEC.Effluent.Flow",0.0914562748175158,0.745812232518059,"3,2"
"12090","Temp..of.NSEC.Main.Ch. + Secondary.Effluent.Flow + UVT.... + CODds..mg.L. + NSEC.Effluent.NO5 + NSEC.Effluent.Flow",0.0654152004881952,0.506226277378738,"3,2"
"12091","Temp..of.NSEC.Main.Ch. + Secondary.Effluent.Flow + UVT.... + SACto..1.m. + NSEC.Aerobic.SRT + NSEC.Effluent.NH3",0.0376665856220813,0.759101551058748,"3,2"
"12092","Temp..of.NSEC.Main.Ch. + Secondary.Effluent.Flow + UVT.... + SACto..1.m. + NSEC.Aerobic.SRT + NSEC.Effluent.NO3",0.117008056124439,0.782569338102347,"3,2"
"12093","Temp..of.NSEC.Main.Ch. + Secondary.Effluent.Flow + UVT.... + SACto..1.m. + NSEC.Aerobic.SRT + NSEC.Effluent.OP",0.0291772370954586,0.660805378769224,"3,2"
"12094","Temp..of.NSEC.Main.Ch. + Secondary.Effluent.Flow + UVT.... + SACto..1.m. + NSEC.Aerobic.SRT + NSEC.Effluent.TSS",0.0771826487456475,0.547462581730697,"3,2"
"12095","Temp..of.NSEC.Main.Ch. + Secondary.Effluent.Flow + UVT.... + SACto..1.m. + NSEC.Aerobic.SRT + NSEC.Effluent.NO5",0.123884824146953,0.674706399435279,"3,2"
"12096","Temp..of.NSEC.Main.Ch. + Secondary.Effluent.Flow + UVT.... + SACto..1.m. + NSEC.Aerobic.SRT + NSEC.Effluent.Flow",0.15512154501112,0.706292629660639,"3,2"
"12097","Temp..of.NSEC.Main.Ch. + Secondary.Effluent.Flow + UVT.... + SACto..1.m. + NSEC.Effluent.NH3 + NSEC.Effluent.NO3",0.0245140793469156,0.553675170835833,"3,2"
"12098","Temp..of.NSEC.Main.Ch. + Secondary.Effluent.Flow + UVT.... + SACto..1.m. + NSEC.Effluent.NH3 + NSEC.Effluent.OP",0.0519217117231467,0.499469960166834,"3,2"
"12099","Temp..of.NSEC.Main.Ch. + Secondary.Effluent.Flow + UVT.... + SACto..1.m. + NSEC.Effluent.NH3 + NSEC.Effluent.TSS",0.0740795945062207,0.431404945362707,"3,2"
"12100","Temp..of.NSEC.Main.Ch. + Secondary.Effluent.Flow + UVT.... + SACto..1.m. + NSEC.Effluent.NH3 + NSEC.Effluent.NO5",0.191492950589713,0.130132011903013,"3,2"
"12101","Temp..of.NSEC.Main.Ch. + Secondary.Effluent.Flow + UVT.... + SACto..1.m. + NSEC.Effluent.NH3 + NSEC.Effluent.Flow",0.131718841443539,0.518030549632458,"3,2"
"12102","Temp..of.NSEC.Main.Ch. + Secondary.Effluent.Flow + UVT.... + SACto..1.m. + NSEC.Effluent.NO3 + NSEC.Effluent.OP",0.000521111874691949,0.606389917511182,"3,2"
"12103","Temp..of.NSEC.Main.Ch. + Secondary.Effluent.Flow + UVT.... + SACto..1.m. + NSEC.Effluent.NO3 + NSEC.Effluent.TSS",0.184976164972182,0.536328920261834,"3,2"
"12104","Temp..of.NSEC.Main.Ch. + Secondary.Effluent.Flow + UVT.... + SACto..1.m. + NSEC.Effluent.NO3 + NSEC.Effluent.NO5",0.0256159721032228,0.448890672870274,"3,2"
"12105","Temp..of.NSEC.Main.Ch. + Secondary.Effluent.Flow + UVT.... + SACto..1.m. + NSEC.Effluent.NO3 + NSEC.Effluent.Flow",0.0639102558679561,0.49503636232053,"3,2"
"12106","Temp..of.NSEC.Main.Ch. + Secondary.Effluent.Flow + UVT.... + SACto..1.m. + NSEC.Effluent.OP + NSEC.Effluent.TSS",0.22054981867801,0.687597640298733,"3,2"
"12107","Temp..of.NSEC.Main.Ch. + Secondary.Effluent.Flow + UVT.... + SACto..1.m. + NSEC.Effluent.OP + NSEC.Effluent.NO5",0.137666410188872,0.561796603493446,"3,2"
"12108","Temp..of.NSEC.Main.Ch. + Secondary.Effluent.Flow + UVT.... + SACto..1.m. + NSEC.Effluent.OP + NSEC.Effluent.Flow",0.034046054748591,0.598873337453516,"3,2"
"12109","Temp..of.NSEC.Main.Ch. + Secondary.Effluent.Flow + UVT.... + SACto..1.m. + NSEC.Effluent.TSS + NSEC.Effluent.NO5",0.0846923456240471,0.52171879390531,"3,2"
"12110","Temp..of.NSEC.Main.Ch. + Secondary.Effluent.Flow + UVT.... + SACto..1.m. + NSEC.Effluent.TSS + NSEC.Effluent.Flow",0.0395413165132354,0.438630171110168,"3,2"
"12111","Temp..of.NSEC.Main.Ch. + Secondary.Effluent.Flow + UVT.... + SACto..1.m. + NSEC.Effluent.NO5 + NSEC.Effluent.Flow",0.0865460318511635,0.417351077705356,"3,2"
"12112","Temp..of.NSEC.Main.Ch. + Secondary.Effluent.Flow + UVT.... + NSEC.Aerobic.SRT + NSEC.Effluent.NH3 + NSEC.Effluent.NO3",0.0265161969701233,0.741622059942942,"3,2"
"12113","Temp..of.NSEC.Main.Ch. + Secondary.Effluent.Flow + UVT.... + NSEC.Aerobic.SRT + NSEC.Effluent.NH3 + NSEC.Effluent.OP",0.152776378271251,0.645322363409372,"3,2"
"12114","Temp..of.NSEC.Main.Ch. + Secondary.Effluent.Flow + UVT.... + NSEC.Aerobic.SRT + NSEC.Effluent.NH3 + NSEC.Effluent.TSS",0.117655870369189,0.686408821969905,"3,2"
"12115","Temp..of.NSEC.Main.Ch. + Secondary.Effluent.Flow + UVT.... + NSEC.Aerobic.SRT + NSEC.Effluent.NH3 + NSEC.Effluent.NO5",0.257219641512578,0.741117480340473,"3,2"
"12116","Temp..of.NSEC.Main.Ch. + Secondary.Effluent.Flow + UVT.... + NSEC.Aerobic.SRT + NSEC.Effluent.NH3 + NSEC.Effluent.Flow",0.0494973399573717,0.745031590439755,"3,2"
"12117","Temp..of.NSEC.Main.Ch. + Secondary.Effluent.Flow + UVT.... + NSEC.Aerobic.SRT + NSEC.Effluent.NO3 + NSEC.Effluent.OP",0.0980137173566744,0.651320709580103,"3,2"
"12118","Temp..of.NSEC.Main.Ch. + Secondary.Effluent.Flow + UVT.... + NSEC.Aerobic.SRT + NSEC.Effluent.NO3 + NSEC.Effluent.TSS",0.0555486184636671,0.765433715516632,"3,2"
"12119","Temp..of.NSEC.Main.Ch. + Secondary.Effluent.Flow + UVT.... + NSEC.Aerobic.SRT + NSEC.Effluent.NO3 + NSEC.Effluent.NO5",0.0943809951855354,0.718486675223487,"3,2"
"12120","Temp..of.NSEC.Main.Ch. + Secondary.Effluent.Flow + UVT.... + NSEC.Aerobic.SRT + NSEC.Effluent.NO3 + NSEC.Effluent.Flow",0.102934193228051,0.750042669300515,"3,2"
"12121","Temp..of.NSEC.Main.Ch. + Secondary.Effluent.Flow + UVT.... + NSEC.Aerobic.SRT + NSEC.Effluent.OP + NSEC.Effluent.TSS",0.121963882437034,0.725744575352877,"3,2"
"12122","Temp..of.NSEC.Main.Ch. + Secondary.Effluent.Flow + UVT.... + NSEC.Aerobic.SRT + NSEC.Effluent.OP + NSEC.Effluent.NO5",0.0653257818694304,0.797765266813857,"3,2"
"12123","Temp..of.NSEC.Main.Ch. + Secondary.Effluent.Flow + UVT.... + NSEC.Aerobic.SRT + NSEC.Effluent.OP + NSEC.Effluent.Flow",0.0924924458403069,0.744523363682512,"3,2"
"12124","Temp..of.NSEC.Main.Ch. + Secondary.Effluent.Flow + UVT.... + NSEC.Aerobic.SRT + NSEC.Effluent.TSS + NSEC.Effluent.NO5",0.197728075830638,0.751239574429928,"3,2"
"12125","Temp..of.NSEC.Main.Ch. + Secondary.Effluent.Flow + UVT.... + NSEC.Aerobic.SRT + NSEC.Effluent.TSS + NSEC.Effluent.Flow",0.00204644313910896,0.450456870242102,"3,2"
"12126","Temp..of.NSEC.Main.Ch. + Secondary.Effluent.Flow + UVT.... + NSEC.Aerobic.SRT + NSEC.Effluent.NO5 + NSEC.Effluent.Flow",0.0407800201081328,0.709456827990544,"3,2"
"12127","Temp..of.NSEC.Main.Ch. + Secondary.Effluent.Flow + UVT.... + NSEC.Effluent.NH3 + NSEC.Effluent.NO3 + NSEC.Effluent.OP",0.0157829239282639,0.589188273646855,"3,2"
"12128","Temp..of.NSEC.Main.Ch. + Secondary.Effluent.Flow + UVT.... + NSEC.Effluent.NH3 + NSEC.Effluent.NO3 + NSEC.Effluent.TSS",0.133368795828424,0.618815045311985,"3,2"
"12129","Temp..of.NSEC.Main.Ch. + Secondary.Effluent.Flow + UVT.... + NSEC.Effluent.NH3 + NSEC.Effluent.NO3 + NSEC.Effluent.NO5",0.14971398482889,0.282464717037199,"3,2"
"12130","Temp..of.NSEC.Main.Ch. + Secondary.Effluent.Flow + UVT.... + NSEC.Effluent.NH3 + NSEC.Effluent.NO3 + NSEC.Effluent.Flow",0.42842619701241,0.664407262932055,"3,2"
"12131","Temp..of.NSEC.Main.Ch. + Secondary.Effluent.Flow + UVT.... + NSEC.Effluent.NH3 + NSEC.Effluent.OP + NSEC.Effluent.TSS",0.0799288460808696,0.703581812711262,"3,2"
"12132","Temp..of.NSEC.Main.Ch. + Secondary.Effluent.Flow + UVT.... + NSEC.Effluent.NH3 + NSEC.Effluent.OP + NSEC.Effluent.NO5",0.052491531115042,0.639806615550724,"3,2"
"12133","Temp..of.NSEC.Main.Ch. + Secondary.Effluent.Flow + UVT.... + NSEC.Effluent.NH3 + NSEC.Effluent.OP + NSEC.Effluent.Flow",0.0285367125960134,0.376870025040677,"3,2"
"12134","Temp..of.NSEC.Main.Ch. + Secondary.Effluent.Flow + UVT.... + NSEC.Effluent.NH3 + NSEC.Effluent.TSS + NSEC.Effluent.NO5",0.00032845376759072,0.638437641238461,"3,2"
"12135","Temp..of.NSEC.Main.Ch. + Secondary.Effluent.Flow + UVT.... + NSEC.Effluent.NH3 + NSEC.Effluent.TSS + NSEC.Effluent.Flow",0.102334382105209,0.553287251643401,"3,2"
"12136","Temp..of.NSEC.Main.Ch. + Secondary.Effluent.Flow + UVT.... + NSEC.Effluent.NH3 + NSEC.Effluent.NO5 + NSEC.Effluent.Flow",0.0734349191161825,0.490743917817756,"3,2"
"12137","Temp..of.NSEC.Main.Ch. + Secondary.Effluent.Flow + UVT.... + NSEC.Effluent.NO3 + NSEC.Effluent.OP + NSEC.Effluent.TSS",0.170239473324661,0.556898398127006,"3,2"
"12138","Temp..of.NSEC.Main.Ch. + Secondary.Effluent.Flow + UVT.... + NSEC.Effluent.NO3 + NSEC.Effluent.OP + NSEC.Effluent.NO5",0.163426472079814,0.675825629179609,"3,2"
"12139","Temp..of.NSEC.Main.Ch. + Secondary.Effluent.Flow + UVT.... + NSEC.Effluent.NO3 + NSEC.Effluent.OP + NSEC.Effluent.Flow",0.217887942947749,0.596252543583226,"3,2"
"12140","Temp..of.NSEC.Main.Ch. + Secondary.Effluent.Flow + UVT.... + NSEC.Effluent.NO3 + NSEC.Effluent.TSS + NSEC.Effluent.NO5",0.128865293965959,0.556147084863163,"3,2"
"12141","Temp..of.NSEC.Main.Ch. + Secondary.Effluent.Flow + UVT.... + NSEC.Effluent.NO3 + NSEC.Effluent.TSS + NSEC.Effluent.Flow",0.12850863829401,0.542491235644251,"3,2"
"12142","Temp..of.NSEC.Main.Ch. + Secondary.Effluent.Flow + UVT.... + NSEC.Effluent.NO3 + NSEC.Effluent.NO5 + NSEC.Effluent.Flow",0.0786027309367339,0.500994052705706,"3,2"
"12143","Temp..of.NSEC.Main.Ch. + Secondary.Effluent.Flow + UVT.... + NSEC.Effluent.OP + NSEC.Effluent.TSS + NSEC.Effluent.NO5",0.028219342714042,0.642714520166563,"3,2"
"12144","Temp..of.NSEC.Main.Ch. + Secondary.Effluent.Flow + UVT.... + NSEC.Effluent.OP + NSEC.Effluent.TSS + NSEC.Effluent.Flow",0.0670500998509715,0.656570552356785,"3,2"
"12145","Temp..of.NSEC.Main.Ch. + Secondary.Effluent.Flow + UVT.... + NSEC.Effluent.OP + NSEC.Effluent.NO5 + NSEC.Effluent.Flow",0.0134249205213013,0.58580299185234,"3,2"
"12146","Temp..of.NSEC.Main.Ch. + Secondary.Effluent.Flow + UVT.... + NSEC.Effluent.TSS + NSEC.Effluent.NO5 + NSEC.Effluent.Flow",0.0736073269655817,0.494221413344232,"3,2"
"12147","Temp..of.NSEC.Main.Ch. + Secondary.Effluent.Flow + CODds..mg.L. + SACto..1.m. + NSEC.Aerobic.SRT + NSEC.Effluent.NH3",0.131276382508189,0.751399617908494,"3,2"
"12148","Temp..of.NSEC.Main.Ch. + Secondary.Effluent.Flow + CODds..mg.L. + SACto..1.m. + NSEC.Aerobic.SRT + NSEC.Effluent.NO3",0.179178669851622,0.783823584022075,"3,2"
"12149","Temp..of.NSEC.Main.Ch. + Secondary.Effluent.Flow + CODds..mg.L. + SACto..1.m. + NSEC.Aerobic.SRT + NSEC.Effluent.OP",0.0553890649373272,0.741375593051353,"3,2"
"12150","Temp..of.NSEC.Main.Ch. + Secondary.Effluent.Flow + CODds..mg.L. + SACto..1.m. + NSEC.Aerobic.SRT + NSEC.Effluent.TSS",0.152692384380706,0.785668750279766,"3,2"
"12151","Temp..of.NSEC.Main.Ch. + Secondary.Effluent.Flow + CODds..mg.L. + SACto..1.m. + NSEC.Aerobic.SRT + NSEC.Effluent.NO5",0.198817724529491,0.80604325675605,"3,2"
"12152","Temp..of.NSEC.Main.Ch. + Secondary.Effluent.Flow + CODds..mg.L. + SACto..1.m. + NSEC.Aerobic.SRT + NSEC.Effluent.Flow",0.181240162204165,0.583060427778246,"3,2"
"12153","Temp..of.NSEC.Main.Ch. + Secondary.Effluent.Flow + CODds..mg.L. + SACto..1.m. + NSEC.Effluent.NH3 + NSEC.Effluent.NO3",0.162763796797404,0.508299940746817,"3,2"
"12154","Temp..of.NSEC.Main.Ch. + Secondary.Effluent.Flow + CODds..mg.L. + SACto..1.m. + NSEC.Effluent.NH3 + NSEC.Effluent.OP",0.180728767251753,0.570763404836566,"3,2"
"12155","Temp..of.NSEC.Main.Ch. + Secondary.Effluent.Flow + CODds..mg.L. + SACto..1.m. + NSEC.Effluent.NH3 + NSEC.Effluent.TSS",0.128871112809902,0.729236952889723,"3,2"
"12156","Temp..of.NSEC.Main.Ch. + Secondary.Effluent.Flow + CODds..mg.L. + SACto..1.m. + NSEC.Effluent.NH3 + NSEC.Effluent.NO5",0.23010467159407,0.523153649319078,"3,2"
"12157","Temp..of.NSEC.Main.Ch. + Secondary.Effluent.Flow + CODds..mg.L. + SACto..1.m. + NSEC.Effluent.NH3 + NSEC.Effluent.Flow",0.086049327957304,0.485970791919513,"3,2"
"12158","Temp..of.NSEC.Main.Ch. + Secondary.Effluent.Flow + CODds..mg.L. + SACto..1.m. + NSEC.Effluent.NO3 + NSEC.Effluent.OP",0.267876019244393,0.666870896901929,"3,2"
"12159","Temp..of.NSEC.Main.Ch. + Secondary.Effluent.Flow + CODds..mg.L. + SACto..1.m. + NSEC.Effluent.NO3 + NSEC.Effluent.TSS",0.238483154385438,0.702654262200639,"3,2"
"12160","Temp..of.NSEC.Main.Ch. + Secondary.Effluent.Flow + CODds..mg.L. + SACto..1.m. + NSEC.Effluent.NO3 + NSEC.Effluent.NO5",0.129684163339453,0.623675291758282,"3,2"
"12161","Temp..of.NSEC.Main.Ch. + Secondary.Effluent.Flow + CODds..mg.L. + SACto..1.m. + NSEC.Effluent.NO3 + NSEC.Effluent.Flow",0.121327832612918,0.499650221891616,"3,2"
"12162","Temp..of.NSEC.Main.Ch. + Secondary.Effluent.Flow + CODds..mg.L. + SACto..1.m. + NSEC.Effluent.OP + NSEC.Effluent.TSS",0.0486684629302601,0.656211119162519,"3,2"
"12163","Temp..of.NSEC.Main.Ch. + Secondary.Effluent.Flow + CODds..mg.L. + SACto..1.m. + NSEC.Effluent.OP + NSEC.Effluent.NO5",0.178160286405862,0.573302054924431,"3,2"
"12164","Temp..of.NSEC.Main.Ch. + Secondary.Effluent.Flow + CODds..mg.L. + SACto..1.m. + NSEC.Effluent.OP + NSEC.Effluent.Flow",0.208909622361487,0.579953919778703,"3,2"
"12165","Temp..of.NSEC.Main.Ch. + Secondary.Effluent.Flow + CODds..mg.L. + SACto..1.m. + NSEC.Effluent.TSS + NSEC.Effluent.NO5",0.0297464873875239,0.770295584351805,"3,2"
"12166","Temp..of.NSEC.Main.Ch. + Secondary.Effluent.Flow + CODds..mg.L. + SACto..1.m. + NSEC.Effluent.TSS + NSEC.Effluent.Flow",0.0578830621263378,0.737931780067829,"3,2"
"12167","Temp..of.NSEC.Main.Ch. + Secondary.Effluent.Flow + CODds..mg.L. + SACto..1.m. + NSEC.Effluent.NO5 + NSEC.Effluent.Flow",0.175578163564962,0.593454137778641,"3,2"
"12168","Temp..of.NSEC.Main.Ch. + Secondary.Effluent.Flow + CODds..mg.L. + NSEC.Aerobic.SRT + NSEC.Effluent.NH3 + NSEC.Effluent.NO3",0.0593589528589478,0.605240371604476,"3,2"
"12169","Temp..of.NSEC.Main.Ch. + Secondary.Effluent.Flow + CODds..mg.L. + NSEC.Aerobic.SRT + NSEC.Effluent.NH3 + NSEC.Effluent.OP",0.158492663370988,0.739948848562966,"3,2"
"12170","Temp..of.NSEC.Main.Ch. + Secondary.Effluent.Flow + CODds..mg.L. + NSEC.Aerobic.SRT + NSEC.Effluent.NH3 + NSEC.Effluent.TSS",0.254243178347263,0.722840043584763,"3,2"
"12171","Temp..of.NSEC.Main.Ch. + Secondary.Effluent.Flow + CODds..mg.L. + NSEC.Aerobic.SRT + NSEC.Effluent.NH3 + NSEC.Effluent.NO5",0.174250340656151,0.748897280770987,"3,2"
"12172","Temp..of.NSEC.Main.Ch. + Secondary.Effluent.Flow + CODds..mg.L. + NSEC.Aerobic.SRT + NSEC.Effluent.NH3 + NSEC.Effluent.Flow",0.0742779931872377,0.769890859734154,"3,2"
"12173","Temp..of.NSEC.Main.Ch. + Secondary.Effluent.Flow + CODds..mg.L. + NSEC.Aerobic.SRT + NSEC.Effluent.NO3 + NSEC.Effluent.OP",0.22243989150961,0.630433224772692,"3,2"
"12174","Temp..of.NSEC.Main.Ch. + Secondary.Effluent.Flow + CODds..mg.L. + NSEC.Aerobic.SRT + NSEC.Effluent.NO3 + NSEC.Effluent.TSS",0.311056651597372,0.782871000586523,"3,2"
"12175","Temp..of.NSEC.Main.Ch. + Secondary.Effluent.Flow + CODds..mg.L. + NSEC.Aerobic.SRT + NSEC.Effluent.NO3 + NSEC.Effluent.NO5",0.176332321226972,0.790515170723536,"3,2"
"12176","Temp..of.NSEC.Main.Ch. + Secondary.Effluent.Flow + CODds..mg.L. + NSEC.Aerobic.SRT + NSEC.Effluent.NO3 + NSEC.Effluent.Flow",0.066006826597707,0.598191158707359,"3,2"
"12177","Temp..of.NSEC.Main.Ch. + Secondary.Effluent.Flow + CODds..mg.L. + NSEC.Aerobic.SRT + NSEC.Effluent.OP + NSEC.Effluent.TSS",0.459475639471056,0.776475011599453,"3,2"
"12178","Temp..of.NSEC.Main.Ch. + Secondary.Effluent.Flow + CODds..mg.L. + NSEC.Aerobic.SRT + NSEC.Effluent.OP + NSEC.Effluent.NO5",0.254625020154019,0.777740714499163,"3,2"
"12179","Temp..of.NSEC.Main.Ch. + Secondary.Effluent.Flow + CODds..mg.L. + NSEC.Aerobic.SRT + NSEC.Effluent.OP + NSEC.Effluent.Flow",0.0840259753713724,0.58118276200929,"3,2"
"12180","Temp..of.NSEC.Main.Ch. + Secondary.Effluent.Flow + CODds..mg.L. + NSEC.Aerobic.SRT + NSEC.Effluent.TSS + NSEC.Effluent.NO5",0.229154680669771,0.743279116533784,"3,2"
"12181","Temp..of.NSEC.Main.Ch. + Secondary.Effluent.Flow + CODds..mg.L. + NSEC.Aerobic.SRT + NSEC.Effluent.TSS + NSEC.Effluent.Flow",0.244493179679112,0.742277129240147,"3,2"
"12182","Temp..of.NSEC.Main.Ch. + Secondary.Effluent.Flow + CODds..mg.L. + NSEC.Aerobic.SRT + NSEC.Effluent.NO5 + NSEC.Effluent.Flow",0.0543783845393162,0.632397230265486,"3,2"
"12183","Temp..of.NSEC.Main.Ch. + Secondary.Effluent.Flow + CODds..mg.L. + NSEC.Effluent.NH3 + NSEC.Effluent.NO3 + NSEC.Effluent.OP",0.136355088360558,0.560557144782803,"3,2"
"12184","Temp..of.NSEC.Main.Ch. + Secondary.Effluent.Flow + CODds..mg.L. + NSEC.Effluent.NH3 + NSEC.Effluent.NO3 + NSEC.Effluent.TSS",0.0743617216953436,0.650396422556882,"3,2"
"12185","Temp..of.NSEC.Main.Ch. + Secondary.Effluent.Flow + CODds..mg.L. + NSEC.Effluent.NH3 + NSEC.Effluent.NO3 + NSEC.Effluent.NO5",0.157167904859541,0.540315251209374,"3,2"
"12186","Temp..of.NSEC.Main.Ch. + Secondary.Effluent.Flow + CODds..mg.L. + NSEC.Effluent.NH3 + NSEC.Effluent.NO3 + NSEC.Effluent.Flow",0.0769524817552196,0.584120322923803,"3,2"
"12187","Temp..of.NSEC.Main.Ch. + Secondary.Effluent.Flow + CODds..mg.L. + NSEC.Effluent.NH3 + NSEC.Effluent.OP + NSEC.Effluent.TSS",0.0122642190226714,0.640087816677316,"3,2"
"12188","Temp..of.NSEC.Main.Ch. + Secondary.Effluent.Flow + CODds..mg.L. + NSEC.Effluent.NH3 + NSEC.Effluent.OP + NSEC.Effluent.NO5",0.181772906344446,0.548177341820246,"3,2"
"12189","Temp..of.NSEC.Main.Ch. + Secondary.Effluent.Flow + CODds..mg.L. + NSEC.Effluent.NH3 + NSEC.Effluent.OP + NSEC.Effluent.Flow",0.0769422102943187,0.539412995430686,"3,2"
"12190","Temp..of.NSEC.Main.Ch. + Secondary.Effluent.Flow + CODds..mg.L. + NSEC.Effluent.NH3 + NSEC.Effluent.TSS + NSEC.Effluent.NO5",0.158959976364661,0.603990228546165,"3,2"
"12191","Temp..of.NSEC.Main.Ch. + Secondary.Effluent.Flow + CODds..mg.L. + NSEC.Effluent.NH3 + NSEC.Effluent.TSS + NSEC.Effluent.Flow",0.0894940647627995,0.583195575045679,"3,2"
"12192","Temp..of.NSEC.Main.Ch. + Secondary.Effluent.Flow + CODds..mg.L. + NSEC.Effluent.NH3 + NSEC.Effluent.NO5 + NSEC.Effluent.Flow",0.259921871470764,0.562215748992318,"3,2"
"12193","Temp..of.NSEC.Main.Ch. + Secondary.Effluent.Flow + CODds..mg.L. + NSEC.Effluent.NO3 + NSEC.Effluent.OP + NSEC.Effluent.TSS",0.00846015730166405,0.671361140242326,"3,2"
"12194","Temp..of.NSEC.Main.Ch. + Secondary.Effluent.Flow + CODds..mg.L. + NSEC.Effluent.NO3 + NSEC.Effluent.OP + NSEC.Effluent.NO5",0.192609134505492,0.594225019569332,"3,2"
"12195","Temp..of.NSEC.Main.Ch. + Secondary.Effluent.Flow + CODds..mg.L. + NSEC.Effluent.NO3 + NSEC.Effluent.OP + NSEC.Effluent.Flow",0.166011957721909,0.560674405776374,"3,2"
"12196","Temp..of.NSEC.Main.Ch. + Secondary.Effluent.Flow + CODds..mg.L. + NSEC.Effluent.NO3 + NSEC.Effluent.TSS + NSEC.Effluent.NO5",0.0651180891371874,0.631205468776438,"3,2"
"12197","Temp..of.NSEC.Main.Ch. + Secondary.Effluent.Flow + CODds..mg.L. + NSEC.Effluent.NO3 + NSEC.Effluent.TSS + NSEC.Effluent.Flow",0.190231137379195,0.638795701633247,"3,2"
"12198","Temp..of.NSEC.Main.Ch. + Secondary.Effluent.Flow + CODds..mg.L. + NSEC.Effluent.NO3 + NSEC.Effluent.NO5 + NSEC.Effluent.Flow",0.0641489234346726,0.488653343674944,"3,2"
"12199","Temp..of.NSEC.Main.Ch. + Secondary.Effluent.Flow + CODds..mg.L. + NSEC.Effluent.OP + NSEC.Effluent.TSS + NSEC.Effluent.NO5",0.0678746612824679,0.641368977307129,"3,2"
"12200","Temp..of.NSEC.Main.Ch. + Secondary.Effluent.Flow + CODds..mg.L. + NSEC.Effluent.OP + NSEC.Effluent.TSS + NSEC.Effluent.Flow",0.0616413877354911,0.664050522114608,"3,2"
"12201","Temp..of.NSEC.Main.Ch. + Secondary.Effluent.Flow + CODds..mg.L. + NSEC.Effluent.OP + NSEC.Effluent.NO5 + NSEC.Effluent.Flow",0.0692444819255051,0.567918637614561,"3,2"
"12202","Temp..of.NSEC.Main.Ch. + Secondary.Effluent.Flow + CODds..mg.L. + NSEC.Effluent.TSS + NSEC.Effluent.NO5 + NSEC.Effluent.Flow",0.0465385322066763,0.615838219501832,"3,2"
"12203","Temp..of.NSEC.Main.Ch. + Secondary.Effluent.Flow + SACto..1.m. + NSEC.Aerobic.SRT + NSEC.Effluent.NH3 + NSEC.Effluent.NO3",0.0273968321259399,0.763933158548687,"3,2"
"12204","Temp..of.NSEC.Main.Ch. + Secondary.Effluent.Flow + SACto..1.m. + NSEC.Aerobic.SRT + NSEC.Effluent.NH3 + NSEC.Effluent.OP",0.0626499699440204,0.698806695458231,"3,2"
"12205","Temp..of.NSEC.Main.Ch. + Secondary.Effluent.Flow + SACto..1.m. + NSEC.Aerobic.SRT + NSEC.Effluent.NH3 + NSEC.Effluent.TSS",0.0785427861493697,0.493269394407236,"3,2"
"12206","Temp..of.NSEC.Main.Ch. + Secondary.Effluent.Flow + SACto..1.m. + NSEC.Aerobic.SRT + NSEC.Effluent.NH3 + NSEC.Effluent.NO5",0.289307597662025,0.771118470053406,"3,2"
"12207","Temp..of.NSEC.Main.Ch. + Secondary.Effluent.Flow + SACto..1.m. + NSEC.Aerobic.SRT + NSEC.Effluent.NH3 + NSEC.Effluent.Flow",0.140672206316159,0.769687591340609,"3,2"
"12208","Temp..of.NSEC.Main.Ch. + Secondary.Effluent.Flow + SACto..1.m. + NSEC.Aerobic.SRT + NSEC.Effluent.NO3 + NSEC.Effluent.OP",0.309245946745022,0.784144431494568,"3,2"
"12209","Temp..of.NSEC.Main.Ch. + Secondary.Effluent.Flow + SACto..1.m. + NSEC.Aerobic.SRT + NSEC.Effluent.NO3 + NSEC.Effluent.TSS",0.0333242805083056,0.622814051439927,"3,2"
"12210","Temp..of.NSEC.Main.Ch. + Secondary.Effluent.Flow + SACto..1.m. + NSEC.Aerobic.SRT + NSEC.Effluent.NO3 + NSEC.Effluent.NO5",0.0466544572685703,0.744757235184982,"3,2"
"12211","Temp..of.NSEC.Main.Ch. + Secondary.Effluent.Flow + SACto..1.m. + NSEC.Aerobic.SRT + NSEC.Effluent.NO3 + NSEC.Effluent.Flow",0.0312537019163925,0.780436930056873,"3,2"
"12212","Temp..of.NSEC.Main.Ch. + Secondary.Effluent.Flow + SACto..1.m. + NSEC.Aerobic.SRT + NSEC.Effluent.OP + NSEC.Effluent.TSS",0.112926850921631,0.722764385180499,"3,2"
"12213","Temp..of.NSEC.Main.Ch. + Secondary.Effluent.Flow + SACto..1.m. + NSEC.Aerobic.SRT + NSEC.Effluent.OP + NSEC.Effluent.NO5",0.0843762009496489,0.643182008416181,"3,2"
"12214","Temp..of.NSEC.Main.Ch. + Secondary.Effluent.Flow + SACto..1.m. + NSEC.Aerobic.SRT + NSEC.Effluent.OP + NSEC.Effluent.Flow",0.11447523848946,0.676192083362318,"3,2"
"12215","Temp..of.NSEC.Main.Ch. + Secondary.Effluent.Flow + SACto..1.m. + NSEC.Aerobic.SRT + NSEC.Effluent.TSS + NSEC.Effluent.NO5",0.201112806461871,0.666436416285106,"3,2"
"12216","Temp..of.NSEC.Main.Ch. + Secondary.Effluent.Flow + SACto..1.m. + NSEC.Aerobic.SRT + NSEC.Effluent.TSS + NSEC.Effluent.Flow",0.166065871191662,0.726342144376727,"3,2"
"12217","Temp..of.NSEC.Main.Ch. + Secondary.Effluent.Flow + SACto..1.m. + NSEC.Aerobic.SRT + NSEC.Effluent.NO5 + NSEC.Effluent.Flow",0.0791820098039109,0.668701747974012,"3,2"
"12218","Temp..of.NSEC.Main.Ch. + Secondary.Effluent.Flow + SACto..1.m. + NSEC.Effluent.NH3 + NSEC.Effluent.NO3 + NSEC.Effluent.OP",0.231202778412186,0.515469234565476,"3,2"
"12219","Temp..of.NSEC.Main.Ch. + Secondary.Effluent.Flow + SACto..1.m. + NSEC.Effluent.NH3 + NSEC.Effluent.NO3 + NSEC.Effluent.TSS",0.0571510657749457,0.593287178706302,"3,2"
"12220","Temp..of.NSEC.Main.Ch. + Secondary.Effluent.Flow + SACto..1.m. + NSEC.Effluent.NH3 + NSEC.Effluent.NO3 + NSEC.Effluent.NO5",0.0572760318407799,0.472503090447282,"3,2"
"12221","Temp..of.NSEC.Main.Ch. + Secondary.Effluent.Flow + SACto..1.m. + NSEC.Effluent.NH3 + NSEC.Effluent.NO3 + NSEC.Effluent.Flow",0.0700802394335622,0.458256655446529,"3,2"
"12222","Temp..of.NSEC.Main.Ch. + Secondary.Effluent.Flow + SACto..1.m. + NSEC.Effluent.NH3 + NSEC.Effluent.OP + NSEC.Effluent.TSS",0.193580122988414,0.0370877221032873,"3,2"
"12223","Temp..of.NSEC.Main.Ch. + Secondary.Effluent.Flow + SACto..1.m. + NSEC.Effluent.NH3 + NSEC.Effluent.OP + NSEC.Effluent.NO5",0.0736818400166377,0.484273153810516,"3,2"
"12224","Temp..of.NSEC.Main.Ch. + Secondary.Effluent.Flow + SACto..1.m. + NSEC.Effluent.NH3 + NSEC.Effluent.OP + NSEC.Effluent.Flow",0.141315529179596,0.579945793037059,"3,2"
"12225","Temp..of.NSEC.Main.Ch. + Secondary.Effluent.Flow + SACto..1.m. + NSEC.Effluent.NH3 + NSEC.Effluent.TSS + NSEC.Effluent.NO5",0.136698250458317,0.607953509878447,"3,2"
"12226","Temp..of.NSEC.Main.Ch. + Secondary.Effluent.Flow + SACto..1.m. + NSEC.Effluent.NH3 + NSEC.Effluent.TSS + NSEC.Effluent.Flow",0.139816465198076,0.51209065028158,"3,2"
"12227","Temp..of.NSEC.Main.Ch. + Secondary.Effluent.Flow + SACto..1.m. + NSEC.Effluent.NH3 + NSEC.Effluent.NO5 + NSEC.Effluent.Flow",0.0404066148529241,0.557722637713603,"3,2"
"12228","Temp..of.NSEC.Main.Ch. + Secondary.Effluent.Flow + SACto..1.m. + NSEC.Effluent.NO3 + NSEC.Effluent.OP + NSEC.Effluent.TSS",0.00341953385959082,0.683986950128541,"3,2"
"12229","Temp..of.NSEC.Main.Ch. + Secondary.Effluent.Flow + SACto..1.m. + NSEC.Effluent.NO3 + NSEC.Effluent.OP + NSEC.Effluent.NO5",0.12572937382147,0.555576082816699,"3,2"
"12230","Temp..of.NSEC.Main.Ch. + Secondary.Effluent.Flow + SACto..1.m. + NSEC.Effluent.NO3 + NSEC.Effluent.OP + NSEC.Effluent.Flow",0.161217929485305,0.514647029258804,"3,2"
"12231","Temp..of.NSEC.Main.Ch. + Secondary.Effluent.Flow + SACto..1.m. + NSEC.Effluent.NO3 + NSEC.Effluent.TSS + NSEC.Effluent.NO5",0.0693516930745455,0.461620303143616,"3,2"
"12232","Temp..of.NSEC.Main.Ch. + Secondary.Effluent.Flow + SACto..1.m. + NSEC.Effluent.NO3 + NSEC.Effluent.TSS + NSEC.Effluent.Flow",0.0793770416079529,0.504384261423609,"3,2"
"12233","Temp..of.NSEC.Main.Ch. + Secondary.Effluent.Flow + SACto..1.m. + NSEC.Effluent.NO3 + NSEC.Effluent.NO5 + NSEC.Effluent.Flow",0.00942930540692721,0.565871119809932,"3,2"
"12234","Temp..of.NSEC.Main.Ch. + Secondary.Effluent.Flow + SACto..1.m. + NSEC.Effluent.OP + NSEC.Effluent.TSS + NSEC.Effluent.NO5",0.16393096019456,0.610972204365337,"3,2"
"12235","Temp..of.NSEC.Main.Ch. + Secondary.Effluent.Flow + SACto..1.m. + NSEC.Effluent.OP + NSEC.Effluent.TSS + NSEC.Effluent.Flow",0.0797430967534978,0.650192964964498,"3,2"
"12236","Temp..of.NSEC.Main.Ch. + Secondary.Effluent.Flow + SACto..1.m. + NSEC.Effluent.OP + NSEC.Effluent.NO5 + NSEC.Effluent.Flow",0.0266294392049971,0.6379028275532,"3,2"
"12237","Temp..of.NSEC.Main.Ch. + Secondary.Effluent.Flow + SACto..1.m. + NSEC.Effluent.TSS + NSEC.Effluent.NO5 + NSEC.Effluent.Flow",0.000146528472826368,0.600273832474827,"3,2"
"12238","Temp..of.NSEC.Main.Ch. + Secondary.Effluent.Flow + NSEC.Aerobic.SRT + NSEC.Effluent.NH3 + NSEC.Effluent.NO3 + NSEC.Effluent.OP",0.210719549307451,0.691624597542498,"3,2"
"12239","Temp..of.NSEC.Main.Ch. + Secondary.Effluent.Flow + NSEC.Aerobic.SRT + NSEC.Effluent.NH3 + NSEC.Effluent.NO3 + NSEC.Effluent.TSS",0.407601590979993,0.781635924684205,"3,2"
"12240","Temp..of.NSEC.Main.Ch. + Secondary.Effluent.Flow + NSEC.Aerobic.SRT + NSEC.Effluent.NH3 + NSEC.Effluent.NO3 + NSEC.Effluent.NO5",0.274482353584568,0.776986142183536,"3,2"
"12241","Temp..of.NSEC.Main.Ch. + Secondary.Effluent.Flow + NSEC.Aerobic.SRT + NSEC.Effluent.NH3 + NSEC.Effluent.NO3 + NSEC.Effluent.Flow",0.208978111748388,0.781750679795474,"3,2"
"12242","Temp..of.NSEC.Main.Ch. + Secondary.Effluent.Flow + NSEC.Aerobic.SRT + NSEC.Effluent.NH3 + NSEC.Effluent.OP + NSEC.Effluent.TSS",0.285823443057991,0.750032496254839,"3,2"
"12243","Temp..of.NSEC.Main.Ch. + Secondary.Effluent.Flow + NSEC.Aerobic.SRT + NSEC.Effluent.NH3 + NSEC.Effluent.OP + NSEC.Effluent.NO5",0.168304881972851,0.722050444207009,"3,2"
"12244","Temp..of.NSEC.Main.Ch. + Secondary.Effluent.Flow + NSEC.Aerobic.SRT + NSEC.Effluent.NH3 + NSEC.Effluent.OP + NSEC.Effluent.Flow",0.149167223713778,0.704224505201057,"3,2"
"12245","Temp..of.NSEC.Main.Ch. + Secondary.Effluent.Flow + NSEC.Aerobic.SRT + NSEC.Effluent.NH3 + NSEC.Effluent.TSS + NSEC.Effluent.NO5",0.204707556930325,0.717545924392989,"3,2"
"12246","Temp..of.NSEC.Main.Ch. + Secondary.Effluent.Flow + NSEC.Aerobic.SRT + NSEC.Effluent.NH3 + NSEC.Effluent.TSS + NSEC.Effluent.Flow",0.00129652409837999,0.456563083834518,"3,2"
"12247","Temp..of.NSEC.Main.Ch. + Secondary.Effluent.Flow + NSEC.Aerobic.SRT + NSEC.Effluent.NH3 + NSEC.Effluent.NO5 + NSEC.Effluent.Flow",0.451754718146677,0.689168284023676,"3,2"
"12248","Temp..of.NSEC.Main.Ch. + Secondary.Effluent.Flow + NSEC.Aerobic.SRT + NSEC.Effluent.NO3 + NSEC.Effluent.OP + NSEC.Effluent.TSS",0.228381832762619,0.720384440375874,"3,2"
"12249","Temp..of.NSEC.Main.Ch. + Secondary.Effluent.Flow + NSEC.Aerobic.SRT + NSEC.Effluent.NO3 + NSEC.Effluent.OP + NSEC.Effluent.NO5",0.0825308806230582,0.764192652815985,"3,2"
"12250","Temp..of.NSEC.Main.Ch. + Secondary.Effluent.Flow + NSEC.Aerobic.SRT + NSEC.Effluent.NO3 + NSEC.Effluent.OP + NSEC.Effluent.Flow",0.0636808350918785,0.699082723815238,"3,2"
"12251","Temp..of.NSEC.Main.Ch. + Secondary.Effluent.Flow + NSEC.Aerobic.SRT + NSEC.Effluent.NO3 + NSEC.Effluent.TSS + NSEC.Effluent.NO5",0.313357404495894,0.720486632039373,"3,2"
"12252","Temp..of.NSEC.Main.Ch. + Secondary.Effluent.Flow + NSEC.Aerobic.SRT + NSEC.Effluent.NO3 + NSEC.Effluent.TSS + NSEC.Effluent.Flow",0.0158168033559027,0.600455108893216,"3,2"
"12253","Temp..of.NSEC.Main.Ch. + Secondary.Effluent.Flow + NSEC.Aerobic.SRT + NSEC.Effluent.NO3 + NSEC.Effluent.NO5 + NSEC.Effluent.Flow",0.0114689329816495,0.711489415722779,"3,2"
"12254","Temp..of.NSEC.Main.Ch. + Secondary.Effluent.Flow + NSEC.Aerobic.SRT + NSEC.Effluent.OP + NSEC.Effluent.TSS + NSEC.Effluent.NO5",0.00512398524050361,0.47031806218348,"3,2"
"12255","Temp..of.NSEC.Main.Ch. + Secondary.Effluent.Flow + NSEC.Aerobic.SRT + NSEC.Effluent.OP + NSEC.Effluent.TSS + NSEC.Effluent.Flow",0.199477406107999,0.730133584532486,"3,2"
"12256","Temp..of.NSEC.Main.Ch. + Secondary.Effluent.Flow + NSEC.Aerobic.SRT + NSEC.Effluent.OP + NSEC.Effluent.NO5 + NSEC.Effluent.Flow",0.123060136226109,0.735791662443852,"3,2"
"12257","Temp..of.NSEC.Main.Ch. + Secondary.Effluent.Flow + NSEC.Aerobic.SRT + NSEC.Effluent.TSS + NSEC.Effluent.NO5 + NSEC.Effluent.Flow",0.271021615851633,0.689989632118568,"3,2"
"12258","Temp..of.NSEC.Main.Ch. + Secondary.Effluent.Flow + NSEC.Effluent.NH3 + NSEC.Effluent.NO3 + NSEC.Effluent.OP + NSEC.Effluent.TSS",0.176907317010446,0.574495407631506,"3,2"
"12259","Temp..of.NSEC.Main.Ch. + Secondary.Effluent.Flow + NSEC.Effluent.NH3 + NSEC.Effluent.NO3 + NSEC.Effluent.OP + NSEC.Effluent.NO5",0.272556472236448,0.550017844836256,"3,2"
"12260","Temp..of.NSEC.Main.Ch. + Secondary.Effluent.Flow + NSEC.Effluent.NH3 + NSEC.Effluent.NO3 + NSEC.Effluent.OP + NSEC.Effluent.Flow",0.151704889071404,0.474347540149837,"3,2"
"12261","Temp..of.NSEC.Main.Ch. + Secondary.Effluent.Flow + NSEC.Effluent.NH3 + NSEC.Effluent.NO3 + NSEC.Effluent.TSS + NSEC.Effluent.NO5",0.251064547867832,0.640895737851657,"3,2"
"12262","Temp..of.NSEC.Main.Ch. + Secondary.Effluent.Flow + NSEC.Effluent.NH3 + NSEC.Effluent.NO3 + NSEC.Effluent.TSS + NSEC.Effluent.Flow",0.0207465098187414,0.434121150975913,"3,2"
"12263","Temp..of.NSEC.Main.Ch. + Secondary.Effluent.Flow + NSEC.Effluent.NH3 + NSEC.Effluent.NO3 + NSEC.Effluent.NO5 + NSEC.Effluent.Flow",0.0988589652714102,0.25090695834053,"3,2"
"12264","Temp..of.NSEC.Main.Ch. + Secondary.Effluent.Flow + NSEC.Effluent.NH3 + NSEC.Effluent.OP + NSEC.Effluent.TSS + NSEC.Effluent.NO5",0.0365998926891737,0.68823654381891,"3,2"
"12265","Temp..of.NSEC.Main.Ch. + Secondary.Effluent.Flow + NSEC.Effluent.NH3 + NSEC.Effluent.OP + NSEC.Effluent.TSS + NSEC.Effluent.Flow",0.0422072749069526,0.59872322555889,"3,2"
"12266","Temp..of.NSEC.Main.Ch. + Secondary.Effluent.Flow + NSEC.Effluent.NH3 + NSEC.Effluent.OP + NSEC.Effluent.NO5 + NSEC.Effluent.Flow",0.112476538958788,0.437785031349726,"3,2"
"12267","Temp..of.NSEC.Main.Ch. + Secondary.Effluent.Flow + NSEC.Effluent.NH3 + NSEC.Effluent.TSS + NSEC.Effluent.NO5 + NSEC.Effluent.Flow",0.0103070170008901,0.42478541247018,"3,2"
"12268","Temp..of.NSEC.Main.Ch. + Secondary.Effluent.Flow + NSEC.Effluent.NO3 + NSEC.Effluent.OP + NSEC.Effluent.TSS + NSEC.Effluent.NO5",0.32121428869231,0.674069444481396,"3,2"
"12269","Temp..of.NSEC.Main.Ch. + Secondary.Effluent.Flow + NSEC.Effluent.NO3 + NSEC.Effluent.OP + NSEC.Effluent.TSS + NSEC.Effluent.Flow",0.107811764951878,0.567454721471267,"3,2"
"12270","Temp..of.NSEC.Main.Ch. + Secondary.Effluent.Flow + NSEC.Effluent.NO3 + NSEC.Effluent.OP + NSEC.Effluent.NO5 + NSEC.Effluent.Flow",0.280618942882511,0.634067184566561,"3,2"
"12271","Temp..of.NSEC.Main.Ch. + Secondary.Effluent.Flow + NSEC.Effluent.NO3 + NSEC.Effluent.TSS + NSEC.Effluent.NO5 + NSEC.Effluent.Flow",0.0430099289399213,0.391412993621504,"3,2"
"12272","Temp..of.NSEC.Main.Ch. + Secondary.Effluent.Flow + NSEC.Effluent.OP + NSEC.Effluent.TSS + NSEC.Effluent.NO5 + NSEC.Effluent.Flow",0.395252012084689,0.657938288870991,"3,2"
"12273","Temp..of.NSEC.Main.Ch. + N..Basin.Outfall + CODto..mg.L. + TSS..mg.L. + UVT.... + CODds..mg.L.",0.137781622551179,0.561416692860432,"3,2"
"12274","Temp..of.NSEC.Main.Ch. + N..Basin.Outfall + CODto..mg.L. + TSS..mg.L. + UVT.... + SACto..1.m.",0.0291661006985813,0.600122754405114,"3,2"
"12275","Temp..of.NSEC.Main.Ch. + N..Basin.Outfall + CODto..mg.L. + TSS..mg.L. + UVT.... + NSEC.Aerobic.SRT",0.194302833552085,1.74341297261516e-06,"3,2"
"12276","Temp..of.NSEC.Main.Ch. + N..Basin.Outfall + CODto..mg.L. + TSS..mg.L. + UVT.... + NSEC.Effluent.NH3",0.0315628910959935,0.551205570836975,"3,2"
"12277","Temp..of.NSEC.Main.Ch. + N..Basin.Outfall + CODto..mg.L. + TSS..mg.L. + UVT.... + NSEC.Effluent.NO3",0.0409125421267613,0.561374398181692,"3,2"
"12278","Temp..of.NSEC.Main.Ch. + N..Basin.Outfall + CODto..mg.L. + TSS..mg.L. + UVT.... + NSEC.Effluent.OP",0.146057768246752,0.590751436511883,"3,2"
"12279","Temp..of.NSEC.Main.Ch. + N..Basin.Outfall + CODto..mg.L. + TSS..mg.L. + UVT.... + NSEC.Effluent.TSS",0.175239743517138,0.747957038717619,"3,2"
"12280","Temp..of.NSEC.Main.Ch. + N..Basin.Outfall + CODto..mg.L. + TSS..mg.L. + UVT.... + NSEC.Effluent.NO5",0.193420187771544,0.00265087789152847,"3,2"
"12281","Temp..of.NSEC.Main.Ch. + N..Basin.Outfall + CODto..mg.L. + TSS..mg.L. + UVT.... + NSEC.Effluent.Flow",0.108253837998224,0.551010909059875,"3,2"
"12282","Temp..of.NSEC.Main.Ch. + N..Basin.Outfall + CODto..mg.L. + TSS..mg.L. + CODds..mg.L. + SACto..1.m.",0.041879731356913,0.571830480407282,"3,2"
"12283","Temp..of.NSEC.Main.Ch. + N..Basin.Outfall + CODto..mg.L. + TSS..mg.L. + CODds..mg.L. + NSEC.Aerobic.SRT",0.0704443469606233,0.758325727557601,"3,2"
"12284","Temp..of.NSEC.Main.Ch. + N..Basin.Outfall + CODto..mg.L. + TSS..mg.L. + CODds..mg.L. + NSEC.Effluent.NH3",0.139743243346996,0.479714608386137,"3,2"
"12285","Temp..of.NSEC.Main.Ch. + N..Basin.Outfall + CODto..mg.L. + TSS..mg.L. + CODds..mg.L. + NSEC.Effluent.NO3",0.154738698759352,0.492644813358461,"3,2"
"12286","Temp..of.NSEC.Main.Ch. + N..Basin.Outfall + CODto..mg.L. + TSS..mg.L. + CODds..mg.L. + NSEC.Effluent.OP",0.146652713539213,0.691908716087732,"3,2"
"12287","Temp..of.NSEC.Main.Ch. + N..Basin.Outfall + CODto..mg.L. + TSS..mg.L. + CODds..mg.L. + NSEC.Effluent.TSS",0.145175952262554,0.820922261207212,"3,2"
"12288","Temp..of.NSEC.Main.Ch. + N..Basin.Outfall + CODto..mg.L. + TSS..mg.L. + CODds..mg.L. + NSEC.Effluent.NO5",0.180366123469386,0.599759327419596,"3,2"
"12289","Temp..of.NSEC.Main.Ch. + N..Basin.Outfall + CODto..mg.L. + TSS..mg.L. + CODds..mg.L. + NSEC.Effluent.Flow",0.0973854319260807,0.590813021809903,"3,2"
"12290","Temp..of.NSEC.Main.Ch. + N..Basin.Outfall + CODto..mg.L. + TSS..mg.L. + SACto..1.m. + NSEC.Aerobic.SRT",0.131906894581169,0.734273309333334,"3,2"
"12291","Temp..of.NSEC.Main.Ch. + N..Basin.Outfall + CODto..mg.L. + TSS..mg.L. + SACto..1.m. + NSEC.Effluent.NH3",0.164721304155285,0.527681814614773,"3,2"
"12292","Temp..of.NSEC.Main.Ch. + N..Basin.Outfall + CODto..mg.L. + TSS..mg.L. + SACto..1.m. + NSEC.Effluent.NO3",0.145827868124812,0.60669722086214,"3,2"
"12293","Temp..of.NSEC.Main.Ch. + N..Basin.Outfall + CODto..mg.L. + TSS..mg.L. + SACto..1.m. + NSEC.Effluent.OP",0.193176475929255,0.00363541178900497,"3,2"
"12294","Temp..of.NSEC.Main.Ch. + N..Basin.Outfall + CODto..mg.L. + TSS..mg.L. + SACto..1.m. + NSEC.Effluent.TSS",0.167955710152587,0.703620184444584,"3,2"
"12295","Temp..of.NSEC.Main.Ch. + N..Basin.Outfall + CODto..mg.L. + TSS..mg.L. + SACto..1.m. + NSEC.Effluent.NO5",0.131355456242344,0.648985515733502,"3,2"
"12296","Temp..of.NSEC.Main.Ch. + N..Basin.Outfall + CODto..mg.L. + TSS..mg.L. + SACto..1.m. + NSEC.Effluent.Flow",0.128776605332903,0.571997501331489,"3,2"
"12297","Temp..of.NSEC.Main.Ch. + N..Basin.Outfall + CODto..mg.L. + TSS..mg.L. + NSEC.Aerobic.SRT + NSEC.Effluent.NH3",0.111075227889033,0.683351150264855,"3,2"
"12298","Temp..of.NSEC.Main.Ch. + N..Basin.Outfall + CODto..mg.L. + TSS..mg.L. + NSEC.Aerobic.SRT + NSEC.Effluent.NO3",0.17571178806208,0.744970635919234,"3,2"
"12299","Temp..of.NSEC.Main.Ch. + N..Basin.Outfall + CODto..mg.L. + TSS..mg.L. + NSEC.Aerobic.SRT + NSEC.Effluent.OP",0.0835232307543903,0.761466019589307,"3,2"
"12300","Temp..of.NSEC.Main.Ch. + N..Basin.Outfall + CODto..mg.L. + TSS..mg.L. + NSEC.Aerobic.SRT + NSEC.Effluent.TSS",0.104521610446791,0.802940577921327,"3,2"
"12301","Temp..of.NSEC.Main.Ch. + N..Basin.Outfall + CODto..mg.L. + TSS..mg.L. + NSEC.Aerobic.SRT + NSEC.Effluent.NO5",0.0214203263784176,0.793582368401336,"3,2"
"12302","Temp..of.NSEC.Main.Ch. + N..Basin.Outfall + CODto..mg.L. + TSS..mg.L. + NSEC.Aerobic.SRT + NSEC.Effluent.Flow",0.0887802432262594,0.751296416919262,"3,2"
"12303","Temp..of.NSEC.Main.Ch. + N..Basin.Outfall + CODto..mg.L. + TSS..mg.L. + NSEC.Effluent.NH3 + NSEC.Effluent.NO3",0.142085073043383,0.698893442639078,"3,2"
"12304","Temp..of.NSEC.Main.Ch. + N..Basin.Outfall + CODto..mg.L. + TSS..mg.L. + NSEC.Effluent.NH3 + NSEC.Effluent.OP",0.0869070370477347,0.606029436010279,"3,2"
"12305","Temp..of.NSEC.Main.Ch. + N..Basin.Outfall + CODto..mg.L. + TSS..mg.L. + NSEC.Effluent.NH3 + NSEC.Effluent.TSS",0.266278156015606,0.723693485688549,"3,2"
"12306","Temp..of.NSEC.Main.Ch. + N..Basin.Outfall + CODto..mg.L. + TSS..mg.L. + NSEC.Effluent.NH3 + NSEC.Effluent.NO5",0.148267986224762,0.618443779475051,"3,2"
"12307","Temp..of.NSEC.Main.Ch. + N..Basin.Outfall + CODto..mg.L. + TSS..mg.L. + NSEC.Effluent.NH3 + NSEC.Effluent.Flow",0.0556068110359216,0.605872276212846,"3,2"
"12308","Temp..of.NSEC.Main.Ch. + N..Basin.Outfall + CODto..mg.L. + TSS..mg.L. + NSEC.Effluent.NO3 + NSEC.Effluent.OP",0.156063349538912,0.678555198031575,"3,2"
"12309","Temp..of.NSEC.Main.Ch. + N..Basin.Outfall + CODto..mg.L. + TSS..mg.L. + NSEC.Effluent.NO3 + NSEC.Effluent.TSS",0.322300854393254,0.720426436572215,"3,2"
"12310","Temp..of.NSEC.Main.Ch. + N..Basin.Outfall + CODto..mg.L. + TSS..mg.L. + NSEC.Effluent.NO3 + NSEC.Effluent.NO5",0.126030985516333,0.705372136739133,"3,2"
"12311","Temp..of.NSEC.Main.Ch. + N..Basin.Outfall + CODto..mg.L. + TSS..mg.L. + NSEC.Effluent.NO3 + NSEC.Effluent.Flow",0.115698736100352,0.668422229235617,"3,2"
"12312","Temp..of.NSEC.Main.Ch. + N..Basin.Outfall + CODto..mg.L. + TSS..mg.L. + NSEC.Effluent.OP + NSEC.Effluent.TSS",0.227509811969848,0.779618478167941,"3,2"
"12313","Temp..of.NSEC.Main.Ch. + N..Basin.Outfall + CODto..mg.L. + TSS..mg.L. + NSEC.Effluent.OP + NSEC.Effluent.NO5",0.0928152319096935,0.665331168405913,"3,2"
"12314","Temp..of.NSEC.Main.Ch. + N..Basin.Outfall + CODto..mg.L. + TSS..mg.L. + NSEC.Effluent.OP + NSEC.Effluent.Flow",0.143044528965373,0.70231056697666,"3,2"
"12315","Temp..of.NSEC.Main.Ch. + N..Basin.Outfall + CODto..mg.L. + TSS..mg.L. + NSEC.Effluent.TSS + NSEC.Effluent.NO5",0.134202290155353,0.769949602645534,"3,2"
"12316","Temp..of.NSEC.Main.Ch. + N..Basin.Outfall + CODto..mg.L. + TSS..mg.L. + NSEC.Effluent.TSS + NSEC.Effluent.Flow",0.17273509400112,0.677500892420526,"3,2"
"12317","Temp..of.NSEC.Main.Ch. + N..Basin.Outfall + CODto..mg.L. + TSS..mg.L. + NSEC.Effluent.NO5 + NSEC.Effluent.Flow",0.106813086577972,0.475858751601422,"3,2"
"12318","Temp..of.NSEC.Main.Ch. + N..Basin.Outfall + CODto..mg.L. + UVT.... + CODds..mg.L. + SACto..1.m.",0.0711875442668326,0.553308865153681,"3,2"
"12319","Temp..of.NSEC.Main.Ch. + N..Basin.Outfall + CODto..mg.L. + UVT.... + CODds..mg.L. + NSEC.Aerobic.SRT",0.0585026247246827,0.75580056055956,"3,2"
"12320","Temp..of.NSEC.Main.Ch. + N..Basin.Outfall + CODto..mg.L. + UVT.... + CODds..mg.L. + NSEC.Effluent.NH3",0.101808068942104,0.530355019674457,"3,2"
"12321","Temp..of.NSEC.Main.Ch. + N..Basin.Outfall + CODto..mg.L. + UVT.... + CODds..mg.L. + NSEC.Effluent.NO3",0.143321986002917,0.588235419104568,"3,2"
"12322","Temp..of.NSEC.Main.Ch. + N..Basin.Outfall + CODto..mg.L. + UVT.... + CODds..mg.L. + NSEC.Effluent.OP",0.128081018576411,0.605851417376461,"3,2"
"12323","Temp..of.NSEC.Main.Ch. + N..Basin.Outfall + CODto..mg.L. + UVT.... + CODds..mg.L. + NSEC.Effluent.TSS",0.0933316737361565,0.716828558284921,"3,2"
"12324","Temp..of.NSEC.Main.Ch. + N..Basin.Outfall + CODto..mg.L. + UVT.... + CODds..mg.L. + NSEC.Effluent.NO5",0.140819715267112,0.556922568239276,"3,2"
"12325","Temp..of.NSEC.Main.Ch. + N..Basin.Outfall + CODto..mg.L. + UVT.... + CODds..mg.L. + NSEC.Effluent.Flow",0.131631586025833,0.54341467805278,"3,2"
"12326","Temp..of.NSEC.Main.Ch. + N..Basin.Outfall + CODto..mg.L. + UVT.... + SACto..1.m. + NSEC.Aerobic.SRT",0.00599226900127858,0.765194858991326,"3,2"
"12327","Temp..of.NSEC.Main.Ch. + N..Basin.Outfall + CODto..mg.L. + UVT.... + SACto..1.m. + NSEC.Effluent.NH3",0.0542658034385197,0.493566343469759,"3,2"
"12328","Temp..of.NSEC.Main.Ch. + N..Basin.Outfall + CODto..mg.L. + UVT.... + SACto..1.m. + NSEC.Effluent.NO3",0.0337508449926274,0.515573082049587,"3,2"
"12329","Temp..of.NSEC.Main.Ch. + N..Basin.Outfall + CODto..mg.L. + UVT.... + SACto..1.m. + NSEC.Effluent.OP",0.0183160328634426,0.501606302290569,"3,2"
"12330","Temp..of.NSEC.Main.Ch. + N..Basin.Outfall + CODto..mg.L. + UVT.... + SACto..1.m. + NSEC.Effluent.TSS",0.193239772637969,0.607123500351134,"3,2"
"12331","Temp..of.NSEC.Main.Ch. + N..Basin.Outfall + CODto..mg.L. + UVT.... + SACto..1.m. + NSEC.Effluent.NO5",0.136750438338757,0.466220921040715,"3,2"
"12332","Temp..of.NSEC.Main.Ch. + N..Basin.Outfall + CODto..mg.L. + UVT.... + SACto..1.m. + NSEC.Effluent.Flow",0.0225035524403676,0.404032358508522,"3,2"
"12333","Temp..of.NSEC.Main.Ch. + N..Basin.Outfall + CODto..mg.L. + UVT.... + NSEC.Aerobic.SRT + NSEC.Effluent.NH3",0.0930431122513071,0.764253577604316,"3,2"
"12334","Temp..of.NSEC.Main.Ch. + N..Basin.Outfall + CODto..mg.L. + UVT.... + NSEC.Aerobic.SRT + NSEC.Effluent.NO3",0.264718159876606,0.800679726877093,"3,2"
"12335","Temp..of.NSEC.Main.Ch. + N..Basin.Outfall + CODto..mg.L. + UVT.... + NSEC.Aerobic.SRT + NSEC.Effluent.OP",0.222101231034377,0.764595660986645,"3,2"
"12336","Temp..of.NSEC.Main.Ch. + N..Basin.Outfall + CODto..mg.L. + UVT.... + NSEC.Aerobic.SRT + NSEC.Effluent.TSS",0.0566466694268248,0.788801713993653,"3,2"
"12337","Temp..of.NSEC.Main.Ch. + N..Basin.Outfall + CODto..mg.L. + UVT.... + NSEC.Aerobic.SRT + NSEC.Effluent.NO5",0.109108836540821,0.807022981334265,"3,2"
"12338","Temp..of.NSEC.Main.Ch. + N..Basin.Outfall + CODto..mg.L. + UVT.... + NSEC.Aerobic.SRT + NSEC.Effluent.Flow",0.0255983021499226,0.810570765018509,"3,2"
"12339","Temp..of.NSEC.Main.Ch. + N..Basin.Outfall + CODto..mg.L. + UVT.... + NSEC.Effluent.NH3 + NSEC.Effluent.NO3",0.162427371361311,0.498778224964561,"3,2"
"12340","Temp..of.NSEC.Main.Ch. + N..Basin.Outfall + CODto..mg.L. + UVT.... + NSEC.Effluent.NH3 + NSEC.Effluent.OP",0.54711391402591,0.604672109194023,"3,2"
"12341","Temp..of.NSEC.Main.Ch. + N..Basin.Outfall + CODto..mg.L. + UVT.... + NSEC.Effluent.NH3 + NSEC.Effluent.TSS",0.125335104021078,0.667994148231846,"3,2"
"12342","Temp..of.NSEC.Main.Ch. + N..Basin.Outfall + CODto..mg.L. + UVT.... + NSEC.Effluent.NH3 + NSEC.Effluent.NO5",0.0399393953626088,0.511108127223172,"3,2"
"12343","Temp..of.NSEC.Main.Ch. + N..Basin.Outfall + CODto..mg.L. + UVT.... + NSEC.Effluent.NH3 + NSEC.Effluent.Flow",0.0473054192996771,0.386301303343529,"3,2"
"12344","Temp..of.NSEC.Main.Ch. + N..Basin.Outfall + CODto..mg.L. + UVT.... + NSEC.Effluent.NO3 + NSEC.Effluent.OP",0.0547540675199394,0.693819046778925,"3,2"
"12345","Temp..of.NSEC.Main.Ch. + N..Basin.Outfall + CODto..mg.L. + UVT.... + NSEC.Effluent.NO3 + NSEC.Effluent.TSS",0.0336209212321688,0.682306597606564,"3,2"
"12346","Temp..of.NSEC.Main.Ch. + N..Basin.Outfall + CODto..mg.L. + UVT.... + NSEC.Effluent.NO3 + NSEC.Effluent.NO5",0.0587476788808496,0.520322002238218,"3,2"
"12347","Temp..of.NSEC.Main.Ch. + N..Basin.Outfall + CODto..mg.L. + UVT.... + NSEC.Effluent.NO3 + NSEC.Effluent.Flow",0.154382104776726,0.624772524209527,"3,2"
"12348","Temp..of.NSEC.Main.Ch. + N..Basin.Outfall + CODto..mg.L. + UVT.... + NSEC.Effluent.OP + NSEC.Effluent.TSS",0.0482213030412884,0.758425376238396,"3,2"
"12349","Temp..of.NSEC.Main.Ch. + N..Basin.Outfall + CODto..mg.L. + UVT.... + NSEC.Effluent.OP + NSEC.Effluent.NO5",0.100164242019778,0.742884153610502,"3,2"
"12350","Temp..of.NSEC.Main.Ch. + N..Basin.Outfall + CODto..mg.L. + UVT.... + NSEC.Effluent.OP + NSEC.Effluent.Flow",0.00584538807903257,0.569350381075491,"3,2"
"12351","Temp..of.NSEC.Main.Ch. + N..Basin.Outfall + CODto..mg.L. + UVT.... + NSEC.Effluent.TSS + NSEC.Effluent.NO5",0.0731696886170083,0.539585784270771,"3,2"
"12352","Temp..of.NSEC.Main.Ch. + N..Basin.Outfall + CODto..mg.L. + UVT.... + NSEC.Effluent.TSS + NSEC.Effluent.Flow",0.0902818509760377,0.660613427613903,"3,2"
"12353","Temp..of.NSEC.Main.Ch. + N..Basin.Outfall + CODto..mg.L. + UVT.... + NSEC.Effluent.NO5 + NSEC.Effluent.Flow",0.167046437201662,0.51938538797235,"3,2"
"12354","Temp..of.NSEC.Main.Ch. + N..Basin.Outfall + CODto..mg.L. + CODds..mg.L. + SACto..1.m. + NSEC.Aerobic.SRT",0.101954134605175,0.526464373633631,"3,2"
"12355","Temp..of.NSEC.Main.Ch. + N..Basin.Outfall + CODto..mg.L. + CODds..mg.L. + SACto..1.m. + NSEC.Effluent.NH3",0.154826115326692,0.529053356316502,"3,2"
"12356","Temp..of.NSEC.Main.Ch. + N..Basin.Outfall + CODto..mg.L. + CODds..mg.L. + SACto..1.m. + NSEC.Effluent.NO3",0.104846947881443,0.52778999303587,"3,2"
"12357","Temp..of.NSEC.Main.Ch. + N..Basin.Outfall + CODto..mg.L. + CODds..mg.L. + SACto..1.m. + NSEC.Effluent.OP",0.152427573537947,0.584401583701447,"3,2"
"12358","Temp..of.NSEC.Main.Ch. + N..Basin.Outfall + CODto..mg.L. + CODds..mg.L. + SACto..1.m. + NSEC.Effluent.TSS",0.219627467641119,0.655791940460968,"3,2"
"12359","Temp..of.NSEC.Main.Ch. + N..Basin.Outfall + CODto..mg.L. + CODds..mg.L. + SACto..1.m. + NSEC.Effluent.NO5",0.123248933243443,0.558286442570379,"3,2"
"12360","Temp..of.NSEC.Main.Ch. + N..Basin.Outfall + CODto..mg.L. + CODds..mg.L. + SACto..1.m. + NSEC.Effluent.Flow",0.0583010142519771,0.530357495547712,"3,2"
"12361","Temp..of.NSEC.Main.Ch. + N..Basin.Outfall + CODto..mg.L. + CODds..mg.L. + NSEC.Aerobic.SRT + NSEC.Effluent.NH3",0.0783853303778463,0.534491887232834,"3,2"
"12362","Temp..of.NSEC.Main.Ch. + N..Basin.Outfall + CODto..mg.L. + CODds..mg.L. + NSEC.Aerobic.SRT + NSEC.Effluent.NO3",0.0490915581448421,0.755692155171155,"3,2"
"12363","Temp..of.NSEC.Main.Ch. + N..Basin.Outfall + CODto..mg.L. + CODds..mg.L. + NSEC.Aerobic.SRT + NSEC.Effluent.OP",0.0680672336110255,0.777930913613608,"3,2"
"12364","Temp..of.NSEC.Main.Ch. + N..Basin.Outfall + CODto..mg.L. + CODds..mg.L. + NSEC.Aerobic.SRT + NSEC.Effluent.TSS",0.0829759028570818,0.744682897638168,"3,2"
"12365","Temp..of.NSEC.Main.Ch. + N..Basin.Outfall + CODto..mg.L. + CODds..mg.L. + NSEC.Aerobic.SRT + NSEC.Effluent.NO5",0.0712253350102108,0.453439876618655,"3,2"
"12366","Temp..of.NSEC.Main.Ch. + N..Basin.Outfall + CODto..mg.L. + CODds..mg.L. + NSEC.Aerobic.SRT + NSEC.Effluent.Flow",0.110070406206041,0.80690867053732,"3,2"
"12367","Temp..of.NSEC.Main.Ch. + N..Basin.Outfall + CODto..mg.L. + CODds..mg.L. + NSEC.Effluent.NH3 + NSEC.Effluent.NO3",0.119939443965356,0.572156711757949,"3,2"
"12368","Temp..of.NSEC.Main.Ch. + N..Basin.Outfall + CODto..mg.L. + CODds..mg.L. + NSEC.Effluent.NH3 + NSEC.Effluent.OP",0.10870311591792,0.617084175204343,"3,2"
"12369","Temp..of.NSEC.Main.Ch. + N..Basin.Outfall + CODto..mg.L. + CODds..mg.L. + NSEC.Effluent.NH3 + NSEC.Effluent.TSS",0.0189104228291623,0.715018788692445,"3,2"
"12370","Temp..of.NSEC.Main.Ch. + N..Basin.Outfall + CODto..mg.L. + CODds..mg.L. + NSEC.Effluent.NH3 + NSEC.Effluent.NO5",0.16531947523462,0.552006560819538,"3,2"
"12371","Temp..of.NSEC.Main.Ch. + N..Basin.Outfall + CODto..mg.L. + CODds..mg.L. + NSEC.Effluent.NH3 + NSEC.Effluent.Flow",0.0498793494649812,0.573160883874779,"3,2"
"12372","Temp..of.NSEC.Main.Ch. + N..Basin.Outfall + CODto..mg.L. + CODds..mg.L. + NSEC.Effluent.NO3 + NSEC.Effluent.OP",0.249005184644702,0.605539113933859,"3,2"
"12373","Temp..of.NSEC.Main.Ch. + N..Basin.Outfall + CODto..mg.L. + CODds..mg.L. + NSEC.Effluent.NO3 + NSEC.Effluent.TSS",0.103383482494332,0.729762346918876,"3,2"
"12374","Temp..of.NSEC.Main.Ch. + N..Basin.Outfall + CODto..mg.L. + CODds..mg.L. + NSEC.Effluent.NO3 + NSEC.Effluent.NO5",0.175568810694483,0.523719277679181,"3,2"
"12375","Temp..of.NSEC.Main.Ch. + N..Basin.Outfall + CODto..mg.L. + CODds..mg.L. + NSEC.Effluent.NO3 + NSEC.Effluent.Flow",0.068760405080486,0.552929303934956,"3,2"
"12376","Temp..of.NSEC.Main.Ch. + N..Basin.Outfall + CODto..mg.L. + CODds..mg.L. + NSEC.Effluent.OP + NSEC.Effluent.TSS",0.0699658851936587,0.672314552381595,"3,2"
"12377","Temp..of.NSEC.Main.Ch. + N..Basin.Outfall + CODto..mg.L. + CODds..mg.L. + NSEC.Effluent.OP + NSEC.Effluent.NO5",0.222692154784303,0.60259983229359,"3,2"
"12378","Temp..of.NSEC.Main.Ch. + N..Basin.Outfall + CODto..mg.L. + CODds..mg.L. + NSEC.Effluent.OP + NSEC.Effluent.Flow",0.202406378852912,0.589072858914569,"3,2"
"12379","Temp..of.NSEC.Main.Ch. + N..Basin.Outfall + CODto..mg.L. + CODds..mg.L. + NSEC.Effluent.TSS + NSEC.Effluent.NO5",0.0098621100086953,0.717572444840185,"3,2"
"12380","Temp..of.NSEC.Main.Ch. + N..Basin.Outfall + CODto..mg.L. + CODds..mg.L. + NSEC.Effluent.TSS + NSEC.Effluent.Flow",0.116732552422843,0.717432272758394,"3,2"
"12381","Temp..of.NSEC.Main.Ch. + N..Basin.Outfall + CODto..mg.L. + CODds..mg.L. + NSEC.Effluent.NO5 + NSEC.Effluent.Flow",0.133089733345253,0.58717294272392,"3,2"
"12382","Temp..of.NSEC.Main.Ch. + N..Basin.Outfall + CODto..mg.L. + SACto..1.m. + NSEC.Aerobic.SRT + NSEC.Effluent.NH3",0.101081357111233,0.6408878487245,"3,2"
"12383","Temp..of.NSEC.Main.Ch. + N..Basin.Outfall + CODto..mg.L. + SACto..1.m. + NSEC.Aerobic.SRT + NSEC.Effluent.NO3",0.233218131103035,0.511235896347743,"3,2"
"12384","Temp..of.NSEC.Main.Ch. + N..Basin.Outfall + CODto..mg.L. + SACto..1.m. + NSEC.Aerobic.SRT + NSEC.Effluent.OP",0.1036064093648,0.752138078580854,"3,2"
"12385","Temp..of.NSEC.Main.Ch. + N..Basin.Outfall + CODto..mg.L. + SACto..1.m. + NSEC.Aerobic.SRT + NSEC.Effluent.TSS",0.184664742332947,0.787347211948199,"3,2"
"12386","Temp..of.NSEC.Main.Ch. + N..Basin.Outfall + CODto..mg.L. + SACto..1.m. + NSEC.Aerobic.SRT + NSEC.Effluent.NO5",0.119795545715548,0.67206038692918,"3,2"
"12387","Temp..of.NSEC.Main.Ch. + N..Basin.Outfall + CODto..mg.L. + SACto..1.m. + NSEC.Aerobic.SRT + NSEC.Effluent.Flow",0.0708691184439085,0.750352418201829,"3,2"
"12388","Temp..of.NSEC.Main.Ch. + N..Basin.Outfall + CODto..mg.L. + SACto..1.m. + NSEC.Effluent.NH3 + NSEC.Effluent.NO3",0.0306143042800557,0.524877808657361,"3,2"
"12389","Temp..of.NSEC.Main.Ch. + N..Basin.Outfall + CODto..mg.L. + SACto..1.m. + NSEC.Effluent.NH3 + NSEC.Effluent.OP",0.178566141720971,0.580214873768008,"3,2"
"12390","Temp..of.NSEC.Main.Ch. + N..Basin.Outfall + CODto..mg.L. + SACto..1.m. + NSEC.Effluent.NH3 + NSEC.Effluent.TSS",0.0908650079066238,0.62959305582659,"3,2"
"12391","Temp..of.NSEC.Main.Ch. + N..Basin.Outfall + CODto..mg.L. + SACto..1.m. + NSEC.Effluent.NH3 + NSEC.Effluent.NO5",0.037206486472936,0.449559681198935,"3,2"
"12392","Temp..of.NSEC.Main.Ch. + N..Basin.Outfall + CODto..mg.L. + SACto..1.m. + NSEC.Effluent.NH3 + NSEC.Effluent.Flow",0.333080128558902,0.445779067999622,"3,2"
"12393","Temp..of.NSEC.Main.Ch. + N..Basin.Outfall + CODto..mg.L. + SACto..1.m. + NSEC.Effluent.NO3 + NSEC.Effluent.OP",0.147015608756685,0.615732576096339,"3,2"
"12394","Temp..of.NSEC.Main.Ch. + N..Basin.Outfall + CODto..mg.L. + SACto..1.m. + NSEC.Effluent.NO3 + NSEC.Effluent.TSS",0.262437544663153,0.681425556816259,"3,2"
"12395","Temp..of.NSEC.Main.Ch. + N..Basin.Outfall + CODto..mg.L. + SACto..1.m. + NSEC.Effluent.NO3 + NSEC.Effluent.NO5",0.0300624284985307,0.493676994860273,"3,2"
"12396","Temp..of.NSEC.Main.Ch. + N..Basin.Outfall + CODto..mg.L. + SACto..1.m. + NSEC.Effluent.NO3 + NSEC.Effluent.Flow",0.0819132616733573,0.45465162800221,"3,2"
"12397","Temp..of.NSEC.Main.Ch. + N..Basin.Outfall + CODto..mg.L. + SACto..1.m. + NSEC.Effluent.OP + NSEC.Effluent.TSS",0.0316180724633441,0.759407031403805,"3,2"
"12398","Temp..of.NSEC.Main.Ch. + N..Basin.Outfall + CODto..mg.L. + SACto..1.m. + NSEC.Effluent.OP + NSEC.Effluent.NO5",0.211468673800661,0.665213430125872,"3,2"
"12399","Temp..of.NSEC.Main.Ch. + N..Basin.Outfall + CODto..mg.L. + SACto..1.m. + NSEC.Effluent.OP + NSEC.Effluent.Flow",0.0373501404263292,0.602623174255365,"3,2"
"12400","Temp..of.NSEC.Main.Ch. + N..Basin.Outfall + CODto..mg.L. + SACto..1.m. + NSEC.Effluent.TSS + NSEC.Effluent.NO5",0.0310291415923925,0.617150720661385,"3,2"
"12401","Temp..of.NSEC.Main.Ch. + N..Basin.Outfall + CODto..mg.L. + SACto..1.m. + NSEC.Effluent.TSS + NSEC.Effluent.Flow",0.227761253014397,0.649215787889304,"3,2"
"12402","Temp..of.NSEC.Main.Ch. + N..Basin.Outfall + CODto..mg.L. + SACto..1.m. + NSEC.Effluent.NO5 + NSEC.Effluent.Flow",0.109618243353418,0.43285834146485,"3,2"
"12403","Temp..of.NSEC.Main.Ch. + N..Basin.Outfall + CODto..mg.L. + NSEC.Aerobic.SRT + NSEC.Effluent.NH3 + NSEC.Effluent.NO3",0.13207840878387,0.694052844052855,"3,2"
"12404","Temp..of.NSEC.Main.Ch. + N..Basin.Outfall + CODto..mg.L. + NSEC.Aerobic.SRT + NSEC.Effluent.NH3 + NSEC.Effluent.OP",0.102406141622734,0.693594849631464,"3,2"
"12405","Temp..of.NSEC.Main.Ch. + N..Basin.Outfall + CODto..mg.L. + NSEC.Aerobic.SRT + NSEC.Effluent.NH3 + NSEC.Effluent.TSS",0.144192094351444,0.774112888190557,"3,2"
"12406","Temp..of.NSEC.Main.Ch. + N..Basin.Outfall + CODto..mg.L. + NSEC.Aerobic.SRT + NSEC.Effluent.NH3 + NSEC.Effluent.NO5",0.185461313806853,0.74235154889174,"3,2"
"12407","Temp..of.NSEC.Main.Ch. + N..Basin.Outfall + CODto..mg.L. + NSEC.Aerobic.SRT + NSEC.Effluent.NH3 + NSEC.Effluent.Flow",0.0222790840776028,0.408374058420797,"3,2"
"12408","Temp..of.NSEC.Main.Ch. + N..Basin.Outfall + CODto..mg.L. + NSEC.Aerobic.SRT + NSEC.Effluent.NO3 + NSEC.Effluent.OP",0.175021989366636,0.695214842760263,"3,2"
"12409","Temp..of.NSEC.Main.Ch. + N..Basin.Outfall + CODto..mg.L. + NSEC.Aerobic.SRT + NSEC.Effluent.NO3 + NSEC.Effluent.TSS",0.0398013033344293,0.820510916436745,"3,2"
"12410","Temp..of.NSEC.Main.Ch. + N..Basin.Outfall + CODto..mg.L. + NSEC.Aerobic.SRT + NSEC.Effluent.NO3 + NSEC.Effluent.NO5",0.0829527130534407,0.788822518849501,"3,2"
"12411","Temp..of.NSEC.Main.Ch. + N..Basin.Outfall + CODto..mg.L. + NSEC.Aerobic.SRT + NSEC.Effluent.NO3 + NSEC.Effluent.Flow",0.207579931904215,0.755388739467442,"3,2"
"12412","Temp..of.NSEC.Main.Ch. + N..Basin.Outfall + CODto..mg.L. + NSEC.Aerobic.SRT + NSEC.Effluent.OP + NSEC.Effluent.TSS",0.233261794647175,0.756465456279072,"3,2"
"12413","Temp..of.NSEC.Main.Ch. + N..Basin.Outfall + CODto..mg.L. + NSEC.Aerobic.SRT + NSEC.Effluent.OP + NSEC.Effluent.NO5",0.270622051339714,0.777139028884012,"3,2"
"12414","Temp..of.NSEC.Main.Ch. + N..Basin.Outfall + CODto..mg.L. + NSEC.Aerobic.SRT + NSEC.Effluent.OP + NSEC.Effluent.Flow",0.0382853027699195,0.736606169414324,"3,2"
"12415","Temp..of.NSEC.Main.Ch. + N..Basin.Outfall + CODto..mg.L. + NSEC.Aerobic.SRT + NSEC.Effluent.TSS + NSEC.Effluent.NO5",0.00757184803334887,0.448557705006884,"3,2"
"12416","Temp..of.NSEC.Main.Ch. + N..Basin.Outfall + CODto..mg.L. + NSEC.Aerobic.SRT + NSEC.Effluent.TSS + NSEC.Effluent.Flow",0.0785347072413245,0.604967194213334,"3,2"
"12417","Temp..of.NSEC.Main.Ch. + N..Basin.Outfall + CODto..mg.L. + NSEC.Aerobic.SRT + NSEC.Effluent.NO5 + NSEC.Effluent.Flow",0.0436528371572629,0.785967944537831,"3,2"
"12418","Temp..of.NSEC.Main.Ch. + N..Basin.Outfall + CODto..mg.L. + NSEC.Effluent.NH3 + NSEC.Effluent.NO3 + NSEC.Effluent.OP",0.316566208867278,0.57626290109902,"3,2"
"12419","Temp..of.NSEC.Main.Ch. + N..Basin.Outfall + CODto..mg.L. + NSEC.Effluent.NH3 + NSEC.Effluent.NO3 + NSEC.Effluent.TSS",0.118211828783773,0.512633682668445,"3,2"
"12420","Temp..of.NSEC.Main.Ch. + N..Basin.Outfall + CODto..mg.L. + NSEC.Effluent.NH3 + NSEC.Effluent.NO3 + NSEC.Effluent.NO5",0.142376379392871,0.521672444854529,"3,2"
"12421","Temp..of.NSEC.Main.Ch. + N..Basin.Outfall + CODto..mg.L. + NSEC.Effluent.NH3 + NSEC.Effluent.NO3 + NSEC.Effluent.Flow",0.160098582845621,0.427792337874662,"3,2"
"12422","Temp..of.NSEC.Main.Ch. + N..Basin.Outfall + CODto..mg.L. + NSEC.Effluent.NH3 + NSEC.Effluent.OP + NSEC.Effluent.TSS",0.0117065395166316,0.54638839881013,"3,2"
"12423","Temp..of.NSEC.Main.Ch. + N..Basin.Outfall + CODto..mg.L. + NSEC.Effluent.NH3 + NSEC.Effluent.OP + NSEC.Effluent.NO5",0.168821950594223,0.454670582452535,"3,2"
"12424","Temp..of.NSEC.Main.Ch. + N..Basin.Outfall + CODto..mg.L. + NSEC.Effluent.NH3 + NSEC.Effluent.OP + NSEC.Effluent.Flow",0.077124822173916,0.561814030795319,"3,2"
"12425","Temp..of.NSEC.Main.Ch. + N..Basin.Outfall + CODto..mg.L. + NSEC.Effluent.NH3 + NSEC.Effluent.TSS + NSEC.Effluent.NO5",0.121933533741162,0.623604366389831,"3,2"
"12426","Temp..of.NSEC.Main.Ch. + N..Basin.Outfall + CODto..mg.L. + NSEC.Effluent.NH3 + NSEC.Effluent.TSS + NSEC.Effluent.Flow",0.0498242132818156,0.600816695651453,"3,2"
"12427","Temp..of.NSEC.Main.Ch. + N..Basin.Outfall + CODto..mg.L. + NSEC.Effluent.NH3 + NSEC.Effluent.NO5 + NSEC.Effluent.Flow",0.0665997969252015,0.229447175877675,"3,2"
"12428","Temp..of.NSEC.Main.Ch. + N..Basin.Outfall + CODto..mg.L. + NSEC.Effluent.NO3 + NSEC.Effluent.OP + NSEC.Effluent.TSS",0.176257925629764,0.61996284770108,"3,2"
"12429","Temp..of.NSEC.Main.Ch. + N..Basin.Outfall + CODto..mg.L. + NSEC.Effluent.NO3 + NSEC.Effluent.OP + NSEC.Effluent.NO5",0.265656661890907,0.568685332926685,"3,2"
"12430","Temp..of.NSEC.Main.Ch. + N..Basin.Outfall + CODto..mg.L. + NSEC.Effluent.NO3 + NSEC.Effluent.OP + NSEC.Effluent.Flow",0.128592152798106,0.471000886850618,"3,2"
"12431","Temp..of.NSEC.Main.Ch. + N..Basin.Outfall + CODto..mg.L. + NSEC.Effluent.NO3 + NSEC.Effluent.TSS + NSEC.Effluent.NO5",0.338572249761283,0.668742963499239,"3,2"
"12432","Temp..of.NSEC.Main.Ch. + N..Basin.Outfall + CODto..mg.L. + NSEC.Effluent.NO3 + NSEC.Effluent.TSS + NSEC.Effluent.Flow",0.0665110435529819,0.500173301329571,"3,2"
"12433","Temp..of.NSEC.Main.Ch. + N..Basin.Outfall + CODto..mg.L. + NSEC.Effluent.NO3 + NSEC.Effluent.NO5 + NSEC.Effluent.Flow",0.0630226723206015,0.352983298434571,"3,2"
"12434","Temp..of.NSEC.Main.Ch. + N..Basin.Outfall + CODto..mg.L. + NSEC.Effluent.OP + NSEC.Effluent.TSS + NSEC.Effluent.NO5",0.0886054622451271,0.548565072926197,"3,2"
"12435","Temp..of.NSEC.Main.Ch. + N..Basin.Outfall + CODto..mg.L. + NSEC.Effluent.OP + NSEC.Effluent.TSS + NSEC.Effluent.Flow",0.155385708787819,0.692440461994782,"3,2"
"12436","Temp..of.NSEC.Main.Ch. + N..Basin.Outfall + CODto..mg.L. + NSEC.Effluent.OP + NSEC.Effluent.NO5 + NSEC.Effluent.Flow",0.143008176518316,0.574678439503451,"3,2"
"12437","Temp..of.NSEC.Main.Ch. + N..Basin.Outfall + CODto..mg.L. + NSEC.Effluent.TSS + NSEC.Effluent.NO5 + NSEC.Effluent.Flow",0.203290181520176,0.591477697571662,"3,2"
"12438","Temp..of.NSEC.Main.Ch. + N..Basin.Outfall + TSS..mg.L. + UVT.... + CODds..mg.L. + SACto..1.m.",0.156994037193874,0.562260010628907,"3,2"
"12439","Temp..of.NSEC.Main.Ch. + N..Basin.Outfall + TSS..mg.L. + UVT.... + CODds..mg.L. + NSEC.Aerobic.SRT",0.0550678314565154,0.784868995364828,"3,2"
"12440","Temp..of.NSEC.Main.Ch. + N..Basin.Outfall + TSS..mg.L. + UVT.... + CODds..mg.L. + NSEC.Effluent.NH3",0.0253447805376055,0.583725500267134,"3,2"
"12441","Temp..of.NSEC.Main.Ch. + N..Basin.Outfall + TSS..mg.L. + UVT.... + CODds..mg.L. + NSEC.Effluent.NO3",0.0787672662857588,0.558523877745157,"3,2"
"12442","Temp..of.NSEC.Main.Ch. + N..Basin.Outfall + TSS..mg.L. + UVT.... + CODds..mg.L. + NSEC.Effluent.OP",0.0256436871265646,0.614073239988688,"3,2"
"12443","Temp..of.NSEC.Main.Ch. + N..Basin.Outfall + TSS..mg.L. + UVT.... + CODds..mg.L. + NSEC.Effluent.TSS",0.0646626203315632,0.775348427341942,"3,2"
"12444","Temp..of.NSEC.Main.Ch. + N..Basin.Outfall + TSS..mg.L. + UVT.... + CODds..mg.L. + NSEC.Effluent.NO5",0.147083450269145,0.630436633189445,"3,2"
"12445","Temp..of.NSEC.Main.Ch. + N..Basin.Outfall + TSS..mg.L. + UVT.... + CODds..mg.L. + NSEC.Effluent.Flow",0.026645737829551,0.576122227440471,"3,2"
"12446","Temp..of.NSEC.Main.Ch. + N..Basin.Outfall + TSS..mg.L. + UVT.... + SACto..1.m. + NSEC.Aerobic.SRT",0.0716921278295657,0.722276329386438,"3,2"
"12447","Temp..of.NSEC.Main.Ch. + N..Basin.Outfall + TSS..mg.L. + UVT.... + SACto..1.m. + NSEC.Effluent.NH3",0.166070164814685,0.55794124202038,"3,2"
"12448","Temp..of.NSEC.Main.Ch. + N..Basin.Outfall + TSS..mg.L. + UVT.... + SACto..1.m. + NSEC.Effluent.NO3",0.226214264467196,0.657120386134269,"3,2"
"12449","Temp..of.NSEC.Main.Ch. + N..Basin.Outfall + TSS..mg.L. + UVT.... + SACto..1.m. + NSEC.Effluent.OP",0.193252744813513,0.130596516838192,"3,2"
"12450","Temp..of.NSEC.Main.Ch. + N..Basin.Outfall + TSS..mg.L. + UVT.... + SACto..1.m. + NSEC.Effluent.TSS",0.094335674667654,0.751357651837522,"3,2"
"12451","Temp..of.NSEC.Main.Ch. + N..Basin.Outfall + TSS..mg.L. + UVT.... + SACto..1.m. + NSEC.Effluent.NO5",0.159145919807516,0.582900677367325,"3,2"
"12452","Temp..of.NSEC.Main.Ch. + N..Basin.Outfall + TSS..mg.L. + UVT.... + SACto..1.m. + NSEC.Effluent.Flow",0.0731059660542024,0.536323036354916,"3,2"
"12453","Temp..of.NSEC.Main.Ch. + N..Basin.Outfall + TSS..mg.L. + UVT.... + NSEC.Aerobic.SRT + NSEC.Effluent.NH3",0.000749233635608526,0.742151501720386,"3,2"
"12454","Temp..of.NSEC.Main.Ch. + N..Basin.Outfall + TSS..mg.L. + UVT.... + NSEC.Aerobic.SRT + NSEC.Effluent.NO3",0.111718568301871,0.847060323435351,"3,2"
"12455","Temp..of.NSEC.Main.Ch. + N..Basin.Outfall + TSS..mg.L. + UVT.... + NSEC.Aerobic.SRT + NSEC.Effluent.OP",0.0941656353064799,0.644932505775289,"3,2"
"12456","Temp..of.NSEC.Main.Ch. + N..Basin.Outfall + TSS..mg.L. + UVT.... + NSEC.Aerobic.SRT + NSEC.Effluent.TSS",0.0422565900567986,0.790133098511107,"3,2"
"12457","Temp..of.NSEC.Main.Ch. + N..Basin.Outfall + TSS..mg.L. + UVT.... + NSEC.Aerobic.SRT + NSEC.Effluent.NO5",0.180149656019577,0.778119687000193,"3,2"
"12458","Temp..of.NSEC.Main.Ch. + N..Basin.Outfall + TSS..mg.L. + UVT.... + NSEC.Aerobic.SRT + NSEC.Effluent.Flow",0.0168666656832988,0.736478244712364,"3,2"
"12459","Temp..of.NSEC.Main.Ch. + N..Basin.Outfall + TSS..mg.L. + UVT.... + NSEC.Effluent.NH3 + NSEC.Effluent.NO3",0.115546094259461,0.633689469172134,"3,2"
"12460","Temp..of.NSEC.Main.Ch. + N..Basin.Outfall + TSS..mg.L. + UVT.... + NSEC.Effluent.NH3 + NSEC.Effluent.OP",0.159594852870171,0.734469705274783,"3,2"
"12461","Temp..of.NSEC.Main.Ch. + N..Basin.Outfall + TSS..mg.L. + UVT.... + NSEC.Effluent.NH3 + NSEC.Effluent.TSS",0.100569324979573,0.728669244227263,"3,2"
"12462","Temp..of.NSEC.Main.Ch. + N..Basin.Outfall + TSS..mg.L. + UVT.... + NSEC.Effluent.NH3 + NSEC.Effluent.NO5",0.18991478460879,0.618646216620853,"3,2"
"12463","Temp..of.NSEC.Main.Ch. + N..Basin.Outfall + TSS..mg.L. + UVT.... + NSEC.Effluent.NH3 + NSEC.Effluent.Flow",0.0619811465819957,0.580112489510857,"3,2"
"12464","Temp..of.NSEC.Main.Ch. + N..Basin.Outfall + TSS..mg.L. + UVT.... + NSEC.Effluent.NO3 + NSEC.Effluent.OP",0.180205241000234,0.735056961775824,"3,2"
"12465","Temp..of.NSEC.Main.Ch. + N..Basin.Outfall + TSS..mg.L. + UVT.... + NSEC.Effluent.NO3 + NSEC.Effluent.TSS",0.0395365420706506,0.628519112131519,"3,2"
"12466","Temp..of.NSEC.Main.Ch. + N..Basin.Outfall + TSS..mg.L. + UVT.... + NSEC.Effluent.NO3 + NSEC.Effluent.NO5",0.134591234195606,0.5831311523436,"3,2"
"12467","Temp..of.NSEC.Main.Ch. + N..Basin.Outfall + TSS..mg.L. + UVT.... + NSEC.Effluent.NO3 + NSEC.Effluent.Flow",0.0420263491752806,0.605001931586774,"3,2"
"12468","Temp..of.NSEC.Main.Ch. + N..Basin.Outfall + TSS..mg.L. + UVT.... + NSEC.Effluent.OP + NSEC.Effluent.TSS",0.229491211693342,0.803764341574322,"3,2"
"12469","Temp..of.NSEC.Main.Ch. + N..Basin.Outfall + TSS..mg.L. + UVT.... + NSEC.Effluent.OP + NSEC.Effluent.NO5",0.0539106245269916,0.58059826738869,"3,2"
"12470","Temp..of.NSEC.Main.Ch. + N..Basin.Outfall + TSS..mg.L. + UVT.... + NSEC.Effluent.OP + NSEC.Effluent.Flow",0.109195953719865,0.628797298087258,"3,2"
"12471","Temp..of.NSEC.Main.Ch. + N..Basin.Outfall + TSS..mg.L. + UVT.... + NSEC.Effluent.TSS + NSEC.Effluent.NO5",0.12271820358831,0.709141645413883,"3,2"
"12472","Temp..of.NSEC.Main.Ch. + N..Basin.Outfall + TSS..mg.L. + UVT.... + NSEC.Effluent.TSS + NSEC.Effluent.Flow",0.0684977217941349,0.712767215248172,"3,2"
"12473","Temp..of.NSEC.Main.Ch. + N..Basin.Outfall + TSS..mg.L. + UVT.... + NSEC.Effluent.NO5 + NSEC.Effluent.Flow",0.0491099202826479,0.594659101738028,"3,2"
"12474","Temp..of.NSEC.Main.Ch. + N..Basin.Outfall + TSS..mg.L. + CODds..mg.L. + SACto..1.m. + NSEC.Aerobic.SRT",0.286676922853856,0.695120317849899,"3,2"
"12475","Temp..of.NSEC.Main.Ch. + N..Basin.Outfall + TSS..mg.L. + CODds..mg.L. + SACto..1.m. + NSEC.Effluent.NH3",0.0787190191473344,0.568248816097058,"3,2"
"12476","Temp..of.NSEC.Main.Ch. + N..Basin.Outfall + TSS..mg.L. + CODds..mg.L. + SACto..1.m. + NSEC.Effluent.NO3",0.12004959620567,0.600577529602041,"3,2"
"12477","Temp..of.NSEC.Main.Ch. + N..Basin.Outfall + TSS..mg.L. + CODds..mg.L. + SACto..1.m. + NSEC.Effluent.OP",0.148320833469095,0.583414495441701,"3,2"
"12478","Temp..of.NSEC.Main.Ch. + N..Basin.Outfall + TSS..mg.L. + CODds..mg.L. + SACto..1.m. + NSEC.Effluent.TSS",0.169413071395578,0.707681991216387,"3,2"
"12479","Temp..of.NSEC.Main.Ch. + N..Basin.Outfall + TSS..mg.L. + CODds..mg.L. + SACto..1.m. + NSEC.Effluent.NO5",0.119008528941671,0.555600291415913,"3,2"
"12480","Temp..of.NSEC.Main.Ch. + N..Basin.Outfall + TSS..mg.L. + CODds..mg.L. + SACto..1.m. + NSEC.Effluent.Flow",0.123234487144269,0.529785002081504,"3,2"
"12481","Temp..of.NSEC.Main.Ch. + N..Basin.Outfall + TSS..mg.L. + CODds..mg.L. + NSEC.Aerobic.SRT + NSEC.Effluent.NH3",0.0431743781483491,0.511891173147592,"3,2"
"12482","Temp..of.NSEC.Main.Ch. + N..Basin.Outfall + TSS..mg.L. + CODds..mg.L. + NSEC.Aerobic.SRT + NSEC.Effluent.NO3",0.0276243775656277,0.769729192120641,"3,2"
"12483","Temp..of.NSEC.Main.Ch. + N..Basin.Outfall + TSS..mg.L. + CODds..mg.L. + NSEC.Aerobic.SRT + NSEC.Effluent.OP",0.202955820635811,0.658334129770419,"3,2"
"12484","Temp..of.NSEC.Main.Ch. + N..Basin.Outfall + TSS..mg.L. + CODds..mg.L. + NSEC.Aerobic.SRT + NSEC.Effluent.TSS",0.17313662445745,0.784908098794106,"3,2"
"12485","Temp..of.NSEC.Main.Ch. + N..Basin.Outfall + TSS..mg.L. + CODds..mg.L. + NSEC.Aerobic.SRT + NSEC.Effluent.NO5",0.0969343310057913,0.770604266264107,"3,2"
"12486","Temp..of.NSEC.Main.Ch. + N..Basin.Outfall + TSS..mg.L. + CODds..mg.L. + NSEC.Aerobic.SRT + NSEC.Effluent.Flow",0.0385959617355196,0.708597157685162,"3,2"
"12487","Temp..of.NSEC.Main.Ch. + N..Basin.Outfall + TSS..mg.L. + CODds..mg.L. + NSEC.Effluent.NH3 + NSEC.Effluent.NO3",0.164379008765673,0.48883949174015,"3,2"
"12488","Temp..of.NSEC.Main.Ch. + N..Basin.Outfall + TSS..mg.L. + CODds..mg.L. + NSEC.Effluent.NH3 + NSEC.Effluent.OP",0.187415273249437,0.562332322363583,"3,2"
"12489","Temp..of.NSEC.Main.Ch. + N..Basin.Outfall + TSS..mg.L. + CODds..mg.L. + NSEC.Effluent.NH3 + NSEC.Effluent.TSS",0.23905886738365,0.66985701033636,"3,2"
"12490","Temp..of.NSEC.Main.Ch. + N..Basin.Outfall + TSS..mg.L. + CODds..mg.L. + NSEC.Effluent.NH3 + NSEC.Effluent.NO5",0.147669818543472,0.507177677888555,"3,2"
"12491","Temp..of.NSEC.Main.Ch. + N..Basin.Outfall + TSS..mg.L. + CODds..mg.L. + NSEC.Effluent.NH3 + NSEC.Effluent.Flow",0.102256196363161,0.47058969829873,"3,2"
"12492","Temp..of.NSEC.Main.Ch. + N..Basin.Outfall + TSS..mg.L. + CODds..mg.L. + NSEC.Effluent.NO3 + NSEC.Effluent.OP",0.327989361156775,0.612638888499348,"3,2"
"12493","Temp..of.NSEC.Main.Ch. + N..Basin.Outfall + TSS..mg.L. + CODds..mg.L. + NSEC.Effluent.NO3 + NSEC.Effluent.TSS",0.170591136808537,0.700006974744323,"3,2"
"12494","Temp..of.NSEC.Main.Ch. + N..Basin.Outfall + TSS..mg.L. + CODds..mg.L. + NSEC.Effluent.NO3 + NSEC.Effluent.NO5",0.190438303731153,0.551316274582639,"3,2"
"12495","Temp..of.NSEC.Main.Ch. + N..Basin.Outfall + TSS..mg.L. + CODds..mg.L. + NSEC.Effluent.NO3 + NSEC.Effluent.Flow",0.16073666081593,0.5135664429352,"3,2"
"12496","Temp..of.NSEC.Main.Ch. + N..Basin.Outfall + TSS..mg.L. + CODds..mg.L. + NSEC.Effluent.OP + NSEC.Effluent.TSS",0.0065102032151465,0.713719443873908,"3,2"
"12497","Temp..of.NSEC.Main.Ch. + N..Basin.Outfall + TSS..mg.L. + CODds..mg.L. + NSEC.Effluent.OP + NSEC.Effluent.NO5",0.155570533306663,0.63012629843195,"3,2"
"12498","Temp..of.NSEC.Main.Ch. + N..Basin.Outfall + TSS..mg.L. + CODds..mg.L. + NSEC.Effluent.OP + NSEC.Effluent.Flow",0.138854872410088,0.551813358917395,"3,2"
"12499","Temp..of.NSEC.Main.Ch. + N..Basin.Outfall + TSS..mg.L. + CODds..mg.L. + NSEC.Effluent.TSS + NSEC.Effluent.NO5",0.258979367458085,0.677628942911394,"3,2"
"12500","Temp..of.NSEC.Main.Ch. + N..Basin.Outfall + TSS..mg.L. + CODds..mg.L. + NSEC.Effluent.TSS + NSEC.Effluent.Flow",0.0667624817886414,0.675869469622122,"3,2"
"12501","Temp..of.NSEC.Main.Ch. + N..Basin.Outfall + TSS..mg.L. + CODds..mg.L. + NSEC.Effluent.NO5 + NSEC.Effluent.Flow",0.0799122805035011,0.461345332846491,"3,2"
"12502","Temp..of.NSEC.Main.Ch. + N..Basin.Outfall + TSS..mg.L. + SACto..1.m. + NSEC.Aerobic.SRT + NSEC.Effluent.NH3",0.056163281167835,0.771257565372552,"3,2"
"12503","Temp..of.NSEC.Main.Ch. + N..Basin.Outfall + TSS..mg.L. + SACto..1.m. + NSEC.Aerobic.SRT + NSEC.Effluent.NO3",0.145973741255536,0.768459767237143,"3,2"
"12504","Temp..of.NSEC.Main.Ch. + N..Basin.Outfall + TSS..mg.L. + SACto..1.m. + NSEC.Aerobic.SRT + NSEC.Effluent.OP",0.0973010361372295,0.769484178232296,"3,2"
"12505","Temp..of.NSEC.Main.Ch. + N..Basin.Outfall + TSS..mg.L. + SACto..1.m. + NSEC.Aerobic.SRT + NSEC.Effluent.TSS",0.168098253884732,0.822650022133248,"3,2"
"12506","Temp..of.NSEC.Main.Ch. + N..Basin.Outfall + TSS..mg.L. + SACto..1.m. + NSEC.Aerobic.SRT + NSEC.Effluent.NO5",0.132842098887337,0.773404073938791,"3,2"
"12507","Temp..of.NSEC.Main.Ch. + N..Basin.Outfall + TSS..mg.L. + SACto..1.m. + NSEC.Aerobic.SRT + NSEC.Effluent.Flow",0.0929822354490368,0.629379225645442,"3,2"
"12508","Temp..of.NSEC.Main.Ch. + N..Basin.Outfall + TSS..mg.L. + SACto..1.m. + NSEC.Effluent.NH3 + NSEC.Effluent.NO3",0.0568304974757536,0.633740408011281,"3,2"
"12509","Temp..of.NSEC.Main.Ch. + N..Basin.Outfall + TSS..mg.L. + SACto..1.m. + NSEC.Effluent.NH3 + NSEC.Effluent.OP",0.17156486103736,0.630583387576134,"3,2"
"12510","Temp..of.NSEC.Main.Ch. + N..Basin.Outfall + TSS..mg.L. + SACto..1.m. + NSEC.Effluent.NH3 + NSEC.Effluent.TSS",0.213567883560197,0.756509887282404,"3,2"
"12511","Temp..of.NSEC.Main.Ch. + N..Basin.Outfall + TSS..mg.L. + SACto..1.m. + NSEC.Effluent.NH3 + NSEC.Effluent.NO5",0.104645069301329,0.562138372789162,"3,2"
"12512","Temp..of.NSEC.Main.Ch. + N..Basin.Outfall + TSS..mg.L. + SACto..1.m. + NSEC.Effluent.NH3 + NSEC.Effluent.Flow",0.100674627155432,0.557996738796935,"3,2"
"12513","Temp..of.NSEC.Main.Ch. + N..Basin.Outfall + TSS..mg.L. + SACto..1.m. + NSEC.Effluent.NO3 + NSEC.Effluent.OP",0.142437138588964,0.661749428041173,"3,2"
"12514","Temp..of.NSEC.Main.Ch. + N..Basin.Outfall + TSS..mg.L. + SACto..1.m. + NSEC.Effluent.NO3 + NSEC.Effluent.TSS",0.282545947009642,0.784164426185423,"3,2"
"12515","Temp..of.NSEC.Main.Ch. + N..Basin.Outfall + TSS..mg.L. + SACto..1.m. + NSEC.Effluent.NO3 + NSEC.Effluent.NO5",0.0822872081915513,0.565809333912419,"3,2"
"12516","Temp..of.NSEC.Main.Ch. + N..Basin.Outfall + TSS..mg.L. + SACto..1.m. + NSEC.Effluent.NO3 + NSEC.Effluent.Flow",0.099684080850778,0.716231873270383,"3,2"
"12517","Temp..of.NSEC.Main.Ch. + N..Basin.Outfall + TSS..mg.L. + SACto..1.m. + NSEC.Effluent.OP + NSEC.Effluent.TSS",0.058372579554697,0.786731060357037,"3,2"
"12518","Temp..of.NSEC.Main.Ch. + N..Basin.Outfall + TSS..mg.L. + SACto..1.m. + NSEC.Effluent.OP + NSEC.Effluent.NO5",0.115345409553313,0.672427306279449,"3,2"
"12519","Temp..of.NSEC.Main.Ch. + N..Basin.Outfall + TSS..mg.L. + SACto..1.m. + NSEC.Effluent.OP + NSEC.Effluent.Flow",0.126191782861097,0.616370337398222,"3,2"
"12520","Temp..of.NSEC.Main.Ch. + N..Basin.Outfall + TSS..mg.L. + SACto..1.m. + NSEC.Effluent.TSS + NSEC.Effluent.NO5",0.096574562368811,0.67761734119912,"3,2"
"12521","Temp..of.NSEC.Main.Ch. + N..Basin.Outfall + TSS..mg.L. + SACto..1.m. + NSEC.Effluent.TSS + NSEC.Effluent.Flow",0.174995818761445,0.696385824277514,"3,2"
"12522","Temp..of.NSEC.Main.Ch. + N..Basin.Outfall + TSS..mg.L. + SACto..1.m. + NSEC.Effluent.NO5 + NSEC.Effluent.Flow",0.0912525457873608,0.586978417779759,"3,2"
"12523","Temp..of.NSEC.Main.Ch. + N..Basin.Outfall + TSS..mg.L. + NSEC.Aerobic.SRT + NSEC.Effluent.NH3 + NSEC.Effluent.NO3",0.245798793262473,0.683625856396396,"3,2"
"12524","Temp..of.NSEC.Main.Ch. + N..Basin.Outfall + TSS..mg.L. + NSEC.Aerobic.SRT + NSEC.Effluent.NH3 + NSEC.Effluent.OP",0.0768263046419118,0.637005951077829,"3,2"
"12525","Temp..of.NSEC.Main.Ch. + N..Basin.Outfall + TSS..mg.L. + NSEC.Aerobic.SRT + NSEC.Effluent.NH3 + NSEC.Effluent.TSS",0.305664271684229,0.766156335708212,"3,2"
"12526","Temp..of.NSEC.Main.Ch. + N..Basin.Outfall + TSS..mg.L. + NSEC.Aerobic.SRT + NSEC.Effluent.NH3 + NSEC.Effluent.NO5",0.24780349102513,0.695446540580931,"3,2"
"12527","Temp..of.NSEC.Main.Ch. + N..Basin.Outfall + TSS..mg.L. + NSEC.Aerobic.SRT + NSEC.Effluent.NH3 + NSEC.Effluent.Flow",0.330824183622283,0.737748420204768,"3,2"
"12528","Temp..of.NSEC.Main.Ch. + N..Basin.Outfall + TSS..mg.L. + NSEC.Aerobic.SRT + NSEC.Effluent.NO3 + NSEC.Effluent.OP",0.126078632401046,0.739148990474365,"3,2"
"12529","Temp..of.NSEC.Main.Ch. + N..Basin.Outfall + TSS..mg.L. + NSEC.Aerobic.SRT + NSEC.Effluent.NO3 + NSEC.Effluent.TSS",0.291394045864461,0.772804903084607,"3,2"
"12530","Temp..of.NSEC.Main.Ch. + N..Basin.Outfall + TSS..mg.L. + NSEC.Aerobic.SRT + NSEC.Effluent.NO3 + NSEC.Effluent.NO5",0.122807152614862,0.746186512873585,"3,2"
"12531","Temp..of.NSEC.Main.Ch. + N..Basin.Outfall + TSS..mg.L. + NSEC.Aerobic.SRT + NSEC.Effluent.NO3 + NSEC.Effluent.Flow",0.226344380178451,0.770067648684204,"3,2"
"12532","Temp..of.NSEC.Main.Ch. + N..Basin.Outfall + TSS..mg.L. + NSEC.Aerobic.SRT + NSEC.Effluent.OP + NSEC.Effluent.TSS",0.139968890123181,0.729327785563493,"3,2"
"12533","Temp..of.NSEC.Main.Ch. + N..Basin.Outfall + TSS..mg.L. + NSEC.Aerobic.SRT + NSEC.Effluent.OP + NSEC.Effluent.NO5",0.180515173040924,0.634564810851502,"3,2"
"12534","Temp..of.NSEC.Main.Ch. + N..Basin.Outfall + TSS..mg.L. + NSEC.Aerobic.SRT + NSEC.Effluent.OP + NSEC.Effluent.Flow",0.107278297561844,0.732977943403545,"3,2"
"12535","Temp..of.NSEC.Main.Ch. + N..Basin.Outfall + TSS..mg.L. + NSEC.Aerobic.SRT + NSEC.Effluent.TSS + NSEC.Effluent.NO5",0.0116522412346898,0.447196186993523,"3,2"
"12536","Temp..of.NSEC.Main.Ch. + N..Basin.Outfall + TSS..mg.L. + NSEC.Aerobic.SRT + NSEC.Effluent.TSS + NSEC.Effluent.Flow",0.0997718371358485,0.746491049011656,"3,2"
"12537","Temp..of.NSEC.Main.Ch. + N..Basin.Outfall + TSS..mg.L. + NSEC.Aerobic.SRT + NSEC.Effluent.NO5 + NSEC.Effluent.Flow",0.118081597630293,0.736806946541442,"3,2"
"12538","Temp..of.NSEC.Main.Ch. + N..Basin.Outfall + TSS..mg.L. + NSEC.Effluent.NH3 + NSEC.Effluent.NO3 + NSEC.Effluent.OP",0.252988957492591,0.49053548887214,"3,2"
"12539","Temp..of.NSEC.Main.Ch. + N..Basin.Outfall + TSS..mg.L. + NSEC.Effluent.NH3 + NSEC.Effluent.NO3 + NSEC.Effluent.TSS",0.308212225146422,0.55518893913764,"3,2"
"12540","Temp..of.NSEC.Main.Ch. + N..Basin.Outfall + TSS..mg.L. + NSEC.Effluent.NH3 + NSEC.Effluent.NO3 + NSEC.Effluent.NO5",0.248772631173477,0.504810642649956,"3,2"
"12541","Temp..of.NSEC.Main.Ch. + N..Basin.Outfall + TSS..mg.L. + NSEC.Effluent.NH3 + NSEC.Effluent.NO3 + NSEC.Effluent.Flow",0.181378456769332,0.388988011114305,"3,2"
"12542","Temp..of.NSEC.Main.Ch. + N..Basin.Outfall + TSS..mg.L. + NSEC.Effluent.NH3 + NSEC.Effluent.OP + NSEC.Effluent.TSS",0.0720607391954913,0.597428857060526,"3,2"
"12543","Temp..of.NSEC.Main.Ch. + N..Basin.Outfall + TSS..mg.L. + NSEC.Effluent.NH3 + NSEC.Effluent.OP + NSEC.Effluent.NO5",0.159581160550155,0.472830162366916,"3,2"
"12544","Temp..of.NSEC.Main.Ch. + N..Basin.Outfall + TSS..mg.L. + NSEC.Effluent.NH3 + NSEC.Effluent.OP + NSEC.Effluent.Flow",0.000490278864080373,0.523734484880746,"3,2"
"12545","Temp..of.NSEC.Main.Ch. + N..Basin.Outfall + TSS..mg.L. + NSEC.Effluent.NH3 + NSEC.Effluent.TSS + NSEC.Effluent.NO5",0.0153370783222813,0.546350716930213,"3,2"
"12546","Temp..of.NSEC.Main.Ch. + N..Basin.Outfall + TSS..mg.L. + NSEC.Effluent.NH3 + NSEC.Effluent.TSS + NSEC.Effluent.Flow",0.331588101131874,0.577871545247875,"3,2"
"12547","Temp..of.NSEC.Main.Ch. + N..Basin.Outfall + TSS..mg.L. + NSEC.Effluent.NH3 + NSEC.Effluent.NO5 + NSEC.Effluent.Flow",0.147209447753784,0.40335817772422,"3,2"
"12548","Temp..of.NSEC.Main.Ch. + N..Basin.Outfall + TSS..mg.L. + NSEC.Effluent.NO3 + NSEC.Effluent.OP + NSEC.Effluent.TSS",0.196588708195898,0.756385351389198,"3,2"
"12549","Temp..of.NSEC.Main.Ch. + N..Basin.Outfall + TSS..mg.L. + NSEC.Effluent.NO3 + NSEC.Effluent.OP + NSEC.Effluent.NO5",0.18925290130503,0.00115817056003613,"3,2"
"12550","Temp..of.NSEC.Main.Ch. + N..Basin.Outfall + TSS..mg.L. + NSEC.Effluent.NO3 + NSEC.Effluent.OP + NSEC.Effluent.Flow",0.119450452072162,0.456620624484954,"3,2"
"12551","Temp..of.NSEC.Main.Ch. + N..Basin.Outfall + TSS..mg.L. + NSEC.Effluent.NO3 + NSEC.Effluent.TSS + NSEC.Effluent.NO5",0.0320697564060608,0.522418930045542,"3,2"
"12552","Temp..of.NSEC.Main.Ch. + N..Basin.Outfall + TSS..mg.L. + NSEC.Effluent.NO3 + NSEC.Effluent.TSS + NSEC.Effluent.Flow",0.0160119517383754,0.428149700395204,"3,2"
"12553","Temp..of.NSEC.Main.Ch. + N..Basin.Outfall + TSS..mg.L. + NSEC.Effluent.NO3 + NSEC.Effluent.NO5 + NSEC.Effluent.Flow",0.182716181495497,0.359516769837347,"3,2"
"12554","Temp..of.NSEC.Main.Ch. + N..Basin.Outfall + TSS..mg.L. + NSEC.Effluent.OP + NSEC.Effluent.TSS + NSEC.Effluent.NO5",0.144051459688717,0.59262427897777,"3,2"
"12555","Temp..of.NSEC.Main.Ch. + N..Basin.Outfall + TSS..mg.L. + NSEC.Effluent.OP + NSEC.Effluent.TSS + NSEC.Effluent.Flow",0.0336237276069409,0.561750905732481,"3,2"
"12556","Temp..of.NSEC.Main.Ch. + N..Basin.Outfall + TSS..mg.L. + NSEC.Effluent.OP + NSEC.Effluent.NO5 + NSEC.Effluent.Flow",0.0539966029627688,0.41630139988554,"3,2"
"12557","Temp..of.NSEC.Main.Ch. + N..Basin.Outfall + TSS..mg.L. + NSEC.Effluent.TSS + NSEC.Effluent.NO5 + NSEC.Effluent.Flow",0.39054095989729,0.604785750934705,"3,2"
"12558","Temp..of.NSEC.Main.Ch. + N..Basin.Outfall + UVT.... + CODds..mg.L. + SACto..1.m. + NSEC.Aerobic.SRT",0.0845675188462041,0.741458066442483,"3,2"
"12559","Temp..of.NSEC.Main.Ch. + N..Basin.Outfall + UVT.... + CODds..mg.L. + SACto..1.m. + NSEC.Effluent.NH3",0.065865620735901,0.582067373587118,"3,2"
"12560","Temp..of.NSEC.Main.Ch. + N..Basin.Outfall + UVT.... + CODds..mg.L. + SACto..1.m. + NSEC.Effluent.NO3",0.00809552326268737,0.605564335082833,"3,2"
"12561","Temp..of.NSEC.Main.Ch. + N..Basin.Outfall + UVT.... + CODds..mg.L. + SACto..1.m. + NSEC.Effluent.OP",0.203916080225078,0.601037172956012,"3,2"
"12562","Temp..of.NSEC.Main.Ch. + N..Basin.Outfall + UVT.... + CODds..mg.L. + SACto..1.m. + NSEC.Effluent.TSS",0.13306258773645,0.725843496663188,"3,2"
"12563","Temp..of.NSEC.Main.Ch. + N..Basin.Outfall + UVT.... + CODds..mg.L. + SACto..1.m. + NSEC.Effluent.NO5",0.0942979295819186,0.565651313818656,"3,2"
"12564","Temp..of.NSEC.Main.Ch. + N..Basin.Outfall + UVT.... + CODds..mg.L. + SACto..1.m. + NSEC.Effluent.Flow",0.0759766665644737,0.544933718629229,"3,2"
"12565","Temp..of.NSEC.Main.Ch. + N..Basin.Outfall + UVT.... + CODds..mg.L. + NSEC.Aerobic.SRT + NSEC.Effluent.NH3",0.074819398286869,0.512991895902809,"3,2"
"12566","Temp..of.NSEC.Main.Ch. + N..Basin.Outfall + UVT.... + CODds..mg.L. + NSEC.Aerobic.SRT + NSEC.Effluent.NO3",0.178065489653038,0.797137684605188,"3,2"
"12567","Temp..of.NSEC.Main.Ch. + N..Basin.Outfall + UVT.... + CODds..mg.L. + NSEC.Aerobic.SRT + NSEC.Effluent.OP",0.0192872410463549,0.797765225595426,"3,2"
"12568","Temp..of.NSEC.Main.Ch. + N..Basin.Outfall + UVT.... + CODds..mg.L. + NSEC.Aerobic.SRT + NSEC.Effluent.TSS",0.422027668150138,0.834867554121787,"3,2"
"12569","Temp..of.NSEC.Main.Ch. + N..Basin.Outfall + UVT.... + CODds..mg.L. + NSEC.Aerobic.SRT + NSEC.Effluent.NO5",0.0305079875526388,0.774698550077139,"3,2"
"12570","Temp..of.NSEC.Main.Ch. + N..Basin.Outfall + UVT.... + CODds..mg.L. + NSEC.Aerobic.SRT + NSEC.Effluent.Flow",0.257643959923036,0.807981628047622,"3,2"
"12571","Temp..of.NSEC.Main.Ch. + N..Basin.Outfall + UVT.... + CODds..mg.L. + NSEC.Effluent.NH3 + NSEC.Effluent.NO3",0.0974987384930261,0.601106498070624,"3,2"
"12572","Temp..of.NSEC.Main.Ch. + N..Basin.Outfall + UVT.... + CODds..mg.L. + NSEC.Effluent.NH3 + NSEC.Effluent.OP",0.070610407921524,0.604600213330867,"3,2"
"12573","Temp..of.NSEC.Main.Ch. + N..Basin.Outfall + UVT.... + CODds..mg.L. + NSEC.Effluent.NH3 + NSEC.Effluent.TSS",0.202486022933146,0.667217253976436,"3,2"
"12574","Temp..of.NSEC.Main.Ch. + N..Basin.Outfall + UVT.... + CODds..mg.L. + NSEC.Effluent.NH3 + NSEC.Effluent.NO5",0.0738349625634873,0.592252794706055,"3,2"
"12575","Temp..of.NSEC.Main.Ch. + N..Basin.Outfall + UVT.... + CODds..mg.L. + NSEC.Effluent.NH3 + NSEC.Effluent.Flow",0.0566246977073646,0.540384417470243,"3,2"
"12576","Temp..of.NSEC.Main.Ch. + N..Basin.Outfall + UVT.... + CODds..mg.L. + NSEC.Effluent.NO3 + NSEC.Effluent.OP",0.0724872572812305,0.640851378390739,"3,2"
"12577","Temp..of.NSEC.Main.Ch. + N..Basin.Outfall + UVT.... + CODds..mg.L. + NSEC.Effluent.NO3 + NSEC.Effluent.TSS",0.189627636351283,0.763655022128446,"3,2"
"12578","Temp..of.NSEC.Main.Ch. + N..Basin.Outfall + UVT.... + CODds..mg.L. + NSEC.Effluent.NO3 + NSEC.Effluent.NO5",0.129907151876186,0.569261376202657,"3,2"
"12579","Temp..of.NSEC.Main.Ch. + N..Basin.Outfall + UVT.... + CODds..mg.L. + NSEC.Effluent.NO3 + NSEC.Effluent.Flow",0.132776609286442,0.502941542791729,"3,2"
"12580","Temp..of.NSEC.Main.Ch. + N..Basin.Outfall + UVT.... + CODds..mg.L. + NSEC.Effluent.OP + NSEC.Effluent.TSS",0.0540986472650542,0.749647744573789,"3,2"
"12581","Temp..of.NSEC.Main.Ch. + N..Basin.Outfall + UVT.... + CODds..mg.L. + NSEC.Effluent.OP + NSEC.Effluent.NO5",0.255537812456636,0.562936236254591,"3,2"
"12582","Temp..of.NSEC.Main.Ch. + N..Basin.Outfall + UVT.... + CODds..mg.L. + NSEC.Effluent.OP + NSEC.Effluent.Flow",0.199903934763501,0.614707552097271,"3,2"
"12583","Temp..of.NSEC.Main.Ch. + N..Basin.Outfall + UVT.... + CODds..mg.L. + NSEC.Effluent.TSS + NSEC.Effluent.NO5",0.188555248153743,0.763066074378855,"3,2"
"12584","Temp..of.NSEC.Main.Ch. + N..Basin.Outfall + UVT.... + CODds..mg.L. + NSEC.Effluent.TSS + NSEC.Effluent.Flow",0.0045843164498951,0.762323670644532,"3,2"
"12585","Temp..of.NSEC.Main.Ch. + N..Basin.Outfall + UVT.... + CODds..mg.L. + NSEC.Effluent.NO5 + NSEC.Effluent.Flow",0.150590008150456,0.532995733609842,"3,2"
"12586","Temp..of.NSEC.Main.Ch. + N..Basin.Outfall + UVT.... + SACto..1.m. + NSEC.Aerobic.SRT + NSEC.Effluent.NH3",0.0297850143666913,0.754365191493719,"3,2"
"12587","Temp..of.NSEC.Main.Ch. + N..Basin.Outfall + UVT.... + SACto..1.m. + NSEC.Aerobic.SRT + NSEC.Effluent.NO3",0.115211576270541,0.771611943958668,"3,2"
"12588","Temp..of.NSEC.Main.Ch. + N..Basin.Outfall + UVT.... + SACto..1.m. + NSEC.Aerobic.SRT + NSEC.Effluent.OP",0.011060553303015,0.657134129056758,"3,2"
"12589","Temp..of.NSEC.Main.Ch. + N..Basin.Outfall + UVT.... + SACto..1.m. + NSEC.Aerobic.SRT + NSEC.Effluent.TSS",0.224804033747945,0.732824358233797,"3,2"
"12590","Temp..of.NSEC.Main.Ch. + N..Basin.Outfall + UVT.... + SACto..1.m. + NSEC.Aerobic.SRT + NSEC.Effluent.NO5",0.261785460462333,0.744788021453955,"3,2"
"12591","Temp..of.NSEC.Main.Ch. + N..Basin.Outfall + UVT.... + SACto..1.m. + NSEC.Aerobic.SRT + NSEC.Effluent.Flow",0.12321890200528,0.625430923237768,"3,2"
"12592","Temp..of.NSEC.Main.Ch. + N..Basin.Outfall + UVT.... + SACto..1.m. + NSEC.Effluent.NH3 + NSEC.Effluent.NO3",0.0986656645988537,0.511867275183268,"3,2"
"12593","Temp..of.NSEC.Main.Ch. + N..Basin.Outfall + UVT.... + SACto..1.m. + NSEC.Effluent.NH3 + NSEC.Effluent.OP",0.0310035673363673,0.361189716385932,"3,2"
"12594","Temp..of.NSEC.Main.Ch. + N..Basin.Outfall + UVT.... + SACto..1.m. + NSEC.Effluent.NH3 + NSEC.Effluent.TSS",0.0405505971800282,0.663125794241953,"3,2"
"12595","Temp..of.NSEC.Main.Ch. + N..Basin.Outfall + UVT.... + SACto..1.m. + NSEC.Effluent.NH3 + NSEC.Effluent.NO5",0.0741797283210248,0.558010504840908,"3,2"
"12596","Temp..of.NSEC.Main.Ch. + N..Basin.Outfall + UVT.... + SACto..1.m. + NSEC.Effluent.NH3 + NSEC.Effluent.Flow",0.0539990483431698,0.434510822814723,"3,2"
"12597","Temp..of.NSEC.Main.Ch. + N..Basin.Outfall + UVT.... + SACto..1.m. + NSEC.Effluent.NO3 + NSEC.Effluent.OP",0.0200046484091283,0.574742213715977,"3,2"
"12598","Temp..of.NSEC.Main.Ch. + N..Basin.Outfall + UVT.... + SACto..1.m. + NSEC.Effluent.NO3 + NSEC.Effluent.TSS",0.0205642121583334,0.660268809293393,"3,2"
"12599","Temp..of.NSEC.Main.Ch. + N..Basin.Outfall + UVT.... + SACto..1.m. + NSEC.Effluent.NO3 + NSEC.Effluent.NO5",0.192439671181302,0.0736870243933492,"3,2"
"12600","Temp..of.NSEC.Main.Ch. + N..Basin.Outfall + UVT.... + SACto..1.m. + NSEC.Effluent.NO3 + NSEC.Effluent.Flow",0.0949574926594627,0.477692632762276,"3,2"
"12601","Temp..of.NSEC.Main.Ch. + N..Basin.Outfall + UVT.... + SACto..1.m. + NSEC.Effluent.OP + NSEC.Effluent.TSS",0.307368344303989,0.690498033229557,"3,2"
"12602","Temp..of.NSEC.Main.Ch. + N..Basin.Outfall + UVT.... + SACto..1.m. + NSEC.Effluent.OP + NSEC.Effluent.NO5",0.169821114005469,0.505844837461105,"3,2"
"12603","Temp..of.NSEC.Main.Ch. + N..Basin.Outfall + UVT.... + SACto..1.m. + NSEC.Effluent.OP + NSEC.Effluent.Flow",0.0411768043822947,0.464277622700938,"3,2"
"12604","Temp..of.NSEC.Main.Ch. + N..Basin.Outfall + UVT.... + SACto..1.m. + NSEC.Effluent.TSS + NSEC.Effluent.NO5",0.10026746487683,0.520654479913837,"3,2"
"12605","Temp..of.NSEC.Main.Ch. + N..Basin.Outfall + UVT.... + SACto..1.m. + NSEC.Effluent.TSS + NSEC.Effluent.Flow",0.0256046610170175,0.488571423708433,"3,2"
"12606","Temp..of.NSEC.Main.Ch. + N..Basin.Outfall + UVT.... + SACto..1.m. + NSEC.Effluent.NO5 + NSEC.Effluent.Flow",0.0235621274885056,0.388630348431375,"3,2"
"12607","Temp..of.NSEC.Main.Ch. + N..Basin.Outfall + UVT.... + NSEC.Aerobic.SRT + NSEC.Effluent.NH3 + NSEC.Effluent.NO3",0.157237729957083,0.736123066238794,"3,2"
"12608","Temp..of.NSEC.Main.Ch. + N..Basin.Outfall + UVT.... + NSEC.Aerobic.SRT + NSEC.Effluent.NH3 + NSEC.Effluent.OP",0.129905995183287,0.65731230478167,"3,2"
"12609","Temp..of.NSEC.Main.Ch. + N..Basin.Outfall + UVT.... + NSEC.Aerobic.SRT + NSEC.Effluent.NH3 + NSEC.Effluent.TSS",0.129052190112161,0.796447705106693,"3,2"
"12610","Temp..of.NSEC.Main.Ch. + N..Basin.Outfall + UVT.... + NSEC.Aerobic.SRT + NSEC.Effluent.NH3 + NSEC.Effluent.NO5",0.0404449440038426,0.536963929484626,"3,2"
"12611","Temp..of.NSEC.Main.Ch. + N..Basin.Outfall + UVT.... + NSEC.Aerobic.SRT + NSEC.Effluent.NH3 + NSEC.Effluent.Flow",0.0243665990402397,0.413756216621177,"3,2"
"12612","Temp..of.NSEC.Main.Ch. + N..Basin.Outfall + UVT.... + NSEC.Aerobic.SRT + NSEC.Effluent.NO3 + NSEC.Effluent.OP",0.132390291056432,0.741854379611397,"3,2"
"12613","Temp..of.NSEC.Main.Ch. + N..Basin.Outfall + UVT.... + NSEC.Aerobic.SRT + NSEC.Effluent.NO3 + NSEC.Effluent.TSS",0.0737163595586541,0.691678160410956,"3,2"
"12614","Temp..of.NSEC.Main.Ch. + N..Basin.Outfall + UVT.... + NSEC.Aerobic.SRT + NSEC.Effluent.NO3 + NSEC.Effluent.NO5",0.135648159853527,0.698262708224211,"3,2"
"12615","Temp..of.NSEC.Main.Ch. + N..Basin.Outfall + UVT.... + NSEC.Aerobic.SRT + NSEC.Effluent.NO3 + NSEC.Effluent.Flow",0.00690321850727904,0.666287414341576,"3,2"
"12616","Temp..of.NSEC.Main.Ch. + N..Basin.Outfall + UVT.... + NSEC.Aerobic.SRT + NSEC.Effluent.OP + NSEC.Effluent.TSS",0.170378437529947,0.748266697774037,"3,2"
"12617","Temp..of.NSEC.Main.Ch. + N..Basin.Outfall + UVT.... + NSEC.Aerobic.SRT + NSEC.Effluent.OP + NSEC.Effluent.NO5",0.186139276449326,0.731989017056736,"3,2"
"12618","Temp..of.NSEC.Main.Ch. + N..Basin.Outfall + UVT.... + NSEC.Aerobic.SRT + NSEC.Effluent.OP + NSEC.Effluent.Flow",0.0785380417971751,0.745249277209146,"3,2"
"12619","Temp..of.NSEC.Main.Ch. + N..Basin.Outfall + UVT.... + NSEC.Aerobic.SRT + NSEC.Effluent.TSS + NSEC.Effluent.NO5",0.145931778016183,0.748967200715921,"3,2"
"12620","Temp..of.NSEC.Main.Ch. + N..Basin.Outfall + UVT.... + NSEC.Aerobic.SRT + NSEC.Effluent.TSS + NSEC.Effluent.Flow",0.0221200442716105,0.75531905051881,"3,2"
"12621","Temp..of.NSEC.Main.Ch. + N..Basin.Outfall + UVT.... + NSEC.Aerobic.SRT + NSEC.Effluent.NO5 + NSEC.Effluent.Flow",0.0201347157992497,0.681138114382056,"3,2"
"12622","Temp..of.NSEC.Main.Ch. + N..Basin.Outfall + UVT.... + NSEC.Effluent.NH3 + NSEC.Effluent.NO3 + NSEC.Effluent.OP",0.168510465269869,0.506251404335624,"3,2"
"12623","Temp..of.NSEC.Main.Ch. + N..Basin.Outfall + UVT.... + NSEC.Effluent.NH3 + NSEC.Effluent.NO3 + NSEC.Effluent.TSS",0.2358679989748,0.666691712670581,"3,2"
"12624","Temp..of.NSEC.Main.Ch. + N..Basin.Outfall + UVT.... + NSEC.Effluent.NH3 + NSEC.Effluent.NO3 + NSEC.Effluent.NO5",0.203293641422077,0.67475635665669,"3,2"
"12625","Temp..of.NSEC.Main.Ch. + N..Basin.Outfall + UVT.... + NSEC.Effluent.NH3 + NSEC.Effluent.NO3 + NSEC.Effluent.Flow",0.0767764425544093,0.427472087609842,"3,2"
"12626","Temp..of.NSEC.Main.Ch. + N..Basin.Outfall + UVT.... + NSEC.Effluent.NH3 + NSEC.Effluent.OP + NSEC.Effluent.TSS",0.019220804360399,0.71278789803628,"3,2"
"12627","Temp..of.NSEC.Main.Ch. + N..Basin.Outfall + UVT.... + NSEC.Effluent.NH3 + NSEC.Effluent.OP + NSEC.Effluent.NO5",0.189837350370731,0.514596009989854,"3,2"
"12628","Temp..of.NSEC.Main.Ch. + N..Basin.Outfall + UVT.... + NSEC.Effluent.NH3 + NSEC.Effluent.OP + NSEC.Effluent.Flow",0.0433493097521824,0.377439472155309,"3,2"
"12629","Temp..of.NSEC.Main.Ch. + N..Basin.Outfall + UVT.... + NSEC.Effluent.NH3 + NSEC.Effluent.TSS + NSEC.Effluent.NO5",0.163730351811545,0.702814511778274,"3,2"
"12630","Temp..of.NSEC.Main.Ch. + N..Basin.Outfall + UVT.... + NSEC.Effluent.NH3 + NSEC.Effluent.TSS + NSEC.Effluent.Flow",0.166794159445286,0.599401836823478,"3,2"
"12631","Temp..of.NSEC.Main.Ch. + N..Basin.Outfall + UVT.... + NSEC.Effluent.NH3 + NSEC.Effluent.NO5 + NSEC.Effluent.Flow",0.136448984431586,0.43900538656437,"3,2"
"12632","Temp..of.NSEC.Main.Ch. + N..Basin.Outfall + UVT.... + NSEC.Effluent.NO3 + NSEC.Effluent.OP + NSEC.Effluent.TSS",0.181595857247479,0.625903890697887,"3,2"
"12633","Temp..of.NSEC.Main.Ch. + N..Basin.Outfall + UVT.... + NSEC.Effluent.NO3 + NSEC.Effluent.OP + NSEC.Effluent.NO5",0.193083128170121,0.00939240506196304,"3,2"
"12634","Temp..of.NSEC.Main.Ch. + N..Basin.Outfall + UVT.... + NSEC.Effluent.NO3 + NSEC.Effluent.OP + NSEC.Effluent.Flow",0.165119499242532,0.482956112613501,"3,2"
"12635","Temp..of.NSEC.Main.Ch. + N..Basin.Outfall + UVT.... + NSEC.Effluent.NO3 + NSEC.Effluent.TSS + NSEC.Effluent.NO5",0.041995136122464,0.637990366363264,"3,2"
"12636","Temp..of.NSEC.Main.Ch. + N..Basin.Outfall + UVT.... + NSEC.Effluent.NO3 + NSEC.Effluent.TSS + NSEC.Effluent.Flow",0.128408494667207,0.587655981877453,"3,2"
"12637","Temp..of.NSEC.Main.Ch. + N..Basin.Outfall + UVT.... + NSEC.Effluent.NO3 + NSEC.Effluent.NO5 + NSEC.Effluent.Flow",0.0595284045039861,0.54450711028875,"3,2"
"12638","Temp..of.NSEC.Main.Ch. + N..Basin.Outfall + UVT.... + NSEC.Effluent.OP + NSEC.Effluent.TSS + NSEC.Effluent.NO5",0.0663450373988974,0.650412638257348,"3,2"
"12639","Temp..of.NSEC.Main.Ch. + N..Basin.Outfall + UVT.... + NSEC.Effluent.OP + NSEC.Effluent.TSS + NSEC.Effluent.Flow",0.151803735831903,0.679983169369292,"3,2"
"12640","Temp..of.NSEC.Main.Ch. + N..Basin.Outfall + UVT.... + NSEC.Effluent.OP + NSEC.Effluent.NO5 + NSEC.Effluent.Flow",0.100125199112398,0.533848640346924,"3,2"
"12641","Temp..of.NSEC.Main.Ch. + N..Basin.Outfall + UVT.... + NSEC.Effluent.TSS + NSEC.Effluent.NO5 + NSEC.Effluent.Flow",0.0695204375060969,0.491971503951253,"3,2"
"12642","Temp..of.NSEC.Main.Ch. + N..Basin.Outfall + CODds..mg.L. + SACto..1.m. + NSEC.Aerobic.SRT + NSEC.Effluent.NH3",0.0575764210901335,0.739817330798067,"3,2"
"12643","Temp..of.NSEC.Main.Ch. + N..Basin.Outfall + CODds..mg.L. + SACto..1.m. + NSEC.Aerobic.SRT + NSEC.Effluent.NO3",0.0645830658900701,0.756891876637975,"3,2"
"12644","Temp..of.NSEC.Main.Ch. + N..Basin.Outfall + CODds..mg.L. + SACto..1.m. + NSEC.Aerobic.SRT + NSEC.Effluent.OP",0.286051985286473,0.73546137899553,"3,2"
"12645","Temp..of.NSEC.Main.Ch. + N..Basin.Outfall + CODds..mg.L. + SACto..1.m. + NSEC.Aerobic.SRT + NSEC.Effluent.TSS",0.177644149137073,0.797547644056064,"3,2"
"12646","Temp..of.NSEC.Main.Ch. + N..Basin.Outfall + CODds..mg.L. + SACto..1.m. + NSEC.Aerobic.SRT + NSEC.Effluent.NO5",0.0280876809156863,0.773659206140671,"3,2"
"12647","Temp..of.NSEC.Main.Ch. + N..Basin.Outfall + CODds..mg.L. + SACto..1.m. + NSEC.Aerobic.SRT + NSEC.Effluent.Flow",0.0190974966719,0.752230764154184,"3,2"
"12648","Temp..of.NSEC.Main.Ch. + N..Basin.Outfall + CODds..mg.L. + SACto..1.m. + NSEC.Effluent.NH3 + NSEC.Effluent.NO3",0.192442302978664,0.551145582997958,"3,2"
"12649","Temp..of.NSEC.Main.Ch. + N..Basin.Outfall + CODds..mg.L. + SACto..1.m. + NSEC.Effluent.NH3 + NSEC.Effluent.OP",0.124810051429566,0.517199523341124,"3,2"
"12650","Temp..of.NSEC.Main.Ch. + N..Basin.Outfall + CODds..mg.L. + SACto..1.m. + NSEC.Effluent.NH3 + NSEC.Effluent.TSS",0.194905073359018,0.139353603327492,"3,2"
"12651","Temp..of.NSEC.Main.Ch. + N..Basin.Outfall + CODds..mg.L. + SACto..1.m. + NSEC.Effluent.NH3 + NSEC.Effluent.NO5",0.10531731812373,0.522477776765626,"3,2"
"12652","Temp..of.NSEC.Main.Ch. + N..Basin.Outfall + CODds..mg.L. + SACto..1.m. + NSEC.Effluent.NH3 + NSEC.Effluent.Flow",0.0357840354750592,0.563692880762796,"3,2"
"12653","Temp..of.NSEC.Main.Ch. + N..Basin.Outfall + CODds..mg.L. + SACto..1.m. + NSEC.Effluent.NO3 + NSEC.Effluent.OP",0.194840401708591,0.595646444383017,"3,2"
"12654","Temp..of.NSEC.Main.Ch. + N..Basin.Outfall + CODds..mg.L. + SACto..1.m. + NSEC.Effluent.NO3 + NSEC.Effluent.TSS",0.254074223648381,0.664009012936047,"3,2"
"12655","Temp..of.NSEC.Main.Ch. + N..Basin.Outfall + CODds..mg.L. + SACto..1.m. + NSEC.Effluent.NO3 + NSEC.Effluent.NO5",0.0885900002418509,0.54158451197437,"3,2"
"12656","Temp..of.NSEC.Main.Ch. + N..Basin.Outfall + CODds..mg.L. + SACto..1.m. + NSEC.Effluent.NO3 + NSEC.Effluent.Flow",0.0858069119483171,0.609294633044521,"3,2"
"12657","Temp..of.NSEC.Main.Ch. + N..Basin.Outfall + CODds..mg.L. + SACto..1.m. + NSEC.Effluent.OP + NSEC.Effluent.TSS",0.0888676275339741,0.708258788380509,"3,2"
"12658","Temp..of.NSEC.Main.Ch. + N..Basin.Outfall + CODds..mg.L. + SACto..1.m. + NSEC.Effluent.OP + NSEC.Effluent.NO5",0.297747562007116,0.573095020992867,"3,2"
"12659","Temp..of.NSEC.Main.Ch. + N..Basin.Outfall + CODds..mg.L. + SACto..1.m. + NSEC.Effluent.OP + NSEC.Effluent.Flow",0.186687890905874,0.574258055038845,"3,2"
"12660","Temp..of.NSEC.Main.Ch. + N..Basin.Outfall + CODds..mg.L. + SACto..1.m. + NSEC.Effluent.TSS + NSEC.Effluent.NO5",0.138557632664484,0.747302634342622,"3,2"
"12661","Temp..of.NSEC.Main.Ch. + N..Basin.Outfall + CODds..mg.L. + SACto..1.m. + NSEC.Effluent.TSS + NSEC.Effluent.Flow",0.217798225472259,0.62378151482481,"3,2"
"12662","Temp..of.NSEC.Main.Ch. + N..Basin.Outfall + CODds..mg.L. + SACto..1.m. + NSEC.Effluent.NO5 + NSEC.Effluent.Flow",0.0670127135803433,0.582580687074923,"3,2"
"12663","Temp..of.NSEC.Main.Ch. + N..Basin.Outfall + CODds..mg.L. + NSEC.Aerobic.SRT + NSEC.Effluent.NH3 + NSEC.Effluent.NO3",0.0889258988521604,0.776533184514806,"3,2"
"12664","Temp..of.NSEC.Main.Ch. + N..Basin.Outfall + CODds..mg.L. + NSEC.Aerobic.SRT + NSEC.Effluent.NH3 + NSEC.Effluent.OP",0.17602246549326,0.756663370899189,"3,2"
"12665","Temp..of.NSEC.Main.Ch. + N..Basin.Outfall + CODds..mg.L. + NSEC.Aerobic.SRT + NSEC.Effluent.NH3 + NSEC.Effluent.TSS",0.188357417868348,0.705241629172883,"3,2"
"12666","Temp..of.NSEC.Main.Ch. + N..Basin.Outfall + CODds..mg.L. + NSEC.Aerobic.SRT + NSEC.Effluent.NH3 + NSEC.Effluent.NO5",0.202967875333862,0.702819974888616,"3,2"
"12667","Temp..of.NSEC.Main.Ch. + N..Basin.Outfall + CODds..mg.L. + NSEC.Aerobic.SRT + NSEC.Effluent.NH3 + NSEC.Effluent.Flow",0.122421938156214,0.763070552042763,"3,2"
"12668","Temp..of.NSEC.Main.Ch. + N..Basin.Outfall + CODds..mg.L. + NSEC.Aerobic.SRT + NSEC.Effluent.NO3 + NSEC.Effluent.OP",0.0536565138452452,0.791818586741889,"3,2"
"12669","Temp..of.NSEC.Main.Ch. + N..Basin.Outfall + CODds..mg.L. + NSEC.Aerobic.SRT + NSEC.Effluent.NO3 + NSEC.Effluent.TSS",0.182758833910983,0.804341042733939,"3,2"
"12670","Temp..of.NSEC.Main.Ch. + N..Basin.Outfall + CODds..mg.L. + NSEC.Aerobic.SRT + NSEC.Effluent.NO3 + NSEC.Effluent.NO5",0.143690406885628,0.716567790131574,"3,2"
"12671","Temp..of.NSEC.Main.Ch. + N..Basin.Outfall + CODds..mg.L. + NSEC.Aerobic.SRT + NSEC.Effluent.NO3 + NSEC.Effluent.Flow",0.0324626322133521,0.531966511391724,"3,2"
"12672","Temp..of.NSEC.Main.Ch. + N..Basin.Outfall + CODds..mg.L. + NSEC.Aerobic.SRT + NSEC.Effluent.OP + NSEC.Effluent.TSS",0.0189108545175349,0.780514312507257,"3,2"
"12673","Temp..of.NSEC.Main.Ch. + N..Basin.Outfall + CODds..mg.L. + NSEC.Aerobic.SRT + NSEC.Effluent.OP + NSEC.Effluent.NO5",0.144881042491831,0.776473404692351,"3,2"
"12674","Temp..of.NSEC.Main.Ch. + N..Basin.Outfall + CODds..mg.L. + NSEC.Aerobic.SRT + NSEC.Effluent.OP + NSEC.Effluent.Flow",0.130535756975275,0.586438399380814,"3,2"
"12675","Temp..of.NSEC.Main.Ch. + N..Basin.Outfall + CODds..mg.L. + NSEC.Aerobic.SRT + NSEC.Effluent.TSS + NSEC.Effluent.NO5",0.326217697359109,0.805298483497439,"3,2"
"12676","Temp..of.NSEC.Main.Ch. + N..Basin.Outfall + CODds..mg.L. + NSEC.Aerobic.SRT + NSEC.Effluent.TSS + NSEC.Effluent.Flow",0.320158428869813,0.786751487288878,"3,2"
"12677","Temp..of.NSEC.Main.Ch. + N..Basin.Outfall + CODds..mg.L. + NSEC.Aerobic.SRT + NSEC.Effluent.NO5 + NSEC.Effluent.Flow",0.170005857315539,0.780032066809753,"3,2"
"12678","Temp..of.NSEC.Main.Ch. + N..Basin.Outfall + CODds..mg.L. + NSEC.Effluent.NH3 + NSEC.Effluent.NO3 + NSEC.Effluent.OP",0.283296394498524,0.610316559347171,"3,2"
"12679","Temp..of.NSEC.Main.Ch. + N..Basin.Outfall + CODds..mg.L. + NSEC.Effluent.NH3 + NSEC.Effluent.NO3 + NSEC.Effluent.TSS",0.303840658104341,0.677442956474383,"3,2"
"12680","Temp..of.NSEC.Main.Ch. + N..Basin.Outfall + CODds..mg.L. + NSEC.Effluent.NH3 + NSEC.Effluent.NO3 + NSEC.Effluent.NO5",0.108231575474089,0.489319369175031,"3,2"
"12681","Temp..of.NSEC.Main.Ch. + N..Basin.Outfall + CODds..mg.L. + NSEC.Effluent.NH3 + NSEC.Effluent.NO3 + NSEC.Effluent.Flow",0.0726261104306805,0.487730235686527,"3,2"
"12682","Temp..of.NSEC.Main.Ch. + N..Basin.Outfall + CODds..mg.L. + NSEC.Effluent.NH3 + NSEC.Effluent.OP + NSEC.Effluent.TSS",0.0352913762687224,0.636802816217815,"3,2"
"12683","Temp..of.NSEC.Main.Ch. + N..Basin.Outfall + CODds..mg.L. + NSEC.Effluent.NH3 + NSEC.Effluent.OP + NSEC.Effluent.NO5",0.152724877768158,0.534405641061258,"3,2"
"12684","Temp..of.NSEC.Main.Ch. + N..Basin.Outfall + CODds..mg.L. + NSEC.Effluent.NH3 + NSEC.Effluent.OP + NSEC.Effluent.Flow",0.0104078361699815,0.60092609387687,"3,2"
"12685","Temp..of.NSEC.Main.Ch. + N..Basin.Outfall + CODds..mg.L. + NSEC.Effluent.NH3 + NSEC.Effluent.TSS + NSEC.Effluent.NO5",0.19414149120939,0.616852228821429,"3,2"
"12686","Temp..of.NSEC.Main.Ch. + N..Basin.Outfall + CODds..mg.L. + NSEC.Effluent.NH3 + NSEC.Effluent.TSS + NSEC.Effluent.Flow",0.0888461481746283,0.636773387569132,"3,2"
"12687","Temp..of.NSEC.Main.Ch. + N..Basin.Outfall + CODds..mg.L. + NSEC.Effluent.NH3 + NSEC.Effluent.NO5 + NSEC.Effluent.Flow",0.157394290695908,0.485365072189671,"3,2"
"12688","Temp..of.NSEC.Main.Ch. + N..Basin.Outfall + CODds..mg.L. + NSEC.Effluent.NO3 + NSEC.Effluent.OP + NSEC.Effluent.TSS",0.221697624905761,0.675658777084708,"3,2"
"12689","Temp..of.NSEC.Main.Ch. + N..Basin.Outfall + CODds..mg.L. + NSEC.Effluent.NO3 + NSEC.Effluent.OP + NSEC.Effluent.NO5",0.238517388181765,0.591144608476428,"3,2"
"12690","Temp..of.NSEC.Main.Ch. + N..Basin.Outfall + CODds..mg.L. + NSEC.Effluent.NO3 + NSEC.Effluent.OP + NSEC.Effluent.Flow",0.197690059150821,0.552107440025786,"3,2"
"12691","Temp..of.NSEC.Main.Ch. + N..Basin.Outfall + CODds..mg.L. + NSEC.Effluent.NO3 + NSEC.Effluent.TSS + NSEC.Effluent.NO5",0.233927834506501,0.66468601443618,"3,2"
"12692","Temp..of.NSEC.Main.Ch. + N..Basin.Outfall + CODds..mg.L. + NSEC.Effluent.NO3 + NSEC.Effluent.TSS + NSEC.Effluent.Flow",0.0360110166930969,0.629443378135351,"3,2"
"12693","Temp..of.NSEC.Main.Ch. + N..Basin.Outfall + CODds..mg.L. + NSEC.Effluent.NO3 + NSEC.Effluent.NO5 + NSEC.Effluent.Flow",0.223643784392184,0.526688371289241,"3,2"
"12694","Temp..of.NSEC.Main.Ch. + N..Basin.Outfall + CODds..mg.L. + NSEC.Effluent.OP + NSEC.Effluent.TSS + NSEC.Effluent.NO5",0.157741679208635,0.652395443527166,"3,2"
"12695","Temp..of.NSEC.Main.Ch. + N..Basin.Outfall + CODds..mg.L. + NSEC.Effluent.OP + NSEC.Effluent.TSS + NSEC.Effluent.Flow",0.00775377628065232,0.639866840741529,"3,2"
"12696","Temp..of.NSEC.Main.Ch. + N..Basin.Outfall + CODds..mg.L. + NSEC.Effluent.OP + NSEC.Effluent.NO5 + NSEC.Effluent.Flow",0.110798779901536,0.511221329130143,"3,2"
"12697","Temp..of.NSEC.Main.Ch. + N..Basin.Outfall + CODds..mg.L. + NSEC.Effluent.TSS + NSEC.Effluent.NO5 + NSEC.Effluent.Flow",0.177105266522832,0.628679247116496,"3,2"
"12698","Temp..of.NSEC.Main.Ch. + N..Basin.Outfall + SACto..1.m. + NSEC.Aerobic.SRT + NSEC.Effluent.NH3 + NSEC.Effluent.NO3",0.161660536096718,0.737710962292617,"3,2"
"12699","Temp..of.NSEC.Main.Ch. + N..Basin.Outfall + SACto..1.m. + NSEC.Aerobic.SRT + NSEC.Effluent.NH3 + NSEC.Effluent.OP",0.0717010072013613,0.75815849548398,"3,2"
"12700","Temp..of.NSEC.Main.Ch. + N..Basin.Outfall + SACto..1.m. + NSEC.Aerobic.SRT + NSEC.Effluent.NH3 + NSEC.Effluent.TSS",0.0648523621343746,0.666930890878217,"3,2"
"12701","Temp..of.NSEC.Main.Ch. + N..Basin.Outfall + SACto..1.m. + NSEC.Aerobic.SRT + NSEC.Effluent.NH3 + NSEC.Effluent.NO5",0.203341444282162,0.756503747758806,"3,2"
"12702","Temp..of.NSEC.Main.Ch. + N..Basin.Outfall + SACto..1.m. + NSEC.Aerobic.SRT + NSEC.Effluent.NH3 + NSEC.Effluent.Flow",0.0281703775397029,0.716692354363981,"3,2"
"12703","Temp..of.NSEC.Main.Ch. + N..Basin.Outfall + SACto..1.m. + NSEC.Aerobic.SRT + NSEC.Effluent.NO3 + NSEC.Effluent.OP",0.119162223574413,0.74151643043424,"3,2"
"12704","Temp..of.NSEC.Main.Ch. + N..Basin.Outfall + SACto..1.m. + NSEC.Aerobic.SRT + NSEC.Effluent.NO3 + NSEC.Effluent.TSS",0.0707665807754871,0.527711325671873,"3,2"
"12705","Temp..of.NSEC.Main.Ch. + N..Basin.Outfall + SACto..1.m. + NSEC.Aerobic.SRT + NSEC.Effluent.NO3 + NSEC.Effluent.NO5",0.0195031015886435,0.415369403973401,"3,2"
"12706","Temp..of.NSEC.Main.Ch. + N..Basin.Outfall + SACto..1.m. + NSEC.Aerobic.SRT + NSEC.Effluent.NO3 + NSEC.Effluent.Flow",0.0846744370766945,0.557849990287852,"3,2"
"12707","Temp..of.NSEC.Main.Ch. + N..Basin.Outfall + SACto..1.m. + NSEC.Aerobic.SRT + NSEC.Effluent.OP + NSEC.Effluent.TSS",0.192070207048316,0.109241136606215,"3,2"
"12708","Temp..of.NSEC.Main.Ch. + N..Basin.Outfall + SACto..1.m. + NSEC.Aerobic.SRT + NSEC.Effluent.OP + NSEC.Effluent.NO5",0.181562571847592,0.65119441199314,"3,2"
"12709","Temp..of.NSEC.Main.Ch. + N..Basin.Outfall + SACto..1.m. + NSEC.Aerobic.SRT + NSEC.Effluent.OP + NSEC.Effluent.Flow",0.166345065602701,0.646739501490292,"3,2"
"12710","Temp..of.NSEC.Main.Ch. + N..Basin.Outfall + SACto..1.m. + NSEC.Aerobic.SRT + NSEC.Effluent.TSS + NSEC.Effluent.NO5",0.0794536892734383,0.609644663600479,"3,2"
"12711","Temp..of.NSEC.Main.Ch. + N..Basin.Outfall + SACto..1.m. + NSEC.Aerobic.SRT + NSEC.Effluent.TSS + NSEC.Effluent.Flow",0.079415618729751,0.773128860849302,"3,2"
"12712","Temp..of.NSEC.Main.Ch. + N..Basin.Outfall + SACto..1.m. + NSEC.Aerobic.SRT + NSEC.Effluent.NO5 + NSEC.Effluent.Flow",0.147525297389762,0.728093270153962,"3,2"
"12713","Temp..of.NSEC.Main.Ch. + N..Basin.Outfall + SACto..1.m. + NSEC.Effluent.NH3 + NSEC.Effluent.NO3 + NSEC.Effluent.OP",0.21173582514137,0.617122357203222,"3,2"
"12714","Temp..of.NSEC.Main.Ch. + N..Basin.Outfall + SACto..1.m. + NSEC.Effluent.NH3 + NSEC.Effluent.NO3 + NSEC.Effluent.TSS",0.116093091581815,0.543096710863853,"3,2"
"12715","Temp..of.NSEC.Main.Ch. + N..Basin.Outfall + SACto..1.m. + NSEC.Effluent.NH3 + NSEC.Effluent.NO3 + NSEC.Effluent.NO5",0.113464218290105,0.546921469817803,"3,2"
"12716","Temp..of.NSEC.Main.Ch. + N..Basin.Outfall + SACto..1.m. + NSEC.Effluent.NH3 + NSEC.Effluent.NO3 + NSEC.Effluent.Flow",0.080565509826219,0.582482139791592,"3,2"
"12717","Temp..of.NSEC.Main.Ch. + N..Basin.Outfall + SACto..1.m. + NSEC.Effluent.NH3 + NSEC.Effluent.OP + NSEC.Effluent.TSS",0.0141910912727317,0.716118148471832,"3,2"
"12718","Temp..of.NSEC.Main.Ch. + N..Basin.Outfall + SACto..1.m. + NSEC.Effluent.NH3 + NSEC.Effluent.OP + NSEC.Effluent.NO5",0.162217336801496,0.646905904172231,"3,2"
"12719","Temp..of.NSEC.Main.Ch. + N..Basin.Outfall + SACto..1.m. + NSEC.Effluent.NH3 + NSEC.Effluent.OP + NSEC.Effluent.Flow",0.0137950658212347,0.408325776103652,"3,2"
"12720","Temp..of.NSEC.Main.Ch. + N..Basin.Outfall + SACto..1.m. + NSEC.Effluent.NH3 + NSEC.Effluent.TSS + NSEC.Effluent.NO5",0.045217527901773,0.553145154637482,"3,2"
"12721","Temp..of.NSEC.Main.Ch. + N..Basin.Outfall + SACto..1.m. + NSEC.Effluent.NH3 + NSEC.Effluent.TSS + NSEC.Effluent.Flow",0.00772159258935901,0.587532669376779,"3,2"
"12722","Temp..of.NSEC.Main.Ch. + N..Basin.Outfall + SACto..1.m. + NSEC.Effluent.NH3 + NSEC.Effluent.NO5 + NSEC.Effluent.Flow",0.190362646551091,0.0413233421716939,"3,2"
"12723","Temp..of.NSEC.Main.Ch. + N..Basin.Outfall + SACto..1.m. + NSEC.Effluent.NO3 + NSEC.Effluent.OP + NSEC.Effluent.TSS",0.155718427485271,0.52300213824773,"3,2"
"12724","Temp..of.NSEC.Main.Ch. + N..Basin.Outfall + SACto..1.m. + NSEC.Effluent.NO3 + NSEC.Effluent.OP + NSEC.Effluent.NO5",0.152235551290453,0.487861709448741,"3,2"
"12725","Temp..of.NSEC.Main.Ch. + N..Basin.Outfall + SACto..1.m. + NSEC.Effluent.NO3 + NSEC.Effluent.OP + NSEC.Effluent.Flow",0.0979228876571461,0.616808543382986,"3,2"
"12726","Temp..of.NSEC.Main.Ch. + N..Basin.Outfall + SACto..1.m. + NSEC.Effluent.NO3 + NSEC.Effluent.TSS + NSEC.Effluent.NO5",0.135642811985604,0.614573317594321,"3,2"
"12727","Temp..of.NSEC.Main.Ch. + N..Basin.Outfall + SACto..1.m. + NSEC.Effluent.NO3 + NSEC.Effluent.TSS + NSEC.Effluent.Flow",0.00817599499844635,0.595349837505772,"3,2"
"12728","Temp..of.NSEC.Main.Ch. + N..Basin.Outfall + SACto..1.m. + NSEC.Effluent.NO3 + NSEC.Effluent.NO5 + NSEC.Effluent.Flow",0.0608819388292132,0.590802826607113,"3,2"
"12729","Temp..of.NSEC.Main.Ch. + N..Basin.Outfall + SACto..1.m. + NSEC.Effluent.OP + NSEC.Effluent.TSS + NSEC.Effluent.NO5",0.0342152929979234,0.628845124596925,"3,2"
"12730","Temp..of.NSEC.Main.Ch. + N..Basin.Outfall + SACto..1.m. + NSEC.Effluent.OP + NSEC.Effluent.TSS + NSEC.Effluent.Flow",0.106679569935393,0.68592945594986,"3,2"
"12731","Temp..of.NSEC.Main.Ch. + N..Basin.Outfall + SACto..1.m. + NSEC.Effluent.OP + NSEC.Effluent.NO5 + NSEC.Effluent.Flow",0.166696325437554,0.588526313609146,"3,2"
"12732","Temp..of.NSEC.Main.Ch. + N..Basin.Outfall + SACto..1.m. + NSEC.Effluent.TSS + NSEC.Effluent.NO5 + NSEC.Effluent.Flow",0.12578661515113,0.523527372686905,"3,2"
"12733","Temp..of.NSEC.Main.Ch. + N..Basin.Outfall + NSEC.Aerobic.SRT + NSEC.Effluent.NH3 + NSEC.Effluent.NO3 + NSEC.Effluent.OP",0.118326604968652,0.713276659658601,"3,2"
"12734","Temp..of.NSEC.Main.Ch. + N..Basin.Outfall + NSEC.Aerobic.SRT + NSEC.Effluent.NH3 + NSEC.Effluent.NO3 + NSEC.Effluent.TSS",0.0145345889084125,0.424588194678284,"3,2"
"12735","Temp..of.NSEC.Main.Ch. + N..Basin.Outfall + NSEC.Aerobic.SRT + NSEC.Effluent.NH3 + NSEC.Effluent.NO3 + NSEC.Effluent.NO5",0.0115287028026836,0.385155890273546,"3,2"
"12736","Temp..of.NSEC.Main.Ch. + N..Basin.Outfall + NSEC.Aerobic.SRT + NSEC.Effluent.NH3 + NSEC.Effluent.NO3 + NSEC.Effluent.Flow",0.00848425907111361,0.44716279681185,"3,2"
"12737","Temp..of.NSEC.Main.Ch. + N..Basin.Outfall + NSEC.Aerobic.SRT + NSEC.Effluent.NH3 + NSEC.Effluent.OP + NSEC.Effluent.TSS",0.22523714441369,0.745149457778207,"3,2"
"12738","Temp..of.NSEC.Main.Ch. + N..Basin.Outfall + NSEC.Aerobic.SRT + NSEC.Effluent.NH3 + NSEC.Effluent.OP + NSEC.Effluent.NO5",0.0408571185928688,0.558586649937323,"3,2"
"12739","Temp..of.NSEC.Main.Ch. + N..Basin.Outfall + NSEC.Aerobic.SRT + NSEC.Effluent.NH3 + NSEC.Effluent.OP + NSEC.Effluent.Flow",0.228045393313157,0.77905473667731,"3,2"
"12740","Temp..of.NSEC.Main.Ch. + N..Basin.Outfall + NSEC.Aerobic.SRT + NSEC.Effluent.NH3 + NSEC.Effluent.TSS + NSEC.Effluent.NO5",0.262313922952091,0.729374092128596,"3,2"
"12741","Temp..of.NSEC.Main.Ch. + N..Basin.Outfall + NSEC.Aerobic.SRT + NSEC.Effluent.NH3 + NSEC.Effluent.TSS + NSEC.Effluent.Flow",0.317301728725674,0.713804314249635,"3,2"
"12742","Temp..of.NSEC.Main.Ch. + N..Basin.Outfall + NSEC.Aerobic.SRT + NSEC.Effluent.NH3 + NSEC.Effluent.NO5 + NSEC.Effluent.Flow",0.225530934112806,0.657546415202392,"3,2"
"12743","Temp..of.NSEC.Main.Ch. + N..Basin.Outfall + NSEC.Aerobic.SRT + NSEC.Effluent.NO3 + NSEC.Effluent.OP + NSEC.Effluent.TSS",0.136387004366298,0.74977706889695,"3,2"
"12744","Temp..of.NSEC.Main.Ch. + N..Basin.Outfall + NSEC.Aerobic.SRT + NSEC.Effluent.NO3 + NSEC.Effluent.OP + NSEC.Effluent.NO5",0.0502405445826237,0.750026027189793,"3,2"
"12745","Temp..of.NSEC.Main.Ch. + N..Basin.Outfall + NSEC.Aerobic.SRT + NSEC.Effluent.NO3 + NSEC.Effluent.OP + NSEC.Effluent.Flow",0.168684750026069,0.672907032481824,"3,2"
"12746","Temp..of.NSEC.Main.Ch. + N..Basin.Outfall + NSEC.Aerobic.SRT + NSEC.Effluent.NO3 + NSEC.Effluent.TSS + NSEC.Effluent.NO5",0.136235590325914,0.768428689106799,"3,2"
"12747","Temp..of.NSEC.Main.Ch. + N..Basin.Outfall + NSEC.Aerobic.SRT + NSEC.Effluent.NO3 + NSEC.Effluent.TSS + NSEC.Effluent.Flow",0.167299817854069,0.639058250665327,"3,2"
"12748","Temp..of.NSEC.Main.Ch. + N..Basin.Outfall + NSEC.Aerobic.SRT + NSEC.Effluent.NO3 + NSEC.Effluent.NO5 + NSEC.Effluent.Flow",0.0266165992714886,0.385397991263483,"3,2"
"12749","Temp..of.NSEC.Main.Ch. + N..Basin.Outfall + NSEC.Aerobic.SRT + NSEC.Effluent.OP + NSEC.Effluent.TSS + NSEC.Effluent.NO5",0.127459092044037,0.643373581828978,"3,2"
"12750","Temp..of.NSEC.Main.Ch. + N..Basin.Outfall + NSEC.Aerobic.SRT + NSEC.Effluent.OP + NSEC.Effluent.TSS + NSEC.Effluent.Flow",0.212512048923596,0.710305243211215,"3,2"
"12751","Temp..of.NSEC.Main.Ch. + N..Basin.Outfall + NSEC.Aerobic.SRT + NSEC.Effluent.OP + NSEC.Effluent.NO5 + NSEC.Effluent.Flow",0.0490528306401048,0.549528341284231,"3,2"
"12752","Temp..of.NSEC.Main.Ch. + N..Basin.Outfall + NSEC.Aerobic.SRT + NSEC.Effluent.TSS + NSEC.Effluent.NO5 + NSEC.Effluent.Flow",0.00517622584775923,0.425520566729503,"3,2"
"12753","Temp..of.NSEC.Main.Ch. + N..Basin.Outfall + NSEC.Effluent.NH3 + NSEC.Effluent.NO3 + NSEC.Effluent.OP + NSEC.Effluent.TSS",0.196897864516008,0.590579644607157,"3,2"
"12754","Temp..of.NSEC.Main.Ch. + N..Basin.Outfall + NSEC.Effluent.NH3 + NSEC.Effluent.NO3 + NSEC.Effluent.OP + NSEC.Effluent.NO5",0.164131872208187,0.473985697121649,"3,2"
"12755","Temp..of.NSEC.Main.Ch. + N..Basin.Outfall + NSEC.Effluent.NH3 + NSEC.Effluent.NO3 + NSEC.Effluent.OP + NSEC.Effluent.Flow",0.137286784820913,0.4692049034569,"3,2"
"12756","Temp..of.NSEC.Main.Ch. + N..Basin.Outfall + NSEC.Effluent.NH3 + NSEC.Effluent.NO3 + NSEC.Effluent.TSS + NSEC.Effluent.NO5",0.0265936638122035,0.531583490314878,"3,2"
"12757","Temp..of.NSEC.Main.Ch. + N..Basin.Outfall + NSEC.Effluent.NH3 + NSEC.Effluent.NO3 + NSEC.Effluent.TSS + NSEC.Effluent.Flow",0.0566859412631633,0.366084205664757,"3,2"
"12758","Temp..of.NSEC.Main.Ch. + N..Basin.Outfall + NSEC.Effluent.NH3 + NSEC.Effluent.NO3 + NSEC.Effluent.NO5 + NSEC.Effluent.Flow",0.0106680975758162,0.41242976047881,"3,2"
"12759","Temp..of.NSEC.Main.Ch. + N..Basin.Outfall + NSEC.Effluent.NH3 + NSEC.Effluent.OP + NSEC.Effluent.TSS + NSEC.Effluent.NO5",0.144382860662388,0.559681561970097,"3,2"
"12760","Temp..of.NSEC.Main.Ch. + N..Basin.Outfall + NSEC.Effluent.NH3 + NSEC.Effluent.OP + NSEC.Effluent.TSS + NSEC.Effluent.Flow",0.136484353420133,0.560988789389676,"3,2"
"12761","Temp..of.NSEC.Main.Ch. + N..Basin.Outfall + NSEC.Effluent.NH3 + NSEC.Effluent.OP + NSEC.Effluent.NO5 + NSEC.Effluent.Flow",0.180429864745361,0.463593597215649,"3,2"
"12762","Temp..of.NSEC.Main.Ch. + N..Basin.Outfall + NSEC.Effluent.NH3 + NSEC.Effluent.TSS + NSEC.Effluent.NO5 + NSEC.Effluent.Flow",0.0149903535330567,0.334795833605939,"3,2"
"12763","Temp..of.NSEC.Main.Ch. + N..Basin.Outfall + NSEC.Effluent.NO3 + NSEC.Effluent.OP + NSEC.Effluent.TSS + NSEC.Effluent.NO5",0.0806998180663865,0.559568306500816,"3,2"
"12764","Temp..of.NSEC.Main.Ch. + N..Basin.Outfall + NSEC.Effluent.NO3 + NSEC.Effluent.OP + NSEC.Effluent.TSS + NSEC.Effluent.Flow",0.2796580320076,0.709967153069105,"3,2"
"12765","Temp..of.NSEC.Main.Ch. + N..Basin.Outfall + NSEC.Effluent.NO3 + NSEC.Effluent.OP + NSEC.Effluent.NO5 + NSEC.Effluent.Flow",0.146413137628024,0.483708587513313,"3,2"
"12766","Temp..of.NSEC.Main.Ch. + N..Basin.Outfall + NSEC.Effluent.NO3 + NSEC.Effluent.TSS + NSEC.Effluent.NO5 + NSEC.Effluent.Flow",0.0586624359170875,0.391758198069124,"3,2"
"12767","Temp..of.NSEC.Main.Ch. + N..Basin.Outfall + NSEC.Effluent.OP + NSEC.Effluent.TSS + NSEC.Effluent.NO5 + NSEC.Effluent.Flow",0.193220938309579,0.622752882870456,"3,2"
"12768","Temp..of.NSEC.Main.Ch. + CODto..mg.L. + TSS..mg.L. + UVT.... + CODds..mg.L. + SACto..1.m.",0.052210200896182,0.459636418316183,"3,2"
"12769","Temp..of.NSEC.Main.Ch. + CODto..mg.L. + TSS..mg.L. + UVT.... + CODds..mg.L. + NSEC.Aerobic.SRT",0.0464925766811919,0.716733112921158,"3,2"
"12770","Temp..of.NSEC.Main.Ch. + CODto..mg.L. + TSS..mg.L. + UVT.... + CODds..mg.L. + NSEC.Effluent.NH3",0.0516081462653077,0.430586751018213,"3,2"
"12771","Temp..of.NSEC.Main.Ch. + CODto..mg.L. + TSS..mg.L. + UVT.... + CODds..mg.L. + NSEC.Effluent.NO3",0.0757985688613836,0.438114340455893,"3,2"
"12772","Temp..of.NSEC.Main.Ch. + CODto..mg.L. + TSS..mg.L. + UVT.... + CODds..mg.L. + NSEC.Effluent.OP",0.0362345835446098,0.600122999308063,"3,2"
"12773","Temp..of.NSEC.Main.Ch. + CODto..mg.L. + TSS..mg.L. + UVT.... + CODds..mg.L. + NSEC.Effluent.TSS",0.0258661932647577,0.697687227269181,"3,2"
"12774","Temp..of.NSEC.Main.Ch. + CODto..mg.L. + TSS..mg.L. + UVT.... + CODds..mg.L. + NSEC.Effluent.NO5",0.0479047392373797,0.478621534188938,"3,2"
"12775","Temp..of.NSEC.Main.Ch. + CODto..mg.L. + TSS..mg.L. + UVT.... + CODds..mg.L. + NSEC.Effluent.Flow",0.004905056244215,0.572356171846786,"3,2"
"12776","Temp..of.NSEC.Main.Ch. + CODto..mg.L. + TSS..mg.L. + UVT.... + SACto..1.m. + NSEC.Aerobic.SRT",0.136994618476576,0.674482928883778,"3,2"
"12777","Temp..of.NSEC.Main.Ch. + CODto..mg.L. + TSS..mg.L. + UVT.... + SACto..1.m. + NSEC.Effluent.NH3",0.0178547043640376,0.507825674688717,"3,2"
"12778","Temp..of.NSEC.Main.Ch. + CODto..mg.L. + TSS..mg.L. + UVT.... + SACto..1.m. + NSEC.Effluent.NO3",0.117575613266195,0.533518684034571,"3,2"
"12779","Temp..of.NSEC.Main.Ch. + CODto..mg.L. + TSS..mg.L. + UVT.... + SACto..1.m. + NSEC.Effluent.OP",0.160667172849946,0.494270388062212,"3,2"
"12780","Temp..of.NSEC.Main.Ch. + CODto..mg.L. + TSS..mg.L. + UVT.... + SACto..1.m. + NSEC.Effluent.TSS",0.0856849633966079,0.659921974459435,"3,2"
"12781","Temp..of.NSEC.Main.Ch. + CODto..mg.L. + TSS..mg.L. + UVT.... + SACto..1.m. + NSEC.Effluent.NO5",0.126983221777925,0.533160319137643,"3,2"
"12782","Temp..of.NSEC.Main.Ch. + CODto..mg.L. + TSS..mg.L. + UVT.... + SACto..1.m. + NSEC.Effluent.Flow",0.00812985316717585,0.541757651132244,"3,2"
"12783","Temp..of.NSEC.Main.Ch. + CODto..mg.L. + TSS..mg.L. + UVT.... + NSEC.Aerobic.SRT + NSEC.Effluent.NH3",0.131592842852952,0.674045354555434,"3,2"
"12784","Temp..of.NSEC.Main.Ch. + CODto..mg.L. + TSS..mg.L. + UVT.... + NSEC.Aerobic.SRT + NSEC.Effluent.NO3",0.0837613397039767,0.714574324557626,"3,2"
"12785","Temp..of.NSEC.Main.Ch. + CODto..mg.L. + TSS..mg.L. + UVT.... + NSEC.Aerobic.SRT + NSEC.Effluent.OP",0.0204547208038135,0.690483774833408,"3,2"
"12786","Temp..of.NSEC.Main.Ch. + CODto..mg.L. + TSS..mg.L. + UVT.... + NSEC.Aerobic.SRT + NSEC.Effluent.TSS",0.076150422846792,0.735210171112999,"3,2"
"12787","Temp..of.NSEC.Main.Ch. + CODto..mg.L. + TSS..mg.L. + UVT.... + NSEC.Aerobic.SRT + NSEC.Effluent.NO5",0.0750872197984811,0.738782882878628,"3,2"
"12788","Temp..of.NSEC.Main.Ch. + CODto..mg.L. + TSS..mg.L. + UVT.... + NSEC.Aerobic.SRT + NSEC.Effluent.Flow",0.194584762222265,0.752434626699525,"3,2"
"12789","Temp..of.NSEC.Main.Ch. + CODto..mg.L. + TSS..mg.L. + UVT.... + NSEC.Effluent.NH3 + NSEC.Effluent.NO3",0.0101907861468824,0.54630816518684,"3,2"
"12790","Temp..of.NSEC.Main.Ch. + CODto..mg.L. + TSS..mg.L. + UVT.... + NSEC.Effluent.NH3 + NSEC.Effluent.OP",0.217671261527697,0.614808971072067,"3,2"
"12791","Temp..of.NSEC.Main.Ch. + CODto..mg.L. + TSS..mg.L. + UVT.... + NSEC.Effluent.NH3 + NSEC.Effluent.TSS",0.197734260784837,0.683848746990005,"3,2"
"12792","Temp..of.NSEC.Main.Ch. + CODto..mg.L. + TSS..mg.L. + UVT.... + NSEC.Effluent.NH3 + NSEC.Effluent.NO5",0.141636984330508,0.594834158507601,"3,2"
"12793","Temp..of.NSEC.Main.Ch. + CODto..mg.L. + TSS..mg.L. + UVT.... + NSEC.Effluent.NH3 + NSEC.Effluent.Flow",0.18675181233165,0.586355777990798,"3,2"
"12794","Temp..of.NSEC.Main.Ch. + CODto..mg.L. + TSS..mg.L. + UVT.... + NSEC.Effluent.NO3 + NSEC.Effluent.OP",0.0454849111738231,0.594628432072202,"3,2"
"12795","Temp..of.NSEC.Main.Ch. + CODto..mg.L. + TSS..mg.L. + UVT.... + NSEC.Effluent.NO3 + NSEC.Effluent.TSS",0.143283873393885,0.709659464773373,"3,2"
"12796","Temp..of.NSEC.Main.Ch. + CODto..mg.L. + TSS..mg.L. + UVT.... + NSEC.Effluent.NO3 + NSEC.Effluent.NO5",0.122301271927977,0.583095501355231,"3,2"
"12797","Temp..of.NSEC.Main.Ch. + CODto..mg.L. + TSS..mg.L. + UVT.... + NSEC.Effluent.NO3 + NSEC.Effluent.Flow",0.129931806250422,0.642448026164743,"3,2"
"12798","Temp..of.NSEC.Main.Ch. + CODto..mg.L. + TSS..mg.L. + UVT.... + NSEC.Effluent.OP + NSEC.Effluent.TSS",0.000166384742203096,0.680187747764191,"3,2"
"12799","Temp..of.NSEC.Main.Ch. + CODto..mg.L. + TSS..mg.L. + UVT.... + NSEC.Effluent.OP + NSEC.Effluent.NO5",0.115389160705077,0.649051774798978,"3,2"
"12800","Temp..of.NSEC.Main.Ch. + CODto..mg.L. + TSS..mg.L. + UVT.... + NSEC.Effluent.OP + NSEC.Effluent.Flow",0.129011926742312,0.627053432370939,"3,2"
"12801","Temp..of.NSEC.Main.Ch. + CODto..mg.L. + TSS..mg.L. + UVT.... + NSEC.Effluent.TSS + NSEC.Effluent.NO5",0.0115659279864375,0.727749705707605,"3,2"
"12802","Temp..of.NSEC.Main.Ch. + CODto..mg.L. + TSS..mg.L. + UVT.... + NSEC.Effluent.TSS + NSEC.Effluent.Flow",0.0413665375123382,0.731847754069319,"3,2"
"12803","Temp..of.NSEC.Main.Ch. + CODto..mg.L. + TSS..mg.L. + UVT.... + NSEC.Effluent.NO5 + NSEC.Effluent.Flow",0.154795131438163,0.627721346884105,"3,2"
"12804","Temp..of.NSEC.Main.Ch. + CODto..mg.L. + TSS..mg.L. + CODds..mg.L. + SACto..1.m. + NSEC.Aerobic.SRT",0.0809141137248741,0.656681706281078,"3,2"
"12805","Temp..of.NSEC.Main.Ch. + CODto..mg.L. + TSS..mg.L. + CODds..mg.L. + SACto..1.m. + NSEC.Effluent.NH3",0.129907460346369,0.512662425971461,"3,2"
"12806","Temp..of.NSEC.Main.Ch. + CODto..mg.L. + TSS..mg.L. + CODds..mg.L. + SACto..1.m. + NSEC.Effluent.NO3",0.0324564755589267,0.546219056775822,"3,2"
"12807","Temp..of.NSEC.Main.Ch. + CODto..mg.L. + TSS..mg.L. + CODds..mg.L. + SACto..1.m. + NSEC.Effluent.OP",0.0240757733599517,0.575771379692672,"3,2"
"12808","Temp..of.NSEC.Main.Ch. + CODto..mg.L. + TSS..mg.L. + CODds..mg.L. + SACto..1.m. + NSEC.Effluent.TSS",0.0568066587804044,0.6719925492327,"3,2"
"12809","Temp..of.NSEC.Main.Ch. + CODto..mg.L. + TSS..mg.L. + CODds..mg.L. + SACto..1.m. + NSEC.Effluent.NO5",0.0538563316221738,0.508137147498491,"3,2"
"12810","Temp..of.NSEC.Main.Ch. + CODto..mg.L. + TSS..mg.L. + CODds..mg.L. + SACto..1.m. + NSEC.Effluent.Flow",0.262112550826887,0.634849670768781,"3,2"
"12811","Temp..of.NSEC.Main.Ch. + CODto..mg.L. + TSS..mg.L. + CODds..mg.L. + NSEC.Aerobic.SRT + NSEC.Effluent.NH3",0.182586021102451,0.75931246933787,"3,2"
"12812","Temp..of.NSEC.Main.Ch. + CODto..mg.L. + TSS..mg.L. + CODds..mg.L. + NSEC.Aerobic.SRT + NSEC.Effluent.NO3",0.105531379297838,0.753466483590396,"3,2"
"12813","Temp..of.NSEC.Main.Ch. + CODto..mg.L. + TSS..mg.L. + CODds..mg.L. + NSEC.Aerobic.SRT + NSEC.Effluent.OP",0.087892467737442,0.566446412467168,"3,2"
"12814","Temp..of.NSEC.Main.Ch. + CODto..mg.L. + TSS..mg.L. + CODds..mg.L. + NSEC.Aerobic.SRT + NSEC.Effluent.TSS",0.083042095425756,0.747060386638608,"3,2"
"12815","Temp..of.NSEC.Main.Ch. + CODto..mg.L. + TSS..mg.L. + CODds..mg.L. + NSEC.Aerobic.SRT + NSEC.Effluent.NO5",0.200147997204553,0.695784344540261,"3,2"
"12816","Temp..of.NSEC.Main.Ch. + CODto..mg.L. + TSS..mg.L. + CODds..mg.L. + NSEC.Aerobic.SRT + NSEC.Effluent.Flow",0.206969836984503,0.576200103380775,"3,2"
"12817","Temp..of.NSEC.Main.Ch. + CODto..mg.L. + TSS..mg.L. + CODds..mg.L. + NSEC.Effluent.NH3 + NSEC.Effluent.NO3",0.128162915907337,0.528174733864314,"3,2"
"12818","Temp..of.NSEC.Main.Ch. + CODto..mg.L. + TSS..mg.L. + CODds..mg.L. + NSEC.Effluent.NH3 + NSEC.Effluent.OP",0.0624087155681425,0.434639589470388,"3,2"
"12819","Temp..of.NSEC.Main.Ch. + CODto..mg.L. + TSS..mg.L. + CODds..mg.L. + NSEC.Effluent.NH3 + NSEC.Effluent.TSS",0.0862179590594594,0.737715864665468,"3,2"
"12820","Temp..of.NSEC.Main.Ch. + CODto..mg.L. + TSS..mg.L. + CODds..mg.L. + NSEC.Effluent.NH3 + NSEC.Effluent.NO5",0.197501821138486,0.473137365038462,"3,2"
"12821","Temp..of.NSEC.Main.Ch. + CODto..mg.L. + TSS..mg.L. + CODds..mg.L. + NSEC.Effluent.NH3 + NSEC.Effluent.Flow",0.0680727582739675,0.602357217304219,"3,2"
"12822","Temp..of.NSEC.Main.Ch. + CODto..mg.L. + TSS..mg.L. + CODds..mg.L. + NSEC.Effluent.NO3 + NSEC.Effluent.OP",0.140217031122359,0.653372412256585,"3,2"
"12823","Temp..of.NSEC.Main.Ch. + CODto..mg.L. + TSS..mg.L. + CODds..mg.L. + NSEC.Effluent.NO3 + NSEC.Effluent.TSS",0.0836131821045094,0.685614316477038,"3,2"
"12824","Temp..of.NSEC.Main.Ch. + CODto..mg.L. + TSS..mg.L. + CODds..mg.L. + NSEC.Effluent.NO3 + NSEC.Effluent.NO5",0.177893794040206,0.590659057424208,"3,2"
"12825","Temp..of.NSEC.Main.Ch. + CODto..mg.L. + TSS..mg.L. + CODds..mg.L. + NSEC.Effluent.NO3 + NSEC.Effluent.Flow",0.196893031666885,0.571808894112722,"3,2"
"12826","Temp..of.NSEC.Main.Ch. + CODto..mg.L. + TSS..mg.L. + CODds..mg.L. + NSEC.Effluent.OP + NSEC.Effluent.TSS",0.135919575545085,0.720336686204921,"3,2"
"12827","Temp..of.NSEC.Main.Ch. + CODto..mg.L. + TSS..mg.L. + CODds..mg.L. + NSEC.Effluent.OP + NSEC.Effluent.NO5",0.153837173332134,0.514116259973337,"3,2"
"12828","Temp..of.NSEC.Main.Ch. + CODto..mg.L. + TSS..mg.L. + CODds..mg.L. + NSEC.Effluent.OP + NSEC.Effluent.Flow",0.199540388000314,0.600127598034068,"3,2"
"12829","Temp..of.NSEC.Main.Ch. + CODto..mg.L. + TSS..mg.L. + CODds..mg.L. + NSEC.Effluent.TSS + NSEC.Effluent.NO5",0.123201033017206,0.654859374286146,"3,2"
"12830","Temp..of.NSEC.Main.Ch. + CODto..mg.L. + TSS..mg.L. + CODds..mg.L. + NSEC.Effluent.TSS + NSEC.Effluent.Flow",0.0424361710057175,0.749296101796955,"3,2"
"12831","Temp..of.NSEC.Main.Ch. + CODto..mg.L. + TSS..mg.L. + CODds..mg.L. + NSEC.Effluent.NO5 + NSEC.Effluent.Flow",0.193275645595697,0.607521707877646,"3,2"
"12832","Temp..of.NSEC.Main.Ch. + CODto..mg.L. + TSS..mg.L. + SACto..1.m. + NSEC.Aerobic.SRT + NSEC.Effluent.NH3",0.0313213094602744,0.593480733898267,"3,2"
"12833","Temp..of.NSEC.Main.Ch. + CODto..mg.L. + TSS..mg.L. + SACto..1.m. + NSEC.Aerobic.SRT + NSEC.Effluent.NO3",0.105058336321573,0.731494650742448,"3,2"
"12834","Temp..of.NSEC.Main.Ch. + CODto..mg.L. + TSS..mg.L. + SACto..1.m. + NSEC.Aerobic.SRT + NSEC.Effluent.OP",0.0426696447405472,0.676791311812784,"3,2"
"12835","Temp..of.NSEC.Main.Ch. + CODto..mg.L. + TSS..mg.L. + SACto..1.m. + NSEC.Aerobic.SRT + NSEC.Effluent.TSS",0.0877905611420522,0.571435664977931,"3,2"
"12836","Temp..of.NSEC.Main.Ch. + CODto..mg.L. + TSS..mg.L. + SACto..1.m. + NSEC.Aerobic.SRT + NSEC.Effluent.NO5",0.134538108756298,0.696832450285576,"3,2"
"12837","Temp..of.NSEC.Main.Ch. + CODto..mg.L. + TSS..mg.L. + SACto..1.m. + NSEC.Aerobic.SRT + NSEC.Effluent.Flow",0.0799258070623536,0.784900633407683,"3,2"
"12838","Temp..of.NSEC.Main.Ch. + CODto..mg.L. + TSS..mg.L. + SACto..1.m. + NSEC.Effluent.NH3 + NSEC.Effluent.NO3",0.0578644713641849,0.575402240596204,"3,2"
"12839","Temp..of.NSEC.Main.Ch. + CODto..mg.L. + TSS..mg.L. + SACto..1.m. + NSEC.Effluent.NH3 + NSEC.Effluent.OP",0.0393257181478393,0.51063670210194,"3,2"
"12840","Temp..of.NSEC.Main.Ch. + CODto..mg.L. + TSS..mg.L. + SACto..1.m. + NSEC.Effluent.NH3 + NSEC.Effluent.TSS",0.0667398976651743,0.721259404945467,"3,2"
"12841","Temp..of.NSEC.Main.Ch. + CODto..mg.L. + TSS..mg.L. + SACto..1.m. + NSEC.Effluent.NH3 + NSEC.Effluent.NO5",0.176293419326021,0.540821199669119,"3,2"
"12842","Temp..of.NSEC.Main.Ch. + CODto..mg.L. + TSS..mg.L. + SACto..1.m. + NSEC.Effluent.NH3 + NSEC.Effluent.Flow",0.0185866721444723,0.598940208158243,"3,2"
"12843","Temp..of.NSEC.Main.Ch. + CODto..mg.L. + TSS..mg.L. + SACto..1.m. + NSEC.Effluent.NO3 + NSEC.Effluent.OP",0.0709981966969808,0.668850938146091,"3,2"
"12844","Temp..of.NSEC.Main.Ch. + CODto..mg.L. + TSS..mg.L. + SACto..1.m. + NSEC.Effluent.NO3 + NSEC.Effluent.TSS",0.106554241405219,0.628770191526914,"3,2"
"12845","Temp..of.NSEC.Main.Ch. + CODto..mg.L. + TSS..mg.L. + SACto..1.m. + NSEC.Effluent.NO3 + NSEC.Effluent.NO5",0.0784964203563585,0.606023945078028,"3,2"
"12846","Temp..of.NSEC.Main.Ch. + CODto..mg.L. + TSS..mg.L. + SACto..1.m. + NSEC.Effluent.NO3 + NSEC.Effluent.Flow",0.0263723519403576,0.6197996897626,"3,2"
"12847","Temp..of.NSEC.Main.Ch. + CODto..mg.L. + TSS..mg.L. + SACto..1.m. + NSEC.Effluent.OP + NSEC.Effluent.TSS",0.0803697378180921,0.735873888063111,"3,2"
"12848","Temp..of.NSEC.Main.Ch. + CODto..mg.L. + TSS..mg.L. + SACto..1.m. + NSEC.Effluent.OP + NSEC.Effluent.NO5",0.0471999579254183,0.466013302341373,"3,2"
"12849","Temp..of.NSEC.Main.Ch. + CODto..mg.L. + TSS..mg.L. + SACto..1.m. + NSEC.Effluent.OP + NSEC.Effluent.Flow",0.250417473385758,0.613714765274739,"3,2"
"12850","Temp..of.NSEC.Main.Ch. + CODto..mg.L. + TSS..mg.L. + SACto..1.m. + NSEC.Effluent.TSS + NSEC.Effluent.NO5",0.231965786327106,0.645325068071299,"3,2"
"12851","Temp..of.NSEC.Main.Ch. + CODto..mg.L. + TSS..mg.L. + SACto..1.m. + NSEC.Effluent.TSS + NSEC.Effluent.Flow",0.00830625836730414,0.688748069303526,"3,2"
"12852","Temp..of.NSEC.Main.Ch. + CODto..mg.L. + TSS..mg.L. + SACto..1.m. + NSEC.Effluent.NO5 + NSEC.Effluent.Flow",0.0687993552647888,0.505928547131382,"3,2"
"12853","Temp..of.NSEC.Main.Ch. + CODto..mg.L. + TSS..mg.L. + NSEC.Aerobic.SRT + NSEC.Effluent.NH3 + NSEC.Effluent.NO3",0.00894418112757633,0.423758201074139,"3,2"
"12854","Temp..of.NSEC.Main.Ch. + CODto..mg.L. + TSS..mg.L. + NSEC.Aerobic.SRT + NSEC.Effluent.NH3 + NSEC.Effluent.OP",0.0622413340263464,0.76100737281019,"3,2"
"12855","Temp..of.NSEC.Main.Ch. + CODto..mg.L. + TSS..mg.L. + NSEC.Aerobic.SRT + NSEC.Effluent.NH3 + NSEC.Effluent.TSS",0.035965284341926,0.771521594031876,"3,2"
"12856","Temp..of.NSEC.Main.Ch. + CODto..mg.L. + TSS..mg.L. + NSEC.Aerobic.SRT + NSEC.Effluent.NH3 + NSEC.Effluent.NO5",0.204687012765579,0.666818051334646,"3,2"
"12857","Temp..of.NSEC.Main.Ch. + CODto..mg.L. + TSS..mg.L. + NSEC.Aerobic.SRT + NSEC.Effluent.NH3 + NSEC.Effluent.Flow",0.0814532223533919,0.592221429680548,"3,2"
"12858","Temp..of.NSEC.Main.Ch. + CODto..mg.L. + TSS..mg.L. + NSEC.Aerobic.SRT + NSEC.Effluent.NO3 + NSEC.Effluent.OP",0.226049161060153,0.693818365180519,"3,2"
"12859","Temp..of.NSEC.Main.Ch. + CODto..mg.L. + TSS..mg.L. + NSEC.Aerobic.SRT + NSEC.Effluent.NO3 + NSEC.Effluent.TSS",0.125738819661583,0.699095806980703,"3,2"
"12860","Temp..of.NSEC.Main.Ch. + CODto..mg.L. + TSS..mg.L. + NSEC.Aerobic.SRT + NSEC.Effluent.NO3 + NSEC.Effluent.NO5",0.0679209397407181,0.777224082372912,"3,2"
"12861","Temp..of.NSEC.Main.Ch. + CODto..mg.L. + TSS..mg.L. + NSEC.Aerobic.SRT + NSEC.Effluent.NO3 + NSEC.Effluent.Flow",0.168617397691194,0.784522897546192,"3,2"
"12862","Temp..of.NSEC.Main.Ch. + CODto..mg.L. + TSS..mg.L. + NSEC.Aerobic.SRT + NSEC.Effluent.OP + NSEC.Effluent.TSS",0.17835141919861,0.688694145215822,"3,2"
"12863","Temp..of.NSEC.Main.Ch. + CODto..mg.L. + TSS..mg.L. + NSEC.Aerobic.SRT + NSEC.Effluent.OP + NSEC.Effluent.NO5",0.0176684062936554,0.728941486375359,"3,2"
"12864","Temp..of.NSEC.Main.Ch. + CODto..mg.L. + TSS..mg.L. + NSEC.Aerobic.SRT + NSEC.Effluent.OP + NSEC.Effluent.Flow",0.157043386142412,0.756301809519028,"3,2"
"12865","Temp..of.NSEC.Main.Ch. + CODto..mg.L. + TSS..mg.L. + NSEC.Aerobic.SRT + NSEC.Effluent.TSS + NSEC.Effluent.NO5",0.10037023966924,0.761073193391724,"3,2"
"12866","Temp..of.NSEC.Main.Ch. + CODto..mg.L. + TSS..mg.L. + NSEC.Aerobic.SRT + NSEC.Effluent.TSS + NSEC.Effluent.Flow",0.109914130013508,0.766382156337529,"3,2"
"12867","Temp..of.NSEC.Main.Ch. + CODto..mg.L. + TSS..mg.L. + NSEC.Aerobic.SRT + NSEC.Effluent.NO5 + NSEC.Effluent.Flow",0.0951342226399974,0.659885645287093,"3,2"
"12868","Temp..of.NSEC.Main.Ch. + CODto..mg.L. + TSS..mg.L. + NSEC.Effluent.NH3 + NSEC.Effluent.NO3 + NSEC.Effluent.OP",0.149309995836281,0.698763810940956,"3,2"
"12869","Temp..of.NSEC.Main.Ch. + CODto..mg.L. + TSS..mg.L. + NSEC.Effluent.NH3 + NSEC.Effluent.NO3 + NSEC.Effluent.TSS",0.0579908106398541,0.602336906426824,"3,2"
"12870","Temp..of.NSEC.Main.Ch. + CODto..mg.L. + TSS..mg.L. + NSEC.Effluent.NH3 + NSEC.Effluent.NO3 + NSEC.Effluent.NO5",0.234626548032876,0.583817363887166,"3,2"
"12871","Temp..of.NSEC.Main.Ch. + CODto..mg.L. + TSS..mg.L. + NSEC.Effluent.NH3 + NSEC.Effluent.NO3 + NSEC.Effluent.Flow",0.182209599343381,0.6046211985633,"3,2"
"12872","Temp..of.NSEC.Main.Ch. + CODto..mg.L. + TSS..mg.L. + NSEC.Effluent.NH3 + NSEC.Effluent.OP + NSEC.Effluent.TSS",0.23269430322362,0.724344229180616,"3,2"
"12873","Temp..of.NSEC.Main.Ch. + CODto..mg.L. + TSS..mg.L. + NSEC.Effluent.NH3 + NSEC.Effluent.OP + NSEC.Effluent.NO5",0.106750693035014,0.639855049579817,"3,2"
"12874","Temp..of.NSEC.Main.Ch. + CODto..mg.L. + TSS..mg.L. + NSEC.Effluent.NH3 + NSEC.Effluent.OP + NSEC.Effluent.Flow",0.156063850103853,0.719084924947237,"3,2"
"12875","Temp..of.NSEC.Main.Ch. + CODto..mg.L. + TSS..mg.L. + NSEC.Effluent.NH3 + NSEC.Effluent.TSS + NSEC.Effluent.NO5",0.183716623502159,0.639355461824848,"3,2"
"12876","Temp..of.NSEC.Main.Ch. + CODto..mg.L. + TSS..mg.L. + NSEC.Effluent.NH3 + NSEC.Effluent.TSS + NSEC.Effluent.Flow",0.0311602823419932,0.760535591257415,"3,2"
"12877","Temp..of.NSEC.Main.Ch. + CODto..mg.L. + TSS..mg.L. + NSEC.Effluent.NH3 + NSEC.Effluent.NO5 + NSEC.Effluent.Flow",0.195573143191945,0.00272789651886518,"3,2"
"12878","Temp..of.NSEC.Main.Ch. + CODto..mg.L. + TSS..mg.L. + NSEC.Effluent.NO3 + NSEC.Effluent.OP + NSEC.Effluent.TSS",0.248683197999429,0.676001609243788,"3,2"
"12879","Temp..of.NSEC.Main.Ch. + CODto..mg.L. + TSS..mg.L. + NSEC.Effluent.NO3 + NSEC.Effluent.OP + NSEC.Effluent.NO5",0.0550821194753586,0.61026589837641,"3,2"
"12880","Temp..of.NSEC.Main.Ch. + CODto..mg.L. + TSS..mg.L. + NSEC.Effluent.NO3 + NSEC.Effluent.OP + NSEC.Effluent.Flow",0.146146567679788,0.687936153991089,"3,2"
"12881","Temp..of.NSEC.Main.Ch. + CODto..mg.L. + TSS..mg.L. + NSEC.Effluent.NO3 + NSEC.Effluent.TSS + NSEC.Effluent.NO5",0.154931008757016,0.756199120907957,"3,2"
"12882","Temp..of.NSEC.Main.Ch. + CODto..mg.L. + TSS..mg.L. + NSEC.Effluent.NO3 + NSEC.Effluent.TSS + NSEC.Effluent.Flow",0.213282844231872,0.747482388079754,"3,2"
"12883","Temp..of.NSEC.Main.Ch. + CODto..mg.L. + TSS..mg.L. + NSEC.Effluent.NO3 + NSEC.Effluent.NO5 + NSEC.Effluent.Flow",0.179450867765349,0.545073998401743,"3,2"
"12884","Temp..of.NSEC.Main.Ch. + CODto..mg.L. + TSS..mg.L. + NSEC.Effluent.OP + NSEC.Effluent.TSS + NSEC.Effluent.NO5",0.141739627696845,0.717080609745427,"3,2"
"12885","Temp..of.NSEC.Main.Ch. + CODto..mg.L. + TSS..mg.L. + NSEC.Effluent.OP + NSEC.Effluent.TSS + NSEC.Effluent.Flow",0.103058636946926,0.759429404389581,"3,2"
"12886","Temp..of.NSEC.Main.Ch. + CODto..mg.L. + TSS..mg.L. + NSEC.Effluent.OP + NSEC.Effluent.NO5 + NSEC.Effluent.Flow",0.148323942993105,0.637852687715187,"3,2"
"12887","Temp..of.NSEC.Main.Ch. + CODto..mg.L. + TSS..mg.L. + NSEC.Effluent.TSS + NSEC.Effluent.NO5 + NSEC.Effluent.Flow",0.154894747111524,0.737868149109427,"3,2"
"12888","Temp..of.NSEC.Main.Ch. + CODto..mg.L. + UVT.... + CODds..mg.L. + SACto..1.m. + NSEC.Aerobic.SRT",0.230234270490654,0.685954551459943,"3,2"
"12889","Temp..of.NSEC.Main.Ch. + CODto..mg.L. + UVT.... + CODds..mg.L. + SACto..1.m. + NSEC.Effluent.NH3",0.0101774394432941,0.554795126226016,"3,2"
"12890","Temp..of.NSEC.Main.Ch. + CODto..mg.L. + UVT.... + CODds..mg.L. + SACto..1.m. + NSEC.Effluent.NO3",0.0453578704991333,0.453848477243898,"3,2"
"12891","Temp..of.NSEC.Main.Ch. + CODto..mg.L. + UVT.... + CODds..mg.L. + SACto..1.m. + NSEC.Effluent.OP",0.0668653996056534,0.40766506017171,"3,2"
"12892","Temp..of.NSEC.Main.Ch. + CODto..mg.L. + UVT.... + CODds..mg.L. + SACto..1.m. + NSEC.Effluent.TSS",0.000779362515078486,0.616695295108626,"3,2"
"12893","Temp..of.NSEC.Main.Ch. + CODto..mg.L. + UVT.... + CODds..mg.L. + SACto..1.m. + NSEC.Effluent.NO5",0.0283966658043298,0.445958929050739,"3,2"
"12894","Temp..of.NSEC.Main.Ch. + CODto..mg.L. + UVT.... + CODds..mg.L. + SACto..1.m. + NSEC.Effluent.Flow",0.0259596030194615,0.533581459641882,"3,2"
"12895","Temp..of.NSEC.Main.Ch. + CODto..mg.L. + UVT.... + CODds..mg.L. + NSEC.Aerobic.SRT + NSEC.Effluent.NH3",0.281990898610307,0.768141602842009,"3,2"
"12896","Temp..of.NSEC.Main.Ch. + CODto..mg.L. + UVT.... + CODds..mg.L. + NSEC.Aerobic.SRT + NSEC.Effluent.NO3",0.0699871167959523,0.674992212306477,"3,2"
"12897","Temp..of.NSEC.Main.Ch. + CODto..mg.L. + UVT.... + CODds..mg.L. + NSEC.Aerobic.SRT + NSEC.Effluent.OP",0.123063745146246,0.717678039461669,"3,2"
"12898","Temp..of.NSEC.Main.Ch. + CODto..mg.L. + UVT.... + CODds..mg.L. + NSEC.Aerobic.SRT + NSEC.Effluent.TSS",0.260141035077425,0.712662521625776,"3,2"
"12899","Temp..of.NSEC.Main.Ch. + CODto..mg.L. + UVT.... + CODds..mg.L. + NSEC.Aerobic.SRT + NSEC.Effluent.NO5",0.0803141449998925,0.763572617738031,"3,2"
"12900","Temp..of.NSEC.Main.Ch. + CODto..mg.L. + UVT.... + CODds..mg.L. + NSEC.Aerobic.SRT + NSEC.Effluent.Flow",0.0151559360597688,0.714770925698121,"3,2"
"12901","Temp..of.NSEC.Main.Ch. + CODto..mg.L. + UVT.... + CODds..mg.L. + NSEC.Effluent.NH3 + NSEC.Effluent.NO3",0.00338823511397601,0.482256149395183,"3,2"
"12902","Temp..of.NSEC.Main.Ch. + CODto..mg.L. + UVT.... + CODds..mg.L. + NSEC.Effluent.NH3 + NSEC.Effluent.OP",0.11752062773443,0.604988216514391,"3,2"
"12903","Temp..of.NSEC.Main.Ch. + CODto..mg.L. + UVT.... + CODds..mg.L. + NSEC.Effluent.NH3 + NSEC.Effluent.TSS",0.1098908207614,0.539367497978485,"3,2"
"12904","Temp..of.NSEC.Main.Ch. + CODto..mg.L. + UVT.... + CODds..mg.L. + NSEC.Effluent.NH3 + NSEC.Effluent.NO5",0.0520746858380403,0.47293299534841,"3,2"
"12905","Temp..of.NSEC.Main.Ch. + CODto..mg.L. + UVT.... + CODds..mg.L. + NSEC.Effluent.NH3 + NSEC.Effluent.Flow",0.0333411866570836,0.519656190428691,"3,2"
"12906","Temp..of.NSEC.Main.Ch. + CODto..mg.L. + UVT.... + CODds..mg.L. + NSEC.Effluent.NO3 + NSEC.Effluent.OP",0.00354671648895222,0.512029493939412,"3,2"
"12907","Temp..of.NSEC.Main.Ch. + CODto..mg.L. + UVT.... + CODds..mg.L. + NSEC.Effluent.NO3 + NSEC.Effluent.TSS",0.17160714934042,0.672091692846855,"3,2"
"12908","Temp..of.NSEC.Main.Ch. + CODto..mg.L. + UVT.... + CODds..mg.L. + NSEC.Effluent.NO3 + NSEC.Effluent.NO5",0.04225103388721,0.570117114864653,"3,2"
"12909","Temp..of.NSEC.Main.Ch. + CODto..mg.L. + UVT.... + CODds..mg.L. + NSEC.Effluent.NO3 + NSEC.Effluent.Flow",0.122016212265205,0.593161521946738,"3,2"
"12910","Temp..of.NSEC.Main.Ch. + CODto..mg.L. + UVT.... + CODds..mg.L. + NSEC.Effluent.OP + NSEC.Effluent.TSS",0.108919194189936,0.665953456737599,"3,2"
"12911","Temp..of.NSEC.Main.Ch. + CODto..mg.L. + UVT.... + CODds..mg.L. + NSEC.Effluent.OP + NSEC.Effluent.NO5",0.0265189649644268,0.541536679165711,"3,2"
"12912","Temp..of.NSEC.Main.Ch. + CODto..mg.L. + UVT.... + CODds..mg.L. + NSEC.Effluent.OP + NSEC.Effluent.Flow",0.0400444695074744,0.591919408537312,"3,2"
"12913","Temp..of.NSEC.Main.Ch. + CODto..mg.L. + UVT.... + CODds..mg.L. + NSEC.Effluent.TSS + NSEC.Effluent.NO5",0.0988542502937135,0.552087931400159,"3,2"
"12914","Temp..of.NSEC.Main.Ch. + CODto..mg.L. + UVT.... + CODds..mg.L. + NSEC.Effluent.TSS + NSEC.Effluent.Flow",0.033035019710125,0.685940005312416,"3,2"
"12915","Temp..of.NSEC.Main.Ch. + CODto..mg.L. + UVT.... + CODds..mg.L. + NSEC.Effluent.NO5 + NSEC.Effluent.Flow",0.0347271928918014,0.558833255546386,"3,2"
"12916","Temp..of.NSEC.Main.Ch. + CODto..mg.L. + UVT.... + SACto..1.m. + NSEC.Aerobic.SRT + NSEC.Effluent.NH3",0.116706213668023,0.623889868240911,"3,2"
"12917","Temp..of.NSEC.Main.Ch. + CODto..mg.L. + UVT.... + SACto..1.m. + NSEC.Aerobic.SRT + NSEC.Effluent.NO3",0.19772742249251,0.728909512717991,"3,2"
"12918","Temp..of.NSEC.Main.Ch. + CODto..mg.L. + UVT.... + SACto..1.m. + NSEC.Aerobic.SRT + NSEC.Effluent.OP",0.087350813064484,0.595746866973347,"3,2"
"12919","Temp..of.NSEC.Main.Ch. + CODto..mg.L. + UVT.... + SACto..1.m. + NSEC.Aerobic.SRT + NSEC.Effluent.TSS",0.165793597988292,0.773295661604778,"3,2"
"12920","Temp..of.NSEC.Main.Ch. + CODto..mg.L. + UVT.... + SACto..1.m. + NSEC.Aerobic.SRT + NSEC.Effluent.NO5",0.293879599182326,0.719343529264639,"3,2"
"12921","Temp..of.NSEC.Main.Ch. + CODto..mg.L. + UVT.... + SACto..1.m. + NSEC.Aerobic.SRT + NSEC.Effluent.Flow",0.266486153276943,0.77348299971208,"3,2"
"12922","Temp..of.NSEC.Main.Ch. + CODto..mg.L. + UVT.... + SACto..1.m. + NSEC.Effluent.NH3 + NSEC.Effluent.NO3",0.0612941548077877,0.380694906833731,"3,2"
"12923","Temp..of.NSEC.Main.Ch. + CODto..mg.L. + UVT.... + SACto..1.m. + NSEC.Effluent.NH3 + NSEC.Effluent.OP",0.00992158205800076,0.477122600696361,"3,2"
"12924","Temp..of.NSEC.Main.Ch. + CODto..mg.L. + UVT.... + SACto..1.m. + NSEC.Effluent.NH3 + NSEC.Effluent.TSS",0.0410699204213234,0.605040686940814,"3,2"
"12925","Temp..of.NSEC.Main.Ch. + CODto..mg.L. + UVT.... + SACto..1.m. + NSEC.Effluent.NH3 + NSEC.Effluent.NO5",0.145102303395575,0.436850813794275,"3,2"
"12926","Temp..of.NSEC.Main.Ch. + CODto..mg.L. + UVT.... + SACto..1.m. + NSEC.Effluent.NH3 + NSEC.Effluent.Flow",0.011608948846884,0.413218022093926,"3,2"
"12927","Temp..of.NSEC.Main.Ch. + CODto..mg.L. + UVT.... + SACto..1.m. + NSEC.Effluent.NO3 + NSEC.Effluent.OP",0.0714203123559325,0.535950880890383,"3,2"
"12928","Temp..of.NSEC.Main.Ch. + CODto..mg.L. + UVT.... + SACto..1.m. + NSEC.Effluent.NO3 + NSEC.Effluent.TSS",0.0598220956438862,0.501892323482595,"3,2"
"12929","Temp..of.NSEC.Main.Ch. + CODto..mg.L. + UVT.... + SACto..1.m. + NSEC.Effluent.NO3 + NSEC.Effluent.NO5",0.084673608372984,0.45127907719936,"3,2"
"12930","Temp..of.NSEC.Main.Ch. + CODto..mg.L. + UVT.... + SACto..1.m. + NSEC.Effluent.NO3 + NSEC.Effluent.Flow",0.108652203191546,0.50281046926209,"3,2"
"12931","Temp..of.NSEC.Main.Ch. + CODto..mg.L. + UVT.... + SACto..1.m. + NSEC.Effluent.OP + NSEC.Effluent.TSS",0.0512446978591847,0.679350268946923,"3,2"
"12932","Temp..of.NSEC.Main.Ch. + CODto..mg.L. + UVT.... + SACto..1.m. + NSEC.Effluent.OP + NSEC.Effluent.NO5",0.0725240062328247,0.513485400846618,"3,2"
"12933","Temp..of.NSEC.Main.Ch. + CODto..mg.L. + UVT.... + SACto..1.m. + NSEC.Effluent.OP + NSEC.Effluent.Flow",0.0168108175542945,0.573058433534561,"3,2"
"12934","Temp..of.NSEC.Main.Ch. + CODto..mg.L. + UVT.... + SACto..1.m. + NSEC.Effluent.TSS + NSEC.Effluent.NO5",0.0847892827949044,0.535054874592552,"3,2"
"12935","Temp..of.NSEC.Main.Ch. + CODto..mg.L. + UVT.... + SACto..1.m. + NSEC.Effluent.TSS + NSEC.Effluent.Flow",0.148740394397405,0.629758342102005,"3,2"
"12936","Temp..of.NSEC.Main.Ch. + CODto..mg.L. + UVT.... + SACto..1.m. + NSEC.Effluent.NO5 + NSEC.Effluent.Flow",0.0702996784288756,0.57544644874881,"3,2"
"12937","Temp..of.NSEC.Main.Ch. + CODto..mg.L. + UVT.... + NSEC.Aerobic.SRT + NSEC.Effluent.NH3 + NSEC.Effluent.NO3",0.103540042767856,0.641868975176325,"3,2"
"12938","Temp..of.NSEC.Main.Ch. + CODto..mg.L. + UVT.... + NSEC.Aerobic.SRT + NSEC.Effluent.NH3 + NSEC.Effluent.OP",0.0430256068969981,0.649404767966281,"3,2"
"12939","Temp..of.NSEC.Main.Ch. + CODto..mg.L. + UVT.... + NSEC.Aerobic.SRT + NSEC.Effluent.NH3 + NSEC.Effluent.TSS",0.111071209017823,0.58237189205615,"3,2"
"12940","Temp..of.NSEC.Main.Ch. + CODto..mg.L. + UVT.... + NSEC.Aerobic.SRT + NSEC.Effluent.NH3 + NSEC.Effluent.NO5",0.22703201839051,0.737746416215955,"3,2"
"12941","Temp..of.NSEC.Main.Ch. + CODto..mg.L. + UVT.... + NSEC.Aerobic.SRT + NSEC.Effluent.NH3 + NSEC.Effluent.Flow",0.267840062323815,0.752558601334941,"3,2"
"12942","Temp..of.NSEC.Main.Ch. + CODto..mg.L. + UVT.... + NSEC.Aerobic.SRT + NSEC.Effluent.NO3 + NSEC.Effluent.OP",0.0707682669544138,0.71704068781054,"3,2"
"12943","Temp..of.NSEC.Main.Ch. + CODto..mg.L. + UVT.... + NSEC.Aerobic.SRT + NSEC.Effluent.NO3 + NSEC.Effluent.TSS",0.109394019675111,0.709089451706279,"3,2"
"12944","Temp..of.NSEC.Main.Ch. + CODto..mg.L. + UVT.... + NSEC.Aerobic.SRT + NSEC.Effluent.NO3 + NSEC.Effluent.NO5",0.200118404373831,0.747784507670448,"3,2"
"12945","Temp..of.NSEC.Main.Ch. + CODto..mg.L. + UVT.... + NSEC.Aerobic.SRT + NSEC.Effluent.NO3 + NSEC.Effluent.Flow",0.269521214333607,0.814424648497697,"3,2"
"12946","Temp..of.NSEC.Main.Ch. + CODto..mg.L. + UVT.... + NSEC.Aerobic.SRT + NSEC.Effluent.OP + NSEC.Effluent.TSS",0.123603647784401,0.73322097494978,"3,2"
"12947","Temp..of.NSEC.Main.Ch. + CODto..mg.L. + UVT.... + NSEC.Aerobic.SRT + NSEC.Effluent.OP + NSEC.Effluent.NO5",0.0909632516200176,0.637917417717422,"3,2"
"12948","Temp..of.NSEC.Main.Ch. + CODto..mg.L. + UVT.... + NSEC.Aerobic.SRT + NSEC.Effluent.OP + NSEC.Effluent.Flow",0.0653421276503146,0.727818509395737,"3,2"
"12949","Temp..of.NSEC.Main.Ch. + CODto..mg.L. + UVT.... + NSEC.Aerobic.SRT + NSEC.Effluent.TSS + NSEC.Effluent.NO5",0.109948662659583,0.777792277283172,"3,2"
"12950","Temp..of.NSEC.Main.Ch. + CODto..mg.L. + UVT.... + NSEC.Aerobic.SRT + NSEC.Effluent.TSS + NSEC.Effluent.Flow",0.125450576395116,0.781914812132841,"3,2"
"12951","Temp..of.NSEC.Main.Ch. + CODto..mg.L. + UVT.... + NSEC.Aerobic.SRT + NSEC.Effluent.NO5 + NSEC.Effluent.Flow",0.114224667707982,0.690635991543334,"3,2"
"12952","Temp..of.NSEC.Main.Ch. + CODto..mg.L. + UVT.... + NSEC.Effluent.NH3 + NSEC.Effluent.NO3 + NSEC.Effluent.OP",0.233074342883678,0.588814754635103,"3,2"
"12953","Temp..of.NSEC.Main.Ch. + CODto..mg.L. + UVT.... + NSEC.Effluent.NH3 + NSEC.Effluent.NO3 + NSEC.Effluent.TSS",0.247044385873167,0.648868381364716,"3,2"
"12954","Temp..of.NSEC.Main.Ch. + CODto..mg.L. + UVT.... + NSEC.Effluent.NH3 + NSEC.Effluent.NO3 + NSEC.Effluent.NO5",0.0734989048469632,0.571509882668284,"3,2"
"12955","Temp..of.NSEC.Main.Ch. + CODto..mg.L. + UVT.... + NSEC.Effluent.NH3 + NSEC.Effluent.NO3 + NSEC.Effluent.Flow",0.0919613261575283,0.596076917612252,"3,2"
"12956","Temp..of.NSEC.Main.Ch. + CODto..mg.L. + UVT.... + NSEC.Effluent.NH3 + NSEC.Effluent.OP + NSEC.Effluent.TSS",0.0881583591161941,0.662860148243378,"3,2"
"12957","Temp..of.NSEC.Main.Ch. + CODto..mg.L. + UVT.... + NSEC.Effluent.NH3 + NSEC.Effluent.OP + NSEC.Effluent.NO5",0.0296326754491827,0.663335267613372,"3,2"
"12958","Temp..of.NSEC.Main.Ch. + CODto..mg.L. + UVT.... + NSEC.Effluent.NH3 + NSEC.Effluent.OP + NSEC.Effluent.Flow",0.0594688382683453,0.630632483873204,"3,2"
"12959","Temp..of.NSEC.Main.Ch. + CODto..mg.L. + UVT.... + NSEC.Effluent.NH3 + NSEC.Effluent.TSS + NSEC.Effluent.NO5",0.0829489627657183,0.634520137952717,"3,2"
"12960","Temp..of.NSEC.Main.Ch. + CODto..mg.L. + UVT.... + NSEC.Effluent.NH3 + NSEC.Effluent.TSS + NSEC.Effluent.Flow",0.0891874442870169,0.617475843696225,"3,2"
"12961","Temp..of.NSEC.Main.Ch. + CODto..mg.L. + UVT.... + NSEC.Effluent.NH3 + NSEC.Effluent.NO5 + NSEC.Effluent.Flow",0.0284859747134338,0.572979577389381,"3,2"
"12962","Temp..of.NSEC.Main.Ch. + CODto..mg.L. + UVT.... + NSEC.Effluent.NO3 + NSEC.Effluent.OP + NSEC.Effluent.TSS",0.149487877482385,0.586172481289757,"3,2"
"12963","Temp..of.NSEC.Main.Ch. + CODto..mg.L. + UVT.... + NSEC.Effluent.NO3 + NSEC.Effluent.OP + NSEC.Effluent.NO5",0.108999630034192,0.614966205333054,"3,2"
"12964","Temp..of.NSEC.Main.Ch. + CODto..mg.L. + UVT.... + NSEC.Effluent.NO3 + NSEC.Effluent.OP + NSEC.Effluent.Flow",0.174434200959723,0.566707994682913,"3,2"
"12965","Temp..of.NSEC.Main.Ch. + CODto..mg.L. + UVT.... + NSEC.Effluent.NO3 + NSEC.Effluent.TSS + NSEC.Effluent.NO5",0.0172577391315902,0.610741821188461,"3,2"
"12966","Temp..of.NSEC.Main.Ch. + CODto..mg.L. + UVT.... + NSEC.Effluent.NO3 + NSEC.Effluent.TSS + NSEC.Effluent.Flow",0.0228157206662229,0.693178327036108,"3,2"
"12967","Temp..of.NSEC.Main.Ch. + CODto..mg.L. + UVT.... + NSEC.Effluent.NO3 + NSEC.Effluent.NO5 + NSEC.Effluent.Flow",0.17142444427768,0.500358139185439,"3,2"
"12968","Temp..of.NSEC.Main.Ch. + CODto..mg.L. + UVT.... + NSEC.Effluent.OP + NSEC.Effluent.TSS + NSEC.Effluent.NO5",0.165781035423362,0.634852220163649,"3,2"
"12969","Temp..of.NSEC.Main.Ch. + CODto..mg.L. + UVT.... + NSEC.Effluent.OP + NSEC.Effluent.TSS + NSEC.Effluent.Flow",0.0538015717899847,0.68420479906665,"3,2"
"12970","Temp..of.NSEC.Main.Ch. + CODto..mg.L. + UVT.... + NSEC.Effluent.OP + NSEC.Effluent.NO5 + NSEC.Effluent.Flow",0.0103029030858335,0.581348366386078,"3,2"
"12971","Temp..of.NSEC.Main.Ch. + CODto..mg.L. + UVT.... + NSEC.Effluent.TSS + NSEC.Effluent.NO5 + NSEC.Effluent.Flow",0.101813322713208,0.637816026988085,"3,2"
"12972","Temp..of.NSEC.Main.Ch. + CODto..mg.L. + CODds..mg.L. + SACto..1.m. + NSEC.Aerobic.SRT + NSEC.Effluent.NH3",0.00869949060991893,0.678296798734748,"3,2"
"12973","Temp..of.NSEC.Main.Ch. + CODto..mg.L. + CODds..mg.L. + SACto..1.m. + NSEC.Aerobic.SRT + NSEC.Effluent.NO3",0.135453636058307,0.775807874738798,"3,2"
"12974","Temp..of.NSEC.Main.Ch. + CODto..mg.L. + CODds..mg.L. + SACto..1.m. + NSEC.Aerobic.SRT + NSEC.Effluent.OP",0.145048394693269,0.625474098493467,"3,2"
"12975","Temp..of.NSEC.Main.Ch. + CODto..mg.L. + CODds..mg.L. + SACto..1.m. + NSEC.Aerobic.SRT + NSEC.Effluent.TSS",0.0856981047961405,0.734605765745549,"3,2"
"12976","Temp..of.NSEC.Main.Ch. + CODto..mg.L. + CODds..mg.L. + SACto..1.m. + NSEC.Aerobic.SRT + NSEC.Effluent.NO5",0.148674475513944,0.736080515133395,"3,2"
"12977","Temp..of.NSEC.Main.Ch. + CODto..mg.L. + CODds..mg.L. + SACto..1.m. + NSEC.Aerobic.SRT + NSEC.Effluent.Flow",0.0812455130331753,0.656496900689166,"3,2"
"12978","Temp..of.NSEC.Main.Ch. + CODto..mg.L. + CODds..mg.L. + SACto..1.m. + NSEC.Effluent.NH3 + NSEC.Effluent.NO3",0.0687447195083801,0.533636936072125,"3,2"
"12979","Temp..of.NSEC.Main.Ch. + CODto..mg.L. + CODds..mg.L. + SACto..1.m. + NSEC.Effluent.NH3 + NSEC.Effluent.OP",0.00919520311952082,0.437260726050249,"3,2"
"12980","Temp..of.NSEC.Main.Ch. + CODto..mg.L. + CODds..mg.L. + SACto..1.m. + NSEC.Effluent.NH3 + NSEC.Effluent.TSS",0.0639163055801248,0.716320058987176,"3,2"
"12981","Temp..of.NSEC.Main.Ch. + CODto..mg.L. + CODds..mg.L. + SACto..1.m. + NSEC.Effluent.NH3 + NSEC.Effluent.NO5",0.0603673792906463,0.545708583063907,"3,2"
"12982","Temp..of.NSEC.Main.Ch. + CODto..mg.L. + CODds..mg.L. + SACto..1.m. + NSEC.Effluent.NH3 + NSEC.Effluent.Flow",0.135860129431173,0.515118113222115,"3,2"
"12983","Temp..of.NSEC.Main.Ch. + CODto..mg.L. + CODds..mg.L. + SACto..1.m. + NSEC.Effluent.NO3 + NSEC.Effluent.OP",0.116551893982736,0.575832466354755,"3,2"
"12984","Temp..of.NSEC.Main.Ch. + CODto..mg.L. + CODds..mg.L. + SACto..1.m. + NSEC.Effluent.NO3 + NSEC.Effluent.TSS",0.0421405957283341,0.661647343171341,"3,2"
"12985","Temp..of.NSEC.Main.Ch. + CODto..mg.L. + CODds..mg.L. + SACto..1.m. + NSEC.Effluent.NO3 + NSEC.Effluent.NO5",0.0169316362146459,0.521763894041541,"3,2"
"12986","Temp..of.NSEC.Main.Ch. + CODto..mg.L. + CODds..mg.L. + SACto..1.m. + NSEC.Effluent.NO3 + NSEC.Effluent.Flow",0.11813862267728,0.537097459671681,"3,2"
"12987","Temp..of.NSEC.Main.Ch. + CODto..mg.L. + CODds..mg.L. + SACto..1.m. + NSEC.Effluent.OP + NSEC.Effluent.TSS",0.122413601619037,0.735068563424439,"3,2"
"12988","Temp..of.NSEC.Main.Ch. + CODto..mg.L. + CODds..mg.L. + SACto..1.m. + NSEC.Effluent.OP + NSEC.Effluent.NO5",0.0839389764952121,0.440191434657209,"3,2"
"12989","Temp..of.NSEC.Main.Ch. + CODto..mg.L. + CODds..mg.L. + SACto..1.m. + NSEC.Effluent.OP + NSEC.Effluent.Flow",0.196341530063065,0.558123292562892,"3,2"
"12990","Temp..of.NSEC.Main.Ch. + CODto..mg.L. + CODds..mg.L. + SACto..1.m. + NSEC.Effluent.TSS + NSEC.Effluent.NO5",0.168112374979731,0.609301653535647,"3,2"
"12991","Temp..of.NSEC.Main.Ch. + CODto..mg.L. + CODds..mg.L. + SACto..1.m. + NSEC.Effluent.TSS + NSEC.Effluent.Flow",0.00817298053452387,0.749192404535813,"3,2"
"12992","Temp..of.NSEC.Main.Ch. + CODto..mg.L. + CODds..mg.L. + SACto..1.m. + NSEC.Effluent.NO5 + NSEC.Effluent.Flow",0.186169711122961,0.465048623093929,"3,2"
"12993","Temp..of.NSEC.Main.Ch. + CODto..mg.L. + CODds..mg.L. + NSEC.Aerobic.SRT + NSEC.Effluent.NH3 + NSEC.Effluent.NO3",0.101078652571661,0.650084581102867,"3,2"
"12994","Temp..of.NSEC.Main.Ch. + CODto..mg.L. + CODds..mg.L. + NSEC.Aerobic.SRT + NSEC.Effluent.NH3 + NSEC.Effluent.OP",0.174882855330428,0.678644992545977,"3,2"
"12995","Temp..of.NSEC.Main.Ch. + CODto..mg.L. + CODds..mg.L. + NSEC.Aerobic.SRT + NSEC.Effluent.NH3 + NSEC.Effluent.TSS",0.187594748440612,0.774019925679511,"3,2"
"12996","Temp..of.NSEC.Main.Ch. + CODto..mg.L. + CODds..mg.L. + NSEC.Aerobic.SRT + NSEC.Effluent.NH3 + NSEC.Effluent.NO5",0.207547479455652,0.616010432191251,"3,2"
"12997","Temp..of.NSEC.Main.Ch. + CODto..mg.L. + CODds..mg.L. + NSEC.Aerobic.SRT + NSEC.Effluent.NH3 + NSEC.Effluent.Flow",0.0845449145686232,0.513768098948259,"3,2"
"12998","Temp..of.NSEC.Main.Ch. + CODto..mg.L. + CODds..mg.L. + NSEC.Aerobic.SRT + NSEC.Effluent.NO3 + NSEC.Effluent.OP",0.110111308940815,0.630832686613298,"3,2"
"12999","Temp..of.NSEC.Main.Ch. + CODto..mg.L. + CODds..mg.L. + NSEC.Aerobic.SRT + NSEC.Effluent.NO3 + NSEC.Effluent.TSS",0.125311459611503,0.700021474766505,"3,2"
"13000","Temp..of.NSEC.Main.Ch. + CODto..mg.L. + CODds..mg.L. + NSEC.Aerobic.SRT + NSEC.Effluent.NO3 + NSEC.Effluent.NO5",0.0374272127952309,0.747639398896943,"3,2"
"13001","Temp..of.NSEC.Main.Ch. + CODto..mg.L. + CODds..mg.L. + NSEC.Aerobic.SRT + NSEC.Effluent.NO3 + NSEC.Effluent.Flow",0.0247629928172202,0.752061286321549,"3,2"
"13002","Temp..of.NSEC.Main.Ch. + CODto..mg.L. + CODds..mg.L. + NSEC.Aerobic.SRT + NSEC.Effluent.OP + NSEC.Effluent.TSS",0.261894704010796,0.694796766042403,"3,2"
"13003","Temp..of.NSEC.Main.Ch. + CODto..mg.L. + CODds..mg.L. + NSEC.Aerobic.SRT + NSEC.Effluent.OP + NSEC.Effluent.NO5",0.0863278197180801,0.690074613856541,"3,2"
"13004","Temp..of.NSEC.Main.Ch. + CODto..mg.L. + CODds..mg.L. + NSEC.Aerobic.SRT + NSEC.Effluent.OP + NSEC.Effluent.Flow",0.0901065558466536,0.727532532141359,"3,2"
"13005","Temp..of.NSEC.Main.Ch. + CODto..mg.L. + CODds..mg.L. + NSEC.Aerobic.SRT + NSEC.Effluent.TSS + NSEC.Effluent.NO5",0.174313568049488,0.610394287763969,"3,2"
"13006","Temp..of.NSEC.Main.Ch. + CODto..mg.L. + CODds..mg.L. + NSEC.Aerobic.SRT + NSEC.Effluent.TSS + NSEC.Effluent.Flow",0.0647993875810071,0.794148795263356,"3,2"
"13007","Temp..of.NSEC.Main.Ch. + CODto..mg.L. + CODds..mg.L. + NSEC.Aerobic.SRT + NSEC.Effluent.NO5 + NSEC.Effluent.Flow",0.0307642029847617,0.762829943028066,"3,2"
"13008","Temp..of.NSEC.Main.Ch. + CODto..mg.L. + CODds..mg.L. + NSEC.Effluent.NH3 + NSEC.Effluent.NO3 + NSEC.Effluent.OP",0.256671388789254,0.678888986007498,"3,2"
"13009","Temp..of.NSEC.Main.Ch. + CODto..mg.L. + CODds..mg.L. + NSEC.Effluent.NH3 + NSEC.Effluent.NO3 + NSEC.Effluent.TSS",0.0425285484628222,0.680769828011789,"3,2"
"13010","Temp..of.NSEC.Main.Ch. + CODto..mg.L. + CODds..mg.L. + NSEC.Effluent.NH3 + NSEC.Effluent.NO3 + NSEC.Effluent.NO5",0.214687763077721,0.46603853986788,"3,2"
"13011","Temp..of.NSEC.Main.Ch. + CODto..mg.L. + CODds..mg.L. + NSEC.Effluent.NH3 + NSEC.Effluent.NO3 + NSEC.Effluent.Flow",0.117355942552116,0.539640093453269,"3,2"
"13012","Temp..of.NSEC.Main.Ch. + CODto..mg.L. + CODds..mg.L. + NSEC.Effluent.NH3 + NSEC.Effluent.OP + NSEC.Effluent.TSS",0.0400285355558085,0.664870697513088,"3,2"
"13013","Temp..of.NSEC.Main.Ch. + CODto..mg.L. + CODds..mg.L. + NSEC.Effluent.NH3 + NSEC.Effluent.OP + NSEC.Effluent.NO5",0.114783350052256,0.541385052341555,"3,2"
"13014","Temp..of.NSEC.Main.Ch. + CODto..mg.L. + CODds..mg.L. + NSEC.Effluent.NH3 + NSEC.Effluent.OP + NSEC.Effluent.Flow",0.014414202716712,0.610252613678734,"3,2"
"13015","Temp..of.NSEC.Main.Ch. + CODto..mg.L. + CODds..mg.L. + NSEC.Effluent.NH3 + NSEC.Effluent.TSS + NSEC.Effluent.NO5",0.0647467429658424,0.596648791998074,"3,2"
"13016","Temp..of.NSEC.Main.Ch. + CODto..mg.L. + CODds..mg.L. + NSEC.Effluent.NH3 + NSEC.Effluent.TSS + NSEC.Effluent.Flow",0.0103732314392833,0.737844767217451,"3,2"
"13017","Temp..of.NSEC.Main.Ch. + CODto..mg.L. + CODds..mg.L. + NSEC.Effluent.NH3 + NSEC.Effluent.NO5 + NSEC.Effluent.Flow",0.0441223214292521,0.54296839110718,"3,2"
"13018","Temp..of.NSEC.Main.Ch. + CODto..mg.L. + CODds..mg.L. + NSEC.Effluent.NO3 + NSEC.Effluent.OP + NSEC.Effluent.TSS",0.0995881030389829,0.610773966429868,"3,2"
"13019","Temp..of.NSEC.Main.Ch. + CODto..mg.L. + CODds..mg.L. + NSEC.Effluent.NO3 + NSEC.Effluent.OP + NSEC.Effluent.NO5",0.138039260607114,0.5462499729984,"3,2"
"13020","Temp..of.NSEC.Main.Ch. + CODto..mg.L. + CODds..mg.L. + NSEC.Effluent.NO3 + NSEC.Effluent.OP + NSEC.Effluent.Flow",0.0134761250888404,0.626523758804812,"3,2"
"13021","Temp..of.NSEC.Main.Ch. + CODto..mg.L. + CODds..mg.L. + NSEC.Effluent.NO3 + NSEC.Effluent.TSS + NSEC.Effluent.NO5",0.00288176810040741,0.602602696131219,"3,2"
"13022","Temp..of.NSEC.Main.Ch. + CODto..mg.L. + CODds..mg.L. + NSEC.Effluent.NO3 + NSEC.Effluent.TSS + NSEC.Effluent.Flow",0.109917158248142,0.726502650746992,"3,2"
"13023","Temp..of.NSEC.Main.Ch. + CODto..mg.L. + CODds..mg.L. + NSEC.Effluent.NO3 + NSEC.Effluent.NO5 + NSEC.Effluent.Flow",0.00107186428196115,0.552053634999148,"3,2"
"13024","Temp..of.NSEC.Main.Ch. + CODto..mg.L. + CODds..mg.L. + NSEC.Effluent.OP + NSEC.Effluent.TSS + NSEC.Effluent.NO5",0.0518355471787406,0.527301617222354,"3,2"
"13025","Temp..of.NSEC.Main.Ch. + CODto..mg.L. + CODds..mg.L. + NSEC.Effluent.OP + NSEC.Effluent.TSS + NSEC.Effluent.Flow",0.097975845489918,0.678818221469511,"3,2"
"13026","Temp..of.NSEC.Main.Ch. + CODto..mg.L. + CODds..mg.L. + NSEC.Effluent.OP + NSEC.Effluent.NO5 + NSEC.Effluent.Flow",0.113142521630323,0.573031292416378,"3,2"
"13027","Temp..of.NSEC.Main.Ch. + CODto..mg.L. + CODds..mg.L. + NSEC.Effluent.TSS + NSEC.Effluent.NO5 + NSEC.Effluent.Flow",0.193324669494446,0.0183538244149762,"3,2"
"13028","Temp..of.NSEC.Main.Ch. + CODto..mg.L. + SACto..1.m. + NSEC.Aerobic.SRT + NSEC.Effluent.NH3 + NSEC.Effluent.NO3",0.0101928414073122,0.423083828392251,"3,2"
"13029","Temp..of.NSEC.Main.Ch. + CODto..mg.L. + SACto..1.m. + NSEC.Aerobic.SRT + NSEC.Effluent.NH3 + NSEC.Effluent.OP",0.0630072354689559,0.760268805787721,"3,2"
"13030","Temp..of.NSEC.Main.Ch. + CODto..mg.L. + SACto..1.m. + NSEC.Aerobic.SRT + NSEC.Effluent.NH3 + NSEC.Effluent.TSS",0.174765472513739,0.72995905577473,"3,2"
"13031","Temp..of.NSEC.Main.Ch. + CODto..mg.L. + SACto..1.m. + NSEC.Aerobic.SRT + NSEC.Effluent.NH3 + NSEC.Effluent.NO5",0.0347396236181763,0.343664770509103,"3,2"
"13032","Temp..of.NSEC.Main.Ch. + CODto..mg.L. + SACto..1.m. + NSEC.Aerobic.SRT + NSEC.Effluent.NH3 + NSEC.Effluent.Flow",0.193497862249383,0.0650182331646915,"3,2"
"13033","Temp..of.NSEC.Main.Ch. + CODto..mg.L. + SACto..1.m. + NSEC.Aerobic.SRT + NSEC.Effluent.NO3 + NSEC.Effluent.OP",0.0843856313487032,0.602503359204185,"3,2"
"13034","Temp..of.NSEC.Main.Ch. + CODto..mg.L. + SACto..1.m. + NSEC.Aerobic.SRT + NSEC.Effluent.NO3 + NSEC.Effluent.TSS",0.0689887227609509,0.73529121871489,"3,2"
"13035","Temp..of.NSEC.Main.Ch. + CODto..mg.L. + SACto..1.m. + NSEC.Aerobic.SRT + NSEC.Effluent.NO3 + NSEC.Effluent.NO5",0.0455286176274212,0.684569956293179,"3,2"
"13036","Temp..of.NSEC.Main.Ch. + CODto..mg.L. + SACto..1.m. + NSEC.Aerobic.SRT + NSEC.Effluent.NO3 + NSEC.Effluent.Flow",0.0126341216868557,0.736459915748874,"3,2"
"13037","Temp..of.NSEC.Main.Ch. + CODto..mg.L. + SACto..1.m. + NSEC.Aerobic.SRT + NSEC.Effluent.OP + NSEC.Effluent.TSS",0.0755578607419261,0.594323570085282,"3,2"
"13038","Temp..of.NSEC.Main.Ch. + CODto..mg.L. + SACto..1.m. + NSEC.Aerobic.SRT + NSEC.Effluent.OP + NSEC.Effluent.NO5",0.0442798527825401,0.688570081810161,"3,2"
"13039","Temp..of.NSEC.Main.Ch. + CODto..mg.L. + SACto..1.m. + NSEC.Aerobic.SRT + NSEC.Effluent.OP + NSEC.Effluent.Flow",0.0638916379719214,0.59688695545519,"3,2"
"13040","Temp..of.NSEC.Main.Ch. + CODto..mg.L. + SACto..1.m. + NSEC.Aerobic.SRT + NSEC.Effluent.TSS + NSEC.Effluent.NO5",0.183625723618233,0.695927025875015,"3,2"
"13041","Temp..of.NSEC.Main.Ch. + CODto..mg.L. + SACto..1.m. + NSEC.Aerobic.SRT + NSEC.Effluent.TSS + NSEC.Effluent.Flow",0.122425025773701,0.814751467484422,"3,2"
"13042","Temp..of.NSEC.Main.Ch. + CODto..mg.L. + SACto..1.m. + NSEC.Aerobic.SRT + NSEC.Effluent.NO5 + NSEC.Effluent.Flow",0.0934680383257511,0.591825854634845,"3,2"
"13043","Temp..of.NSEC.Main.Ch. + CODto..mg.L. + SACto..1.m. + NSEC.Effluent.NH3 + NSEC.Effluent.NO3 + NSEC.Effluent.OP",0.0429200232903257,0.533309547652948,"3,2"
"13044","Temp..of.NSEC.Main.Ch. + CODto..mg.L. + SACto..1.m. + NSEC.Effluent.NH3 + NSEC.Effluent.NO3 + NSEC.Effluent.TSS",0.103959516489935,0.605593855659526,"3,2"
"13045","Temp..of.NSEC.Main.Ch. + CODto..mg.L. + SACto..1.m. + NSEC.Effluent.NH3 + NSEC.Effluent.NO3 + NSEC.Effluent.NO5",0.0556050739565235,0.493820125697121,"3,2"
"13046","Temp..of.NSEC.Main.Ch. + CODto..mg.L. + SACto..1.m. + NSEC.Effluent.NH3 + NSEC.Effluent.NO3 + NSEC.Effluent.Flow",0.0375797662974564,0.510074797861346,"3,2"
"13047","Temp..of.NSEC.Main.Ch. + CODto..mg.L. + SACto..1.m. + NSEC.Effluent.NH3 + NSEC.Effluent.OP + NSEC.Effluent.TSS",0.115077886685651,0.668364307942093,"3,2"
"13048","Temp..of.NSEC.Main.Ch. + CODto..mg.L. + SACto..1.m. + NSEC.Effluent.NH3 + NSEC.Effluent.OP + NSEC.Effluent.NO5",0.0201481668338883,0.558024474763944,"3,2"
"13049","Temp..of.NSEC.Main.Ch. + CODto..mg.L. + SACto..1.m. + NSEC.Effluent.NH3 + NSEC.Effluent.OP + NSEC.Effluent.Flow",0.0341646480261151,0.594239816971432,"3,2"
"13050","Temp..of.NSEC.Main.Ch. + CODto..mg.L. + SACto..1.m. + NSEC.Effluent.NH3 + NSEC.Effluent.TSS + NSEC.Effluent.NO5",0.032783964511784,0.603541565426141,"3,2"
"13051","Temp..of.NSEC.Main.Ch. + CODto..mg.L. + SACto..1.m. + NSEC.Effluent.NH3 + NSEC.Effluent.TSS + NSEC.Effluent.Flow",0.222029225682698,0.692341491812138,"3,2"
"13052","Temp..of.NSEC.Main.Ch. + CODto..mg.L. + SACto..1.m. + NSEC.Effluent.NH3 + NSEC.Effluent.NO5 + NSEC.Effluent.Flow",0.0146817289681698,0.492216916759695,"3,2"
"13053","Temp..of.NSEC.Main.Ch. + CODto..mg.L. + SACto..1.m. + NSEC.Effluent.NO3 + NSEC.Effluent.OP + NSEC.Effluent.TSS",0.0192694812429788,0.477964474118279,"3,2"
"13054","Temp..of.NSEC.Main.Ch. + CODto..mg.L. + SACto..1.m. + NSEC.Effluent.NO3 + NSEC.Effluent.OP + NSEC.Effluent.NO5",0.0224389856291798,0.514835899226907,"3,2"
"13055","Temp..of.NSEC.Main.Ch. + CODto..mg.L. + SACto..1.m. + NSEC.Effluent.NO3 + NSEC.Effluent.OP + NSEC.Effluent.Flow",0.134721054178643,0.617173997893145,"3,2"
"13056","Temp..of.NSEC.Main.Ch. + CODto..mg.L. + SACto..1.m. + NSEC.Effluent.NO3 + NSEC.Effluent.TSS + NSEC.Effluent.NO5",0.0685543917692657,0.648350096924332,"3,2"
"13057","Temp..of.NSEC.Main.Ch. + CODto..mg.L. + SACto..1.m. + NSEC.Effluent.NO3 + NSEC.Effluent.TSS + NSEC.Effluent.Flow",0.20927827423039,0.801012718868831,"3,2"
"13058","Temp..of.NSEC.Main.Ch. + CODto..mg.L. + SACto..1.m. + NSEC.Effluent.NO3 + NSEC.Effluent.NO5 + NSEC.Effluent.Flow",0.103978179450039,0.57421844432929,"3,2"
"13059","Temp..of.NSEC.Main.Ch. + CODto..mg.L. + SACto..1.m. + NSEC.Effluent.OP + NSEC.Effluent.TSS + NSEC.Effluent.NO5",0.0912682353675427,0.591098124530976,"3,2"
"13060","Temp..of.NSEC.Main.Ch. + CODto..mg.L. + SACto..1.m. + NSEC.Effluent.OP + NSEC.Effluent.TSS + NSEC.Effluent.Flow",0.0532315870683102,0.730409665742927,"3,2"
"13061","Temp..of.NSEC.Main.Ch. + CODto..mg.L. + SACto..1.m. + NSEC.Effluent.OP + NSEC.Effluent.NO5 + NSEC.Effluent.Flow",0.191016971461635,0.613057935395907,"3,2"
"13062","Temp..of.NSEC.Main.Ch. + CODto..mg.L. + SACto..1.m. + NSEC.Effluent.TSS + NSEC.Effluent.NO5 + NSEC.Effluent.Flow",0.286501612273932,0.70569215743741,"3,2"
"13063","Temp..of.NSEC.Main.Ch. + CODto..mg.L. + NSEC.Aerobic.SRT + NSEC.Effluent.NH3 + NSEC.Effluent.NO3 + NSEC.Effluent.OP",0.0964830652208764,0.623158028494589,"3,2"
"13064","Temp..of.NSEC.Main.Ch. + CODto..mg.L. + NSEC.Aerobic.SRT + NSEC.Effluent.NH3 + NSEC.Effluent.NO3 + NSEC.Effluent.TSS",0.191555612177703,0.693404088670639,"3,2"
"13065","Temp..of.NSEC.Main.Ch. + CODto..mg.L. + NSEC.Aerobic.SRT + NSEC.Effluent.NH3 + NSEC.Effluent.NO3 + NSEC.Effluent.NO5",0.270467181095991,0.708196617478095,"3,2"
"13066","Temp..of.NSEC.Main.Ch. + CODto..mg.L. + NSEC.Aerobic.SRT + NSEC.Effluent.NH3 + NSEC.Effluent.NO3 + NSEC.Effluent.Flow",0.00992720066621411,0.613292708260284,"3,2"
"13067","Temp..of.NSEC.Main.Ch. + CODto..mg.L. + NSEC.Aerobic.SRT + NSEC.Effluent.NH3 + NSEC.Effluent.OP + NSEC.Effluent.TSS",0.209560330831952,0.74870160586289,"3,2"
"13068","Temp..of.NSEC.Main.Ch. + CODto..mg.L. + NSEC.Aerobic.SRT + NSEC.Effluent.NH3 + NSEC.Effluent.OP + NSEC.Effluent.NO5",0.00963476778309591,0.344753710271291,"3,2"
"13069","Temp..of.NSEC.Main.Ch. + CODto..mg.L. + NSEC.Aerobic.SRT + NSEC.Effluent.NH3 + NSEC.Effluent.OP + NSEC.Effluent.Flow",0.0260350238563316,0.702005935572993,"3,2"
"13070","Temp..of.NSEC.Main.Ch. + CODto..mg.L. + NSEC.Aerobic.SRT + NSEC.Effluent.NH3 + NSEC.Effluent.TSS + NSEC.Effluent.NO5",0.0778215622452281,0.699889803285651,"3,2"
"13071","Temp..of.NSEC.Main.Ch. + CODto..mg.L. + NSEC.Aerobic.SRT + NSEC.Effluent.NH3 + NSEC.Effluent.TSS + NSEC.Effluent.Flow",0.251680281473085,0.766221327357471,"3,2"
"13072","Temp..of.NSEC.Main.Ch. + CODto..mg.L. + NSEC.Aerobic.SRT + NSEC.Effluent.NH3 + NSEC.Effluent.NO5 + NSEC.Effluent.Flow",0.173624575975311,0.651118373279397,"3,2"
"13073","Temp..of.NSEC.Main.Ch. + CODto..mg.L. + NSEC.Aerobic.SRT + NSEC.Effluent.NO3 + NSEC.Effluent.OP + NSEC.Effluent.TSS",0.117905464526234,0.703086389466265,"3,2"
"13074","Temp..of.NSEC.Main.Ch. + CODto..mg.L. + NSEC.Aerobic.SRT + NSEC.Effluent.NO3 + NSEC.Effluent.OP + NSEC.Effluent.NO5",0.18171726295573,0.745694570922515,"3,2"
"13075","Temp..of.NSEC.Main.Ch. + CODto..mg.L. + NSEC.Aerobic.SRT + NSEC.Effluent.NO3 + NSEC.Effluent.OP + NSEC.Effluent.Flow",0.0962753611168694,0.77540645130984,"3,2"
"13076","Temp..of.NSEC.Main.Ch. + CODto..mg.L. + NSEC.Aerobic.SRT + NSEC.Effluent.NO3 + NSEC.Effluent.TSS + NSEC.Effluent.NO5",0.00670162903392901,0.394973027810763,"3,2"
"13077","Temp..of.NSEC.Main.Ch. + CODto..mg.L. + NSEC.Aerobic.SRT + NSEC.Effluent.NO3 + NSEC.Effluent.TSS + NSEC.Effluent.Flow",0.179892058416132,0.737843144954154,"3,2"
"13078","Temp..of.NSEC.Main.Ch. + CODto..mg.L. + NSEC.Aerobic.SRT + NSEC.Effluent.NO3 + NSEC.Effluent.NO5 + NSEC.Effluent.Flow",0.174076698859816,0.768005578980557,"3,2"
"13079","Temp..of.NSEC.Main.Ch. + CODto..mg.L. + NSEC.Aerobic.SRT + NSEC.Effluent.OP + NSEC.Effluent.TSS + NSEC.Effluent.NO5",0.130022608897874,0.654080157760389,"3,2"
"13080","Temp..of.NSEC.Main.Ch. + CODto..mg.L. + NSEC.Aerobic.SRT + NSEC.Effluent.OP + NSEC.Effluent.TSS + NSEC.Effluent.Flow",0.256805301455576,0.75962207786619,"3,2"
"13081","Temp..of.NSEC.Main.Ch. + CODto..mg.L. + NSEC.Aerobic.SRT + NSEC.Effluent.OP + NSEC.Effluent.NO5 + NSEC.Effluent.Flow",0.0564865256057749,0.651063590554923,"3,2"
"13082","Temp..of.NSEC.Main.Ch. + CODto..mg.L. + NSEC.Aerobic.SRT + NSEC.Effluent.TSS + NSEC.Effluent.NO5 + NSEC.Effluent.Flow",0.0234348759232264,0.802080714197242,"3,2"
"13083","Temp..of.NSEC.Main.Ch. + CODto..mg.L. + NSEC.Effluent.NH3 + NSEC.Effluent.NO3 + NSEC.Effluent.OP + NSEC.Effluent.TSS",0.0372749160395229,0.545829636304637,"3,2"
"13084","Temp..of.NSEC.Main.Ch. + CODto..mg.L. + NSEC.Effluent.NH3 + NSEC.Effluent.NO3 + NSEC.Effluent.OP + NSEC.Effluent.NO5",0.0790938063493773,0.386065693960261,"3,2"
"13085","Temp..of.NSEC.Main.Ch. + CODto..mg.L. + NSEC.Effluent.NH3 + NSEC.Effluent.NO3 + NSEC.Effluent.OP + NSEC.Effluent.Flow",0.227069926632958,0.51573239307508,"3,2"
"13086","Temp..of.NSEC.Main.Ch. + CODto..mg.L. + NSEC.Effluent.NH3 + NSEC.Effluent.NO3 + NSEC.Effluent.TSS + NSEC.Effluent.NO5",0.0704452396478938,0.41680353353649,"3,2"
"13087","Temp..of.NSEC.Main.Ch. + CODto..mg.L. + NSEC.Effluent.NH3 + NSEC.Effluent.NO3 + NSEC.Effluent.TSS + NSEC.Effluent.Flow",0.0720540438740762,0.64752485085579,"3,2"
"13088","Temp..of.NSEC.Main.Ch. + CODto..mg.L. + NSEC.Effluent.NH3 + NSEC.Effluent.NO3 + NSEC.Effluent.NO5 + NSEC.Effluent.Flow",0.0216667006356182,0.503815278963155,"3,2"
"13089","Temp..of.NSEC.Main.Ch. + CODto..mg.L. + NSEC.Effluent.NH3 + NSEC.Effluent.OP + NSEC.Effluent.TSS + NSEC.Effluent.NO5",0.267424418586399,0.619108412866811,"3,2"
"13090","Temp..of.NSEC.Main.Ch. + CODto..mg.L. + NSEC.Effluent.NH3 + NSEC.Effluent.OP + NSEC.Effluent.TSS + NSEC.Effluent.Flow",0.220781463652137,0.700680487495695,"3,2"
"13091","Temp..of.NSEC.Main.Ch. + CODto..mg.L. + NSEC.Effluent.NH3 + NSEC.Effluent.OP + NSEC.Effluent.NO5 + NSEC.Effluent.Flow",0.0810647632297798,0.412823408973733,"3,2"
"13092","Temp..of.NSEC.Main.Ch. + CODto..mg.L. + NSEC.Effluent.NH3 + NSEC.Effluent.TSS + NSEC.Effluent.NO5 + NSEC.Effluent.Flow",0.00347840233752894,0.613423724138662,"3,2"
"13093","Temp..of.NSEC.Main.Ch. + CODto..mg.L. + NSEC.Effluent.NO3 + NSEC.Effluent.OP + NSEC.Effluent.TSS + NSEC.Effluent.NO5",0.0296013716593899,0.630640521526014,"3,2"
"13094","Temp..of.NSEC.Main.Ch. + CODto..mg.L. + NSEC.Effluent.NO3 + NSEC.Effluent.OP + NSEC.Effluent.TSS + NSEC.Effluent.Flow",0.18161145044854,0.709363307886934,"3,2"
"13095","Temp..of.NSEC.Main.Ch. + CODto..mg.L. + NSEC.Effluent.NO3 + NSEC.Effluent.OP + NSEC.Effluent.NO5 + NSEC.Effluent.Flow",0.132344319409992,0.503421714863863,"3,2"
"13096","Temp..of.NSEC.Main.Ch. + CODto..mg.L. + NSEC.Effluent.NO3 + NSEC.Effluent.TSS + NSEC.Effluent.NO5 + NSEC.Effluent.Flow",0.0489675849073565,0.438887476853058,"3,2"
"13097","Temp..of.NSEC.Main.Ch. + CODto..mg.L. + NSEC.Effluent.OP + NSEC.Effluent.TSS + NSEC.Effluent.NO5 + NSEC.Effluent.Flow",0.195258651180013,0.634912698607276,"3,2"
"13098","Temp..of.NSEC.Main.Ch. + TSS..mg.L. + UVT.... + CODds..mg.L. + SACto..1.m. + NSEC.Aerobic.SRT",0.150615571644599,0.687091620359806,"3,2"
"13099","Temp..of.NSEC.Main.Ch. + TSS..mg.L. + UVT.... + CODds..mg.L. + SACto..1.m. + NSEC.Effluent.NH3",0.07788720104144,0.471470951581131,"3,2"
"13100","Temp..of.NSEC.Main.Ch. + TSS..mg.L. + UVT.... + CODds..mg.L. + SACto..1.m. + NSEC.Effluent.NO3",0.0120461260943285,0.528035882550658,"3,2"
"13101","Temp..of.NSEC.Main.Ch. + TSS..mg.L. + UVT.... + CODds..mg.L. + SACto..1.m. + NSEC.Effluent.OP",0.0688392494620156,0.492813606639506,"3,2"
"13102","Temp..of.NSEC.Main.Ch. + TSS..mg.L. + UVT.... + CODds..mg.L. + SACto..1.m. + NSEC.Effluent.TSS",0.0493215616637797,0.69601887258617,"3,2"
"13103","Temp..of.NSEC.Main.Ch. + TSS..mg.L. + UVT.... + CODds..mg.L. + SACto..1.m. + NSEC.Effluent.NO5",0.034811965980464,0.539806427000237,"3,2"
"13104","Temp..of.NSEC.Main.Ch. + TSS..mg.L. + UVT.... + CODds..mg.L. + SACto..1.m. + NSEC.Effluent.Flow",0.0182252042485951,0.543693735282259,"3,2"
"13105","Temp..of.NSEC.Main.Ch. + TSS..mg.L. + UVT.... + CODds..mg.L. + NSEC.Aerobic.SRT + NSEC.Effluent.NH3",0.153102297587123,0.683170925995784,"3,2"
"13106","Temp..of.NSEC.Main.Ch. + TSS..mg.L. + UVT.... + CODds..mg.L. + NSEC.Aerobic.SRT + NSEC.Effluent.NO3",0.0385919590826447,0.737803009808142,"3,2"
"13107","Temp..of.NSEC.Main.Ch. + TSS..mg.L. + UVT.... + CODds..mg.L. + NSEC.Aerobic.SRT + NSEC.Effluent.OP",0.147015694318116,0.673757685057379,"3,2"
"13108","Temp..of.NSEC.Main.Ch. + TSS..mg.L. + UVT.... + CODds..mg.L. + NSEC.Aerobic.SRT + NSEC.Effluent.TSS",0.176286609603093,0.796195811955434,"3,2"
"13109","Temp..of.NSEC.Main.Ch. + TSS..mg.L. + UVT.... + CODds..mg.L. + NSEC.Aerobic.SRT + NSEC.Effluent.NO5",0.196512166303622,0.745895258715102,"3,2"
"13110","Temp..of.NSEC.Main.Ch. + TSS..mg.L. + UVT.... + CODds..mg.L. + NSEC.Aerobic.SRT + NSEC.Effluent.Flow",0.193429732304632,0.75215175921891,"3,2"
"13111","Temp..of.NSEC.Main.Ch. + TSS..mg.L. + UVT.... + CODds..mg.L. + NSEC.Effluent.NH3 + NSEC.Effluent.NO3",0.0602814931560736,0.622041023683486,"3,2"
"13112","Temp..of.NSEC.Main.Ch. + TSS..mg.L. + UVT.... + CODds..mg.L. + NSEC.Effluent.NH3 + NSEC.Effluent.OP",0.0577357086299688,0.417231235559058,"3,2"
"13113","Temp..of.NSEC.Main.Ch. + TSS..mg.L. + UVT.... + CODds..mg.L. + NSEC.Effluent.NH3 + NSEC.Effluent.TSS",0.155933836109984,0.75997207934669,"3,2"
"13114","Temp..of.NSEC.Main.Ch. + TSS..mg.L. + UVT.... + CODds..mg.L. + NSEC.Effluent.NH3 + NSEC.Effluent.NO5",0.0525758786488972,0.538783092033496,"3,2"
"13115","Temp..of.NSEC.Main.Ch. + TSS..mg.L. + UVT.... + CODds..mg.L. + NSEC.Effluent.NH3 + NSEC.Effluent.Flow",0.0639880285603787,0.581740637886911,"3,2"
"13116","Temp..of.NSEC.Main.Ch. + TSS..mg.L. + UVT.... + CODds..mg.L. + NSEC.Effluent.NO3 + NSEC.Effluent.OP",0.03953357686971,0.529420584262407,"3,2"
"13117","Temp..of.NSEC.Main.Ch. + TSS..mg.L. + UVT.... + CODds..mg.L. + NSEC.Effluent.NO3 + NSEC.Effluent.TSS",0.0754335700759636,0.696377849658436,"3,2"
"13118","Temp..of.NSEC.Main.Ch. + TSS..mg.L. + UVT.... + CODds..mg.L. + NSEC.Effluent.NO3 + NSEC.Effluent.NO5",0.143814034143805,0.536186391031013,"3,2"
"13119","Temp..of.NSEC.Main.Ch. + TSS..mg.L. + UVT.... + CODds..mg.L. + NSEC.Effluent.NO3 + NSEC.Effluent.Flow",0.149174518256545,0.644606766364732,"3,2"
"13120","Temp..of.NSEC.Main.Ch. + TSS..mg.L. + UVT.... + CODds..mg.L. + NSEC.Effluent.OP + NSEC.Effluent.TSS",0.0480200077898409,0.742132491245597,"3,2"
"13121","Temp..of.NSEC.Main.Ch. + TSS..mg.L. + UVT.... + CODds..mg.L. + NSEC.Effluent.OP + NSEC.Effluent.NO5",0.118903690680067,0.490961912667502,"3,2"
"13122","Temp..of.NSEC.Main.Ch. + TSS..mg.L. + UVT.... + CODds..mg.L. + NSEC.Effluent.OP + NSEC.Effluent.Flow",0.0305966738436698,0.618589308809296,"3,2"
"13123","Temp..of.NSEC.Main.Ch. + TSS..mg.L. + UVT.... + CODds..mg.L. + NSEC.Effluent.TSS + NSEC.Effluent.NO5",0.0967083519171874,0.730828574075667,"3,2"
"13124","Temp..of.NSEC.Main.Ch. + TSS..mg.L. + UVT.... + CODds..mg.L. + NSEC.Effluent.TSS + NSEC.Effluent.Flow",0.0169671072226505,0.755460354759209,"3,2"
"13125","Temp..of.NSEC.Main.Ch. + TSS..mg.L. + UVT.... + CODds..mg.L. + NSEC.Effluent.NO5 + NSEC.Effluent.Flow",0.00595441409187458,0.605811911161168,"3,2"
"13126","Temp..of.NSEC.Main.Ch. + TSS..mg.L. + UVT.... + SACto..1.m. + NSEC.Aerobic.SRT + NSEC.Effluent.NH3",0.162178760099764,0.705305426252569,"3,2"
"13127","Temp..of.NSEC.Main.Ch. + TSS..mg.L. + UVT.... + SACto..1.m. + NSEC.Aerobic.SRT + NSEC.Effluent.NO3",0.200965295434952,0.757357201992552,"3,2"
"13128","Temp..of.NSEC.Main.Ch. + TSS..mg.L. + UVT.... + SACto..1.m. + NSEC.Aerobic.SRT + NSEC.Effluent.OP",0.0347803914211067,0.643220262043467,"3,2"
"13129","Temp..of.NSEC.Main.Ch. + TSS..mg.L. + UVT.... + SACto..1.m. + NSEC.Aerobic.SRT + NSEC.Effluent.TSS",0.162997084466576,0.763088182268321,"3,2"
"13130","Temp..of.NSEC.Main.Ch. + TSS..mg.L. + UVT.... + SACto..1.m. + NSEC.Aerobic.SRT + NSEC.Effluent.NO5",0.307309149338437,0.705344588933375,"3,2"
"13131","Temp..of.NSEC.Main.Ch. + TSS..mg.L. + UVT.... + SACto..1.m. + NSEC.Aerobic.SRT + NSEC.Effluent.Flow",0.0326509779707262,0.749289444641907,"3,2"
"13132","Temp..of.NSEC.Main.Ch. + TSS..mg.L. + UVT.... + SACto..1.m. + NSEC.Effluent.NH3 + NSEC.Effluent.NO3",0.234257974236046,0.607181254566814,"3,2"
"13133","Temp..of.NSEC.Main.Ch. + TSS..mg.L. + UVT.... + SACto..1.m. + NSEC.Effluent.NH3 + NSEC.Effluent.OP",0.00125736460057713,0.6185908409561,"3,2"
"13134","Temp..of.NSEC.Main.Ch. + TSS..mg.L. + UVT.... + SACto..1.m. + NSEC.Effluent.NH3 + NSEC.Effluent.TSS",0.0853236667643369,0.686681317317422,"3,2"
"13135","Temp..of.NSEC.Main.Ch. + TSS..mg.L. + UVT.... + SACto..1.m. + NSEC.Effluent.NH3 + NSEC.Effluent.NO5",0.0600968591529014,0.587852276100809,"3,2"
"13136","Temp..of.NSEC.Main.Ch. + TSS..mg.L. + UVT.... + SACto..1.m. + NSEC.Effluent.NH3 + NSEC.Effluent.Flow",0.123908966016589,0.578772106650272,"3,2"
"13137","Temp..of.NSEC.Main.Ch. + TSS..mg.L. + UVT.... + SACto..1.m. + NSEC.Effluent.NO3 + NSEC.Effluent.OP",0.0626294611187661,0.646381911798518,"3,2"
"13138","Temp..of.NSEC.Main.Ch. + TSS..mg.L. + UVT.... + SACto..1.m. + NSEC.Effluent.NO3 + NSEC.Effluent.TSS",0.115280776298371,0.707638941622701,"3,2"
"13139","Temp..of.NSEC.Main.Ch. + TSS..mg.L. + UVT.... + SACto..1.m. + NSEC.Effluent.NO3 + NSEC.Effluent.NO5",0.140086925352819,0.69454568437992,"3,2"
"13140","Temp..of.NSEC.Main.Ch. + TSS..mg.L. + UVT.... + SACto..1.m. + NSEC.Effluent.NO3 + NSEC.Effluent.Flow",0.112663041399335,0.596278574263543,"3,2"
"13141","Temp..of.NSEC.Main.Ch. + TSS..mg.L. + UVT.... + SACto..1.m. + NSEC.Effluent.OP + NSEC.Effluent.TSS",0.165097092397017,0.781356790029854,"3,2"
"13142","Temp..of.NSEC.Main.Ch. + TSS..mg.L. + UVT.... + SACto..1.m. + NSEC.Effluent.OP + NSEC.Effluent.NO5",0.149570594516442,0.628941206031618,"3,2"
"13143","Temp..of.NSEC.Main.Ch. + TSS..mg.L. + UVT.... + SACto..1.m. + NSEC.Effluent.OP + NSEC.Effluent.Flow",0.049588556218507,0.497674389696932,"3,2"
"13144","Temp..of.NSEC.Main.Ch. + TSS..mg.L. + UVT.... + SACto..1.m. + NSEC.Effluent.TSS + NSEC.Effluent.NO5",0.0555579248183915,0.736375542289733,"3,2"
"13145","Temp..of.NSEC.Main.Ch. + TSS..mg.L. + UVT.... + SACto..1.m. + NSEC.Effluent.TSS + NSEC.Effluent.Flow",0.20819374628923,0.782298332418492,"3,2"
"13146","Temp..of.NSEC.Main.Ch. + TSS..mg.L. + UVT.... + SACto..1.m. + NSEC.Effluent.NO5 + NSEC.Effluent.Flow",0.120230351783652,0.69176364595756,"3,2"
"13147","Temp..of.NSEC.Main.Ch. + TSS..mg.L. + UVT.... + NSEC.Aerobic.SRT + NSEC.Effluent.NH3 + NSEC.Effluent.NO3",0.136023934884221,0.727957657195847,"3,2"
"13148","Temp..of.NSEC.Main.Ch. + TSS..mg.L. + UVT.... + NSEC.Aerobic.SRT + NSEC.Effluent.NH3 + NSEC.Effluent.OP",0.193893633873705,0.0147585037090619,"3,2"
"13149","Temp..of.NSEC.Main.Ch. + TSS..mg.L. + UVT.... + NSEC.Aerobic.SRT + NSEC.Effluent.NH3 + NSEC.Effluent.TSS",0.0659499349286303,0.751224370790046,"3,2"
"13150","Temp..of.NSEC.Main.Ch. + TSS..mg.L. + UVT.... + NSEC.Aerobic.SRT + NSEC.Effluent.NH3 + NSEC.Effluent.NO5",0.110925772758086,0.674332257133928,"3,2"
"13151","Temp..of.NSEC.Main.Ch. + TSS..mg.L. + UVT.... + NSEC.Aerobic.SRT + NSEC.Effluent.NH3 + NSEC.Effluent.Flow",0.1423546908532,0.770732689367556,"3,2"
"13152","Temp..of.NSEC.Main.Ch. + TSS..mg.L. + UVT.... + NSEC.Aerobic.SRT + NSEC.Effluent.NO3 + NSEC.Effluent.OP",0.0474888046189197,0.778611247203534,"3,2"
"13153","Temp..of.NSEC.Main.Ch. + TSS..mg.L. + UVT.... + NSEC.Aerobic.SRT + NSEC.Effluent.NO3 + NSEC.Effluent.TSS",0.0935310870460242,0.7724317134891,"3,2"
"13154","Temp..of.NSEC.Main.Ch. + TSS..mg.L. + UVT.... + NSEC.Aerobic.SRT + NSEC.Effluent.NO3 + NSEC.Effluent.NO5",0.274389423467605,0.758077938831936,"3,2"
"13155","Temp..of.NSEC.Main.Ch. + TSS..mg.L. + UVT.... + NSEC.Aerobic.SRT + NSEC.Effluent.NO3 + NSEC.Effluent.Flow",0.113812870163966,0.796748160973796,"3,2"
"13156","Temp..of.NSEC.Main.Ch. + TSS..mg.L. + UVT.... + NSEC.Aerobic.SRT + NSEC.Effluent.OP + NSEC.Effluent.TSS",0.139830626790853,0.740310901332463,"3,2"
"13157","Temp..of.NSEC.Main.Ch. + TSS..mg.L. + UVT.... + NSEC.Aerobic.SRT + NSEC.Effluent.OP + NSEC.Effluent.NO5",0.0986608911334794,0.651034765595041,"3,2"
"13158","Temp..of.NSEC.Main.Ch. + TSS..mg.L. + UVT.... + NSEC.Aerobic.SRT + NSEC.Effluent.OP + NSEC.Effluent.Flow",0.117804990714138,0.736641614941654,"3,2"
"13159","Temp..of.NSEC.Main.Ch. + TSS..mg.L. + UVT.... + NSEC.Aerobic.SRT + NSEC.Effluent.TSS + NSEC.Effluent.NO5",0.0294993467722218,0.773703465526383,"3,2"
"13160","Temp..of.NSEC.Main.Ch. + TSS..mg.L. + UVT.... + NSEC.Aerobic.SRT + NSEC.Effluent.TSS + NSEC.Effluent.Flow",0.11373788016392,0.792046717877476,"3,2"
"13161","Temp..of.NSEC.Main.Ch. + TSS..mg.L. + UVT.... + NSEC.Aerobic.SRT + NSEC.Effluent.NO5 + NSEC.Effluent.Flow",0.134086658837568,0.801179333166593,"3,2"
"13162","Temp..of.NSEC.Main.Ch. + TSS..mg.L. + UVT.... + NSEC.Effluent.NH3 + NSEC.Effluent.NO3 + NSEC.Effluent.OP",0.00718552961710994,0.652076075162038,"3,2"
"13163","Temp..of.NSEC.Main.Ch. + TSS..mg.L. + UVT.... + NSEC.Effluent.NH3 + NSEC.Effluent.NO3 + NSEC.Effluent.TSS",0.171272196247898,0.724488575136726,"3,2"
"13164","Temp..of.NSEC.Main.Ch. + TSS..mg.L. + UVT.... + NSEC.Effluent.NH3 + NSEC.Effluent.NO3 + NSEC.Effluent.NO5",0.0508079698643256,0.570771104771934,"3,2"
"13165","Temp..of.NSEC.Main.Ch. + TSS..mg.L. + UVT.... + NSEC.Effluent.NH3 + NSEC.Effluent.NO3 + NSEC.Effluent.Flow",0.0332573509951462,0.595995457438917,"3,2"
"13166","Temp..of.NSEC.Main.Ch. + TSS..mg.L. + UVT.... + NSEC.Effluent.NH3 + NSEC.Effluent.OP + NSEC.Effluent.TSS",0.0853301309820509,0.572279020194111,"3,2"
"13167","Temp..of.NSEC.Main.Ch. + TSS..mg.L. + UVT.... + NSEC.Effluent.NH3 + NSEC.Effluent.OP + NSEC.Effluent.NO5",0.0366855346702184,0.562392461143595,"3,2"
"13168","Temp..of.NSEC.Main.Ch. + TSS..mg.L. + UVT.... + NSEC.Effluent.NH3 + NSEC.Effluent.OP + NSEC.Effluent.Flow",0.0837842145087286,0.64787909110147,"3,2"
"13169","Temp..of.NSEC.Main.Ch. + TSS..mg.L. + UVT.... + NSEC.Effluent.NH3 + NSEC.Effluent.TSS + NSEC.Effluent.NO5",0.105220388788951,0.640963261939007,"3,2"
"13170","Temp..of.NSEC.Main.Ch. + TSS..mg.L. + UVT.... + NSEC.Effluent.NH3 + NSEC.Effluent.TSS + NSEC.Effluent.Flow",0.0642131947951092,0.750873502018422,"3,2"
"13171","Temp..of.NSEC.Main.Ch. + TSS..mg.L. + UVT.... + NSEC.Effluent.NH3 + NSEC.Effluent.NO5 + NSEC.Effluent.Flow",0.148012364938492,0.603080574245415,"3,2"
"13172","Temp..of.NSEC.Main.Ch. + TSS..mg.L. + UVT.... + NSEC.Effluent.NO3 + NSEC.Effluent.OP + NSEC.Effluent.TSS",0.119891868683686,0.759543931113051,"3,2"
"13173","Temp..of.NSEC.Main.Ch. + TSS..mg.L. + UVT.... + NSEC.Effluent.NO3 + NSEC.Effluent.OP + NSEC.Effluent.NO5",0.0123003165335458,0.586141574330025,"3,2"
"13174","Temp..of.NSEC.Main.Ch. + TSS..mg.L. + UVT.... + NSEC.Effluent.NO3 + NSEC.Effluent.OP + NSEC.Effluent.Flow",0.222329441761031,0.665654141066129,"3,2"
"13175","Temp..of.NSEC.Main.Ch. + TSS..mg.L. + UVT.... + NSEC.Effluent.NO3 + NSEC.Effluent.TSS + NSEC.Effluent.NO5",0.101761988868744,0.641906158516907,"3,2"
"13176","Temp..of.NSEC.Main.Ch. + TSS..mg.L. + UVT.... + NSEC.Effluent.NO3 + NSEC.Effluent.TSS + NSEC.Effluent.Flow",0.0507320729939869,0.706622702574665,"3,2"
"13177","Temp..of.NSEC.Main.Ch. + TSS..mg.L. + UVT.... + NSEC.Effluent.NO3 + NSEC.Effluent.NO5 + NSEC.Effluent.Flow",0.0274752643279861,0.632249844455893,"3,2"
"13178","Temp..of.NSEC.Main.Ch. + TSS..mg.L. + UVT.... + NSEC.Effluent.OP + NSEC.Effluent.TSS + NSEC.Effluent.NO5",0.086221726901154,0.604543722843835,"3,2"
"13179","Temp..of.NSEC.Main.Ch. + TSS..mg.L. + UVT.... + NSEC.Effluent.OP + NSEC.Effluent.TSS + NSEC.Effluent.Flow",0.00655424613761557,0.771105344209845,"3,2"
"13180","Temp..of.NSEC.Main.Ch. + TSS..mg.L. + UVT.... + NSEC.Effluent.OP + NSEC.Effluent.NO5 + NSEC.Effluent.Flow",0.0424090241032107,0.66095744074045,"3,2"
"13181","Temp..of.NSEC.Main.Ch. + TSS..mg.L. + UVT.... + NSEC.Effluent.TSS + NSEC.Effluent.NO5 + NSEC.Effluent.Flow",0.0373699392707536,0.773578575269612,"3,2"
"13182","Temp..of.NSEC.Main.Ch. + TSS..mg.L. + CODds..mg.L. + SACto..1.m. + NSEC.Aerobic.SRT + NSEC.Effluent.NH3",0.127971618954075,0.71525867057385,"3,2"
"13183","Temp..of.NSEC.Main.Ch. + TSS..mg.L. + CODds..mg.L. + SACto..1.m. + NSEC.Aerobic.SRT + NSEC.Effluent.NO3",0.107439301428975,0.533106970525185,"3,2"
"13184","Temp..of.NSEC.Main.Ch. + TSS..mg.L. + CODds..mg.L. + SACto..1.m. + NSEC.Aerobic.SRT + NSEC.Effluent.OP",0.20547517523021,0.737047863509831,"3,2"
"13185","Temp..of.NSEC.Main.Ch. + TSS..mg.L. + CODds..mg.L. + SACto..1.m. + NSEC.Aerobic.SRT + NSEC.Effluent.TSS",0.163779498293539,0.73339242748274,"3,2"
"13186","Temp..of.NSEC.Main.Ch. + TSS..mg.L. + CODds..mg.L. + SACto..1.m. + NSEC.Aerobic.SRT + NSEC.Effluent.NO5",0.101625830093566,0.720060058196443,"3,2"
"13187","Temp..of.NSEC.Main.Ch. + TSS..mg.L. + CODds..mg.L. + SACto..1.m. + NSEC.Aerobic.SRT + NSEC.Effluent.Flow",0.104893045036373,0.760217969266625,"3,2"
"13188","Temp..of.NSEC.Main.Ch. + TSS..mg.L. + CODds..mg.L. + SACto..1.m. + NSEC.Effluent.NH3 + NSEC.Effluent.NO3",0.101881219011035,0.411669546272809,"3,2"
"13189","Temp..of.NSEC.Main.Ch. + TSS..mg.L. + CODds..mg.L. + SACto..1.m. + NSEC.Effluent.NH3 + NSEC.Effluent.OP",0.0605004722793345,0.421433899457653,"3,2"
"13190","Temp..of.NSEC.Main.Ch. + TSS..mg.L. + CODds..mg.L. + SACto..1.m. + NSEC.Effluent.NH3 + NSEC.Effluent.TSS",0.172463367070379,0.74251999192075,"3,2"
"13191","Temp..of.NSEC.Main.Ch. + TSS..mg.L. + CODds..mg.L. + SACto..1.m. + NSEC.Effluent.NH3 + NSEC.Effluent.NO5",0.0581099421095566,0.58360048849069,"3,2"
"13192","Temp..of.NSEC.Main.Ch. + TSS..mg.L. + CODds..mg.L. + SACto..1.m. + NSEC.Effluent.NH3 + NSEC.Effluent.Flow",0.0941707719373468,0.504924407065511,"3,2"
"13193","Temp..of.NSEC.Main.Ch. + TSS..mg.L. + CODds..mg.L. + SACto..1.m. + NSEC.Effluent.NO3 + NSEC.Effluent.OP",0.134267405412696,0.651470716205155,"3,2"
"13194","Temp..of.NSEC.Main.Ch. + TSS..mg.L. + CODds..mg.L. + SACto..1.m. + NSEC.Effluent.NO3 + NSEC.Effluent.TSS",0.115987817800826,0.59285319770832,"3,2"
"13195","Temp..of.NSEC.Main.Ch. + TSS..mg.L. + CODds..mg.L. + SACto..1.m. + NSEC.Effluent.NO3 + NSEC.Effluent.NO5",0.192359004569429,0.508789171228792,"3,2"
"13196","Temp..of.NSEC.Main.Ch. + TSS..mg.L. + CODds..mg.L. + SACto..1.m. + NSEC.Effluent.NO3 + NSEC.Effluent.Flow",0.154384796873691,0.640819250520026,"3,2"
"13197","Temp..of.NSEC.Main.Ch. + TSS..mg.L. + CODds..mg.L. + SACto..1.m. + NSEC.Effluent.OP + NSEC.Effluent.TSS",0.00650244673940126,0.639890949153509,"3,2"
"13198","Temp..of.NSEC.Main.Ch. + TSS..mg.L. + CODds..mg.L. + SACto..1.m. + NSEC.Effluent.OP + NSEC.Effluent.NO5",0.156224800267505,0.55961802627507,"3,2"
"13199","Temp..of.NSEC.Main.Ch. + TSS..mg.L. + CODds..mg.L. + SACto..1.m. + NSEC.Effluent.OP + NSEC.Effluent.Flow",0.058812913538635,0.641287006303757,"3,2"
"13200","Temp..of.NSEC.Main.Ch. + TSS..mg.L. + CODds..mg.L. + SACto..1.m. + NSEC.Effluent.TSS + NSEC.Effluent.NO5",0.1255391157209,0.706619215680657,"3,2"
"13201","Temp..of.NSEC.Main.Ch. + TSS..mg.L. + CODds..mg.L. + SACto..1.m. + NSEC.Effluent.TSS + NSEC.Effluent.Flow",0.106625947641947,0.732224830116586,"3,2"
"13202","Temp..of.NSEC.Main.Ch. + TSS..mg.L. + CODds..mg.L. + SACto..1.m. + NSEC.Effluent.NO5 + NSEC.Effluent.Flow",0.101530713637214,0.536554150400633,"3,2"
"13203","Temp..of.NSEC.Main.Ch. + TSS..mg.L. + CODds..mg.L. + NSEC.Aerobic.SRT + NSEC.Effluent.NH3 + NSEC.Effluent.NO3",0.293289654439988,0.692438153346884,"3,2"
"13204","Temp..of.NSEC.Main.Ch. + TSS..mg.L. + CODds..mg.L. + NSEC.Aerobic.SRT + NSEC.Effluent.NH3 + NSEC.Effluent.OP",0.174378908906555,0.678141983615859,"3,2"
"13205","Temp..of.NSEC.Main.Ch. + TSS..mg.L. + CODds..mg.L. + NSEC.Aerobic.SRT + NSEC.Effluent.NH3 + NSEC.Effluent.TSS",0.155083128718272,0.705525817635456,"3,2"
"13206","Temp..of.NSEC.Main.Ch. + TSS..mg.L. + CODds..mg.L. + NSEC.Aerobic.SRT + NSEC.Effluent.NH3 + NSEC.Effluent.NO5",0.25456349674945,0.705824042897254,"3,2"
"13207","Temp..of.NSEC.Main.Ch. + TSS..mg.L. + CODds..mg.L. + NSEC.Aerobic.SRT + NSEC.Effluent.NH3 + NSEC.Effluent.Flow",0.0446828725598742,0.716814616435262,"3,2"
"13208","Temp..of.NSEC.Main.Ch. + TSS..mg.L. + CODds..mg.L. + NSEC.Aerobic.SRT + NSEC.Effluent.NO3 + NSEC.Effluent.OP",0.151493177966471,0.710811489523038,"3,2"
"13209","Temp..of.NSEC.Main.Ch. + TSS..mg.L. + CODds..mg.L. + NSEC.Aerobic.SRT + NSEC.Effluent.NO3 + NSEC.Effluent.TSS",0.0907815237520708,0.717939454265997,"3,2"
"13210","Temp..of.NSEC.Main.Ch. + TSS..mg.L. + CODds..mg.L. + NSEC.Aerobic.SRT + NSEC.Effluent.NO3 + NSEC.Effluent.NO5",0.254261678834939,0.700208250369506,"3,2"
"13211","Temp..of.NSEC.Main.Ch. + TSS..mg.L. + CODds..mg.L. + NSEC.Aerobic.SRT + NSEC.Effluent.NO3 + NSEC.Effluent.Flow",0.104783385877769,0.522025388821906,"3,2"
"13212","Temp..of.NSEC.Main.Ch. + TSS..mg.L. + CODds..mg.L. + NSEC.Aerobic.SRT + NSEC.Effluent.OP + NSEC.Effluent.TSS",0.194924253502319,0.755968470668849,"3,2"
"13213","Temp..of.NSEC.Main.Ch. + TSS..mg.L. + CODds..mg.L. + NSEC.Aerobic.SRT + NSEC.Effluent.OP + NSEC.Effluent.NO5",0.151858283403304,0.646134176626604,"3,2"
"13214","Temp..of.NSEC.Main.Ch. + TSS..mg.L. + CODds..mg.L. + NSEC.Aerobic.SRT + NSEC.Effluent.OP + NSEC.Effluent.Flow",0.0413875566837723,0.722145452152303,"3,2"
"13215","Temp..of.NSEC.Main.Ch. + TSS..mg.L. + CODds..mg.L. + NSEC.Aerobic.SRT + NSEC.Effluent.TSS + NSEC.Effluent.NO5",0.439763163765728,0.78936494636709,"3,2"
"13216","Temp..of.NSEC.Main.Ch. + TSS..mg.L. + CODds..mg.L. + NSEC.Aerobic.SRT + NSEC.Effluent.TSS + NSEC.Effluent.Flow",0.0454515903741679,0.761117186168543,"3,2"
"13217","Temp..of.NSEC.Main.Ch. + TSS..mg.L. + CODds..mg.L. + NSEC.Aerobic.SRT + NSEC.Effluent.NO5 + NSEC.Effluent.Flow",0.101735171495041,0.689667020829092,"3,2"
"13218","Temp..of.NSEC.Main.Ch. + TSS..mg.L. + CODds..mg.L. + NSEC.Effluent.NH3 + NSEC.Effluent.NO3 + NSEC.Effluent.OP",0.180484680373077,0.654121601229888,"3,2"
"13219","Temp..of.NSEC.Main.Ch. + TSS..mg.L. + CODds..mg.L. + NSEC.Effluent.NH3 + NSEC.Effluent.NO3 + NSEC.Effluent.TSS",0.105056378639677,0.59834833383845,"3,2"
"13220","Temp..of.NSEC.Main.Ch. + TSS..mg.L. + CODds..mg.L. + NSEC.Effluent.NH3 + NSEC.Effluent.NO3 + NSEC.Effluent.NO5",0.0269122449397621,0.522955168400733,"3,2"
"13221","Temp..of.NSEC.Main.Ch. + TSS..mg.L. + CODds..mg.L. + NSEC.Effluent.NH3 + NSEC.Effluent.NO3 + NSEC.Effluent.Flow",0.20181807975412,0.569783038553298,"3,2"
"13222","Temp..of.NSEC.Main.Ch. + TSS..mg.L. + CODds..mg.L. + NSEC.Effluent.NH3 + NSEC.Effluent.OP + NSEC.Effluent.TSS",0.13040808846015,0.586792194831706,"3,2"
"13223","Temp..of.NSEC.Main.Ch. + TSS..mg.L. + CODds..mg.L. + NSEC.Effluent.NH3 + NSEC.Effluent.OP + NSEC.Effluent.NO5",0.16230555638537,0.611600455174182,"3,2"
"13224","Temp..of.NSEC.Main.Ch. + TSS..mg.L. + CODds..mg.L. + NSEC.Effluent.NH3 + NSEC.Effluent.OP + NSEC.Effluent.Flow",0.305652923823187,0.575618268002754,"3,2"
"13225","Temp..of.NSEC.Main.Ch. + TSS..mg.L. + CODds..mg.L. + NSEC.Effluent.NH3 + NSEC.Effluent.TSS + NSEC.Effluent.NO5",0.016274376742726,0.5464390967508,"3,2"
"13226","Temp..of.NSEC.Main.Ch. + TSS..mg.L. + CODds..mg.L. + NSEC.Effluent.NH3 + NSEC.Effluent.TSS + NSEC.Effluent.Flow",0.0821800677315345,0.570562663538584,"3,2"
"13227","Temp..of.NSEC.Main.Ch. + TSS..mg.L. + CODds..mg.L. + NSEC.Effluent.NH3 + NSEC.Effluent.NO5 + NSEC.Effluent.Flow",0.17013539310016,0.458985864044471,"3,2"
"13228","Temp..of.NSEC.Main.Ch. + TSS..mg.L. + CODds..mg.L. + NSEC.Effluent.NO3 + NSEC.Effluent.OP + NSEC.Effluent.TSS",0.139561935080629,0.606036716978338,"3,2"
"13229","Temp..of.NSEC.Main.Ch. + TSS..mg.L. + CODds..mg.L. + NSEC.Effluent.NO3 + NSEC.Effluent.OP + NSEC.Effluent.NO5",0.110566568445416,0.493110323804895,"3,2"
"13230","Temp..of.NSEC.Main.Ch. + TSS..mg.L. + CODds..mg.L. + NSEC.Effluent.NO3 + NSEC.Effluent.OP + NSEC.Effluent.Flow",0.146087722799369,0.576834040126048,"3,2"
"13231","Temp..of.NSEC.Main.Ch. + TSS..mg.L. + CODds..mg.L. + NSEC.Effluent.NO3 + NSEC.Effluent.TSS + NSEC.Effluent.NO5",0.0320225802633816,0.61984928558901,"3,2"
"13232","Temp..of.NSEC.Main.Ch. + TSS..mg.L. + CODds..mg.L. + NSEC.Effluent.NO3 + NSEC.Effluent.TSS + NSEC.Effluent.Flow",0.27071766219969,0.679830091395609,"3,2"
"13233","Temp..of.NSEC.Main.Ch. + TSS..mg.L. + CODds..mg.L. + NSEC.Effluent.NO3 + NSEC.Effluent.NO5 + NSEC.Effluent.Flow",0.153078501219846,0.482273536289621,"3,2"
"13234","Temp..of.NSEC.Main.Ch. + TSS..mg.L. + CODds..mg.L. + NSEC.Effluent.OP + NSEC.Effluent.TSS + NSEC.Effluent.NO5",0.0162900580443943,0.564770679473459,"3,2"
"13235","Temp..of.NSEC.Main.Ch. + TSS..mg.L. + CODds..mg.L. + NSEC.Effluent.OP + NSEC.Effluent.TSS + NSEC.Effluent.Flow",0.105883125759234,0.698852168644959,"3,2"
"13236","Temp..of.NSEC.Main.Ch. + TSS..mg.L. + CODds..mg.L. + NSEC.Effluent.OP + NSEC.Effluent.NO5 + NSEC.Effluent.Flow",0.146561579865987,0.604443759822668,"3,2"
"13237","Temp..of.NSEC.Main.Ch. + TSS..mg.L. + CODds..mg.L. + NSEC.Effluent.TSS + NSEC.Effluent.NO5 + NSEC.Effluent.Flow",0.122945453589205,0.685785172320249,"3,2"
"13238","Temp..of.NSEC.Main.Ch. + TSS..mg.L. + SACto..1.m. + NSEC.Aerobic.SRT + NSEC.Effluent.NH3 + NSEC.Effluent.NO3",0.254501866672675,0.618389172793209,"3,2"
"13239","Temp..of.NSEC.Main.Ch. + TSS..mg.L. + SACto..1.m. + NSEC.Aerobic.SRT + NSEC.Effluent.NH3 + NSEC.Effluent.OP",0.065737402000519,0.759991629101856,"3,2"
"13240","Temp..of.NSEC.Main.Ch. + TSS..mg.L. + SACto..1.m. + NSEC.Aerobic.SRT + NSEC.Effluent.NH3 + NSEC.Effluent.TSS",0.0990408779416858,0.722495626999959,"3,2"
"13241","Temp..of.NSEC.Main.Ch. + TSS..mg.L. + SACto..1.m. + NSEC.Aerobic.SRT + NSEC.Effluent.NH3 + NSEC.Effluent.NO5",0.0997913451529175,0.659465928618484,"3,2"
"13242","Temp..of.NSEC.Main.Ch. + TSS..mg.L. + SACto..1.m. + NSEC.Aerobic.SRT + NSEC.Effluent.NH3 + NSEC.Effluent.Flow",0.0199500892662225,0.792629630281628,"3,2"
"13243","Temp..of.NSEC.Main.Ch. + TSS..mg.L. + SACto..1.m. + NSEC.Aerobic.SRT + NSEC.Effluent.NO3 + NSEC.Effluent.OP",0.168524572098067,0.701147442584565,"3,2"
"13244","Temp..of.NSEC.Main.Ch. + TSS..mg.L. + SACto..1.m. + NSEC.Aerobic.SRT + NSEC.Effluent.NO3 + NSEC.Effluent.TSS",0.111685835318439,0.681560858350028,"3,2"
"13245","Temp..of.NSEC.Main.Ch. + TSS..mg.L. + SACto..1.m. + NSEC.Aerobic.SRT + NSEC.Effluent.NO3 + NSEC.Effluent.NO5",0.127958742245529,0.723028884788356,"3,2"
"13246","Temp..of.NSEC.Main.Ch. + TSS..mg.L. + SACto..1.m. + NSEC.Aerobic.SRT + NSEC.Effluent.NO3 + NSEC.Effluent.Flow",0.168273042658095,0.765305811872038,"3,2"
"13247","Temp..of.NSEC.Main.Ch. + TSS..mg.L. + SACto..1.m. + NSEC.Aerobic.SRT + NSEC.Effluent.OP + NSEC.Effluent.TSS",0.0316139661128592,0.66015619083345,"3,2"
"13248","Temp..of.NSEC.Main.Ch. + TSS..mg.L. + SACto..1.m. + NSEC.Aerobic.SRT + NSEC.Effluent.OP + NSEC.Effluent.NO5",0.086779924636202,0.699871014851898,"3,2"
"13249","Temp..of.NSEC.Main.Ch. + TSS..mg.L. + SACto..1.m. + NSEC.Aerobic.SRT + NSEC.Effluent.OP + NSEC.Effluent.Flow",0.183906277862422,0.751088915051658,"3,2"
"13250","Temp..of.NSEC.Main.Ch. + TSS..mg.L. + SACto..1.m. + NSEC.Aerobic.SRT + NSEC.Effluent.TSS + NSEC.Effluent.NO5",0.121126022493803,0.751839848096821,"3,2"
"13251","Temp..of.NSEC.Main.Ch. + TSS..mg.L. + SACto..1.m. + NSEC.Aerobic.SRT + NSEC.Effluent.TSS + NSEC.Effluent.Flow",0.0147186042068195,0.796474233348626,"3,2"
"13252","Temp..of.NSEC.Main.Ch. + TSS..mg.L. + SACto..1.m. + NSEC.Aerobic.SRT + NSEC.Effluent.NO5 + NSEC.Effluent.Flow",0.185616373592251,0.81899156363353,"3,2"
"13253","Temp..of.NSEC.Main.Ch. + TSS..mg.L. + SACto..1.m. + NSEC.Effluent.NH3 + NSEC.Effluent.NO3 + NSEC.Effluent.OP",0.0718586233559027,0.680111713874547,"3,2"
"13254","Temp..of.NSEC.Main.Ch. + TSS..mg.L. + SACto..1.m. + NSEC.Effluent.NH3 + NSEC.Effluent.NO3 + NSEC.Effluent.TSS",0.160868532255974,0.646519037815109,"3,2"
"13255","Temp..of.NSEC.Main.Ch. + TSS..mg.L. + SACto..1.m. + NSEC.Effluent.NH3 + NSEC.Effluent.NO3 + NSEC.Effluent.NO5",0.0180889566122171,0.615783043335794,"3,2"
"13256","Temp..of.NSEC.Main.Ch. + TSS..mg.L. + SACto..1.m. + NSEC.Effluent.NH3 + NSEC.Effluent.NO3 + NSEC.Effluent.Flow",0.0161096502798568,0.57441769000336,"3,2"
"13257","Temp..of.NSEC.Main.Ch. + TSS..mg.L. + SACto..1.m. + NSEC.Effluent.NH3 + NSEC.Effluent.OP + NSEC.Effluent.TSS",0.0835389547110488,0.713340333561601,"3,2"
"13258","Temp..of.NSEC.Main.Ch. + TSS..mg.L. + SACto..1.m. + NSEC.Effluent.NH3 + NSEC.Effluent.OP + NSEC.Effluent.NO5",0.00533312266679586,0.644283801926974,"3,2"
"13259","Temp..of.NSEC.Main.Ch. + TSS..mg.L. + SACto..1.m. + NSEC.Effluent.NH3 + NSEC.Effluent.OP + NSEC.Effluent.Flow",0.0281883316079878,0.628992222564976,"3,2"
"13260","Temp..of.NSEC.Main.Ch. + TSS..mg.L. + SACto..1.m. + NSEC.Effluent.NH3 + NSEC.Effluent.TSS + NSEC.Effluent.NO5",0.152302203293365,0.725498194615877,"3,2"
"13261","Temp..of.NSEC.Main.Ch. + TSS..mg.L. + SACto..1.m. + NSEC.Effluent.NH3 + NSEC.Effluent.TSS + NSEC.Effluent.Flow",0.109409827171192,0.761223792023079,"3,2"
"13262","Temp..of.NSEC.Main.Ch. + TSS..mg.L. + SACto..1.m. + NSEC.Effluent.NH3 + NSEC.Effluent.NO5 + NSEC.Effluent.Flow",0.101847435579741,0.583700814180246,"3,2"
"13263","Temp..of.NSEC.Main.Ch. + TSS..mg.L. + SACto..1.m. + NSEC.Effluent.NO3 + NSEC.Effluent.OP + NSEC.Effluent.TSS",0.121991253291059,0.769222961142778,"3,2"
"13264","Temp..of.NSEC.Main.Ch. + TSS..mg.L. + SACto..1.m. + NSEC.Effluent.NO3 + NSEC.Effluent.OP + NSEC.Effluent.NO5",0.154667996965486,0.612649974983371,"3,2"
"13265","Temp..of.NSEC.Main.Ch. + TSS..mg.L. + SACto..1.m. + NSEC.Effluent.NO3 + NSEC.Effluent.OP + NSEC.Effluent.Flow",0.129578075468316,0.686833006510131,"3,2"
"13266","Temp..of.NSEC.Main.Ch. + TSS..mg.L. + SACto..1.m. + NSEC.Effluent.NO3 + NSEC.Effluent.TSS + NSEC.Effluent.NO5",0.210338510751691,0.686149267852537,"3,2"
"13267","Temp..of.NSEC.Main.Ch. + TSS..mg.L. + SACto..1.m. + NSEC.Effluent.NO3 + NSEC.Effluent.TSS + NSEC.Effluent.Flow",0.0463383112738649,0.757870127462771,"3,2"
"13268","Temp..of.NSEC.Main.Ch. + TSS..mg.L. + SACto..1.m. + NSEC.Effluent.NO3 + NSEC.Effluent.NO5 + NSEC.Effluent.Flow",0.176008447682829,0.605252331082309,"3,2"
"13269","Temp..of.NSEC.Main.Ch. + TSS..mg.L. + SACto..1.m. + NSEC.Effluent.OP + NSEC.Effluent.TSS + NSEC.Effluent.NO5",0.0997570418262832,0.721602118914819,"3,2"
"13270","Temp..of.NSEC.Main.Ch. + TSS..mg.L. + SACto..1.m. + NSEC.Effluent.OP + NSEC.Effluent.TSS + NSEC.Effluent.Flow",0.161234125945676,0.73493734003409,"3,2"
"13271","Temp..of.NSEC.Main.Ch. + TSS..mg.L. + SACto..1.m. + NSEC.Effluent.OP + NSEC.Effluent.NO5 + NSEC.Effluent.Flow",0.0434913088428686,0.605263026833187,"3,2"
"13272","Temp..of.NSEC.Main.Ch. + TSS..mg.L. + SACto..1.m. + NSEC.Effluent.TSS + NSEC.Effluent.NO5 + NSEC.Effluent.Flow",0.0840452581058388,0.78474747306134,"3,2"
"13273","Temp..of.NSEC.Main.Ch. + TSS..mg.L. + NSEC.Aerobic.SRT + NSEC.Effluent.NH3 + NSEC.Effluent.NO3 + NSEC.Effluent.OP",0.181671600780682,0.696178804913148,"3,2"
"13274","Temp..of.NSEC.Main.Ch. + TSS..mg.L. + NSEC.Aerobic.SRT + NSEC.Effluent.NH3 + NSEC.Effluent.NO3 + NSEC.Effluent.TSS",0.377956478984888,0.691781478127401,"3,2"
"13275","Temp..of.NSEC.Main.Ch. + TSS..mg.L. + NSEC.Aerobic.SRT + NSEC.Effluent.NH3 + NSEC.Effluent.NO3 + NSEC.Effluent.NO5",0.388464266519964,0.702408371040728,"3,2"
"13276","Temp..of.NSEC.Main.Ch. + TSS..mg.L. + NSEC.Aerobic.SRT + NSEC.Effluent.NH3 + NSEC.Effluent.NO3 + NSEC.Effluent.Flow",0.00167200398209477,0.711040830484605,"3,2"
"13277","Temp..of.NSEC.Main.Ch. + TSS..mg.L. + NSEC.Aerobic.SRT + NSEC.Effluent.NH3 + NSEC.Effluent.OP + NSEC.Effluent.TSS",0.150442741595372,0.703627707841623,"3,2"
"13278","Temp..of.NSEC.Main.Ch. + TSS..mg.L. + NSEC.Aerobic.SRT + NSEC.Effluent.NH3 + NSEC.Effluent.OP + NSEC.Effluent.NO5",0.18791609294013,0.730185440870649,"3,2"
"13279","Temp..of.NSEC.Main.Ch. + TSS..mg.L. + NSEC.Aerobic.SRT + NSEC.Effluent.NH3 + NSEC.Effluent.OP + NSEC.Effluent.Flow",0.0702632328925308,0.734539017823186,"3,2"
"13280","Temp..of.NSEC.Main.Ch. + TSS..mg.L. + NSEC.Aerobic.SRT + NSEC.Effluent.NH3 + NSEC.Effluent.TSS + NSEC.Effluent.NO5",0.000574244760231046,0.46520152938638,"3,2"
"13281","Temp..of.NSEC.Main.Ch. + TSS..mg.L. + NSEC.Aerobic.SRT + NSEC.Effluent.NH3 + NSEC.Effluent.TSS + NSEC.Effluent.Flow",0.00585346113727492,0.468987486006399,"3,2"
"13282","Temp..of.NSEC.Main.Ch. + TSS..mg.L. + NSEC.Aerobic.SRT + NSEC.Effluent.NH3 + NSEC.Effluent.NO5 + NSEC.Effluent.Flow",0.00417818261681568,0.707568344093395,"3,2"
"13283","Temp..of.NSEC.Main.Ch. + TSS..mg.L. + NSEC.Aerobic.SRT + NSEC.Effluent.NO3 + NSEC.Effluent.OP + NSEC.Effluent.TSS",0.216985537639269,0.752664924571907,"3,2"
"13284","Temp..of.NSEC.Main.Ch. + TSS..mg.L. + NSEC.Aerobic.SRT + NSEC.Effluent.NO3 + NSEC.Effluent.OP + NSEC.Effluent.NO5",0.0759912575057937,0.666861881935816,"3,2"
"13285","Temp..of.NSEC.Main.Ch. + TSS..mg.L. + NSEC.Aerobic.SRT + NSEC.Effluent.NO3 + NSEC.Effluent.OP + NSEC.Effluent.Flow",0.0806695598279932,0.717568667013711,"3,2"
"13286","Temp..of.NSEC.Main.Ch. + TSS..mg.L. + NSEC.Aerobic.SRT + NSEC.Effluent.NO3 + NSEC.Effluent.TSS + NSEC.Effluent.NO5",0.0573319586711913,0.360890688872254,"3,2"
"13287","Temp..of.NSEC.Main.Ch. + TSS..mg.L. + NSEC.Aerobic.SRT + NSEC.Effluent.NO3 + NSEC.Effluent.TSS + NSEC.Effluent.Flow",0.00203400441550361,0.451789233549028,"3,2"
"13288","Temp..of.NSEC.Main.Ch. + TSS..mg.L. + NSEC.Aerobic.SRT + NSEC.Effluent.NO3 + NSEC.Effluent.NO5 + NSEC.Effluent.Flow",0.293905939494944,0.75791754202784,"3,2"
"13289","Temp..of.NSEC.Main.Ch. + TSS..mg.L. + NSEC.Aerobic.SRT + NSEC.Effluent.OP + NSEC.Effluent.TSS + NSEC.Effluent.NO5",0.0530740610446545,0.564757125646308,"3,2"
"13290","Temp..of.NSEC.Main.Ch. + TSS..mg.L. + NSEC.Aerobic.SRT + NSEC.Effluent.OP + NSEC.Effluent.TSS + NSEC.Effluent.Flow",0.288692573677265,0.789218718779658,"3,2"
"13291","Temp..of.NSEC.Main.Ch. + TSS..mg.L. + NSEC.Aerobic.SRT + NSEC.Effluent.OP + NSEC.Effluent.NO5 + NSEC.Effluent.Flow",0.0788793364932734,0.616386224079007,"3,2"
"13292","Temp..of.NSEC.Main.Ch. + TSS..mg.L. + NSEC.Aerobic.SRT + NSEC.Effluent.TSS + NSEC.Effluent.NO5 + NSEC.Effluent.Flow",0.000207440542450588,0.485941676697521,"3,2"
"13293","Temp..of.NSEC.Main.Ch. + TSS..mg.L. + NSEC.Effluent.NH3 + NSEC.Effluent.NO3 + NSEC.Effluent.OP + NSEC.Effluent.TSS",0.0556822416778298,0.512715726712715,"3,2"
"13294","Temp..of.NSEC.Main.Ch. + TSS..mg.L. + NSEC.Effluent.NH3 + NSEC.Effluent.NO3 + NSEC.Effluent.OP + NSEC.Effluent.NO5",0.148626425576325,0.646317802097131,"3,2"
"13295","Temp..of.NSEC.Main.Ch. + TSS..mg.L. + NSEC.Effluent.NH3 + NSEC.Effluent.NO3 + NSEC.Effluent.OP + NSEC.Effluent.Flow",0.0499883492478626,0.568075965265692,"3,2"
"13296","Temp..of.NSEC.Main.Ch. + TSS..mg.L. + NSEC.Effluent.NH3 + NSEC.Effluent.NO3 + NSEC.Effluent.TSS + NSEC.Effluent.NO5",0.152228421565813,0.539287548413134,"3,2"
"13297","Temp..of.NSEC.Main.Ch. + TSS..mg.L. + NSEC.Effluent.NH3 + NSEC.Effluent.NO3 + NSEC.Effluent.TSS + NSEC.Effluent.Flow",0.0490824222290986,0.506732582460929,"3,2"
"13298","Temp..of.NSEC.Main.Ch. + TSS..mg.L. + NSEC.Effluent.NH3 + NSEC.Effluent.NO3 + NSEC.Effluent.NO5 + NSEC.Effluent.Flow",0.254250458876576,0.506766504311058,"3,2"
"13299","Temp..of.NSEC.Main.Ch. + TSS..mg.L. + NSEC.Effluent.NH3 + NSEC.Effluent.OP + NSEC.Effluent.TSS + NSEC.Effluent.NO5",0.212770889383108,0.589981350462444,"3,2"
"13300","Temp..of.NSEC.Main.Ch. + TSS..mg.L. + NSEC.Effluent.NH3 + NSEC.Effluent.OP + NSEC.Effluent.TSS + NSEC.Effluent.Flow",0.00301097708107734,0.60508752326492,"3,2"
"13301","Temp..of.NSEC.Main.Ch. + TSS..mg.L. + NSEC.Effluent.NH3 + NSEC.Effluent.OP + NSEC.Effluent.NO5 + NSEC.Effluent.Flow",0.46569843619568,0.683813595146951,"3,2"
"13302","Temp..of.NSEC.Main.Ch. + TSS..mg.L. + NSEC.Effluent.NH3 + NSEC.Effluent.TSS + NSEC.Effluent.NO5 + NSEC.Effluent.Flow",0.0155370518928697,0.43873608100228,"3,2"
"13303","Temp..of.NSEC.Main.Ch. + TSS..mg.L. + NSEC.Effluent.NO3 + NSEC.Effluent.OP + NSEC.Effluent.TSS + NSEC.Effluent.NO5",0.0961485351788232,0.579924617049197,"3,2"
"13304","Temp..of.NSEC.Main.Ch. + TSS..mg.L. + NSEC.Effluent.NO3 + NSEC.Effluent.OP + NSEC.Effluent.TSS + NSEC.Effluent.Flow",0.149719552427498,0.612483979971165,"3,2"
"13305","Temp..of.NSEC.Main.Ch. + TSS..mg.L. + NSEC.Effluent.NO3 + NSEC.Effluent.OP + NSEC.Effluent.NO5 + NSEC.Effluent.Flow",0.210439624470874,0.599478652926772,"3,2"
"13306","Temp..of.NSEC.Main.Ch. + TSS..mg.L. + NSEC.Effluent.NO3 + NSEC.Effluent.TSS + NSEC.Effluent.NO5 + NSEC.Effluent.Flow",0.070279175865785,0.511265821243545,"3,2"
"13307","Temp..of.NSEC.Main.Ch. + TSS..mg.L. + NSEC.Effluent.OP + NSEC.Effluent.TSS + NSEC.Effluent.NO5 + NSEC.Effluent.Flow",0.0535624970136648,0.611818133086245,"3,2"
"13308","Temp..of.NSEC.Main.Ch. + UVT.... + CODds..mg.L. + SACto..1.m. + NSEC.Aerobic.SRT + NSEC.Effluent.NH3",0.10381672198137,0.714357719448061,"3,2"
"13309","Temp..of.NSEC.Main.Ch. + UVT.... + CODds..mg.L. + SACto..1.m. + NSEC.Aerobic.SRT + NSEC.Effluent.NO3",0.167630426438433,0.723196978922284,"3,2"
"13310","Temp..of.NSEC.Main.Ch. + UVT.... + CODds..mg.L. + SACto..1.m. + NSEC.Aerobic.SRT + NSEC.Effluent.OP",0.142357318425069,0.692183047348835,"3,2"
"13311","Temp..of.NSEC.Main.Ch. + UVT.... + CODds..mg.L. + SACto..1.m. + NSEC.Aerobic.SRT + NSEC.Effluent.TSS",0.242201619764844,0.766614757194057,"3,2"
"13312","Temp..of.NSEC.Main.Ch. + UVT.... + CODds..mg.L. + SACto..1.m. + NSEC.Aerobic.SRT + NSEC.Effluent.NO5",0.0621973235401545,0.484347214755688,"3,2"
"13313","Temp..of.NSEC.Main.Ch. + UVT.... + CODds..mg.L. + SACto..1.m. + NSEC.Aerobic.SRT + NSEC.Effluent.Flow",0.0198457380044439,0.747591800909176,"3,2"
"13314","Temp..of.NSEC.Main.Ch. + UVT.... + CODds..mg.L. + SACto..1.m. + NSEC.Effluent.NH3 + NSEC.Effluent.NO3",0.0908666751688885,0.492343585476114,"3,2"
"13315","Temp..of.NSEC.Main.Ch. + UVT.... + CODds..mg.L. + SACto..1.m. + NSEC.Effluent.NH3 + NSEC.Effluent.OP",0.058005175462474,0.394901365832438,"3,2"
"13316","Temp..of.NSEC.Main.Ch. + UVT.... + CODds..mg.L. + SACto..1.m. + NSEC.Effluent.NH3 + NSEC.Effluent.TSS",0.0734650262729684,0.701602111304374,"3,2"
"13317","Temp..of.NSEC.Main.Ch. + UVT.... + CODds..mg.L. + SACto..1.m. + NSEC.Effluent.NH3 + NSEC.Effluent.NO5",0.21028007334515,0.583245672975116,"3,2"
"13318","Temp..of.NSEC.Main.Ch. + UVT.... + CODds..mg.L. + SACto..1.m. + NSEC.Effluent.NH3 + NSEC.Effluent.Flow",0.0500626785002969,0.563564172385535,"3,2"
"13319","Temp..of.NSEC.Main.Ch. + UVT.... + CODds..mg.L. + SACto..1.m. + NSEC.Effluent.NO3 + NSEC.Effluent.OP",0.0013594312248788,0.602587847561943,"3,2"
"13320","Temp..of.NSEC.Main.Ch. + UVT.... + CODds..mg.L. + SACto..1.m. + NSEC.Effluent.NO3 + NSEC.Effluent.TSS",0.045424459269503,0.619689633687938,"3,2"
"13321","Temp..of.NSEC.Main.Ch. + UVT.... + CODds..mg.L. + SACto..1.m. + NSEC.Effluent.NO3 + NSEC.Effluent.NO5",0.098817401256948,0.489540469576164,"3,2"
"13322","Temp..of.NSEC.Main.Ch. + UVT.... + CODds..mg.L. + SACto..1.m. + NSEC.Effluent.NO3 + NSEC.Effluent.Flow",0.135164036916125,0.555329906643885,"3,2"
"13323","Temp..of.NSEC.Main.Ch. + UVT.... + CODds..mg.L. + SACto..1.m. + NSEC.Effluent.OP + NSEC.Effluent.TSS",0.0426653726940736,0.64522827617374,"3,2"
"13324","Temp..of.NSEC.Main.Ch. + UVT.... + CODds..mg.L. + SACto..1.m. + NSEC.Effluent.OP + NSEC.Effluent.NO5",0.084555007231417,0.406290719761751,"3,2"
"13325","Temp..of.NSEC.Main.Ch. + UVT.... + CODds..mg.L. + SACto..1.m. + NSEC.Effluent.OP + NSEC.Effluent.Flow",0.097785331722871,0.604164352820392,"3,2"
"13326","Temp..of.NSEC.Main.Ch. + UVT.... + CODds..mg.L. + SACto..1.m. + NSEC.Effluent.TSS + NSEC.Effluent.NO5",0.0372488971523923,0.619700202754967,"3,2"
"13327","Temp..of.NSEC.Main.Ch. + UVT.... + CODds..mg.L. + SACto..1.m. + NSEC.Effluent.TSS + NSEC.Effluent.Flow",0.102600543500833,0.759307892136655,"3,2"
"13328","Temp..of.NSEC.Main.Ch. + UVT.... + CODds..mg.L. + SACto..1.m. + NSEC.Effluent.NO5 + NSEC.Effluent.Flow",0.0736975587846853,0.569421125333007,"3,2"
"13329","Temp..of.NSEC.Main.Ch. + UVT.... + CODds..mg.L. + NSEC.Aerobic.SRT + NSEC.Effluent.NH3 + NSEC.Effluent.NO3",0.0201189738639798,0.647449342099789,"3,2"
"13330","Temp..of.NSEC.Main.Ch. + UVT.... + CODds..mg.L. + NSEC.Aerobic.SRT + NSEC.Effluent.NH3 + NSEC.Effluent.OP",0.28297884704733,0.711405280894,"3,2"
"13331","Temp..of.NSEC.Main.Ch. + UVT.... + CODds..mg.L. + NSEC.Aerobic.SRT + NSEC.Effluent.NH3 + NSEC.Effluent.TSS",0.122817678335218,0.618298895713824,"3,2"
"13332","Temp..of.NSEC.Main.Ch. + UVT.... + CODds..mg.L. + NSEC.Aerobic.SRT + NSEC.Effluent.NH3 + NSEC.Effluent.NO5",0.140069538378509,0.712828312195767,"3,2"
"13333","Temp..of.NSEC.Main.Ch. + UVT.... + CODds..mg.L. + NSEC.Aerobic.SRT + NSEC.Effluent.NH3 + NSEC.Effluent.Flow",0.0683176112935793,0.705072215373984,"3,2"
"13334","Temp..of.NSEC.Main.Ch. + UVT.... + CODds..mg.L. + NSEC.Aerobic.SRT + NSEC.Effluent.NO3 + NSEC.Effluent.OP",0.108652088551613,0.723739345574443,"3,2"
"13335","Temp..of.NSEC.Main.Ch. + UVT.... + CODds..mg.L. + NSEC.Aerobic.SRT + NSEC.Effluent.NO3 + NSEC.Effluent.TSS",0.114299818709461,0.658680083309085,"3,2"
"13336","Temp..of.NSEC.Main.Ch. + UVT.... + CODds..mg.L. + NSEC.Aerobic.SRT + NSEC.Effluent.NO3 + NSEC.Effluent.NO5",0.224578751916104,0.785961829062713,"3,2"
"13337","Temp..of.NSEC.Main.Ch. + UVT.... + CODds..mg.L. + NSEC.Aerobic.SRT + NSEC.Effluent.NO3 + NSEC.Effluent.Flow",0.0195502044634013,0.785871284652954,"3,2"
"13338","Temp..of.NSEC.Main.Ch. + UVT.... + CODds..mg.L. + NSEC.Aerobic.SRT + NSEC.Effluent.OP + NSEC.Effluent.TSS",0.162080462698012,0.69538091048671,"3,2"
"13339","Temp..of.NSEC.Main.Ch. + UVT.... + CODds..mg.L. + NSEC.Aerobic.SRT + NSEC.Effluent.OP + NSEC.Effluent.NO5",0.163023406532162,0.719485870872523,"3,2"
"13340","Temp..of.NSEC.Main.Ch. + UVT.... + CODds..mg.L. + NSEC.Aerobic.SRT + NSEC.Effluent.OP + NSEC.Effluent.Flow",0.0739686963329742,0.679265313695645,"3,2"
"13341","Temp..of.NSEC.Main.Ch. + UVT.... + CODds..mg.L. + NSEC.Aerobic.SRT + NSEC.Effluent.TSS + NSEC.Effluent.NO5",0.287269108787745,0.715223333016277,"3,2"
"13342","Temp..of.NSEC.Main.Ch. + UVT.... + CODds..mg.L. + NSEC.Aerobic.SRT + NSEC.Effluent.TSS + NSEC.Effluent.Flow",0.0706376191807059,0.803995166162235,"3,2"
"13343","Temp..of.NSEC.Main.Ch. + UVT.... + CODds..mg.L. + NSEC.Aerobic.SRT + NSEC.Effluent.NO5 + NSEC.Effluent.Flow",0.152638031141266,0.774066266407341,"3,2"
"13344","Temp..of.NSEC.Main.Ch. + UVT.... + CODds..mg.L. + NSEC.Effluent.NH3 + NSEC.Effluent.NO3 + NSEC.Effluent.OP",0.0762920224205192,0.463613287821874,"3,2"
"13345","Temp..of.NSEC.Main.Ch. + UVT.... + CODds..mg.L. + NSEC.Effluent.NH3 + NSEC.Effluent.NO3 + NSEC.Effluent.TSS",0.121364386176865,0.672464520821462,"3,2"
"13346","Temp..of.NSEC.Main.Ch. + UVT.... + CODds..mg.L. + NSEC.Effluent.NH3 + NSEC.Effluent.NO3 + NSEC.Effluent.NO5",0.00645563949658401,0.532093782503584,"3,2"
"13347","Temp..of.NSEC.Main.Ch. + UVT.... + CODds..mg.L. + NSEC.Effluent.NH3 + NSEC.Effluent.NO3 + NSEC.Effluent.Flow",0.109604883341549,0.622744935401096,"3,2"
"13348","Temp..of.NSEC.Main.Ch. + UVT.... + CODds..mg.L. + NSEC.Effluent.NH3 + NSEC.Effluent.OP + NSEC.Effluent.TSS",0.0345972022290244,0.718456795805628,"3,2"
"13349","Temp..of.NSEC.Main.Ch. + UVT.... + CODds..mg.L. + NSEC.Effluent.NH3 + NSEC.Effluent.OP + NSEC.Effluent.NO5",0.19245278874818,0.00152728579686901,"3,2"
"13350","Temp..of.NSEC.Main.Ch. + UVT.... + CODds..mg.L. + NSEC.Effluent.NH3 + NSEC.Effluent.OP + NSEC.Effluent.Flow",0.142389343169461,0.57720216622417,"3,2"
"13351","Temp..of.NSEC.Main.Ch. + UVT.... + CODds..mg.L. + NSEC.Effluent.NH3 + NSEC.Effluent.TSS + NSEC.Effluent.NO5",0.00811814501385166,0.776167027860224,"3,2"
"13352","Temp..of.NSEC.Main.Ch. + UVT.... + CODds..mg.L. + NSEC.Effluent.NH3 + NSEC.Effluent.TSS + NSEC.Effluent.Flow",0.0528857856323666,0.733590090345581,"3,2"
"13353","Temp..of.NSEC.Main.Ch. + UVT.... + CODds..mg.L. + NSEC.Effluent.NH3 + NSEC.Effluent.NO5 + NSEC.Effluent.Flow",0.141749491855875,0.485371949990092,"3,2"
"13354","Temp..of.NSEC.Main.Ch. + UVT.... + CODds..mg.L. + NSEC.Effluent.NO3 + NSEC.Effluent.OP + NSEC.Effluent.TSS",0.0729231002283768,0.653782359887224,"3,2"
"13355","Temp..of.NSEC.Main.Ch. + UVT.... + CODds..mg.L. + NSEC.Effluent.NO3 + NSEC.Effluent.OP + NSEC.Effluent.NO5",0.0843138909113932,0.608782994929745,"3,2"
"13356","Temp..of.NSEC.Main.Ch. + UVT.... + CODds..mg.L. + NSEC.Effluent.NO3 + NSEC.Effluent.OP + NSEC.Effluent.Flow",0.0711335366658761,0.616418303474487,"3,2"
"13357","Temp..of.NSEC.Main.Ch. + UVT.... + CODds..mg.L. + NSEC.Effluent.NO3 + NSEC.Effluent.TSS + NSEC.Effluent.NO5",0.0924888695804196,0.46289092063088,"3,2"
"13358","Temp..of.NSEC.Main.Ch. + UVT.... + CODds..mg.L. + NSEC.Effluent.NO3 + NSEC.Effluent.TSS + NSEC.Effluent.Flow",0.0164569193325366,0.711140668495687,"3,2"
"13359","Temp..of.NSEC.Main.Ch. + UVT.... + CODds..mg.L. + NSEC.Effluent.NO3 + NSEC.Effluent.NO5 + NSEC.Effluent.Flow",0.0595874899334763,0.645467162478837,"3,2"
"13360","Temp..of.NSEC.Main.Ch. + UVT.... + CODds..mg.L. + NSEC.Effluent.OP + NSEC.Effluent.TSS + NSEC.Effluent.NO5",0.0408599571940726,0.653653801156035,"3,2"
"13361","Temp..of.NSEC.Main.Ch. + UVT.... + CODds..mg.L. + NSEC.Effluent.OP + NSEC.Effluent.TSS + NSEC.Effluent.Flow",0.0492948294671907,0.708764552920588,"3,2"
"13362","Temp..of.NSEC.Main.Ch. + UVT.... + CODds..mg.L. + NSEC.Effluent.OP + NSEC.Effluent.NO5 + NSEC.Effluent.Flow",0.12930458817727,0.625305246174031,"3,2"
"13363","Temp..of.NSEC.Main.Ch. + UVT.... + CODds..mg.L. + NSEC.Effluent.TSS + NSEC.Effluent.NO5 + NSEC.Effluent.Flow",0.0517573759915038,0.744231617934857,"3,2"
"13364","Temp..of.NSEC.Main.Ch. + UVT.... + SACto..1.m. + NSEC.Aerobic.SRT + NSEC.Effluent.NH3 + NSEC.Effluent.NO3",0.218867674283929,0.666673165127424,"3,2"
"13365","Temp..of.NSEC.Main.Ch. + UVT.... + SACto..1.m. + NSEC.Aerobic.SRT + NSEC.Effluent.NH3 + NSEC.Effluent.OP",0.108897642373191,0.592558168463987,"3,2"
"13366","Temp..of.NSEC.Main.Ch. + UVT.... + SACto..1.m. + NSEC.Aerobic.SRT + NSEC.Effluent.NH3 + NSEC.Effluent.TSS",0.254471348857317,0.648036602247042,"3,2"
"13367","Temp..of.NSEC.Main.Ch. + UVT.... + SACto..1.m. + NSEC.Aerobic.SRT + NSEC.Effluent.NH3 + NSEC.Effluent.NO5",0.0441985160283027,0.464872520104662,"3,2"
"13368","Temp..of.NSEC.Main.Ch. + UVT.... + SACto..1.m. + NSEC.Aerobic.SRT + NSEC.Effluent.NH3 + NSEC.Effluent.Flow",0.0173948454708119,0.673539077672214,"3,2"
"13369","Temp..of.NSEC.Main.Ch. + UVT.... + SACto..1.m. + NSEC.Aerobic.SRT + NSEC.Effluent.NO3 + NSEC.Effluent.OP",0.0909742024362954,0.56330330308971,"3,2"
"13370","Temp..of.NSEC.Main.Ch. + UVT.... + SACto..1.m. + NSEC.Aerobic.SRT + NSEC.Effluent.NO3 + NSEC.Effluent.TSS",0.00344091171800831,0.742656353877665,"3,2"
"13371","Temp..of.NSEC.Main.Ch. + UVT.... + SACto..1.m. + NSEC.Aerobic.SRT + NSEC.Effluent.NO3 + NSEC.Effluent.NO5",0.166799197082524,0.719986535079018,"3,2"
"13372","Temp..of.NSEC.Main.Ch. + UVT.... + SACto..1.m. + NSEC.Aerobic.SRT + NSEC.Effluent.NO3 + NSEC.Effluent.Flow",0.0362710406111741,0.406424031442051,"3,2"
"13373","Temp..of.NSEC.Main.Ch. + UVT.... + SACto..1.m. + NSEC.Aerobic.SRT + NSEC.Effluent.OP + NSEC.Effluent.TSS",0.0653255341634558,0.644656625193729,"3,2"
"13374","Temp..of.NSEC.Main.Ch. + UVT.... + SACto..1.m. + NSEC.Aerobic.SRT + NSEC.Effluent.OP + NSEC.Effluent.NO5",0.0175687487223617,0.588276687689981,"3,2"
"13375","Temp..of.NSEC.Main.Ch. + UVT.... + SACto..1.m. + NSEC.Aerobic.SRT + NSEC.Effluent.OP + NSEC.Effluent.Flow",0.0501754938430128,0.646810036799498,"3,2"
"13376","Temp..of.NSEC.Main.Ch. + UVT.... + SACto..1.m. + NSEC.Aerobic.SRT + NSEC.Effluent.TSS + NSEC.Effluent.NO5",0.15223980730579,0.643108549257965,"3,2"
"13377","Temp..of.NSEC.Main.Ch. + UVT.... + SACto..1.m. + NSEC.Aerobic.SRT + NSEC.Effluent.TSS + NSEC.Effluent.Flow",0.0620112185562416,0.74742002866339,"3,2"
"13378","Temp..of.NSEC.Main.Ch. + UVT.... + SACto..1.m. + NSEC.Aerobic.SRT + NSEC.Effluent.NO5 + NSEC.Effluent.Flow",0.000259689972043731,0.689769782613874,"3,2"
"13379","Temp..of.NSEC.Main.Ch. + UVT.... + SACto..1.m. + NSEC.Effluent.NH3 + NSEC.Effluent.NO3 + NSEC.Effluent.OP",0.066585548149636,0.480840844886608,"3,2"
"13380","Temp..of.NSEC.Main.Ch. + UVT.... + SACto..1.m. + NSEC.Effluent.NH3 + NSEC.Effluent.NO3 + NSEC.Effluent.TSS",0.0380315069141572,0.559268782791827,"3,2"
"13381","Temp..of.NSEC.Main.Ch. + UVT.... + SACto..1.m. + NSEC.Effluent.NH3 + NSEC.Effluent.NO3 + NSEC.Effluent.NO5",0.00860890531264413,0.354887742684406,"3,2"
"13382","Temp..of.NSEC.Main.Ch. + UVT.... + SACto..1.m. + NSEC.Effluent.NH3 + NSEC.Effluent.NO3 + NSEC.Effluent.Flow",0.0869263163931209,0.520113723762942,"3,2"
"13383","Temp..of.NSEC.Main.Ch. + UVT.... + SACto..1.m. + NSEC.Effluent.NH3 + NSEC.Effluent.OP + NSEC.Effluent.TSS",0.0558866107145342,0.51256316822543,"3,2"
"13384","Temp..of.NSEC.Main.Ch. + UVT.... + SACto..1.m. + NSEC.Effluent.NH3 + NSEC.Effluent.OP + NSEC.Effluent.NO5",0.039881287152121,0.390939175095395,"3,2"
"13385","Temp..of.NSEC.Main.Ch. + UVT.... + SACto..1.m. + NSEC.Effluent.NH3 + NSEC.Effluent.OP + NSEC.Effluent.Flow",0.0545522824966866,0.456967545752907,"3,2"
"13386","Temp..of.NSEC.Main.Ch. + UVT.... + SACto..1.m. + NSEC.Effluent.NH3 + NSEC.Effluent.TSS + NSEC.Effluent.NO5",0.025266215116325,0.671403315397881,"3,2"
"13387","Temp..of.NSEC.Main.Ch. + UVT.... + SACto..1.m. + NSEC.Effluent.NH3 + NSEC.Effluent.TSS + NSEC.Effluent.Flow",0.198775018492894,0.533575183330182,"3,2"
"13388","Temp..of.NSEC.Main.Ch. + UVT.... + SACto..1.m. + NSEC.Effluent.NH3 + NSEC.Effluent.NO5 + NSEC.Effluent.Flow",0.0204637422582361,0.391991119344233,"3,2"
"13389","Temp..of.NSEC.Main.Ch. + UVT.... + SACto..1.m. + NSEC.Effluent.NO3 + NSEC.Effluent.OP + NSEC.Effluent.TSS",0.129707676111369,0.662044200109969,"3,2"
"13390","Temp..of.NSEC.Main.Ch. + UVT.... + SACto..1.m. + NSEC.Effluent.NO3 + NSEC.Effluent.OP + NSEC.Effluent.NO5",0.0867559945000909,0.436027207756347,"3,2"
"13391","Temp..of.NSEC.Main.Ch. + UVT.... + SACto..1.m. + NSEC.Effluent.NO3 + NSEC.Effluent.OP + NSEC.Effluent.Flow",0.212711515045002,0.639755650944831,"3,2"
"13392","Temp..of.NSEC.Main.Ch. + UVT.... + SACto..1.m. + NSEC.Effluent.NO3 + NSEC.Effluent.TSS + NSEC.Effluent.NO5",0.268075524145478,0.540149919960678,"3,2"
"13393","Temp..of.NSEC.Main.Ch. + UVT.... + SACto..1.m. + NSEC.Effluent.NO3 + NSEC.Effluent.TSS + NSEC.Effluent.Flow",0.182633620850296,0.526087339185279,"3,2"
"13394","Temp..of.NSEC.Main.Ch. + UVT.... + SACto..1.m. + NSEC.Effluent.NO3 + NSEC.Effluent.NO5 + NSEC.Effluent.Flow",0.10787340688536,0.457032889822682,"3,2"
"13395","Temp..of.NSEC.Main.Ch. + UVT.... + SACto..1.m. + NSEC.Effluent.OP + NSEC.Effluent.TSS + NSEC.Effluent.NO5",0.14272619638702,0.669284879024842,"3,2"
"13396","Temp..of.NSEC.Main.Ch. + UVT.... + SACto..1.m. + NSEC.Effluent.OP + NSEC.Effluent.TSS + NSEC.Effluent.Flow",0.0444679188391255,0.616625606769776,"3,2"
"13397","Temp..of.NSEC.Main.Ch. + UVT.... + SACto..1.m. + NSEC.Effluent.OP + NSEC.Effluent.NO5 + NSEC.Effluent.Flow",0.0533947167205406,0.651585504885577,"3,2"
"13398","Temp..of.NSEC.Main.Ch. + UVT.... + SACto..1.m. + NSEC.Effluent.TSS + NSEC.Effluent.NO5 + NSEC.Effluent.Flow",0.00846349970377713,0.563232157407002,"3,2"
"13399","Temp..of.NSEC.Main.Ch. + UVT.... + NSEC.Aerobic.SRT + NSEC.Effluent.NH3 + NSEC.Effluent.NO3 + NSEC.Effluent.OP",0.0892128544473898,0.671387163238431,"3,2"
"13400","Temp..of.NSEC.Main.Ch. + UVT.... + NSEC.Aerobic.SRT + NSEC.Effluent.NH3 + NSEC.Effluent.NO3 + NSEC.Effluent.TSS",0.242706532998951,0.6270502882256,"3,2"
"13401","Temp..of.NSEC.Main.Ch. + UVT.... + NSEC.Aerobic.SRT + NSEC.Effluent.NH3 + NSEC.Effluent.NO3 + NSEC.Effluent.NO5",0.0318785905251757,0.356756193566415,"3,2"
"13402","Temp..of.NSEC.Main.Ch. + UVT.... + NSEC.Aerobic.SRT + NSEC.Effluent.NH3 + NSEC.Effluent.NO3 + NSEC.Effluent.Flow",0.0329341717594684,0.542930590361966,"3,2"
"13403","Temp..of.NSEC.Main.Ch. + UVT.... + NSEC.Aerobic.SRT + NSEC.Effluent.NH3 + NSEC.Effluent.OP + NSEC.Effluent.TSS",0.365975372510729,0.731786665391946,"3,2"
"13404","Temp..of.NSEC.Main.Ch. + UVT.... + NSEC.Aerobic.SRT + NSEC.Effluent.NH3 + NSEC.Effluent.OP + NSEC.Effluent.NO5",0.0591982087579821,0.614409909645101,"3,2"
"13405","Temp..of.NSEC.Main.Ch. + UVT.... + NSEC.Aerobic.SRT + NSEC.Effluent.NH3 + NSEC.Effluent.OP + NSEC.Effluent.Flow",0.0721742175392066,0.573270498909541,"3,2"
"13406","Temp..of.NSEC.Main.Ch. + UVT.... + NSEC.Aerobic.SRT + NSEC.Effluent.NH3 + NSEC.Effluent.TSS + NSEC.Effluent.NO5",0.0872969533866244,0.737931357924783,"3,2"
"13407","Temp..of.NSEC.Main.Ch. + UVT.... + NSEC.Aerobic.SRT + NSEC.Effluent.NH3 + NSEC.Effluent.TSS + NSEC.Effluent.Flow",0.051672971135817,0.717939860074827,"3,2"
"13408","Temp..of.NSEC.Main.Ch. + UVT.... + NSEC.Aerobic.SRT + NSEC.Effluent.NH3 + NSEC.Effluent.NO5 + NSEC.Effluent.Flow",0.0671732808887122,0.548354662723478,"3,2"
"13409","Temp..of.NSEC.Main.Ch. + UVT.... + NSEC.Aerobic.SRT + NSEC.Effluent.NO3 + NSEC.Effluent.OP + NSEC.Effluent.TSS",0.337242686463159,0.755191061713793,"3,2"
"13410","Temp..of.NSEC.Main.Ch. + UVT.... + NSEC.Aerobic.SRT + NSEC.Effluent.NO3 + NSEC.Effluent.OP + NSEC.Effluent.NO5",0.120964115656339,0.635184455943581,"3,2"
"13411","Temp..of.NSEC.Main.Ch. + UVT.... + NSEC.Aerobic.SRT + NSEC.Effluent.NO3 + NSEC.Effluent.OP + NSEC.Effluent.Flow",0.171903347391468,0.753022178119708,"3,2"
"13412","Temp..of.NSEC.Main.Ch. + UVT.... + NSEC.Aerobic.SRT + NSEC.Effluent.NO3 + NSEC.Effluent.TSS + NSEC.Effluent.NO5",0.0707869094337463,0.695408807228585,"3,2"
"13413","Temp..of.NSEC.Main.Ch. + UVT.... + NSEC.Aerobic.SRT + NSEC.Effluent.NO3 + NSEC.Effluent.TSS + NSEC.Effluent.Flow",0.126500525012889,0.788496074339997,"3,2"
"13414","Temp..of.NSEC.Main.Ch. + UVT.... + NSEC.Aerobic.SRT + NSEC.Effluent.NO3 + NSEC.Effluent.NO5 + NSEC.Effluent.Flow",0.10876013701784,0.662405408011741,"3,2"
"13415","Temp..of.NSEC.Main.Ch. + UVT.... + NSEC.Aerobic.SRT + NSEC.Effluent.OP + NSEC.Effluent.TSS + NSEC.Effluent.NO5",0.0105708567807312,0.713360589910738,"3,2"
"13416","Temp..of.NSEC.Main.Ch. + UVT.... + NSEC.Aerobic.SRT + NSEC.Effluent.OP + NSEC.Effluent.TSS + NSEC.Effluent.Flow",0.0601757019413234,0.737713158029034,"3,2"
"13417","Temp..of.NSEC.Main.Ch. + UVT.... + NSEC.Aerobic.SRT + NSEC.Effluent.OP + NSEC.Effluent.NO5 + NSEC.Effluent.Flow",0.121606725021248,0.767875528857779,"3,2"
"13418","Temp..of.NSEC.Main.Ch. + UVT.... + NSEC.Aerobic.SRT + NSEC.Effluent.TSS + NSEC.Effluent.NO5 + NSEC.Effluent.Flow",0.0497747030607463,0.71879377342894,"3,2"
"13419","Temp..of.NSEC.Main.Ch. + UVT.... + NSEC.Effluent.NH3 + NSEC.Effluent.NO3 + NSEC.Effluent.OP + NSEC.Effluent.TSS",0.0246400360567953,0.644612261485243,"3,2"
"13420","Temp..of.NSEC.Main.Ch. + UVT.... + NSEC.Effluent.NH3 + NSEC.Effluent.NO3 + NSEC.Effluent.OP + NSEC.Effluent.NO5",0.0248573624763773,0.48976394793601,"3,2"
"13421","Temp..of.NSEC.Main.Ch. + UVT.... + NSEC.Effluent.NH3 + NSEC.Effluent.NO3 + NSEC.Effluent.OP + NSEC.Effluent.Flow",0.0735805568504655,0.684946154356248,"3,2"
"13422","Temp..of.NSEC.Main.Ch. + UVT.... + NSEC.Effluent.NH3 + NSEC.Effluent.NO3 + NSEC.Effluent.TSS + NSEC.Effluent.NO5",0.0247474504143455,0.491490816065086,"3,2"
"13423","Temp..of.NSEC.Main.Ch. + UVT.... + NSEC.Effluent.NH3 + NSEC.Effluent.NO3 + NSEC.Effluent.TSS + NSEC.Effluent.Flow",0.162354360347286,0.659338192536937,"3,2"
"13424","Temp..of.NSEC.Main.Ch. + UVT.... + NSEC.Effluent.NH3 + NSEC.Effluent.NO3 + NSEC.Effluent.NO5 + NSEC.Effluent.Flow",0.31914995304645,0.631345115481327,"3,2"
"13425","Temp..of.NSEC.Main.Ch. + UVT.... + NSEC.Effluent.NH3 + NSEC.Effluent.OP + NSEC.Effluent.TSS + NSEC.Effluent.NO5",0.0913180613968798,0.625541773809083,"3,2"
"13426","Temp..of.NSEC.Main.Ch. + UVT.... + NSEC.Effluent.NH3 + NSEC.Effluent.OP + NSEC.Effluent.TSS + NSEC.Effluent.Flow",0.185351081770792,0.605394512108711,"3,2"
"13427","Temp..of.NSEC.Main.Ch. + UVT.... + NSEC.Effluent.NH3 + NSEC.Effluent.OP + NSEC.Effluent.NO5 + NSEC.Effluent.Flow",0.168551349591097,0.573490602484897,"3,2"
"13428","Temp..of.NSEC.Main.Ch. + UVT.... + NSEC.Effluent.NH3 + NSEC.Effluent.TSS + NSEC.Effluent.NO5 + NSEC.Effluent.Flow",0.00494692223228688,0.60621046226703,"3,2"
"13429","Temp..of.NSEC.Main.Ch. + UVT.... + NSEC.Effluent.NO3 + NSEC.Effluent.OP + NSEC.Effluent.TSS + NSEC.Effluent.NO5",0.0199955252437232,0.65554049143882,"3,2"
"13430","Temp..of.NSEC.Main.Ch. + UVT.... + NSEC.Effluent.NO3 + NSEC.Effluent.OP + NSEC.Effluent.TSS + NSEC.Effluent.Flow",0.0280966304864045,0.694906736049824,"3,2"
"13431","Temp..of.NSEC.Main.Ch. + UVT.... + NSEC.Effluent.NO3 + NSEC.Effluent.OP + NSEC.Effluent.NO5 + NSEC.Effluent.Flow",0.176948609454421,0.525030272374487,"3,2"
"13432","Temp..of.NSEC.Main.Ch. + UVT.... + NSEC.Effluent.NO3 + NSEC.Effluent.TSS + NSEC.Effluent.NO5 + NSEC.Effluent.Flow",0.162854830065009,0.659807457207669,"3,2"
"13433","Temp..of.NSEC.Main.Ch. + UVT.... + NSEC.Effluent.OP + NSEC.Effluent.TSS + NSEC.Effluent.NO5 + NSEC.Effluent.Flow",0.0580864174292113,0.669017275300787,"3,2"
"13434","Temp..of.NSEC.Main.Ch. + CODds..mg.L. + SACto..1.m. + NSEC.Aerobic.SRT + NSEC.Effluent.NH3 + NSEC.Effluent.NO3",0.0842126211152889,0.747628927175559,"3,2"
"13435","Temp..of.NSEC.Main.Ch. + CODds..mg.L. + SACto..1.m. + NSEC.Aerobic.SRT + NSEC.Effluent.NH3 + NSEC.Effluent.OP",0.13462686114406,0.623488361464723,"3,2"
"13436","Temp..of.NSEC.Main.Ch. + CODds..mg.L. + SACto..1.m. + NSEC.Aerobic.SRT + NSEC.Effluent.NH3 + NSEC.Effluent.TSS",0.130135773042491,0.725719609169044,"3,2"
"13437","Temp..of.NSEC.Main.Ch. + CODds..mg.L. + SACto..1.m. + NSEC.Aerobic.SRT + NSEC.Effluent.NH3 + NSEC.Effluent.NO5",0.0492663704919043,0.634581681449668,"3,2"
"13438","Temp..of.NSEC.Main.Ch. + CODds..mg.L. + SACto..1.m. + NSEC.Aerobic.SRT + NSEC.Effluent.NH3 + NSEC.Effluent.Flow",0.135951928876032,0.76076273821956,"3,2"
"13439","Temp..of.NSEC.Main.Ch. + CODds..mg.L. + SACto..1.m. + NSEC.Aerobic.SRT + NSEC.Effluent.NO3 + NSEC.Effluent.OP",0.0763668907753092,0.655334853038774,"3,2"
"13440","Temp..of.NSEC.Main.Ch. + CODds..mg.L. + SACto..1.m. + NSEC.Aerobic.SRT + NSEC.Effluent.NO3 + NSEC.Effluent.TSS",0.213878949567421,0.739352124017573,"3,2"
"13441","Temp..of.NSEC.Main.Ch. + CODds..mg.L. + SACto..1.m. + NSEC.Aerobic.SRT + NSEC.Effluent.NO3 + NSEC.Effluent.NO5",0.111002505076853,0.587851352257568,"3,2"
"13442","Temp..of.NSEC.Main.Ch. + CODds..mg.L. + SACto..1.m. + NSEC.Aerobic.SRT + NSEC.Effluent.NO3 + NSEC.Effluent.Flow",0.193531956887729,0.599348939932491,"3,2"
"13443","Temp..of.NSEC.Main.Ch. + CODds..mg.L. + SACto..1.m. + NSEC.Aerobic.SRT + NSEC.Effluent.OP + NSEC.Effluent.TSS",0.357751414544266,0.751372577556468,"3,2"
"13444","Temp..of.NSEC.Main.Ch. + CODds..mg.L. + SACto..1.m. + NSEC.Aerobic.SRT + NSEC.Effluent.OP + NSEC.Effluent.NO5",0.12052977076386,0.640535596642224,"3,2"
"13445","Temp..of.NSEC.Main.Ch. + CODds..mg.L. + SACto..1.m. + NSEC.Aerobic.SRT + NSEC.Effluent.OP + NSEC.Effluent.Flow",0.146669281204291,0.760358194399159,"3,2"
"13446","Temp..of.NSEC.Main.Ch. + CODds..mg.L. + SACto..1.m. + NSEC.Aerobic.SRT + NSEC.Effluent.TSS + NSEC.Effluent.NO5",0.127796803204112,0.678006530734115,"3,2"
"13447","Temp..of.NSEC.Main.Ch. + CODds..mg.L. + SACto..1.m. + NSEC.Aerobic.SRT + NSEC.Effluent.TSS + NSEC.Effluent.Flow",0.190614367883519,0.769485517848757,"3,2"
"13448","Temp..of.NSEC.Main.Ch. + CODds..mg.L. + SACto..1.m. + NSEC.Aerobic.SRT + NSEC.Effluent.NO5 + NSEC.Effluent.Flow",0.0299542109523052,0.729937351193215,"3,2"
"13449","Temp..of.NSEC.Main.Ch. + CODds..mg.L. + SACto..1.m. + NSEC.Effluent.NH3 + NSEC.Effluent.NO3 + NSEC.Effluent.OP",0.115335867166367,0.411344399127516,"3,2"
"13450","Temp..of.NSEC.Main.Ch. + CODds..mg.L. + SACto..1.m. + NSEC.Effluent.NH3 + NSEC.Effluent.NO3 + NSEC.Effluent.TSS",0.184504701098374,0.739830745748492,"3,2"
"13451","Temp..of.NSEC.Main.Ch. + CODds..mg.L. + SACto..1.m. + NSEC.Effluent.NH3 + NSEC.Effluent.NO3 + NSEC.Effluent.NO5",0.181961216283243,0.570059386995171,"3,2"
"13452","Temp..of.NSEC.Main.Ch. + CODds..mg.L. + SACto..1.m. + NSEC.Effluent.NH3 + NSEC.Effluent.NO3 + NSEC.Effluent.Flow",0.157452139071476,0.510980718108433,"3,2"
"13453","Temp..of.NSEC.Main.Ch. + CODds..mg.L. + SACto..1.m. + NSEC.Effluent.NH3 + NSEC.Effluent.OP + NSEC.Effluent.TSS",0.126840588671658,0.696130961870346,"3,2"
"13454","Temp..of.NSEC.Main.Ch. + CODds..mg.L. + SACto..1.m. + NSEC.Effluent.NH3 + NSEC.Effluent.OP + NSEC.Effluent.NO5",0.0705038216160991,0.395873935924676,"3,2"
"13455","Temp..of.NSEC.Main.Ch. + CODds..mg.L. + SACto..1.m. + NSEC.Effluent.NH3 + NSEC.Effluent.OP + NSEC.Effluent.Flow",0.0953064490660323,0.547966385259374,"3,2"
"13456","Temp..of.NSEC.Main.Ch. + CODds..mg.L. + SACto..1.m. + NSEC.Effluent.NH3 + NSEC.Effluent.TSS + NSEC.Effluent.NO5",0.12751949147907,0.583827668827861,"3,2"
"13457","Temp..of.NSEC.Main.Ch. + CODds..mg.L. + SACto..1.m. + NSEC.Effluent.NH3 + NSEC.Effluent.TSS + NSEC.Effluent.Flow",0.241329899146717,0.696707923940419,"3,2"
"13458","Temp..of.NSEC.Main.Ch. + CODds..mg.L. + SACto..1.m. + NSEC.Effluent.NH3 + NSEC.Effluent.NO5 + NSEC.Effluent.Flow",0.0875990088789647,0.603169594442616,"3,2"
"13459","Temp..of.NSEC.Main.Ch. + CODds..mg.L. + SACto..1.m. + NSEC.Effluent.NO3 + NSEC.Effluent.OP + NSEC.Effluent.TSS",0.0765503413490065,0.577364228028377,"3,2"
"13460","Temp..of.NSEC.Main.Ch. + CODds..mg.L. + SACto..1.m. + NSEC.Effluent.NO3 + NSEC.Effluent.OP + NSEC.Effluent.NO5",0.175622678471884,0.530499155180665,"3,2"
"13461","Temp..of.NSEC.Main.Ch. + CODds..mg.L. + SACto..1.m. + NSEC.Effluent.NO3 + NSEC.Effluent.OP + NSEC.Effluent.Flow",0.275040662697291,0.565602389215726,"3,2"
"13462","Temp..of.NSEC.Main.Ch. + CODds..mg.L. + SACto..1.m. + NSEC.Effluent.NO3 + NSEC.Effluent.TSS + NSEC.Effluent.NO5",0.188705386493484,0.725912418817376,"3,2"
"13463","Temp..of.NSEC.Main.Ch. + CODds..mg.L. + SACto..1.m. + NSEC.Effluent.NO3 + NSEC.Effluent.TSS + NSEC.Effluent.Flow",0.238068525340833,0.665752773263591,"3,2"
"13464","Temp..of.NSEC.Main.Ch. + CODds..mg.L. + SACto..1.m. + NSEC.Effluent.NO3 + NSEC.Effluent.NO5 + NSEC.Effluent.Flow",0.100631714303181,0.501665538387056,"3,2"
"13465","Temp..of.NSEC.Main.Ch. + CODds..mg.L. + SACto..1.m. + NSEC.Effluent.OP + NSEC.Effluent.TSS + NSEC.Effluent.NO5",0.0934113863580484,0.702880042111202,"3,2"
"13466","Temp..of.NSEC.Main.Ch. + CODds..mg.L. + SACto..1.m. + NSEC.Effluent.OP + NSEC.Effluent.TSS + NSEC.Effluent.Flow",0.0585214848795692,0.766512293126092,"3,2"
"13467","Temp..of.NSEC.Main.Ch. + CODds..mg.L. + SACto..1.m. + NSEC.Effluent.OP + NSEC.Effluent.NO5 + NSEC.Effluent.Flow",0.160045979078192,0.56484591576013,"3,2"
"13468","Temp..of.NSEC.Main.Ch. + CODds..mg.L. + SACto..1.m. + NSEC.Effluent.TSS + NSEC.Effluent.NO5 + NSEC.Effluent.Flow",0.0359379405418627,0.750166003923543,"3,2"
"13469","Temp..of.NSEC.Main.Ch. + CODds..mg.L. + NSEC.Aerobic.SRT + NSEC.Effluent.NH3 + NSEC.Effluent.NO3 + NSEC.Effluent.OP",0.0280168662872091,0.646376634762419,"3,2"
"13470","Temp..of.NSEC.Main.Ch. + CODds..mg.L. + NSEC.Aerobic.SRT + NSEC.Effluent.NH3 + NSEC.Effluent.NO3 + NSEC.Effluent.TSS",0.236569899603535,0.704867668626617,"3,2"
"13471","Temp..of.NSEC.Main.Ch. + CODds..mg.L. + NSEC.Aerobic.SRT + NSEC.Effluent.NH3 + NSEC.Effluent.NO3 + NSEC.Effluent.NO5",0.0882783614783433,0.648941633101929,"3,2"
"13472","Temp..of.NSEC.Main.Ch. + CODds..mg.L. + NSEC.Aerobic.SRT + NSEC.Effluent.NH3 + NSEC.Effluent.NO3 + NSEC.Effluent.Flow",0.146587862835875,0.726943471565632,"3,2"
"13473","Temp..of.NSEC.Main.Ch. + CODds..mg.L. + NSEC.Aerobic.SRT + NSEC.Effluent.NH3 + NSEC.Effluent.OP + NSEC.Effluent.TSS",0.246726035980902,0.742845542376624,"3,2"
"13474","Temp..of.NSEC.Main.Ch. + CODds..mg.L. + NSEC.Aerobic.SRT + NSEC.Effluent.NH3 + NSEC.Effluent.OP + NSEC.Effluent.NO5",0.205637270122991,0.680208104581354,"3,2"
"13475","Temp..of.NSEC.Main.Ch. + CODds..mg.L. + NSEC.Aerobic.SRT + NSEC.Effluent.NH3 + NSEC.Effluent.OP + NSEC.Effluent.Flow",0.204282296388104,0.749712786046425,"3,2"
"13476","Temp..of.NSEC.Main.Ch. + CODds..mg.L. + NSEC.Aerobic.SRT + NSEC.Effluent.NH3 + NSEC.Effluent.TSS + NSEC.Effluent.NO5",0.250798238461644,0.741821257908421,"3,2"
"13477","Temp..of.NSEC.Main.Ch. + CODds..mg.L. + NSEC.Aerobic.SRT + NSEC.Effluent.NH3 + NSEC.Effluent.TSS + NSEC.Effluent.Flow",0.243278203572656,0.705824354926118,"3,2"
"13478","Temp..of.NSEC.Main.Ch. + CODds..mg.L. + NSEC.Aerobic.SRT + NSEC.Effluent.NH3 + NSEC.Effluent.NO5 + NSEC.Effluent.Flow",0.221308146240851,0.780134649839742,"3,2"
"13479","Temp..of.NSEC.Main.Ch. + CODds..mg.L. + NSEC.Aerobic.SRT + NSEC.Effluent.NO3 + NSEC.Effluent.OP + NSEC.Effluent.TSS",0.249719649333588,0.64009563003765,"3,2"
"13480","Temp..of.NSEC.Main.Ch. + CODds..mg.L. + NSEC.Aerobic.SRT + NSEC.Effluent.NO3 + NSEC.Effluent.OP + NSEC.Effluent.NO5",0.0234302019812285,0.437258525261678,"3,2"
"13481","Temp..of.NSEC.Main.Ch. + CODds..mg.L. + NSEC.Aerobic.SRT + NSEC.Effluent.NO3 + NSEC.Effluent.OP + NSEC.Effluent.Flow",0.0949688274272495,0.801788492152232,"3,2"
"13482","Temp..of.NSEC.Main.Ch. + CODds..mg.L. + NSEC.Aerobic.SRT + NSEC.Effluent.NO3 + NSEC.Effluent.TSS + NSEC.Effluent.NO5",0.238493597512198,0.757075104796931,"3,2"
"13483","Temp..of.NSEC.Main.Ch. + CODds..mg.L. + NSEC.Aerobic.SRT + NSEC.Effluent.NO3 + NSEC.Effluent.TSS + NSEC.Effluent.Flow",0.177682653420601,0.741209906023818,"3,2"
"13484","Temp..of.NSEC.Main.Ch. + CODds..mg.L. + NSEC.Aerobic.SRT + NSEC.Effluent.NO3 + NSEC.Effluent.NO5 + NSEC.Effluent.Flow",0.280109950303377,0.762712781385573,"3,2"
"13485","Temp..of.NSEC.Main.Ch. + CODds..mg.L. + NSEC.Aerobic.SRT + NSEC.Effluent.OP + NSEC.Effluent.TSS + NSEC.Effluent.NO5",0.422314070527095,0.736961004653705,"3,2"
"13486","Temp..of.NSEC.Main.Ch. + CODds..mg.L. + NSEC.Aerobic.SRT + NSEC.Effluent.OP + NSEC.Effluent.TSS + NSEC.Effluent.Flow",0.311636674747452,0.734193939527942,"3,2"
"13487","Temp..of.NSEC.Main.Ch. + CODds..mg.L. + NSEC.Aerobic.SRT + NSEC.Effluent.OP + NSEC.Effluent.NO5 + NSEC.Effluent.Flow",0.226097890990754,0.774860372207892,"3,2"
"13488","Temp..of.NSEC.Main.Ch. + CODds..mg.L. + NSEC.Aerobic.SRT + NSEC.Effluent.TSS + NSEC.Effluent.NO5 + NSEC.Effluent.Flow",0.262281147544239,0.799304856074812,"3,2"
"13489","Temp..of.NSEC.Main.Ch. + CODds..mg.L. + NSEC.Effluent.NH3 + NSEC.Effluent.NO3 + NSEC.Effluent.OP + NSEC.Effluent.TSS",0.0245486592013389,0.541417877962153,"3,2"
"13490","Temp..of.NSEC.Main.Ch. + CODds..mg.L. + NSEC.Effluent.NH3 + NSEC.Effluent.NO3 + NSEC.Effluent.OP + NSEC.Effluent.NO5",0.1150145044148,0.653040902414345,"3,2"
"13491","Temp..of.NSEC.Main.Ch. + CODds..mg.L. + NSEC.Effluent.NH3 + NSEC.Effluent.NO3 + NSEC.Effluent.OP + NSEC.Effluent.Flow",0.160412596105284,0.526130936287568,"3,2"
"13492","Temp..of.NSEC.Main.Ch. + CODds..mg.L. + NSEC.Effluent.NH3 + NSEC.Effluent.NO3 + NSEC.Effluent.TSS + NSEC.Effluent.NO5",0.0813730141483364,0.68271508476584,"3,2"
"13493","Temp..of.NSEC.Main.Ch. + CODds..mg.L. + NSEC.Effluent.NH3 + NSEC.Effluent.NO3 + NSEC.Effluent.TSS + NSEC.Effluent.Flow",0.0913664966275114,0.550059767465498,"3,2"
"13494","Temp..of.NSEC.Main.Ch. + CODds..mg.L. + NSEC.Effluent.NH3 + NSEC.Effluent.NO3 + NSEC.Effluent.NO5 + NSEC.Effluent.Flow",0.0329139911076992,0.629189188454061,"3,2"
"13495","Temp..of.NSEC.Main.Ch. + CODds..mg.L. + NSEC.Effluent.NH3 + NSEC.Effluent.OP + NSEC.Effluent.TSS + NSEC.Effluent.NO5",0.0286881460211339,0.555187776844964,"3,2"
"13496","Temp..of.NSEC.Main.Ch. + CODds..mg.L. + NSEC.Effluent.NH3 + NSEC.Effluent.OP + NSEC.Effluent.TSS + NSEC.Effluent.Flow",0.0802673171722725,0.619690318279582,"3,2"
"13497","Temp..of.NSEC.Main.Ch. + CODds..mg.L. + NSEC.Effluent.NH3 + NSEC.Effluent.OP + NSEC.Effluent.NO5 + NSEC.Effluent.Flow",0.127063760737519,0.53774278113934,"3,2"
"13498","Temp..of.NSEC.Main.Ch. + CODds..mg.L. + NSEC.Effluent.NH3 + NSEC.Effluent.TSS + NSEC.Effluent.NO5 + NSEC.Effluent.Flow",0.0686226531949043,0.586939551611055,"3,2"
"13499","Temp..of.NSEC.Main.Ch. + CODds..mg.L. + NSEC.Effluent.NO3 + NSEC.Effluent.OP + NSEC.Effluent.TSS + NSEC.Effluent.NO5",0.0175414309246169,0.690043318033214,"3,2"
"13500","Temp..of.NSEC.Main.Ch. + CODds..mg.L. + NSEC.Effluent.NO3 + NSEC.Effluent.OP + NSEC.Effluent.TSS + NSEC.Effluent.Flow",0.0452907319067748,0.658149125226054,"3,2"
"13501","Temp..of.NSEC.Main.Ch. + CODds..mg.L. + NSEC.Effluent.NO3 + NSEC.Effluent.OP + NSEC.Effluent.NO5 + NSEC.Effluent.Flow",0.230710847345501,0.666508920829008,"3,2"
"13502","Temp..of.NSEC.Main.Ch. + CODds..mg.L. + NSEC.Effluent.NO3 + NSEC.Effluent.TSS + NSEC.Effluent.NO5 + NSEC.Effluent.Flow",0.111306086498568,0.670903192979442,"3,2"
"13503","Temp..of.NSEC.Main.Ch. + CODds..mg.L. + NSEC.Effluent.OP + NSEC.Effluent.TSS + NSEC.Effluent.NO5 + NSEC.Effluent.Flow",0.0597159970698828,0.610922291077323,"3,2"
"13504","Temp..of.NSEC.Main.Ch. + SACto..1.m. + NSEC.Aerobic.SRT + NSEC.Effluent.NH3 + NSEC.Effluent.NO3 + NSEC.Effluent.OP",0.117085039234778,0.660147864459677,"3,2"
"13505","Temp..of.NSEC.Main.Ch. + SACto..1.m. + NSEC.Aerobic.SRT + NSEC.Effluent.NH3 + NSEC.Effluent.NO3 + NSEC.Effluent.TSS",0.222824537920501,0.698006602551407,"3,2"
"13506","Temp..of.NSEC.Main.Ch. + SACto..1.m. + NSEC.Aerobic.SRT + NSEC.Effluent.NH3 + NSEC.Effluent.NO3 + NSEC.Effluent.NO5",0.189630494093616,0.642855658651153,"3,2"
"13507","Temp..of.NSEC.Main.Ch. + SACto..1.m. + NSEC.Aerobic.SRT + NSEC.Effluent.NH3 + NSEC.Effluent.NO3 + NSEC.Effluent.Flow",0.0448001697374947,0.703282374792721,"3,2"
"13508","Temp..of.NSEC.Main.Ch. + SACto..1.m. + NSEC.Aerobic.SRT + NSEC.Effluent.NH3 + NSEC.Effluent.OP + NSEC.Effluent.TSS",0.0787676827691912,0.562733020805482,"3,2"
"13509","Temp..of.NSEC.Main.Ch. + SACto..1.m. + NSEC.Aerobic.SRT + NSEC.Effluent.NH3 + NSEC.Effluent.OP + NSEC.Effluent.NO5",0.0836934646657428,0.624371946314114,"3,2"
"13510","Temp..of.NSEC.Main.Ch. + SACto..1.m. + NSEC.Aerobic.SRT + NSEC.Effluent.NH3 + NSEC.Effluent.OP + NSEC.Effluent.Flow",0.0054160122491318,0.67514379267012,"3,2"
"13511","Temp..of.NSEC.Main.Ch. + SACto..1.m. + NSEC.Aerobic.SRT + NSEC.Effluent.NH3 + NSEC.Effluent.TSS + NSEC.Effluent.NO5",0.0798720870629672,0.569474782698465,"3,2"
"13512","Temp..of.NSEC.Main.Ch. + SACto..1.m. + NSEC.Aerobic.SRT + NSEC.Effluent.NH3 + NSEC.Effluent.TSS + NSEC.Effluent.Flow",0.115280513272389,0.76408973821545,"3,2"
"13513","Temp..of.NSEC.Main.Ch. + SACto..1.m. + NSEC.Aerobic.SRT + NSEC.Effluent.NH3 + NSEC.Effluent.NO5 + NSEC.Effluent.Flow",0.297662242762255,0.770669980262042,"3,2"
"13514","Temp..of.NSEC.Main.Ch. + SACto..1.m. + NSEC.Aerobic.SRT + NSEC.Effluent.NO3 + NSEC.Effluent.OP + NSEC.Effluent.TSS",0.116787300200138,0.660558160373229,"3,2"
"13515","Temp..of.NSEC.Main.Ch. + SACto..1.m. + NSEC.Aerobic.SRT + NSEC.Effluent.NO3 + NSEC.Effluent.OP + NSEC.Effluent.NO5",0.0872717831047858,0.723386877503717,"3,2"
"13516","Temp..of.NSEC.Main.Ch. + SACto..1.m. + NSEC.Aerobic.SRT + NSEC.Effluent.NO3 + NSEC.Effluent.OP + NSEC.Effluent.Flow",0.0830356915089043,0.72569341580205,"3,2"
"13517","Temp..of.NSEC.Main.Ch. + SACto..1.m. + NSEC.Aerobic.SRT + NSEC.Effluent.NO3 + NSEC.Effluent.TSS + NSEC.Effluent.NO5",0.204937172943705,0.745810480593544,"3,2"
"13518","Temp..of.NSEC.Main.Ch. + SACto..1.m. + NSEC.Aerobic.SRT + NSEC.Effluent.NO3 + NSEC.Effluent.TSS + NSEC.Effluent.Flow",0.190604710004245,0.122983697265752,"3,2"
"13519","Temp..of.NSEC.Main.Ch. + SACto..1.m. + NSEC.Aerobic.SRT + NSEC.Effluent.NO3 + NSEC.Effluent.NO5 + NSEC.Effluent.Flow",0.110322837027013,0.632696963506653,"3,2"
"13520","Temp..of.NSEC.Main.Ch. + SACto..1.m. + NSEC.Aerobic.SRT + NSEC.Effluent.OP + NSEC.Effluent.TSS + NSEC.Effluent.NO5",0.212276443918701,0.715544578843182,"3,2"
"13521","Temp..of.NSEC.Main.Ch. + SACto..1.m. + NSEC.Aerobic.SRT + NSEC.Effluent.OP + NSEC.Effluent.TSS + NSEC.Effluent.Flow",0.0863731442790037,0.769479054468667,"3,2"
"13522","Temp..of.NSEC.Main.Ch. + SACto..1.m. + NSEC.Aerobic.SRT + NSEC.Effluent.OP + NSEC.Effluent.NO5 + NSEC.Effluent.Flow",0.0237045131044682,0.713713666001067,"3,2"
"13523","Temp..of.NSEC.Main.Ch. + SACto..1.m. + NSEC.Aerobic.SRT + NSEC.Effluent.TSS + NSEC.Effluent.NO5 + NSEC.Effluent.Flow",0.0879711555701872,0.771366352259593,"3,2"
"13524","Temp..of.NSEC.Main.Ch. + SACto..1.m. + NSEC.Effluent.NH3 + NSEC.Effluent.NO3 + NSEC.Effluent.OP + NSEC.Effluent.TSS",0.106675689138664,0.597004985001062,"3,2"
"13525","Temp..of.NSEC.Main.Ch. + SACto..1.m. + NSEC.Effluent.NH3 + NSEC.Effluent.NO3 + NSEC.Effluent.OP + NSEC.Effluent.NO5",0.101154474378922,0.470305446392477,"3,2"
"13526","Temp..of.NSEC.Main.Ch. + SACto..1.m. + NSEC.Effluent.NH3 + NSEC.Effluent.NO3 + NSEC.Effluent.OP + NSEC.Effluent.Flow",0.140458155915706,0.479090798165709,"3,2"
"13527","Temp..of.NSEC.Main.Ch. + SACto..1.m. + NSEC.Effluent.NH3 + NSEC.Effluent.NO3 + NSEC.Effluent.TSS + NSEC.Effluent.NO5",0.065545946198581,0.419375926308084,"3,2"
"13528","Temp..of.NSEC.Main.Ch. + SACto..1.m. + NSEC.Effluent.NH3 + NSEC.Effluent.NO3 + NSEC.Effluent.TSS + NSEC.Effluent.Flow",0.0626605140319505,0.463384540301849,"3,2"
"13529","Temp..of.NSEC.Main.Ch. + SACto..1.m. + NSEC.Effluent.NH3 + NSEC.Effluent.NO3 + NSEC.Effluent.NO5 + NSEC.Effluent.Flow",0.129765243732994,0.527988913037006,"3,2"
"13530","Temp..of.NSEC.Main.Ch. + SACto..1.m. + NSEC.Effluent.NH3 + NSEC.Effluent.OP + NSEC.Effluent.TSS + NSEC.Effluent.NO5",0.0028786300526884,0.624934557651182,"3,2"
"13531","Temp..of.NSEC.Main.Ch. + SACto..1.m. + NSEC.Effluent.NH3 + NSEC.Effluent.OP + NSEC.Effluent.TSS + NSEC.Effluent.Flow",0.0676768554484475,0.732903571048064,"3,2"
"13532","Temp..of.NSEC.Main.Ch. + SACto..1.m. + NSEC.Effluent.NH3 + NSEC.Effluent.OP + NSEC.Effluent.NO5 + NSEC.Effluent.Flow",0.0463407828890596,0.578967907410996,"3,2"
"13533","Temp..of.NSEC.Main.Ch. + SACto..1.m. + NSEC.Effluent.NH3 + NSEC.Effluent.TSS + NSEC.Effluent.NO5 + NSEC.Effluent.Flow",0.105769010129897,0.616315564150178,"3,2"
"13534","Temp..of.NSEC.Main.Ch. + SACto..1.m. + NSEC.Effluent.NO3 + NSEC.Effluent.OP + NSEC.Effluent.TSS + NSEC.Effluent.NO5",0.0257500781649513,0.669581969645403,"3,2"
"13535","Temp..of.NSEC.Main.Ch. + SACto..1.m. + NSEC.Effluent.NO3 + NSEC.Effluent.OP + NSEC.Effluent.TSS + NSEC.Effluent.Flow",0.192800833864134,0.000860047384574857,"3,2"
"13536","Temp..of.NSEC.Main.Ch. + SACto..1.m. + NSEC.Effluent.NO3 + NSEC.Effluent.OP + NSEC.Effluent.NO5 + NSEC.Effluent.Flow",0.189680620550055,0.650281268593727,"3,2"
"13537","Temp..of.NSEC.Main.Ch. + SACto..1.m. + NSEC.Effluent.NO3 + NSEC.Effluent.TSS + NSEC.Effluent.NO5 + NSEC.Effluent.Flow",0.220160969652474,0.638882983536058,"3,2"
"13538","Temp..of.NSEC.Main.Ch. + SACto..1.m. + NSEC.Effluent.OP + NSEC.Effluent.TSS + NSEC.Effluent.NO5 + NSEC.Effluent.Flow",0.119799780997668,0.649147861227844,"3,2"
"13539","Temp..of.NSEC.Main.Ch. + NSEC.Aerobic.SRT + NSEC.Effluent.NH3 + NSEC.Effluent.NO3 + NSEC.Effluent.OP + NSEC.Effluent.TSS",0.191576981886129,0.706888137994633,"3,2"
"13540","Temp..of.NSEC.Main.Ch. + NSEC.Aerobic.SRT + NSEC.Effluent.NH3 + NSEC.Effluent.NO3 + NSEC.Effluent.OP + NSEC.Effluent.NO5",0.194844352221141,0.638046550783075,"3,2"
"13541","Temp..of.NSEC.Main.Ch. + NSEC.Aerobic.SRT + NSEC.Effluent.NH3 + NSEC.Effluent.NO3 + NSEC.Effluent.OP + NSEC.Effluent.Flow",0.00454492369432957,0.713598632683802,"3,2"
"13542","Temp..of.NSEC.Main.Ch. + NSEC.Aerobic.SRT + NSEC.Effluent.NH3 + NSEC.Effluent.NO3 + NSEC.Effluent.TSS + NSEC.Effluent.NO5",0.000565358835410201,0.445733803988142,"3,2"
"13543","Temp..of.NSEC.Main.Ch. + NSEC.Aerobic.SRT + NSEC.Effluent.NH3 + NSEC.Effluent.NO3 + NSEC.Effluent.TSS + NSEC.Effluent.Flow",0.00415856670362569,0.433967936930009,"3,2"
"13544","Temp..of.NSEC.Main.Ch. + NSEC.Aerobic.SRT + NSEC.Effluent.NH3 + NSEC.Effluent.NO3 + NSEC.Effluent.NO5 + NSEC.Effluent.Flow",0.0291354076603836,0.387375652796082,"3,2"
"13545","Temp..of.NSEC.Main.Ch. + NSEC.Aerobic.SRT + NSEC.Effluent.NH3 + NSEC.Effluent.OP + NSEC.Effluent.TSS + NSEC.Effluent.NO5",0.338830599236757,0.743340720421259,"3,2"
"13546","Temp..of.NSEC.Main.Ch. + NSEC.Aerobic.SRT + NSEC.Effluent.NH3 + NSEC.Effluent.OP + NSEC.Effluent.TSS + NSEC.Effluent.Flow",0.0066757060935978,0.465412394331804,"3,2"
"13547","Temp..of.NSEC.Main.Ch. + NSEC.Aerobic.SRT + NSEC.Effluent.NH3 + NSEC.Effluent.OP + NSEC.Effluent.NO5 + NSEC.Effluent.Flow",0.221932955787538,0.779509149128152,"3,2"
"13548","Temp..of.NSEC.Main.Ch. + NSEC.Aerobic.SRT + NSEC.Effluent.NH3 + NSEC.Effluent.TSS + NSEC.Effluent.NO5 + NSEC.Effluent.Flow",0.0227713730075143,0.381372610679962,"3,2"
"13549","Temp..of.NSEC.Main.Ch. + NSEC.Aerobic.SRT + NSEC.Effluent.NO3 + NSEC.Effluent.OP + NSEC.Effluent.TSS + NSEC.Effluent.NO5",0.0565165732759674,0.541407987397626,"3,2"
"13550","Temp..of.NSEC.Main.Ch. + NSEC.Aerobic.SRT + NSEC.Effluent.NO3 + NSEC.Effluent.OP + NSEC.Effluent.TSS + NSEC.Effluent.Flow",0.214942965969972,0.661726690222262,"3,2"
"13551","Temp..of.NSEC.Main.Ch. + NSEC.Aerobic.SRT + NSEC.Effluent.NO3 + NSEC.Effluent.OP + NSEC.Effluent.NO5 + NSEC.Effluent.Flow",0.0475603867590095,0.742200680254203,"3,2"
"13552","Temp..of.NSEC.Main.Ch. + NSEC.Aerobic.SRT + NSEC.Effluent.NO3 + NSEC.Effluent.TSS + NSEC.Effluent.NO5 + NSEC.Effluent.Flow",0.19696408021989,0.720020942420288,"3,2"
"13553","Temp..of.NSEC.Main.Ch. + NSEC.Aerobic.SRT + NSEC.Effluent.OP + NSEC.Effluent.TSS + NSEC.Effluent.NO5 + NSEC.Effluent.Flow",0.099501528185836,0.67147982341262,"3,2"
"13554","Temp..of.NSEC.Main.Ch. + NSEC.Effluent.NH3 + NSEC.Effluent.NO3 + NSEC.Effluent.OP + NSEC.Effluent.TSS + NSEC.Effluent.NO5",0.028601969577676,0.625187246173172,"3,2"
"13555","Temp..of.NSEC.Main.Ch. + NSEC.Effluent.NH3 + NSEC.Effluent.NO3 + NSEC.Effluent.OP + NSEC.Effluent.TSS + NSEC.Effluent.Flow",0.229461203263194,0.607203248055751,"3,2"
"13556","Temp..of.NSEC.Main.Ch. + NSEC.Effluent.NH3 + NSEC.Effluent.NO3 + NSEC.Effluent.OP + NSEC.Effluent.NO5 + NSEC.Effluent.Flow",0.219596853502565,0.620081468207221,"3,2"
"13557","Temp..of.NSEC.Main.Ch. + NSEC.Effluent.NH3 + NSEC.Effluent.NO3 + NSEC.Effluent.TSS + NSEC.Effluent.NO5 + NSEC.Effluent.Flow",0.266756403991064,0.593608098974404,"3,2"
"13558","Temp..of.NSEC.Main.Ch. + NSEC.Effluent.NH3 + NSEC.Effluent.OP + NSEC.Effluent.TSS + NSEC.Effluent.NO5 + NSEC.Effluent.Flow",0.156525066497354,0.551700646830207,"3,2"
"13559","Temp..of.NSEC.Main.Ch. + NSEC.Effluent.NO3 + NSEC.Effluent.OP + NSEC.Effluent.TSS + NSEC.Effluent.NO5 + NSEC.Effluent.Flow",0.178560452998874,0.668856576131258,"3,2"
"13560","Temp..of.the.Atmos. + Secondary.Effluent.Flow + N..Basin.Outfall + CODto..mg.L. + TSS..mg.L. + UVT....",0.16683746789902,0.509633410090459,"3,2"
"13561","Temp..of.the.Atmos. + Secondary.Effluent.Flow + N..Basin.Outfall + CODto..mg.L. + TSS..mg.L. + CODds..mg.L.",0.183627463850535,0.611127385570057,"3,2"
"13562","Temp..of.the.Atmos. + Secondary.Effluent.Flow + N..Basin.Outfall + CODto..mg.L. + TSS..mg.L. + SACto..1.m.",0.13204943975091,0.457963161787348,"3,2"
"13563","Temp..of.the.Atmos. + Secondary.Effluent.Flow + N..Basin.Outfall + CODto..mg.L. + TSS..mg.L. + NSEC.Aerobic.SRT",0.174895721882071,0.784455568185616,"3,2"
"13564","Temp..of.the.Atmos. + Secondary.Effluent.Flow + N..Basin.Outfall + CODto..mg.L. + TSS..mg.L. + NSEC.Effluent.NH3",0.174988311914118,0.715343224841173,"3,2"
"13565","Temp..of.the.Atmos. + Secondary.Effluent.Flow + N..Basin.Outfall + CODto..mg.L. + TSS..mg.L. + NSEC.Effluent.NO3",0.165019434545817,0.622213116554057,"3,2"
"13566","Temp..of.the.Atmos. + Secondary.Effluent.Flow + N..Basin.Outfall + CODto..mg.L. + TSS..mg.L. + NSEC.Effluent.OP",0.459486741578239,0.677985021151881,"3,2"
"13567","Temp..of.the.Atmos. + Secondary.Effluent.Flow + N..Basin.Outfall + CODto..mg.L. + TSS..mg.L. + NSEC.Effluent.TSS",0.165994288309539,0.709682083324798,"3,2"
"13568","Temp..of.the.Atmos. + Secondary.Effluent.Flow + N..Basin.Outfall + CODto..mg.L. + TSS..mg.L. + NSEC.Effluent.NO5",0.0980167031454988,0.58131752751844,"3,2"
"13569","Temp..of.the.Atmos. + Secondary.Effluent.Flow + N..Basin.Outfall + CODto..mg.L. + TSS..mg.L. + NSEC.Effluent.Flow",0.0393584976972448,0.638371268800937,"3,2"
"13570","Temp..of.the.Atmos. + Secondary.Effluent.Flow + N..Basin.Outfall + CODto..mg.L. + UVT.... + CODds..mg.L.",0.0888093036497217,0.534659877691387,"3,2"
"13571","Temp..of.the.Atmos. + Secondary.Effluent.Flow + N..Basin.Outfall + CODto..mg.L. + UVT.... + SACto..1.m.",0.0197582736139976,0.659669766300277,"3,2"
"13572","Temp..of.the.Atmos. + Secondary.Effluent.Flow + N..Basin.Outfall + CODto..mg.L. + UVT.... + NSEC.Aerobic.SRT",0.0903634975865897,0.697610199371545,"3,2"
"13573","Temp..of.the.Atmos. + Secondary.Effluent.Flow + N..Basin.Outfall + CODto..mg.L. + UVT.... + NSEC.Effluent.NH3",0.0287258676890481,0.625048025169146,"3,2"
"13574","Temp..of.the.Atmos. + Secondary.Effluent.Flow + N..Basin.Outfall + CODto..mg.L. + UVT.... + NSEC.Effluent.NO3",0.655903738360287,0.699973158891468,"3,2"
"13575","Temp..of.the.Atmos. + Secondary.Effluent.Flow + N..Basin.Outfall + CODto..mg.L. + UVT.... + NSEC.Effluent.OP",0.241776501551312,0.627659698516205,"3,2"
"13576","Temp..of.the.Atmos. + Secondary.Effluent.Flow + N..Basin.Outfall + CODto..mg.L. + UVT.... + NSEC.Effluent.TSS",0.392584279724156,0.71695375617186,"3,2"
"13577","Temp..of.the.Atmos. + Secondary.Effluent.Flow + N..Basin.Outfall + CODto..mg.L. + UVT.... + NSEC.Effluent.NO5",0.143421807275579,0.545304295862271,"3,2"
"13578","Temp..of.the.Atmos. + Secondary.Effluent.Flow + N..Basin.Outfall + CODto..mg.L. + UVT.... + NSEC.Effluent.Flow",0.0452753059785449,0.597531898403661,"3,2"
"13579","Temp..of.the.Atmos. + Secondary.Effluent.Flow + N..Basin.Outfall + CODto..mg.L. + CODds..mg.L. + SACto..1.m.",0.329665900823807,0.603728870796496,"3,2"
"13580","Temp..of.the.Atmos. + Secondary.Effluent.Flow + N..Basin.Outfall + CODto..mg.L. + CODds..mg.L. + NSEC.Aerobic.SRT",0.152612916390909,0.7705949381039,"3,2"
"13581","Temp..of.the.Atmos. + Secondary.Effluent.Flow + N..Basin.Outfall + CODto..mg.L. + CODds..mg.L. + NSEC.Effluent.NH3",0.0382942299722306,0.638988601280115,"3,2"
"13582","Temp..of.the.Atmos. + Secondary.Effluent.Flow + N..Basin.Outfall + CODto..mg.L. + CODds..mg.L. + NSEC.Effluent.NO3",0.157746602907303,0.608065083687252,"3,2"
"13583","Temp..of.the.Atmos. + Secondary.Effluent.Flow + N..Basin.Outfall + CODto..mg.L. + CODds..mg.L. + NSEC.Effluent.OP",0.106937683641843,0.542883669758161,"3,2"
"13584","Temp..of.the.Atmos. + Secondary.Effluent.Flow + N..Basin.Outfall + CODto..mg.L. + CODds..mg.L. + NSEC.Effluent.TSS",0.140861759153004,0.737227187408949,"3,2"
"13585","Temp..of.the.Atmos. + Secondary.Effluent.Flow + N..Basin.Outfall + CODto..mg.L. + CODds..mg.L. + NSEC.Effluent.NO5",0.16891022779709,0.63566869972565,"3,2"
"13586","Temp..of.the.Atmos. + Secondary.Effluent.Flow + N..Basin.Outfall + CODto..mg.L. + CODds..mg.L. + NSEC.Effluent.Flow",0.103677179421182,0.60893501596025,"3,2"
"13587","Temp..of.the.Atmos. + Secondary.Effluent.Flow + N..Basin.Outfall + CODto..mg.L. + SACto..1.m. + NSEC.Aerobic.SRT",0.231656691057182,0.76528051676045,"3,2"
"13588","Temp..of.the.Atmos. + Secondary.Effluent.Flow + N..Basin.Outfall + CODto..mg.L. + SACto..1.m. + NSEC.Effluent.NH3",0.327799804317618,0.622733856036865,"3,2"
"13589","Temp..of.the.Atmos. + Secondary.Effluent.Flow + N..Basin.Outfall + CODto..mg.L. + SACto..1.m. + NSEC.Effluent.NO3",0.162220898626209,0.639244938861887,"3,2"
"13590","Temp..of.the.Atmos. + Secondary.Effluent.Flow + N..Basin.Outfall + CODto..mg.L. + SACto..1.m. + NSEC.Effluent.OP",0.148776517605015,0.464188383430092,"3,2"
"13591","Temp..of.the.Atmos. + Secondary.Effluent.Flow + N..Basin.Outfall + CODto..mg.L. + SACto..1.m. + NSEC.Effluent.TSS",0.0546263538383134,0.67749433434166,"3,2"
"13592","Temp..of.the.Atmos. + Secondary.Effluent.Flow + N..Basin.Outfall + CODto..mg.L. + SACto..1.m. + NSEC.Effluent.NO5",0.0105163363231111,0.455134844318843,"3,2"
"13593","Temp..of.the.Atmos. + Secondary.Effluent.Flow + N..Basin.Outfall + CODto..mg.L. + SACto..1.m. + NSEC.Effluent.Flow",0.077618429803588,0.676847878495952,"3,2"
"13594","Temp..of.the.Atmos. + Secondary.Effluent.Flow + N..Basin.Outfall + CODto..mg.L. + NSEC.Aerobic.SRT + NSEC.Effluent.NH3",0.256521142678395,0.69205712545297,"3,2"
"13595","Temp..of.the.Atmos. + Secondary.Effluent.Flow + N..Basin.Outfall + CODto..mg.L. + NSEC.Aerobic.SRT + NSEC.Effluent.NO3",0.0956544960335413,0.603221759406209,"3,2"
"13596","Temp..of.the.Atmos. + Secondary.Effluent.Flow + N..Basin.Outfall + CODto..mg.L. + NSEC.Aerobic.SRT + NSEC.Effluent.OP",0.069136196642805,0.745279165973133,"3,2"
"13597","Temp..of.the.Atmos. + Secondary.Effluent.Flow + N..Basin.Outfall + CODto..mg.L. + NSEC.Aerobic.SRT + NSEC.Effluent.TSS",0.333742129180179,0.766518028324568,"3,2"
"13598","Temp..of.the.Atmos. + Secondary.Effluent.Flow + N..Basin.Outfall + CODto..mg.L. + NSEC.Aerobic.SRT + NSEC.Effluent.NO5",0.398691713484887,0.751192757785383,"3,2"
"13599","Temp..of.the.Atmos. + Secondary.Effluent.Flow + N..Basin.Outfall + CODto..mg.L. + NSEC.Aerobic.SRT + NSEC.Effluent.Flow",0.123663461141592,0.597788771419286,"3,2"
"13600","Temp..of.the.Atmos. + Secondary.Effluent.Flow + N..Basin.Outfall + CODto..mg.L. + NSEC.Effluent.NH3 + NSEC.Effluent.NO3",0.0554944203763807,0.159138234928255,"3,2"
"13601","Temp..of.the.Atmos. + Secondary.Effluent.Flow + N..Basin.Outfall + CODto..mg.L. + NSEC.Effluent.NH3 + NSEC.Effluent.OP",0.198854523090542,0.560582515349511,"3,2"
"13602","Temp..of.the.Atmos. + Secondary.Effluent.Flow + N..Basin.Outfall + CODto..mg.L. + NSEC.Effluent.NH3 + NSEC.Effluent.TSS",0.136249781932798,0.612236769690672,"3,2"
"13603","Temp..of.the.Atmos. + Secondary.Effluent.Flow + N..Basin.Outfall + CODto..mg.L. + NSEC.Effluent.NH3 + NSEC.Effluent.NO5",0.111885472618869,0.659462211108386,"3,2"
"13604","Temp..of.the.Atmos. + Secondary.Effluent.Flow + N..Basin.Outfall + CODto..mg.L. + NSEC.Effluent.NH3 + NSEC.Effluent.Flow",0.266071537695356,0.546603066375052,"3,2"
"13605","Temp..of.the.Atmos. + Secondary.Effluent.Flow + N..Basin.Outfall + CODto..mg.L. + NSEC.Effluent.NO3 + NSEC.Effluent.OP",0.0531071398479317,0.395553793486098,"3,2"
"13606","Temp..of.the.Atmos. + Secondary.Effluent.Flow + N..Basin.Outfall + CODto..mg.L. + NSEC.Effluent.NO3 + NSEC.Effluent.TSS",0.142205547018155,0.544943091911349,"3,2"
"13607","Temp..of.the.Atmos. + Secondary.Effluent.Flow + N..Basin.Outfall + CODto..mg.L. + NSEC.Effluent.NO3 + NSEC.Effluent.NO5",0.059081706832085,0.417197349982895,"3,2"
"13608","Temp..of.the.Atmos. + Secondary.Effluent.Flow + N..Basin.Outfall + CODto..mg.L. + NSEC.Effluent.NO3 + NSEC.Effluent.Flow",0.0695049947199045,0.518952569138605,"3,2"
"13609","Temp..of.the.Atmos. + Secondary.Effluent.Flow + N..Basin.Outfall + CODto..mg.L. + NSEC.Effluent.OP + NSEC.Effluent.TSS",0.202061861308402,0.66737559356446,"3,2"
"13610","Temp..of.the.Atmos. + Secondary.Effluent.Flow + N..Basin.Outfall + CODto..mg.L. + NSEC.Effluent.OP + NSEC.Effluent.NO5",0.49325673369769,0.602987942710787,"3,2"
"13611","Temp..of.the.Atmos. + Secondary.Effluent.Flow + N..Basin.Outfall + CODto..mg.L. + NSEC.Effluent.OP + NSEC.Effluent.Flow",0.205717909937943,0.47194186128217,"3,2"
"13612","Temp..of.the.Atmos. + Secondary.Effluent.Flow + N..Basin.Outfall + CODto..mg.L. + NSEC.Effluent.TSS + NSEC.Effluent.NO5",0.195698407662833,0.565226262308947,"3,2"
"13613","Temp..of.the.Atmos. + Secondary.Effluent.Flow + N..Basin.Outfall + CODto..mg.L. + NSEC.Effluent.TSS + NSEC.Effluent.Flow",0.0976569797989297,0.520565136576586,"3,2"
"13614","Temp..of.the.Atmos. + Secondary.Effluent.Flow + N..Basin.Outfall + CODto..mg.L. + NSEC.Effluent.NO5 + NSEC.Effluent.Flow",0.0629569009615185,0.579851164855324,"3,2"
"13615","Temp..of.the.Atmos. + Secondary.Effluent.Flow + N..Basin.Outfall + TSS..mg.L. + UVT.... + CODds..mg.L.",0.0965750611150611,0.626657260801692,"3,2"
"13616","Temp..of.the.Atmos. + Secondary.Effluent.Flow + N..Basin.Outfall + TSS..mg.L. + UVT.... + SACto..1.m.",0.0251705054726776,0.544786429230033,"3,2"
"13617","Temp..of.the.Atmos. + Secondary.Effluent.Flow + N..Basin.Outfall + TSS..mg.L. + UVT.... + NSEC.Aerobic.SRT",0.162849279029748,0.684877331930583,"3,2"
"13618","Temp..of.the.Atmos. + Secondary.Effluent.Flow + N..Basin.Outfall + TSS..mg.L. + UVT.... + NSEC.Effluent.NH3",0.0134955961151073,0.621595243045613,"3,2"
"13619","Temp..of.the.Atmos. + Secondary.Effluent.Flow + N..Basin.Outfall + TSS..mg.L. + UVT.... + NSEC.Effluent.NO3",0.358757200993402,0.73373078964251,"3,2"
"13620","Temp..of.the.Atmos. + Secondary.Effluent.Flow + N..Basin.Outfall + TSS..mg.L. + UVT.... + NSEC.Effluent.OP",0.165798125273887,0.555748976007985,"3,2"
"13621","Temp..of.the.Atmos. + Secondary.Effluent.Flow + N..Basin.Outfall + TSS..mg.L. + UVT.... + NSEC.Effluent.TSS",0.236979160324894,0.779268286652702,"3,2"
"13622","Temp..of.the.Atmos. + Secondary.Effluent.Flow + N..Basin.Outfall + TSS..mg.L. + UVT.... + NSEC.Effluent.NO5",0.161539184319941,0.490646132442367,"3,2"
"13623","Temp..of.the.Atmos. + Secondary.Effluent.Flow + N..Basin.Outfall + TSS..mg.L. + UVT.... + NSEC.Effluent.Flow",0.122177568215314,0.478371346906875,"3,2"
"13624","Temp..of.the.Atmos. + Secondary.Effluent.Flow + N..Basin.Outfall + TSS..mg.L. + CODds..mg.L. + SACto..1.m.",0.161355176423163,0.707946434599415,"3,2"
"13625","Temp..of.the.Atmos. + Secondary.Effluent.Flow + N..Basin.Outfall + TSS..mg.L. + CODds..mg.L. + NSEC.Aerobic.SRT",0.083458810257552,0.77699639331186,"3,2"
"13626","Temp..of.the.Atmos. + Secondary.Effluent.Flow + N..Basin.Outfall + TSS..mg.L. + CODds..mg.L. + NSEC.Effluent.NH3",0.00997217101226422,0.573982857756012,"3,2"
"13627","Temp..of.the.Atmos. + Secondary.Effluent.Flow + N..Basin.Outfall + TSS..mg.L. + CODds..mg.L. + NSEC.Effluent.NO3",0.369849375911753,0.707274849090687,"3,2"
"13628","Temp..of.the.Atmos. + Secondary.Effluent.Flow + N..Basin.Outfall + TSS..mg.L. + CODds..mg.L. + NSEC.Effluent.OP",0.0513864545820202,0.584395204774777,"3,2"
"13629","Temp..of.the.Atmos. + Secondary.Effluent.Flow + N..Basin.Outfall + TSS..mg.L. + CODds..mg.L. + NSEC.Effluent.TSS",0.0134971115605165,0.659539989374891,"3,2"
"13630","Temp..of.the.Atmos. + Secondary.Effluent.Flow + N..Basin.Outfall + TSS..mg.L. + CODds..mg.L. + NSEC.Effluent.NO5",0.0936513985735554,0.635215805735004,"3,2"
"13631","Temp..of.the.Atmos. + Secondary.Effluent.Flow + N..Basin.Outfall + TSS..mg.L. + CODds..mg.L. + NSEC.Effluent.Flow",0.154354689631849,0.607873220258234,"3,2"
"13632","Temp..of.the.Atmos. + Secondary.Effluent.Flow + N..Basin.Outfall + TSS..mg.L. + SACto..1.m. + NSEC.Aerobic.SRT",0.149645538525736,0.722063286424002,"3,2"
"13633","Temp..of.the.Atmos. + Secondary.Effluent.Flow + N..Basin.Outfall + TSS..mg.L. + SACto..1.m. + NSEC.Effluent.NH3",0.218235519569135,0.726571525074033,"3,2"
"13634","Temp..of.the.Atmos. + Secondary.Effluent.Flow + N..Basin.Outfall + TSS..mg.L. + SACto..1.m. + NSEC.Effluent.NO3",0.0085415237779074,0.639003860666398,"3,2"
"13635","Temp..of.the.Atmos. + Secondary.Effluent.Flow + N..Basin.Outfall + TSS..mg.L. + SACto..1.m. + NSEC.Effluent.OP",0.137175178105789,0.588773809874158,"3,2"
"13636","Temp..of.the.Atmos. + Secondary.Effluent.Flow + N..Basin.Outfall + TSS..mg.L. + SACto..1.m. + NSEC.Effluent.TSS",0.204881474731283,0.699209185552839,"3,2"
"13637","Temp..of.the.Atmos. + Secondary.Effluent.Flow + N..Basin.Outfall + TSS..mg.L. + SACto..1.m. + NSEC.Effluent.NO5",0.136796405628284,0.631532373500159,"3,2"
"13638","Temp..of.the.Atmos. + Secondary.Effluent.Flow + N..Basin.Outfall + TSS..mg.L. + SACto..1.m. + NSEC.Effluent.Flow",0.0136631562094562,0.537924469852256,"3,2"
"13639","Temp..of.the.Atmos. + Secondary.Effluent.Flow + N..Basin.Outfall + TSS..mg.L. + NSEC.Aerobic.SRT + NSEC.Effluent.NH3",0.175723271957827,0.642294214044126,"3,2"
"13640","Temp..of.the.Atmos. + Secondary.Effluent.Flow + N..Basin.Outfall + TSS..mg.L. + NSEC.Aerobic.SRT + NSEC.Effluent.NO3",0.263036340799187,0.616118162936303,"3,2"
"13641","Temp..of.the.Atmos. + Secondary.Effluent.Flow + N..Basin.Outfall + TSS..mg.L. + NSEC.Aerobic.SRT + NSEC.Effluent.OP",0.196180100021369,0.747590891014953,"3,2"
"13642","Temp..of.the.Atmos. + Secondary.Effluent.Flow + N..Basin.Outfall + TSS..mg.L. + NSEC.Aerobic.SRT + NSEC.Effluent.TSS",0.00959565607100976,0.470084295292957,"3,2"
"13643","Temp..of.the.Atmos. + Secondary.Effluent.Flow + N..Basin.Outfall + TSS..mg.L. + NSEC.Aerobic.SRT + NSEC.Effluent.NO5",0.314798493664288,0.745702646087374,"3,2"
"13644","Temp..of.the.Atmos. + Secondary.Effluent.Flow + N..Basin.Outfall + TSS..mg.L. + NSEC.Aerobic.SRT + NSEC.Effluent.Flow",0.249368903845569,0.684890607299292,"3,2"
"13645","Temp..of.the.Atmos. + Secondary.Effluent.Flow + N..Basin.Outfall + TSS..mg.L. + NSEC.Effluent.NH3 + NSEC.Effluent.NO3",0.115045994574696,0.0613846906151253,"3,2"
"13646","Temp..of.the.Atmos. + Secondary.Effluent.Flow + N..Basin.Outfall + TSS..mg.L. + NSEC.Effluent.NH3 + NSEC.Effluent.OP",0.0912233703587904,0.553700838343827,"3,2"
"13647","Temp..of.the.Atmos. + Secondary.Effluent.Flow + N..Basin.Outfall + TSS..mg.L. + NSEC.Effluent.NH3 + NSEC.Effluent.TSS",0.0610885324850483,0.474263929235686,"3,2"
"13648","Temp..of.the.Atmos. + Secondary.Effluent.Flow + N..Basin.Outfall + TSS..mg.L. + NSEC.Effluent.NH3 + NSEC.Effluent.NO5",0.113850761893818,0.0681121178809667,"3,2"
"13649","Temp..of.the.Atmos. + Secondary.Effluent.Flow + N..Basin.Outfall + TSS..mg.L. + NSEC.Effluent.NH3 + NSEC.Effluent.Flow",0.194968501635489,0.230689656278304,"3,2"
"13650","Temp..of.the.Atmos. + Secondary.Effluent.Flow + N..Basin.Outfall + TSS..mg.L. + NSEC.Effluent.NO3 + NSEC.Effluent.OP",0.120714029748654,0.290152001085438,"3,2"
"13651","Temp..of.the.Atmos. + Secondary.Effluent.Flow + N..Basin.Outfall + TSS..mg.L. + NSEC.Effluent.NO3 + NSEC.Effluent.TSS",0.00683734862531793,0.502550868441219,"3,2"
"13652","Temp..of.the.Atmos. + Secondary.Effluent.Flow + N..Basin.Outfall + TSS..mg.L. + NSEC.Effluent.NO3 + NSEC.Effluent.NO5",0.294934445700715,0.545108204779159,"3,2"
"13653","Temp..of.the.Atmos. + Secondary.Effluent.Flow + N..Basin.Outfall + TSS..mg.L. + NSEC.Effluent.NO3 + NSEC.Effluent.Flow",0.103268547655106,0.0629814638668794,"3,2"
"13654","Temp..of.the.Atmos. + Secondary.Effluent.Flow + N..Basin.Outfall + TSS..mg.L. + NSEC.Effluent.OP + NSEC.Effluent.TSS",0.177694253026846,0.682829506860953,"3,2"
"13655","Temp..of.the.Atmos. + Secondary.Effluent.Flow + N..Basin.Outfall + TSS..mg.L. + NSEC.Effluent.OP + NSEC.Effluent.NO5",0.171235433095962,0.659473327395337,"3,2"
"13656","Temp..of.the.Atmos. + Secondary.Effluent.Flow + N..Basin.Outfall + TSS..mg.L. + NSEC.Effluent.OP + NSEC.Effluent.Flow",0.126492989816713,0.243691659800536,"3,2"
"13657","Temp..of.the.Atmos. + Secondary.Effluent.Flow + N..Basin.Outfall + TSS..mg.L. + NSEC.Effluent.TSS + NSEC.Effluent.NO5",0.19141232165219,0.547818898454508,"3,2"
"13658","Temp..of.the.Atmos. + Secondary.Effluent.Flow + N..Basin.Outfall + TSS..mg.L. + NSEC.Effluent.TSS + NSEC.Effluent.Flow",0.146563026429122,0.507550880817089,"3,2"
"13659","Temp..of.the.Atmos. + Secondary.Effluent.Flow + N..Basin.Outfall + TSS..mg.L. + NSEC.Effluent.NO5 + NSEC.Effluent.Flow",0.259420451755772,0.606726459763594,"3,2"
"13660","Temp..of.the.Atmos. + Secondary.Effluent.Flow + N..Basin.Outfall + UVT.... + CODds..mg.L. + SACto..1.m.",0.0575992368597626,0.564078132771282,"3,2"
"13661","Temp..of.the.Atmos. + Secondary.Effluent.Flow + N..Basin.Outfall + UVT.... + CODds..mg.L. + NSEC.Aerobic.SRT",0.0729095830768927,0.76353190677057,"3,2"
"13662","Temp..of.the.Atmos. + Secondary.Effluent.Flow + N..Basin.Outfall + UVT.... + CODds..mg.L. + NSEC.Effluent.NH3",0.0699909811554069,0.391545241043501,"3,2"
"13663","Temp..of.the.Atmos. + Secondary.Effluent.Flow + N..Basin.Outfall + UVT.... + CODds..mg.L. + NSEC.Effluent.NO3",0.0777694259889965,0.532082135648675,"3,2"
"13664","Temp..of.the.Atmos. + Secondary.Effluent.Flow + N..Basin.Outfall + UVT.... + CODds..mg.L. + NSEC.Effluent.OP",0.12645477997321,0.53307050585522,"3,2"
"13665","Temp..of.the.Atmos. + Secondary.Effluent.Flow + N..Basin.Outfall + UVT.... + CODds..mg.L. + NSEC.Effluent.TSS",0.25862267313751,0.701560309092503,"3,2"
"13666","Temp..of.the.Atmos. + Secondary.Effluent.Flow + N..Basin.Outfall + UVT.... + CODds..mg.L. + NSEC.Effluent.NO5",0.07911794995707,0.545157328767429,"3,2"
"13667","Temp..of.the.Atmos. + Secondary.Effluent.Flow + N..Basin.Outfall + UVT.... + CODds..mg.L. + NSEC.Effluent.Flow",0.0150710207260731,0.567372452029173,"3,2"
"13668","Temp..of.the.Atmos. + Secondary.Effluent.Flow + N..Basin.Outfall + UVT.... + SACto..1.m. + NSEC.Aerobic.SRT",0.14742592685944,0.579233913129108,"3,2"
"13669","Temp..of.the.Atmos. + Secondary.Effluent.Flow + N..Basin.Outfall + UVT.... + SACto..1.m. + NSEC.Effluent.NH3",0.078940783939762,0.196526985002737,"3,2"
"13670","Temp..of.the.Atmos. + Secondary.Effluent.Flow + N..Basin.Outfall + UVT.... + SACto..1.m. + NSEC.Effluent.NO3",0.00218335947271919,0.551149081416178,"3,2"
"13671","Temp..of.the.Atmos. + Secondary.Effluent.Flow + N..Basin.Outfall + UVT.... + SACto..1.m. + NSEC.Effluent.OP",0.0261724876596148,0.382046817035738,"3,2"
"13672","Temp..of.the.Atmos. + Secondary.Effluent.Flow + N..Basin.Outfall + UVT.... + SACto..1.m. + NSEC.Effluent.TSS",0.0167286228715902,0.529934964691702,"3,2"
"13673","Temp..of.the.Atmos. + Secondary.Effluent.Flow + N..Basin.Outfall + UVT.... + SACto..1.m. + NSEC.Effluent.NO5",0.0519653983101533,0.441921199851106,"3,2"
"13674","Temp..of.the.Atmos. + Secondary.Effluent.Flow + N..Basin.Outfall + UVT.... + SACto..1.m. + NSEC.Effluent.Flow",0.188476614429935,0.453543362121323,"3,2"
"13675","Temp..of.the.Atmos. + Secondary.Effluent.Flow + N..Basin.Outfall + UVT.... + NSEC.Aerobic.SRT + NSEC.Effluent.NH3",0.141527735567437,0.578911391408155,"3,2"
"13676","Temp..of.the.Atmos. + Secondary.Effluent.Flow + N..Basin.Outfall + UVT.... + NSEC.Aerobic.SRT + NSEC.Effluent.NO3",0.172126829938947,0.734441231892657,"3,2"
"13677","Temp..of.the.Atmos. + Secondary.Effluent.Flow + N..Basin.Outfall + UVT.... + NSEC.Aerobic.SRT + NSEC.Effluent.OP",0.118335989504533,0.666647625916877,"3,2"
"13678","Temp..of.the.Atmos. + Secondary.Effluent.Flow + N..Basin.Outfall + UVT.... + NSEC.Aerobic.SRT + NSEC.Effluent.TSS",0.165442300010659,0.793991941584266,"3,2"
"13679","Temp..of.the.Atmos. + Secondary.Effluent.Flow + N..Basin.Outfall + UVT.... + NSEC.Aerobic.SRT + NSEC.Effluent.NO5",0.111775093132217,0.802682252677035,"3,2"
"13680","Temp..of.the.Atmos. + Secondary.Effluent.Flow + N..Basin.Outfall + UVT.... + NSEC.Aerobic.SRT + NSEC.Effluent.Flow",0.136904971910191,0.438262037497265,"3,2"
"13681","Temp..of.the.Atmos. + Secondary.Effluent.Flow + N..Basin.Outfall + UVT.... + NSEC.Effluent.NH3 + NSEC.Effluent.NO3",0.0877675326381981,0.570184804184408,"3,2"
"13682","Temp..of.the.Atmos. + Secondary.Effluent.Flow + N..Basin.Outfall + UVT.... + NSEC.Effluent.NH3 + NSEC.Effluent.OP",0.618015856232737,0.546623395131592,"3,2"
"13683","Temp..of.the.Atmos. + Secondary.Effluent.Flow + N..Basin.Outfall + UVT.... + NSEC.Effluent.NH3 + NSEC.Effluent.TSS",0.0478163650338137,0.669671616306746,"3,2"
"13684","Temp..of.the.Atmos. + Secondary.Effluent.Flow + N..Basin.Outfall + UVT.... + NSEC.Effluent.NH3 + NSEC.Effluent.NO5",0.0890584662800136,0.369290801673523,"3,2"
"13685","Temp..of.the.Atmos. + Secondary.Effluent.Flow + N..Basin.Outfall + UVT.... + NSEC.Effluent.NH3 + NSEC.Effluent.Flow",0.0827423018128479,0.409739974597604,"3,2"
"13686","Temp..of.the.Atmos. + Secondary.Effluent.Flow + N..Basin.Outfall + UVT.... + NSEC.Effluent.NO3 + NSEC.Effluent.OP",0.0116344833071418,0.554408355746347,"3,2"
"13687","Temp..of.the.Atmos. + Secondary.Effluent.Flow + N..Basin.Outfall + UVT.... + NSEC.Effluent.NO3 + NSEC.Effluent.TSS",0.111411361052232,0.649778237001979,"3,2"
"13688","Temp..of.the.Atmos. + Secondary.Effluent.Flow + N..Basin.Outfall + UVT.... + NSEC.Effluent.NO3 + NSEC.Effluent.NO5",0.128954996164452,0.668882733312754,"3,2"
"13689","Temp..of.the.Atmos. + Secondary.Effluent.Flow + N..Basin.Outfall + UVT.... + NSEC.Effluent.NO3 + NSEC.Effluent.Flow",0.0253756074350364,0.168125473595227,"3,2"
"13690","Temp..of.the.Atmos. + Secondary.Effluent.Flow + N..Basin.Outfall + UVT.... + NSEC.Effluent.OP + NSEC.Effluent.TSS",0.232210319840643,0.649665355926114,"3,2"
"13691","Temp..of.the.Atmos. + Secondary.Effluent.Flow + N..Basin.Outfall + UVT.... + NSEC.Effluent.OP + NSEC.Effluent.NO5",0.0543337319657031,0.646897141016451,"3,2"
"13692","Temp..of.the.Atmos. + Secondary.Effluent.Flow + N..Basin.Outfall + UVT.... + NSEC.Effluent.OP + NSEC.Effluent.Flow",0.0176213851252043,0.333572359060997,"3,2"
"13693","Temp..of.the.Atmos. + Secondary.Effluent.Flow + N..Basin.Outfall + UVT.... + NSEC.Effluent.TSS + NSEC.Effluent.NO5",0.0619450487418218,0.586450963930416,"3,2"
"13694","Temp..of.the.Atmos. + Secondary.Effluent.Flow + N..Basin.Outfall + UVT.... + NSEC.Effluent.TSS + NSEC.Effluent.Flow",0.0757039624108553,0.527027004742671,"3,2"
"13695","Temp..of.the.Atmos. + Secondary.Effluent.Flow + N..Basin.Outfall + UVT.... + NSEC.Effluent.NO5 + NSEC.Effluent.Flow",0.0463518421423108,0.456218284842696,"3,2"
"13696","Temp..of.the.Atmos. + Secondary.Effluent.Flow + N..Basin.Outfall + CODds..mg.L. + SACto..1.m. + NSEC.Aerobic.SRT",0.3455321793102,0.817180137194376,"3,2"
"13697","Temp..of.the.Atmos. + Secondary.Effluent.Flow + N..Basin.Outfall + CODds..mg.L. + SACto..1.m. + NSEC.Effluent.NH3",0.050484446147764,0.586169655659962,"3,2"
"13698","Temp..of.the.Atmos. + Secondary.Effluent.Flow + N..Basin.Outfall + CODds..mg.L. + SACto..1.m. + NSEC.Effluent.NO3",0.235967535828045,0.574904172839841,"3,2"
"13699","Temp..of.the.Atmos. + Secondary.Effluent.Flow + N..Basin.Outfall + CODds..mg.L. + SACto..1.m. + NSEC.Effluent.OP",0.148431644277807,0.544108425808551,"3,2"
"13700","Temp..of.the.Atmos. + Secondary.Effluent.Flow + N..Basin.Outfall + CODds..mg.L. + SACto..1.m. + NSEC.Effluent.TSS",0.27691754668179,0.748013536669177,"3,2"
"13701","Temp..of.the.Atmos. + Secondary.Effluent.Flow + N..Basin.Outfall + CODds..mg.L. + SACto..1.m. + NSEC.Effluent.NO5",0.0533247566196784,0.637820681485401,"3,2"
"13702","Temp..of.the.Atmos. + Secondary.Effluent.Flow + N..Basin.Outfall + CODds..mg.L. + SACto..1.m. + NSEC.Effluent.Flow",0.0948236267528095,0.616646568117725,"3,2"
"13703","Temp..of.the.Atmos. + Secondary.Effluent.Flow + N..Basin.Outfall + CODds..mg.L. + NSEC.Aerobic.SRT + NSEC.Effluent.NH3",0.0816153306886931,0.566720430540391,"3,2"
"13704","Temp..of.the.Atmos. + Secondary.Effluent.Flow + N..Basin.Outfall + CODds..mg.L. + NSEC.Aerobic.SRT + NSEC.Effluent.NO3",0.00246229648610408,0.739636920376151,"3,2"
"13705","Temp..of.the.Atmos. + Secondary.Effluent.Flow + N..Basin.Outfall + CODds..mg.L. + NSEC.Aerobic.SRT + NSEC.Effluent.OP",0.188012650654232,0.0288314829959178,"3,2"
"13706","Temp..of.the.Atmos. + Secondary.Effluent.Flow + N..Basin.Outfall + CODds..mg.L. + NSEC.Aerobic.SRT + NSEC.Effluent.TSS",0.1745090593271,0.796881287906778,"3,2"
"13707","Temp..of.the.Atmos. + Secondary.Effluent.Flow + N..Basin.Outfall + CODds..mg.L. + NSEC.Aerobic.SRT + NSEC.Effluent.NO5",0.0706953111357596,0.737800356351639,"3,2"
"13708","Temp..of.the.Atmos. + Secondary.Effluent.Flow + N..Basin.Outfall + CODds..mg.L. + NSEC.Aerobic.SRT + NSEC.Effluent.Flow",0.020380074913136,0.683602884567226,"3,2"
"13709","Temp..of.the.Atmos. + Secondary.Effluent.Flow + N..Basin.Outfall + CODds..mg.L. + NSEC.Effluent.NH3 + NSEC.Effluent.NO3",0.0161066086707586,0.52330102835878,"3,2"
"13710","Temp..of.the.Atmos. + Secondary.Effluent.Flow + N..Basin.Outfall + CODds..mg.L. + NSEC.Effluent.NH3 + NSEC.Effluent.OP",0.0385549206499738,0.474104720195796,"3,2"
"13711","Temp..of.the.Atmos. + Secondary.Effluent.Flow + N..Basin.Outfall + CODds..mg.L. + NSEC.Effluent.NH3 + NSEC.Effluent.TSS",0.0414425469446944,0.622639427471324,"3,2"
"13712","Temp..of.the.Atmos. + Secondary.Effluent.Flow + N..Basin.Outfall + CODds..mg.L. + NSEC.Effluent.NH3 + NSEC.Effluent.NO5",0.0979930065003374,0.508267751338039,"3,2"
"13713","Temp..of.the.Atmos. + Secondary.Effluent.Flow + N..Basin.Outfall + CODds..mg.L. + NSEC.Effluent.NH3 + NSEC.Effluent.Flow",0.0569065875195061,0.324677923141078,"3,2"
"13714","Temp..of.the.Atmos. + Secondary.Effluent.Flow + N..Basin.Outfall + CODds..mg.L. + NSEC.Effluent.NO3 + NSEC.Effluent.OP",0.118774896379799,0.388393109212279,"3,2"
"13715","Temp..of.the.Atmos. + Secondary.Effluent.Flow + N..Basin.Outfall + CODds..mg.L. + NSEC.Effluent.NO3 + NSEC.Effluent.TSS",0.0822515640479486,0.641326889728281,"3,2"
"13716","Temp..of.the.Atmos. + Secondary.Effluent.Flow + N..Basin.Outfall + CODds..mg.L. + NSEC.Effluent.NO3 + NSEC.Effluent.NO5",0.126482134607893,0.534844129172277,"3,2"
"13717","Temp..of.the.Atmos. + Secondary.Effluent.Flow + N..Basin.Outfall + CODds..mg.L. + NSEC.Effluent.NO3 + NSEC.Effluent.Flow",0.0752089647492573,0.455098728385014,"3,2"
"13718","Temp..of.the.Atmos. + Secondary.Effluent.Flow + N..Basin.Outfall + CODds..mg.L. + NSEC.Effluent.OP + NSEC.Effluent.TSS",0.0287814818683207,0.622815079582248,"3,2"
"13719","Temp..of.the.Atmos. + Secondary.Effluent.Flow + N..Basin.Outfall + CODds..mg.L. + NSEC.Effluent.OP + NSEC.Effluent.NO5",0.0827936280795893,0.509900073979859,"3,2"
"13720","Temp..of.the.Atmos. + Secondary.Effluent.Flow + N..Basin.Outfall + CODds..mg.L. + NSEC.Effluent.OP + NSEC.Effluent.Flow",0.141849112753446,0.412195358808251,"3,2"
"13721","Temp..of.the.Atmos. + Secondary.Effluent.Flow + N..Basin.Outfall + CODds..mg.L. + NSEC.Effluent.TSS + NSEC.Effluent.NO5",0.0444900915062609,0.569107494276104,"3,2"
"13722","Temp..of.the.Atmos. + Secondary.Effluent.Flow + N..Basin.Outfall + CODds..mg.L. + NSEC.Effluent.TSS + NSEC.Effluent.Flow",0.0308166978687787,0.612208559766589,"3,2"
"13723","Temp..of.the.Atmos. + Secondary.Effluent.Flow + N..Basin.Outfall + CODds..mg.L. + NSEC.Effluent.NO5 + NSEC.Effluent.Flow",0.148451774937769,0.53320229505696,"3,2"
"13724","Temp..of.the.Atmos. + Secondary.Effluent.Flow + N..Basin.Outfall + SACto..1.m. + NSEC.Aerobic.SRT + NSEC.Effluent.NH3",0.159092042154728,0.577766476862743,"3,2"
"13725","Temp..of.the.Atmos. + Secondary.Effluent.Flow + N..Basin.Outfall + SACto..1.m. + NSEC.Aerobic.SRT + NSEC.Effluent.NO3",0.0931351788804715,0.65733812158669,"3,2"
"13726","Temp..of.the.Atmos. + Secondary.Effluent.Flow + N..Basin.Outfall + SACto..1.m. + NSEC.Aerobic.SRT + NSEC.Effluent.OP",0.0615937982090498,0.750997822668343,"3,2"
"13727","Temp..of.the.Atmos. + Secondary.Effluent.Flow + N..Basin.Outfall + SACto..1.m. + NSEC.Aerobic.SRT + NSEC.Effluent.TSS",0.216540802825811,0.736758154211692,"3,2"
"13728","Temp..of.the.Atmos. + Secondary.Effluent.Flow + N..Basin.Outfall + SACto..1.m. + NSEC.Aerobic.SRT + NSEC.Effluent.NO5",0.293732697659035,0.713642780137151,"3,2"
"13729","Temp..of.the.Atmos. + Secondary.Effluent.Flow + N..Basin.Outfall + SACto..1.m. + NSEC.Aerobic.SRT + NSEC.Effluent.Flow",0.272138298816338,0.728079836968681,"3,2"
"13730","Temp..of.the.Atmos. + Secondary.Effluent.Flow + N..Basin.Outfall + SACto..1.m. + NSEC.Effluent.NH3 + NSEC.Effluent.NO3",0.157189645187977,0.311511116143847,"3,2"
"13731","Temp..of.the.Atmos. + Secondary.Effluent.Flow + N..Basin.Outfall + SACto..1.m. + NSEC.Effluent.NH3 + NSEC.Effluent.OP",0.14242679154264,0.510162853963655,"3,2"
"13732","Temp..of.the.Atmos. + Secondary.Effluent.Flow + N..Basin.Outfall + SACto..1.m. + NSEC.Effluent.NH3 + NSEC.Effluent.TSS",0.0463642651292575,0.538388914101183,"3,2"
"13733","Temp..of.the.Atmos. + Secondary.Effluent.Flow + N..Basin.Outfall + SACto..1.m. + NSEC.Effluent.NH3 + NSEC.Effluent.NO5",0.0820215812891907,0.485456343466181,"3,2"
"13734","Temp..of.the.Atmos. + Secondary.Effluent.Flow + N..Basin.Outfall + SACto..1.m. + NSEC.Effluent.NH3 + NSEC.Effluent.Flow",0.176577621828487,0.452191316210617,"3,2"
"13735","Temp..of.the.Atmos. + Secondary.Effluent.Flow + N..Basin.Outfall + SACto..1.m. + NSEC.Effluent.NO3 + NSEC.Effluent.OP",0.0369013195257173,0.444485827157981,"3,2"
"13736","Temp..of.the.Atmos. + Secondary.Effluent.Flow + N..Basin.Outfall + SACto..1.m. + NSEC.Effluent.NO3 + NSEC.Effluent.TSS",0.290898663797584,0.551847496409296,"3,2"
"13737","Temp..of.the.Atmos. + Secondary.Effluent.Flow + N..Basin.Outfall + SACto..1.m. + NSEC.Effluent.NO3 + NSEC.Effluent.NO5",0.179630350163723,0.530134235868117,"3,2"
"13738","Temp..of.the.Atmos. + Secondary.Effluent.Flow + N..Basin.Outfall + SACto..1.m. + NSEC.Effluent.NO3 + NSEC.Effluent.Flow",0.0866800727849117,0.287255714105776,"3,2"
"13739","Temp..of.the.Atmos. + Secondary.Effluent.Flow + N..Basin.Outfall + SACto..1.m. + NSEC.Effluent.OP + NSEC.Effluent.TSS",0.117361317424628,0.588992348485345,"3,2"
"13740","Temp..of.the.Atmos. + Secondary.Effluent.Flow + N..Basin.Outfall + SACto..1.m. + NSEC.Effluent.OP + NSEC.Effluent.NO5",0.248368133100716,0.440565457745231,"3,2"
"13741","Temp..of.the.Atmos. + Secondary.Effluent.Flow + N..Basin.Outfall + SACto..1.m. + NSEC.Effluent.OP + NSEC.Effluent.Flow",0.111321225528486,0.490493102199246,"3,2"
"13742","Temp..of.the.Atmos. + Secondary.Effluent.Flow + N..Basin.Outfall + SACto..1.m. + NSEC.Effluent.TSS + NSEC.Effluent.NO5",0.0986118599591423,0.584354361423508,"3,2"
"13743","Temp..of.the.Atmos. + Secondary.Effluent.Flow + N..Basin.Outfall + SACto..1.m. + NSEC.Effluent.TSS + NSEC.Effluent.Flow",0.251288792748322,0.575191638624874,"3,2"
"13744","Temp..of.the.Atmos. + Secondary.Effluent.Flow + N..Basin.Outfall + SACto..1.m. + NSEC.Effluent.NO5 + NSEC.Effluent.Flow",0.0103445445075665,0.319438486392688,"3,2"
"13745","Temp..of.the.Atmos. + Secondary.Effluent.Flow + N..Basin.Outfall + NSEC.Aerobic.SRT + NSEC.Effluent.NH3 + NSEC.Effluent.NO3",0.00631629427369917,0.362006911650501,"3,2"
"13746","Temp..of.the.Atmos. + Secondary.Effluent.Flow + N..Basin.Outfall + NSEC.Aerobic.SRT + NSEC.Effluent.NH3 + NSEC.Effluent.OP",0.324455817904105,0.6735109896692,"3,2"
"13747","Temp..of.the.Atmos. + Secondary.Effluent.Flow + N..Basin.Outfall + NSEC.Aerobic.SRT + NSEC.Effluent.NH3 + NSEC.Effluent.TSS",0.00505974079224902,0.441615357676716,"3,2"
"13748","Temp..of.the.Atmos. + Secondary.Effluent.Flow + N..Basin.Outfall + NSEC.Aerobic.SRT + NSEC.Effluent.NH3 + NSEC.Effluent.NO5",0.0012600109333385,0.388588369662166,"3,2"
"13749","Temp..of.the.Atmos. + Secondary.Effluent.Flow + N..Basin.Outfall + NSEC.Aerobic.SRT + NSEC.Effluent.NH3 + NSEC.Effluent.Flow",0.00711906474306301,0.372640790649995,"3,2"
"13750","Temp..of.the.Atmos. + Secondary.Effluent.Flow + N..Basin.Outfall + NSEC.Aerobic.SRT + NSEC.Effluent.NO3 + NSEC.Effluent.OP",0.0584156810961072,0.530971694458874,"3,2"
"13751","Temp..of.the.Atmos. + Secondary.Effluent.Flow + N..Basin.Outfall + NSEC.Aerobic.SRT + NSEC.Effluent.NO3 + NSEC.Effluent.TSS",0.614069343532157,0.741368113168145,"3,2"
"13752","Temp..of.the.Atmos. + Secondary.Effluent.Flow + N..Basin.Outfall + NSEC.Aerobic.SRT + NSEC.Effluent.NO3 + NSEC.Effluent.NO5",0.305954872452045,0.746112831412415,"3,2"
"13753","Temp..of.the.Atmos. + Secondary.Effluent.Flow + N..Basin.Outfall + NSEC.Aerobic.SRT + NSEC.Effluent.NO3 + NSEC.Effluent.Flow",0.0318351253931382,0.371528037134499,"3,2"
"13754","Temp..of.the.Atmos. + Secondary.Effluent.Flow + N..Basin.Outfall + NSEC.Aerobic.SRT + NSEC.Effluent.OP + NSEC.Effluent.TSS",0.0465668279677542,0.607521568014536,"3,2"
"13755","Temp..of.the.Atmos. + Secondary.Effluent.Flow + N..Basin.Outfall + NSEC.Aerobic.SRT + NSEC.Effluent.OP + NSEC.Effluent.NO5",0.062341615521347,0.562766594019012,"3,2"
"13756","Temp..of.the.Atmos. + Secondary.Effluent.Flow + N..Basin.Outfall + NSEC.Aerobic.SRT + NSEC.Effluent.OP + NSEC.Effluent.Flow",0.295386720218457,0.722839676855833,"3,2"
"13757","Temp..of.the.Atmos. + Secondary.Effluent.Flow + N..Basin.Outfall + NSEC.Aerobic.SRT + NSEC.Effluent.TSS + NSEC.Effluent.NO5",0.0620173334533405,0.647599283300823,"3,2"
"13758","Temp..of.the.Atmos. + Secondary.Effluent.Flow + N..Basin.Outfall + NSEC.Aerobic.SRT + NSEC.Effluent.TSS + NSEC.Effluent.Flow",0.33561138386534,0.735550177670665,"3,2"
"13759","Temp..of.the.Atmos. + Secondary.Effluent.Flow + N..Basin.Outfall + NSEC.Aerobic.SRT + NSEC.Effluent.NO5 + NSEC.Effluent.Flow",0.0056257188535449,0.366851709779356,"3,2"
"13760","Temp..of.the.Atmos. + Secondary.Effluent.Flow + N..Basin.Outfall + NSEC.Effluent.NH3 + NSEC.Effluent.NO3 + NSEC.Effluent.OP",0.234023517465716,0.442351620469713,"3,2"
"13761","Temp..of.the.Atmos. + Secondary.Effluent.Flow + N..Basin.Outfall + NSEC.Effluent.NH3 + NSEC.Effluent.NO3 + NSEC.Effluent.TSS",0.042775565178321,0.61485070800577,"3,2"
"13762","Temp..of.the.Atmos. + Secondary.Effluent.Flow + N..Basin.Outfall + NSEC.Effluent.NH3 + NSEC.Effluent.NO3 + NSEC.Effluent.NO5",0.0569145462328233,0.517842987529561,"3,2"
"13763","Temp..of.the.Atmos. + Secondary.Effluent.Flow + N..Basin.Outfall + NSEC.Effluent.NH3 + NSEC.Effluent.NO3 + NSEC.Effluent.Flow",0.127642308654401,0.0514945780046097,"3,2"
"13764","Temp..of.the.Atmos. + Secondary.Effluent.Flow + N..Basin.Outfall + NSEC.Effluent.NH3 + NSEC.Effluent.OP + NSEC.Effluent.TSS",0.026138415902826,0.56385404981122,"3,2"
"13765","Temp..of.the.Atmos. + Secondary.Effluent.Flow + N..Basin.Outfall + NSEC.Effluent.NH3 + NSEC.Effluent.OP + NSEC.Effluent.NO5",0.09672538840847,0.279598202455893,"3,2"
"13766","Temp..of.the.Atmos. + Secondary.Effluent.Flow + N..Basin.Outfall + NSEC.Effluent.NH3 + NSEC.Effluent.OP + NSEC.Effluent.Flow",0.176810754670942,0.41130450015385,"3,2"
"13767","Temp..of.the.Atmos. + Secondary.Effluent.Flow + N..Basin.Outfall + NSEC.Effluent.NH3 + NSEC.Effluent.TSS + NSEC.Effluent.NO5",0.053103941591059,0.346151225281336,"3,2"
"13768","Temp..of.the.Atmos. + Secondary.Effluent.Flow + N..Basin.Outfall + NSEC.Effluent.NH3 + NSEC.Effluent.TSS + NSEC.Effluent.Flow",0.0698522847786185,0.355191067514506,"3,2"
"13769","Temp..of.the.Atmos. + Secondary.Effluent.Flow + N..Basin.Outfall + NSEC.Effluent.NH3 + NSEC.Effluent.NO5 + NSEC.Effluent.Flow",0.127320096334592,0.0681688217576256,"3,2"
"13770","Temp..of.the.Atmos. + Secondary.Effluent.Flow + N..Basin.Outfall + NSEC.Effluent.NO3 + NSEC.Effluent.OP + NSEC.Effluent.TSS",0.0618953306944889,0.588540722708965,"3,2"
"13771","Temp..of.the.Atmos. + Secondary.Effluent.Flow + N..Basin.Outfall + NSEC.Effluent.NO3 + NSEC.Effluent.OP + NSEC.Effluent.NO5",0.19382556301454,0.00924839160778844,"3,2"
"13772","Temp..of.the.Atmos. + Secondary.Effluent.Flow + N..Basin.Outfall + NSEC.Effluent.NO3 + NSEC.Effluent.OP + NSEC.Effluent.Flow",0.151959060325285,0.270860335693796,"3,2"
"13773","Temp..of.the.Atmos. + Secondary.Effluent.Flow + N..Basin.Outfall + NSEC.Effluent.NO3 + NSEC.Effluent.TSS + NSEC.Effluent.NO5",0.0605421015960215,0.663231485709972,"3,2"
"13774","Temp..of.the.Atmos. + Secondary.Effluent.Flow + N..Basin.Outfall + NSEC.Effluent.NO3 + NSEC.Effluent.TSS + NSEC.Effluent.Flow",0.0562310936756483,0.33696572748976,"3,2"
"13775","Temp..of.the.Atmos. + Secondary.Effluent.Flow + N..Basin.Outfall + NSEC.Effluent.NO3 + NSEC.Effluent.NO5 + NSEC.Effluent.Flow",0.0816718582456992,0.644605530040389,"3,2"
"13776","Temp..of.the.Atmos. + Secondary.Effluent.Flow + N..Basin.Outfall + NSEC.Effluent.OP + NSEC.Effluent.TSS + NSEC.Effluent.NO5",0.0352835509620419,0.573281734668709,"3,2"
"13777","Temp..of.the.Atmos. + Secondary.Effluent.Flow + N..Basin.Outfall + NSEC.Effluent.OP + NSEC.Effluent.TSS + NSEC.Effluent.Flow",0.0625171647858509,0.567998416691553,"3,2"
"13778","Temp..of.the.Atmos. + Secondary.Effluent.Flow + N..Basin.Outfall + NSEC.Effluent.OP + NSEC.Effluent.NO5 + NSEC.Effluent.Flow",0.194173103379078,0.00410188242923386,"3,2"
"13779","Temp..of.the.Atmos. + Secondary.Effluent.Flow + N..Basin.Outfall + NSEC.Effluent.TSS + NSEC.Effluent.NO5 + NSEC.Effluent.Flow",0.138103818277255,0.502506117590384,"3,2"
"13780","Temp..of.the.Atmos. + Secondary.Effluent.Flow + CODto..mg.L. + TSS..mg.L. + UVT.... + CODds..mg.L.",0.0930489574275892,0.664863515105354,"3,2"
"13781","Temp..of.the.Atmos. + Secondary.Effluent.Flow + CODto..mg.L. + TSS..mg.L. + UVT.... + SACto..1.m.",0.186445569288137,0.663403084898341,"3,2"
"13782","Temp..of.the.Atmos. + Secondary.Effluent.Flow + CODto..mg.L. + TSS..mg.L. + UVT.... + NSEC.Aerobic.SRT",0.07085901784327,0.624445129043397,"3,2"
"13783","Temp..of.the.Atmos. + Secondary.Effluent.Flow + CODto..mg.L. + TSS..mg.L. + UVT.... + NSEC.Effluent.NH3",0.0909740763634008,0.474741739112938,"3,2"
"13784","Temp..of.the.Atmos. + Secondary.Effluent.Flow + CODto..mg.L. + TSS..mg.L. + UVT.... + NSEC.Effluent.NO3",0.063836760128086,0.746688162777453,"3,2"
"13785","Temp..of.the.Atmos. + Secondary.Effluent.Flow + CODto..mg.L. + TSS..mg.L. + UVT.... + NSEC.Effluent.OP",0.0843071223551395,0.723638240759437,"3,2"
"13786","Temp..of.the.Atmos. + Secondary.Effluent.Flow + CODto..mg.L. + TSS..mg.L. + UVT.... + NSEC.Effluent.TSS",0.173758653818356,0.725663879673261,"3,2"
"13787","Temp..of.the.Atmos. + Secondary.Effluent.Flow + CODto..mg.L. + TSS..mg.L. + UVT.... + NSEC.Effluent.NO5",0.0650127341103177,0.545422926613242,"3,2"
"13788","Temp..of.the.Atmos. + Secondary.Effluent.Flow + CODto..mg.L. + TSS..mg.L. + UVT.... + NSEC.Effluent.Flow",0.0810224198599077,0.650676199081083,"3,2"
"13789","Temp..of.the.Atmos. + Secondary.Effluent.Flow + CODto..mg.L. + TSS..mg.L. + CODds..mg.L. + SACto..1.m.",0.130715420444474,0.508627204947627,"3,2"
"13790","Temp..of.the.Atmos. + Secondary.Effluent.Flow + CODto..mg.L. + TSS..mg.L. + CODds..mg.L. + NSEC.Aerobic.SRT",0.290168746227518,0.718081717083129,"3,2"
"13791","Temp..of.the.Atmos. + Secondary.Effluent.Flow + CODto..mg.L. + TSS..mg.L. + CODds..mg.L. + NSEC.Effluent.NH3",0.108015135307109,0.512120249091089,"3,2"
"13792","Temp..of.the.Atmos. + Secondary.Effluent.Flow + CODto..mg.L. + TSS..mg.L. + CODds..mg.L. + NSEC.Effluent.NO3",0.211974588870294,0.640931933485811,"3,2"
"13793","Temp..of.the.Atmos. + Secondary.Effluent.Flow + CODto..mg.L. + TSS..mg.L. + CODds..mg.L. + NSEC.Effluent.OP",0.0398614833641138,0.619985878896376,"3,2"
"13794","Temp..of.the.Atmos. + Secondary.Effluent.Flow + CODto..mg.L. + TSS..mg.L. + CODds..mg.L. + NSEC.Effluent.TSS",0.117815229067274,0.76471954540428,"3,2"
"13795","Temp..of.the.Atmos. + Secondary.Effluent.Flow + CODto..mg.L. + TSS..mg.L. + CODds..mg.L. + NSEC.Effluent.NO5",0.104374337519773,0.744648803424069,"3,2"
"13796","Temp..of.the.Atmos. + Secondary.Effluent.Flow + CODto..mg.L. + TSS..mg.L. + CODds..mg.L. + NSEC.Effluent.Flow",0.280160028508775,0.623520032685592,"3,2"
"13797","Temp..of.the.Atmos. + Secondary.Effluent.Flow + CODto..mg.L. + TSS..mg.L. + SACto..1.m. + NSEC.Aerobic.SRT",0.151436753880264,0.683768034115891,"3,2"
"13798","Temp..of.the.Atmos. + Secondary.Effluent.Flow + CODto..mg.L. + TSS..mg.L. + SACto..1.m. + NSEC.Effluent.NH3",0.0393812306901116,0.742357293838998,"3,2"
"13799","Temp..of.the.Atmos. + Secondary.Effluent.Flow + CODto..mg.L. + TSS..mg.L. + SACto..1.m. + NSEC.Effluent.NO3",0.204932548717476,0.665304185390463,"3,2"
"13800","Temp..of.the.Atmos. + Secondary.Effluent.Flow + CODto..mg.L. + TSS..mg.L. + SACto..1.m. + NSEC.Effluent.OP",0.132743898208759,0.522819116591299,"3,2"
"13801","Temp..of.the.Atmos. + Secondary.Effluent.Flow + CODto..mg.L. + TSS..mg.L. + SACto..1.m. + NSEC.Effluent.TSS",0.130876180617526,0.690290580931847,"3,2"
"13802","Temp..of.the.Atmos. + Secondary.Effluent.Flow + CODto..mg.L. + TSS..mg.L. + SACto..1.m. + NSEC.Effluent.NO5",0.162758276182733,0.62674468293314,"3,2"
"13803","Temp..of.the.Atmos. + Secondary.Effluent.Flow + CODto..mg.L. + TSS..mg.L. + SACto..1.m. + NSEC.Effluent.Flow",0.12462762078344,0.609915971574531,"3,2"
"13804","Temp..of.the.Atmos. + Secondary.Effluent.Flow + CODto..mg.L. + TSS..mg.L. + NSEC.Aerobic.SRT + NSEC.Effluent.NH3",0.185277216636131,0.719361013080772,"3,2"
"13805","Temp..of.the.Atmos. + Secondary.Effluent.Flow + CODto..mg.L. + TSS..mg.L. + NSEC.Aerobic.SRT + NSEC.Effluent.NO3",0.262615758185396,0.692176899940076,"3,2"
"13806","Temp..of.the.Atmos. + Secondary.Effluent.Flow + CODto..mg.L. + TSS..mg.L. + NSEC.Aerobic.SRT + NSEC.Effluent.OP",0.135831141566226,0.755083652632386,"3,2"
"13807","Temp..of.the.Atmos. + Secondary.Effluent.Flow + CODto..mg.L. + TSS..mg.L. + NSEC.Aerobic.SRT + NSEC.Effluent.TSS",0.189767417848245,0.785416749145653,"3,2"
"13808","Temp..of.the.Atmos. + Secondary.Effluent.Flow + CODto..mg.L. + TSS..mg.L. + NSEC.Aerobic.SRT + NSEC.Effluent.NO5",0.107373371156744,0.762262693037978,"3,2"
"13809","Temp..of.the.Atmos. + Secondary.Effluent.Flow + CODto..mg.L. + TSS..mg.L. + NSEC.Aerobic.SRT + NSEC.Effluent.Flow",0.277100176526393,0.775849754992633,"3,2"
"13810","Temp..of.the.Atmos. + Secondary.Effluent.Flow + CODto..mg.L. + TSS..mg.L. + NSEC.Effluent.NH3 + NSEC.Effluent.NO3",0.0431671237049349,0.718286853549398,"3,2"
"13811","Temp..of.the.Atmos. + Secondary.Effluent.Flow + CODto..mg.L. + TSS..mg.L. + NSEC.Effluent.NH3 + NSEC.Effluent.OP",0.0329973625377837,0.528013016939724,"3,2"
"13812","Temp..of.the.Atmos. + Secondary.Effluent.Flow + CODto..mg.L. + TSS..mg.L. + NSEC.Effluent.NH3 + NSEC.Effluent.TSS",0.0567143240129542,0.664843429840368,"3,2"
"13813","Temp..of.the.Atmos. + Secondary.Effluent.Flow + CODto..mg.L. + TSS..mg.L. + NSEC.Effluent.NH3 + NSEC.Effluent.NO5",0.0431360615987457,0.641936447825152,"3,2"
"13814","Temp..of.the.Atmos. + Secondary.Effluent.Flow + CODto..mg.L. + TSS..mg.L. + NSEC.Effluent.NH3 + NSEC.Effluent.Flow",0.058230658614602,0.737811756491649,"3,2"
"13815","Temp..of.the.Atmos. + Secondary.Effluent.Flow + CODto..mg.L. + TSS..mg.L. + NSEC.Effluent.NO3 + NSEC.Effluent.OP",0.206404326114882,0.51088654207006,"3,2"
"13816","Temp..of.the.Atmos. + Secondary.Effluent.Flow + CODto..mg.L. + TSS..mg.L. + NSEC.Effluent.NO3 + NSEC.Effluent.TSS",0.0498304910257659,0.680948285878788,"3,2"
"13817","Temp..of.the.Atmos. + Secondary.Effluent.Flow + CODto..mg.L. + TSS..mg.L. + NSEC.Effluent.NO3 + NSEC.Effluent.NO5",0.324909734103029,0.560344728411798,"3,2"
"13818","Temp..of.the.Atmos. + Secondary.Effluent.Flow + CODto..mg.L. + TSS..mg.L. + NSEC.Effluent.NO3 + NSEC.Effluent.Flow",0.203208971069792,0.580582664141187,"3,2"
"13819","Temp..of.the.Atmos. + Secondary.Effluent.Flow + CODto..mg.L. + TSS..mg.L. + NSEC.Effluent.OP + NSEC.Effluent.TSS",0.257882275094165,0.705137382552847,"3,2"
"13820","Temp..of.the.Atmos. + Secondary.Effluent.Flow + CODto..mg.L. + TSS..mg.L. + NSEC.Effluent.OP + NSEC.Effluent.NO5",0.0354665042698041,0.613808250274508,"3,2"
"13821","Temp..of.the.Atmos. + Secondary.Effluent.Flow + CODto..mg.L. + TSS..mg.L. + NSEC.Effluent.OP + NSEC.Effluent.Flow",0.226123780885901,0.537270095695436,"3,2"
"13822","Temp..of.the.Atmos. + Secondary.Effluent.Flow + CODto..mg.L. + TSS..mg.L. + NSEC.Effluent.TSS + NSEC.Effluent.NO5",0.167511641913366,0.830793583454025,"3,2"
"13823","Temp..of.the.Atmos. + Secondary.Effluent.Flow + CODto..mg.L. + TSS..mg.L. + NSEC.Effluent.TSS + NSEC.Effluent.Flow",0.0354707613090799,0.746411306405927,"3,2"
"13824","Temp..of.the.Atmos. + Secondary.Effluent.Flow + CODto..mg.L. + TSS..mg.L. + NSEC.Effluent.NO5 + NSEC.Effluent.Flow",0.323857749502784,0.735954485009181,"3,2"
"13825","Temp..of.the.Atmos. + Secondary.Effluent.Flow + CODto..mg.L. + UVT.... + CODds..mg.L. + SACto..1.m.",0.0526412367150288,0.616741603745661,"3,2"
"13826","Temp..of.the.Atmos. + Secondary.Effluent.Flow + CODto..mg.L. + UVT.... + CODds..mg.L. + NSEC.Aerobic.SRT",0.192794147008489,0.0324470244345101,"3,2"
"13827","Temp..of.the.Atmos. + Secondary.Effluent.Flow + CODto..mg.L. + UVT.... + CODds..mg.L. + NSEC.Effluent.NH3",0.032620858575886,0.636296996379727,"3,2"
"13828","Temp..of.the.Atmos. + Secondary.Effluent.Flow + CODto..mg.L. + UVT.... + CODds..mg.L. + NSEC.Effluent.NO3",0.0345460322115727,0.623610567733378,"3,2"
"13829","Temp..of.the.Atmos. + Secondary.Effluent.Flow + CODto..mg.L. + UVT.... + CODds..mg.L. + NSEC.Effluent.OP",0.0281228695070272,0.625214095505264,"3,2"
"13830","Temp..of.the.Atmos. + Secondary.Effluent.Flow + CODto..mg.L. + UVT.... + CODds..mg.L. + NSEC.Effluent.TSS",0.0956194439691616,0.722494042229448,"3,2"
"13831","Temp..of.the.Atmos. + Secondary.Effluent.Flow + CODto..mg.L. + UVT.... + CODds..mg.L. + NSEC.Effluent.NO5",0.0487960052411873,0.624037459173225,"3,2"
"13832","Temp..of.the.Atmos. + Secondary.Effluent.Flow + CODto..mg.L. + UVT.... + CODds..mg.L. + NSEC.Effluent.Flow",0.0570154623154466,0.588940458411766,"3,2"
"13833","Temp..of.the.Atmos. + Secondary.Effluent.Flow + CODto..mg.L. + UVT.... + SACto..1.m. + NSEC.Aerobic.SRT",0.11937982277201,0.651577522258877,"3,2"
"13834","Temp..of.the.Atmos. + Secondary.Effluent.Flow + CODto..mg.L. + UVT.... + SACto..1.m. + NSEC.Effluent.NH3",0.143358623051934,0.688903635176101,"3,2"
"13835","Temp..of.the.Atmos. + Secondary.Effluent.Flow + CODto..mg.L. + UVT.... + SACto..1.m. + NSEC.Effluent.NO3",0.0564059424373786,0.573778244498866,"3,2"
"13836","Temp..of.the.Atmos. + Secondary.Effluent.Flow + CODto..mg.L. + UVT.... + SACto..1.m. + NSEC.Effluent.OP",0.00649597404611146,0.616876967262416,"3,2"
"13837","Temp..of.the.Atmos. + Secondary.Effluent.Flow + CODto..mg.L. + UVT.... + SACto..1.m. + NSEC.Effluent.TSS",0.234608367274603,0.711501030091709,"3,2"
"13838","Temp..of.the.Atmos. + Secondary.Effluent.Flow + CODto..mg.L. + UVT.... + SACto..1.m. + NSEC.Effluent.NO5",0.0190811699569831,0.643592765300586,"3,2"
"13839","Temp..of.the.Atmos. + Secondary.Effluent.Flow + CODto..mg.L. + UVT.... + SACto..1.m. + NSEC.Effluent.Flow",0.158052387616904,0.702247790141536,"3,2"
"13840","Temp..of.the.Atmos. + Secondary.Effluent.Flow + CODto..mg.L. + UVT.... + NSEC.Aerobic.SRT + NSEC.Effluent.NH3",0.0865606616684738,0.722451122683073,"3,2"
"13841","Temp..of.the.Atmos. + Secondary.Effluent.Flow + CODto..mg.L. + UVT.... + NSEC.Aerobic.SRT + NSEC.Effluent.NO3",0.0910160588781617,0.696075637040694,"3,2"
"13842","Temp..of.the.Atmos. + Secondary.Effluent.Flow + CODto..mg.L. + UVT.... + NSEC.Aerobic.SRT + NSEC.Effluent.OP",0.197353260981987,0.763531579251316,"3,2"
"13843","Temp..of.the.Atmos. + Secondary.Effluent.Flow + CODto..mg.L. + UVT.... + NSEC.Aerobic.SRT + NSEC.Effluent.TSS",0.152794640446252,0.809296949500132,"3,2"
"13844","Temp..of.the.Atmos. + Secondary.Effluent.Flow + CODto..mg.L. + UVT.... + NSEC.Aerobic.SRT + NSEC.Effluent.NO5",0.0636443284980768,0.766278486452721,"3,2"
"13845","Temp..of.the.Atmos. + Secondary.Effluent.Flow + CODto..mg.L. + UVT.... + NSEC.Aerobic.SRT + NSEC.Effluent.Flow",0.127888263784619,0.720468489518094,"3,2"
"13846","Temp..of.the.Atmos. + Secondary.Effluent.Flow + CODto..mg.L. + UVT.... + NSEC.Effluent.NH3 + NSEC.Effluent.NO3",0.0832146316360529,0.514621700869703,"3,2"
"13847","Temp..of.the.Atmos. + Secondary.Effluent.Flow + CODto..mg.L. + UVT.... + NSEC.Effluent.NH3 + NSEC.Effluent.OP",0.139143892792289,0.586321537258042,"3,2"
"13848","Temp..of.the.Atmos. + Secondary.Effluent.Flow + CODto..mg.L. + UVT.... + NSEC.Effluent.NH3 + NSEC.Effluent.TSS",0.0576518049809445,0.667646111662703,"3,2"
"13849","Temp..of.the.Atmos. + Secondary.Effluent.Flow + CODto..mg.L. + UVT.... + NSEC.Effluent.NH3 + NSEC.Effluent.NO5",0.182617308402215,0.500599417976212,"3,2"
"13850","Temp..of.the.Atmos. + Secondary.Effluent.Flow + CODto..mg.L. + UVT.... + NSEC.Effluent.NH3 + NSEC.Effluent.Flow",0.256327292737805,0.62051578257312,"3,2"
"13851","Temp..of.the.Atmos. + Secondary.Effluent.Flow + CODto..mg.L. + UVT.... + NSEC.Effluent.NO3 + NSEC.Effluent.OP",0.266749843200892,0.723458547439462,"3,2"
"13852","Temp..of.the.Atmos. + Secondary.Effluent.Flow + CODto..mg.L. + UVT.... + NSEC.Effluent.NO3 + NSEC.Effluent.TSS",0.204390004387251,0.695970119254202,"3,2"
"13853","Temp..of.the.Atmos. + Secondary.Effluent.Flow + CODto..mg.L. + UVT.... + NSEC.Effluent.NO3 + NSEC.Effluent.NO5",0.00338635303285351,0.525085658140762,"3,2"
"13854","Temp..of.the.Atmos. + Secondary.Effluent.Flow + CODto..mg.L. + UVT.... + NSEC.Effluent.NO3 + NSEC.Effluent.Flow",0.0559244767076748,0.597464452405435,"3,2"
"13855","Temp..of.the.Atmos. + Secondary.Effluent.Flow + CODto..mg.L. + UVT.... + NSEC.Effluent.OP + NSEC.Effluent.TSS",0.0871277300650193,0.752101607238123,"3,2"
"13856","Temp..of.the.Atmos. + Secondary.Effluent.Flow + CODto..mg.L. + UVT.... + NSEC.Effluent.OP + NSEC.Effluent.NO5",0.0746120292657748,0.534095292968605,"3,2"
"13857","Temp..of.the.Atmos. + Secondary.Effluent.Flow + CODto..mg.L. + UVT.... + NSEC.Effluent.OP + NSEC.Effluent.Flow",0.00569191587084217,0.695867551781101,"3,2"
"13858","Temp..of.the.Atmos. + Secondary.Effluent.Flow + CODto..mg.L. + UVT.... + NSEC.Effluent.TSS + NSEC.Effluent.NO5",0.261835890158921,0.721355709998325,"3,2"
"13859","Temp..of.the.Atmos. + Secondary.Effluent.Flow + CODto..mg.L. + UVT.... + NSEC.Effluent.TSS + NSEC.Effluent.Flow",0.132317925603613,0.73840867874677,"3,2"
"13860","Temp..of.the.Atmos. + Secondary.Effluent.Flow + CODto..mg.L. + UVT.... + NSEC.Effluent.NO5 + NSEC.Effluent.Flow",0.0183725906394505,0.169940340257667,"3,2"
"13861","Temp..of.the.Atmos. + Secondary.Effluent.Flow + CODto..mg.L. + CODds..mg.L. + SACto..1.m. + NSEC.Aerobic.SRT",0.0428491026143942,0.751753160615773,"3,2"
"13862","Temp..of.the.Atmos. + Secondary.Effluent.Flow + CODto..mg.L. + CODds..mg.L. + SACto..1.m. + NSEC.Effluent.NH3",0.127117056016852,0.582873445839458,"3,2"
"13863","Temp..of.the.Atmos. + Secondary.Effluent.Flow + CODto..mg.L. + CODds..mg.L. + SACto..1.m. + NSEC.Effluent.NO3",0.226417486898435,0.666555034166756,"3,2"
"13864","Temp..of.the.Atmos. + Secondary.Effluent.Flow + CODto..mg.L. + CODds..mg.L. + SACto..1.m. + NSEC.Effluent.OP",0.190759409056689,0.634710173241319,"3,2"
"13865","Temp..of.the.Atmos. + Secondary.Effluent.Flow + CODto..mg.L. + CODds..mg.L. + SACto..1.m. + NSEC.Effluent.TSS",0.193040405611272,0.679397608427879,"3,2"
"13866","Temp..of.the.Atmos. + Secondary.Effluent.Flow + CODto..mg.L. + CODds..mg.L. + SACto..1.m. + NSEC.Effluent.NO5",0.215020354441678,0.541792045979795,"3,2"
"13867","Temp..of.the.Atmos. + Secondary.Effluent.Flow + CODto..mg.L. + CODds..mg.L. + SACto..1.m. + NSEC.Effluent.Flow",0.0805956016484608,0.659363602712497,"3,2"
"13868","Temp..of.the.Atmos. + Secondary.Effluent.Flow + CODto..mg.L. + CODds..mg.L. + NSEC.Aerobic.SRT + NSEC.Effluent.NH3",0.260365402390913,0.72966110023344,"3,2"
"13869","Temp..of.the.Atmos. + Secondary.Effluent.Flow + CODto..mg.L. + CODds..mg.L. + NSEC.Aerobic.SRT + NSEC.Effluent.NO3",0.123762499228113,0.768575772008331,"3,2"
"13870","Temp..of.the.Atmos. + Secondary.Effluent.Flow + CODto..mg.L. + CODds..mg.L. + NSEC.Aerobic.SRT + NSEC.Effluent.OP",0.0232362564740485,0.801658051897635,"3,2"
"13871","Temp..of.the.Atmos. + Secondary.Effluent.Flow + CODto..mg.L. + CODds..mg.L. + NSEC.Aerobic.SRT + NSEC.Effluent.TSS",0.119052537792691,0.823857682608179,"3,2"
"13872","Temp..of.the.Atmos. + Secondary.Effluent.Flow + CODto..mg.L. + CODds..mg.L. + NSEC.Aerobic.SRT + NSEC.Effluent.NO5",0.0841773032809225,0.762448087272487,"3,2"
"13873","Temp..of.the.Atmos. + Secondary.Effluent.Flow + CODto..mg.L. + CODds..mg.L. + NSEC.Aerobic.SRT + NSEC.Effluent.Flow",0.0180205081662446,0.764778983732609,"3,2"
"13874","Temp..of.the.Atmos. + Secondary.Effluent.Flow + CODto..mg.L. + CODds..mg.L. + NSEC.Effluent.NH3 + NSEC.Effluent.NO3",0.0763713445301084,0.659649363016013,"3,2"
"13875","Temp..of.the.Atmos. + Secondary.Effluent.Flow + CODto..mg.L. + CODds..mg.L. + NSEC.Effluent.NH3 + NSEC.Effluent.OP",0.0402805857139579,0.601383605195514,"3,2"
"13876","Temp..of.the.Atmos. + Secondary.Effluent.Flow + CODto..mg.L. + CODds..mg.L. + NSEC.Effluent.NH3 + NSEC.Effluent.TSS",0.239931901352068,0.699168921908567,"3,2"
"13877","Temp..of.the.Atmos. + Secondary.Effluent.Flow + CODto..mg.L. + CODds..mg.L. + NSEC.Effluent.NH3 + NSEC.Effluent.NO5",0.256284958689078,0.581359766178653,"3,2"
"13878","Temp..of.the.Atmos. + Secondary.Effluent.Flow + CODto..mg.L. + CODds..mg.L. + NSEC.Effluent.NH3 + NSEC.Effluent.Flow",0.0151110500027825,0.585790644263555,"3,2"
"13879","Temp..of.the.Atmos. + Secondary.Effluent.Flow + CODto..mg.L. + CODds..mg.L. + NSEC.Effluent.NO3 + NSEC.Effluent.OP",0.259084113188158,0.609783040765305,"3,2"
"13880","Temp..of.the.Atmos. + Secondary.Effluent.Flow + CODto..mg.L. + CODds..mg.L. + NSEC.Effluent.NO3 + NSEC.Effluent.TSS",0.15301816746529,0.669377270826661,"3,2"
"13881","Temp..of.the.Atmos. + Secondary.Effluent.Flow + CODto..mg.L. + CODds..mg.L. + NSEC.Effluent.NO3 + NSEC.Effluent.NO5",0.187850065259487,0.561900525540611,"3,2"
"13882","Temp..of.the.Atmos. + Secondary.Effluent.Flow + CODto..mg.L. + CODds..mg.L. + NSEC.Effluent.NO3 + NSEC.Effluent.Flow",0.212949116373131,0.484648306863543,"3,2"
"13883","Temp..of.the.Atmos. + Secondary.Effluent.Flow + CODto..mg.L. + CODds..mg.L. + NSEC.Effluent.OP + NSEC.Effluent.TSS",0.124699950369749,0.648171983507001,"3,2"
"13884","Temp..of.the.Atmos. + Secondary.Effluent.Flow + CODto..mg.L. + CODds..mg.L. + NSEC.Effluent.OP + NSEC.Effluent.NO5",0.108265151156535,0.621219190261894,"3,2"
"13885","Temp..of.the.Atmos. + Secondary.Effluent.Flow + CODto..mg.L. + CODds..mg.L. + NSEC.Effluent.OP + NSEC.Effluent.Flow",0.0885988235918336,0.665880567183601,"3,2"
"13886","Temp..of.the.Atmos. + Secondary.Effluent.Flow + CODto..mg.L. + CODds..mg.L. + NSEC.Effluent.TSS + NSEC.Effluent.NO5",0.240992553246635,0.664453438811292,"3,2"
"13887","Temp..of.the.Atmos. + Secondary.Effluent.Flow + CODto..mg.L. + CODds..mg.L. + NSEC.Effluent.TSS + NSEC.Effluent.Flow",0.0755680196935886,0.688641299339417,"3,2"
"13888","Temp..of.the.Atmos. + Secondary.Effluent.Flow + CODto..mg.L. + CODds..mg.L. + NSEC.Effluent.NO5 + NSEC.Effluent.Flow",0.242113595716479,0.578079428583143,"3,2"
"13889","Temp..of.the.Atmos. + Secondary.Effluent.Flow + CODto..mg.L. + SACto..1.m. + NSEC.Aerobic.SRT + NSEC.Effluent.NH3",0.120565080182527,0.622713743579073,"3,2"
"13890","Temp..of.the.Atmos. + Secondary.Effluent.Flow + CODto..mg.L. + SACto..1.m. + NSEC.Aerobic.SRT + NSEC.Effluent.NO3",0.27534978338785,0.764510231698825,"3,2"
"13891","Temp..of.the.Atmos. + Secondary.Effluent.Flow + CODto..mg.L. + SACto..1.m. + NSEC.Aerobic.SRT + NSEC.Effluent.OP",0.0698348563149178,0.758412658965677,"3,2"
"13892","Temp..of.the.Atmos. + Secondary.Effluent.Flow + CODto..mg.L. + SACto..1.m. + NSEC.Aerobic.SRT + NSEC.Effluent.TSS",0.174093448658197,0.763945628819411,"3,2"
"13893","Temp..of.the.Atmos. + Secondary.Effluent.Flow + CODto..mg.L. + SACto..1.m. + NSEC.Aerobic.SRT + NSEC.Effluent.NO5",0.106366453667567,0.592284315701155,"3,2"
"13894","Temp..of.the.Atmos. + Secondary.Effluent.Flow + CODto..mg.L. + SACto..1.m. + NSEC.Aerobic.SRT + NSEC.Effluent.Flow",0.15826034392315,0.589134128653293,"3,2"
"13895","Temp..of.the.Atmos. + Secondary.Effluent.Flow + CODto..mg.L. + SACto..1.m. + NSEC.Effluent.NH3 + NSEC.Effluent.NO3",0.174323145644078,0.627448899756783,"3,2"
"13896","Temp..of.the.Atmos. + Secondary.Effluent.Flow + CODto..mg.L. + SACto..1.m. + NSEC.Effluent.NH3 + NSEC.Effluent.OP",0.117163611326359,0.488685842003621,"3,2"
"13897","Temp..of.the.Atmos. + Secondary.Effluent.Flow + CODto..mg.L. + SACto..1.m. + NSEC.Effluent.NH3 + NSEC.Effluent.TSS",0.227019123533747,0.703696459733163,"3,2"
"13898","Temp..of.the.Atmos. + Secondary.Effluent.Flow + CODto..mg.L. + SACto..1.m. + NSEC.Effluent.NH3 + NSEC.Effluent.NO5",0.191102355702755,0.0422263340607121,"3,2"
"13899","Temp..of.the.Atmos. + Secondary.Effluent.Flow + CODto..mg.L. + SACto..1.m. + NSEC.Effluent.NH3 + NSEC.Effluent.Flow",0.221429859114208,0.664034211405423,"3,2"
"13900","Temp..of.the.Atmos. + Secondary.Effluent.Flow + CODto..mg.L. + SACto..1.m. + NSEC.Effluent.NO3 + NSEC.Effluent.OP",0.0402414779145222,0.465377210183698,"3,2"
"13901","Temp..of.the.Atmos. + Secondary.Effluent.Flow + CODto..mg.L. + SACto..1.m. + NSEC.Effluent.NO3 + NSEC.Effluent.TSS",0.136166534351235,0.683505224469818,"3,2"
"13902","Temp..of.the.Atmos. + Secondary.Effluent.Flow + CODto..mg.L. + SACto..1.m. + NSEC.Effluent.NO3 + NSEC.Effluent.NO5",0.00700410732332113,0.620568543506788,"3,2"
"13903","Temp..of.the.Atmos. + Secondary.Effluent.Flow + CODto..mg.L. + SACto..1.m. + NSEC.Effluent.NO3 + NSEC.Effluent.Flow",0.172936500899231,0.683517317227686,"3,2"
"13904","Temp..of.the.Atmos. + Secondary.Effluent.Flow + CODto..mg.L. + SACto..1.m. + NSEC.Effluent.OP + NSEC.Effluent.TSS",0.0963270404354037,0.780927113907837,"3,2"
"13905","Temp..of.the.Atmos. + Secondary.Effluent.Flow + CODto..mg.L. + SACto..1.m. + NSEC.Effluent.OP + NSEC.Effluent.NO5",0.142251387603765,0.567862646401741,"3,2"
"13906","Temp..of.the.Atmos. + Secondary.Effluent.Flow + CODto..mg.L. + SACto..1.m. + NSEC.Effluent.OP + NSEC.Effluent.Flow",0.0624033364761356,0.589785460222252,"3,2"
"13907","Temp..of.the.Atmos. + Secondary.Effluent.Flow + CODto..mg.L. + SACto..1.m. + NSEC.Effluent.TSS + NSEC.Effluent.NO5",0.0479477324787974,0.749668804182725,"3,2"
"13908","Temp..of.the.Atmos. + Secondary.Effluent.Flow + CODto..mg.L. + SACto..1.m. + NSEC.Effluent.TSS + NSEC.Effluent.Flow",0.0502429844665402,0.730809439633513,"3,2"
"13909","Temp..of.the.Atmos. + Secondary.Effluent.Flow + CODto..mg.L. + SACto..1.m. + NSEC.Effluent.NO5 + NSEC.Effluent.Flow",0.192954197726098,0.682586268660269,"3,2"
"13910","Temp..of.the.Atmos. + Secondary.Effluent.Flow + CODto..mg.L. + NSEC.Aerobic.SRT + NSEC.Effluent.NH3 + NSEC.Effluent.NO3",0.127170567585485,0.45390131828351,"3,2"
"13911","Temp..of.the.Atmos. + Secondary.Effluent.Flow + CODto..mg.L. + NSEC.Aerobic.SRT + NSEC.Effluent.NH3 + NSEC.Effluent.OP",0.108302404271655,0.544941684443141,"3,2"
"13912","Temp..of.the.Atmos. + Secondary.Effluent.Flow + CODto..mg.L. + NSEC.Aerobic.SRT + NSEC.Effluent.NH3 + NSEC.Effluent.TSS",0.363139382764336,0.767764890575818,"3,2"
"13913","Temp..of.the.Atmos. + Secondary.Effluent.Flow + CODto..mg.L. + NSEC.Aerobic.SRT + NSEC.Effluent.NH3 + NSEC.Effluent.NO5",0.0612100704544436,0.740661015720448,"3,2"
"13914","Temp..of.the.Atmos. + Secondary.Effluent.Flow + CODto..mg.L. + NSEC.Aerobic.SRT + NSEC.Effluent.NH3 + NSEC.Effluent.Flow",0.389176081381881,0.773542878835278,"3,2"
"13915","Temp..of.the.Atmos. + Secondary.Effluent.Flow + CODto..mg.L. + NSEC.Aerobic.SRT + NSEC.Effluent.NO3 + NSEC.Effluent.OP",0.0213569104331468,0.708072733543572,"3,2"
"13916","Temp..of.the.Atmos. + Secondary.Effluent.Flow + CODto..mg.L. + NSEC.Aerobic.SRT + NSEC.Effluent.NO3 + NSEC.Effluent.TSS",0.348363080336227,0.74931088677374,"3,2"
"13917","Temp..of.the.Atmos. + Secondary.Effluent.Flow + CODto..mg.L. + NSEC.Aerobic.SRT + NSEC.Effluent.NO3 + NSEC.Effluent.NO5",0.390509927359341,0.746837372267524,"3,2"
"13918","Temp..of.the.Atmos. + Secondary.Effluent.Flow + CODto..mg.L. + NSEC.Aerobic.SRT + NSEC.Effluent.NO3 + NSEC.Effluent.Flow",0.101803805772784,0.691458799836957,"3,2"
"13919","Temp..of.the.Atmos. + Secondary.Effluent.Flow + CODto..mg.L. + NSEC.Aerobic.SRT + NSEC.Effluent.OP + NSEC.Effluent.TSS",0.0983053413184338,0.801013344107021,"3,2"
"13920","Temp..of.the.Atmos. + Secondary.Effluent.Flow + CODto..mg.L. + NSEC.Aerobic.SRT + NSEC.Effluent.OP + NSEC.Effluent.NO5",0.0824523575867144,0.749653443340305,"3,2"
"13921","Temp..of.the.Atmos. + Secondary.Effluent.Flow + CODto..mg.L. + NSEC.Aerobic.SRT + NSEC.Effluent.OP + NSEC.Effluent.Flow",0.06988417870167,0.743297286470237,"3,2"
"13922","Temp..of.the.Atmos. + Secondary.Effluent.Flow + CODto..mg.L. + NSEC.Aerobic.SRT + NSEC.Effluent.TSS + NSEC.Effluent.NO5",0.232155675526733,0.750180229893849,"3,2"
"13923","Temp..of.the.Atmos. + Secondary.Effluent.Flow + CODto..mg.L. + NSEC.Aerobic.SRT + NSEC.Effluent.TSS + NSEC.Effluent.Flow",0.00421980290951907,0.450878814469031,"3,2"
"13924","Temp..of.the.Atmos. + Secondary.Effluent.Flow + CODto..mg.L. + NSEC.Aerobic.SRT + NSEC.Effluent.NO5 + NSEC.Effluent.Flow",0.233775766976792,0.658817441068549,"3,2"
"13925","Temp..of.the.Atmos. + Secondary.Effluent.Flow + CODto..mg.L. + NSEC.Effluent.NH3 + NSEC.Effluent.NO3 + NSEC.Effluent.OP",0.232928074552845,0.65243787723309,"3,2"
"13926","Temp..of.the.Atmos. + Secondary.Effluent.Flow + CODto..mg.L. + NSEC.Effluent.NH3 + NSEC.Effluent.NO3 + NSEC.Effluent.TSS",0.134490736061146,0.504974870363912,"3,2"
"13927","Temp..of.the.Atmos. + Secondary.Effluent.Flow + CODto..mg.L. + NSEC.Effluent.NH3 + NSEC.Effluent.NO3 + NSEC.Effluent.NO5",0.151804237931536,0.542983116528328,"3,2"
"13928","Temp..of.the.Atmos. + Secondary.Effluent.Flow + CODto..mg.L. + NSEC.Effluent.NH3 + NSEC.Effluent.NO3 + NSEC.Effluent.Flow",0.0131326156172398,0.451939153925373,"3,2"
"13929","Temp..of.the.Atmos. + Secondary.Effluent.Flow + CODto..mg.L. + NSEC.Effluent.NH3 + NSEC.Effluent.OP + NSEC.Effluent.TSS",0.219534153425871,0.671866548298605,"3,2"
"13930","Temp..of.the.Atmos. + Secondary.Effluent.Flow + CODto..mg.L. + NSEC.Effluent.NH3 + NSEC.Effluent.OP + NSEC.Effluent.NO5",0.12115956558851,0.500980666592626,"3,2"
"13931","Temp..of.the.Atmos. + Secondary.Effluent.Flow + CODto..mg.L. + NSEC.Effluent.NH3 + NSEC.Effluent.OP + NSEC.Effluent.Flow",0.101920726126316,0.514081403600761,"3,2"
"13932","Temp..of.the.Atmos. + Secondary.Effluent.Flow + CODto..mg.L. + NSEC.Effluent.NH3 + NSEC.Effluent.TSS + NSEC.Effluent.NO5",0.00423871619799687,0.515801805124351,"3,2"
"13933","Temp..of.the.Atmos. + Secondary.Effluent.Flow + CODto..mg.L. + NSEC.Effluent.NH3 + NSEC.Effluent.TSS + NSEC.Effluent.Flow",0.0762121161841207,0.540625375342026,"3,2"
"13934","Temp..of.the.Atmos. + Secondary.Effluent.Flow + CODto..mg.L. + NSEC.Effluent.NH3 + NSEC.Effluent.NO5 + NSEC.Effluent.Flow",0.179060595445059,0.431729446079949,"3,2"
"13935","Temp..of.the.Atmos. + Secondary.Effluent.Flow + CODto..mg.L. + NSEC.Effluent.NO3 + NSEC.Effluent.OP + NSEC.Effluent.TSS",0.212619739981859,0.645163054031905,"3,2"
"13936","Temp..of.the.Atmos. + Secondary.Effluent.Flow + CODto..mg.L. + NSEC.Effluent.NO3 + NSEC.Effluent.OP + NSEC.Effluent.NO5",0.0305249855175838,0.483248742271025,"3,2"
"13937","Temp..of.the.Atmos. + Secondary.Effluent.Flow + CODto..mg.L. + NSEC.Effluent.NO3 + NSEC.Effluent.OP + NSEC.Effluent.Flow",0.135941804707152,0.603429105017977,"3,2"
"13938","Temp..of.the.Atmos. + Secondary.Effluent.Flow + CODto..mg.L. + NSEC.Effluent.NO3 + NSEC.Effluent.TSS + NSEC.Effluent.NO5",0.3345896346723,0.632788058217437,"3,2"
"13939","Temp..of.the.Atmos. + Secondary.Effluent.Flow + CODto..mg.L. + NSEC.Effluent.NO3 + NSEC.Effluent.TSS + NSEC.Effluent.Flow",0.119630594626306,0.531861980766446,"3,2"
"13940","Temp..of.the.Atmos. + Secondary.Effluent.Flow + CODto..mg.L. + NSEC.Effluent.NO3 + NSEC.Effluent.NO5 + NSEC.Effluent.Flow",0.282774414114523,0.648258525258287,"3,2"
"13941","Temp..of.the.Atmos. + Secondary.Effluent.Flow + CODto..mg.L. + NSEC.Effluent.OP + NSEC.Effluent.TSS + NSEC.Effluent.NO5",0.258560128226387,0.660485583689871,"3,2"
"13942","Temp..of.the.Atmos. + Secondary.Effluent.Flow + CODto..mg.L. + NSEC.Effluent.OP + NSEC.Effluent.TSS + NSEC.Effluent.Flow",0.0984504452735138,0.589733802647254,"3,2"
"13943","Temp..of.the.Atmos. + Secondary.Effluent.Flow + CODto..mg.L. + NSEC.Effluent.OP + NSEC.Effluent.NO5 + NSEC.Effluent.Flow",0.239793911667728,0.586882561874515,"3,2"
"13944","Temp..of.the.Atmos. + Secondary.Effluent.Flow + CODto..mg.L. + NSEC.Effluent.TSS + NSEC.Effluent.NO5 + NSEC.Effluent.Flow",0.209605037382391,0.614700287076536,"3,2"
"13945","Temp..of.the.Atmos. + Secondary.Effluent.Flow + TSS..mg.L. + UVT.... + CODds..mg.L. + SACto..1.m.",0.247813142411233,0.677046267745157,"3,2"
"13946","Temp..of.the.Atmos. + Secondary.Effluent.Flow + TSS..mg.L. + UVT.... + CODds..mg.L. + NSEC.Aerobic.SRT",0.0667862006327642,0.70956558607438,"3,2"
"13947","Temp..of.the.Atmos. + Secondary.Effluent.Flow + TSS..mg.L. + UVT.... + CODds..mg.L. + NSEC.Effluent.NH3",0.036877961116903,0.597102893556068,"3,2"
"13948","Temp..of.the.Atmos. + Secondary.Effluent.Flow + TSS..mg.L. + UVT.... + CODds..mg.L. + NSEC.Effluent.NO3",0.164625748427224,0.555311588193397,"3,2"
"13949","Temp..of.the.Atmos. + Secondary.Effluent.Flow + TSS..mg.L. + UVT.... + CODds..mg.L. + NSEC.Effluent.OP",0.076842503088062,0.567215613206822,"3,2"
"13950","Temp..of.the.Atmos. + Secondary.Effluent.Flow + TSS..mg.L. + UVT.... + CODds..mg.L. + NSEC.Effluent.TSS",0.073880010380067,0.728251245117167,"3,2"
"13951","Temp..of.the.Atmos. + Secondary.Effluent.Flow + TSS..mg.L. + UVT.... + CODds..mg.L. + NSEC.Effluent.NO5",0.0570968227914417,0.604537544141961,"3,2"
"13952","Temp..of.the.Atmos. + Secondary.Effluent.Flow + TSS..mg.L. + UVT.... + CODds..mg.L. + NSEC.Effluent.Flow",0.0927177460063806,0.527857910780214,"3,2"
"13953","Temp..of.the.Atmos. + Secondary.Effluent.Flow + TSS..mg.L. + UVT.... + SACto..1.m. + NSEC.Aerobic.SRT",0.00921707616745771,0.76032264055546,"3,2"
"13954","Temp..of.the.Atmos. + Secondary.Effluent.Flow + TSS..mg.L. + UVT.... + SACto..1.m. + NSEC.Effluent.NH3",0.0978677725895047,0.559179269456769,"3,2"
"13955","Temp..of.the.Atmos. + Secondary.Effluent.Flow + TSS..mg.L. + UVT.... + SACto..1.m. + NSEC.Effluent.NO3",0.00995583717276816,0.598738394222906,"3,2"
"13956","Temp..of.the.Atmos. + Secondary.Effluent.Flow + TSS..mg.L. + UVT.... + SACto..1.m. + NSEC.Effluent.OP",0.0216362687798701,0.709033104430118,"3,2"
"13957","Temp..of.the.Atmos. + Secondary.Effluent.Flow + TSS..mg.L. + UVT.... + SACto..1.m. + NSEC.Effluent.TSS",0.29454987364743,0.765525952594392,"3,2"
"13958","Temp..of.the.Atmos. + Secondary.Effluent.Flow + TSS..mg.L. + UVT.... + SACto..1.m. + NSEC.Effluent.NO5",0.0399170581684543,0.539242481070638,"3,2"
"13959","Temp..of.the.Atmos. + Secondary.Effluent.Flow + TSS..mg.L. + UVT.... + SACto..1.m. + NSEC.Effluent.Flow",0.00475732805235385,0.559818819516913,"3,2"
"13960","Temp..of.the.Atmos. + Secondary.Effluent.Flow + TSS..mg.L. + UVT.... + NSEC.Aerobic.SRT + NSEC.Effluent.NH3",0.068622973752456,0.78356250667953,"3,2"
"13961","Temp..of.the.Atmos. + Secondary.Effluent.Flow + TSS..mg.L. + UVT.... + NSEC.Aerobic.SRT + NSEC.Effluent.NO3",0.132492963864236,0.776128449860698,"3,2"
"13962","Temp..of.the.Atmos. + Secondary.Effluent.Flow + TSS..mg.L. + UVT.... + NSEC.Aerobic.SRT + NSEC.Effluent.OP",0.117909462902872,0.797186443947691,"3,2"
"13963","Temp..of.the.Atmos. + Secondary.Effluent.Flow + TSS..mg.L. + UVT.... + NSEC.Aerobic.SRT + NSEC.Effluent.TSS",0.0964209966801819,0.803391966374205,"3,2"
"13964","Temp..of.the.Atmos. + Secondary.Effluent.Flow + TSS..mg.L. + UVT.... + NSEC.Aerobic.SRT + NSEC.Effluent.NO5",0.0227265554556542,0.434589200170354,"3,2"
"13965","Temp..of.the.Atmos. + Secondary.Effluent.Flow + TSS..mg.L. + UVT.... + NSEC.Aerobic.SRT + NSEC.Effluent.Flow",0.122404378308206,0.734053613064212,"3,2"
"13966","Temp..of.the.Atmos. + Secondary.Effluent.Flow + TSS..mg.L. + UVT.... + NSEC.Effluent.NH3 + NSEC.Effluent.NO3",0.189010355029869,0.765499364067459,"3,2"
"13967","Temp..of.the.Atmos. + Secondary.Effluent.Flow + TSS..mg.L. + UVT.... + NSEC.Effluent.NH3 + NSEC.Effluent.OP",0.122170393332208,0.522605378987855,"3,2"
"13968","Temp..of.the.Atmos. + Secondary.Effluent.Flow + TSS..mg.L. + UVT.... + NSEC.Effluent.NH3 + NSEC.Effluent.TSS",0.158292039583995,0.821034473066716,"3,2"
"13969","Temp..of.the.Atmos. + Secondary.Effluent.Flow + TSS..mg.L. + UVT.... + NSEC.Effluent.NH3 + NSEC.Effluent.NO5",0.262315441822684,0.760736915731166,"3,2"
"13970","Temp..of.the.Atmos. + Secondary.Effluent.Flow + TSS..mg.L. + UVT.... + NSEC.Effluent.NH3 + NSEC.Effluent.Flow",0.120262407121047,0.471354916084935,"3,2"
"13971","Temp..of.the.Atmos. + Secondary.Effluent.Flow + TSS..mg.L. + UVT.... + NSEC.Effluent.NO3 + NSEC.Effluent.OP",0.0585917781363339,0.546444818952388,"3,2"
"13972","Temp..of.the.Atmos. + Secondary.Effluent.Flow + TSS..mg.L. + UVT.... + NSEC.Effluent.NO3 + NSEC.Effluent.TSS",0.270053243797489,0.789939688502779,"3,2"
"13973","Temp..of.the.Atmos. + Secondary.Effluent.Flow + TSS..mg.L. + UVT.... + NSEC.Effluent.NO3 + NSEC.Effluent.NO5",0.139929448428237,0.6981391938415,"3,2"
"13974","Temp..of.the.Atmos. + Secondary.Effluent.Flow + TSS..mg.L. + UVT.... + NSEC.Effluent.NO3 + NSEC.Effluent.Flow",0.0840620239544223,0.509758031692354,"3,2"
"13975","Temp..of.the.Atmos. + Secondary.Effluent.Flow + TSS..mg.L. + UVT.... + NSEC.Effluent.OP + NSEC.Effluent.TSS",0.0487674848322324,0.738635653178512,"3,2"
"13976","Temp..of.the.Atmos. + Secondary.Effluent.Flow + TSS..mg.L. + UVT.... + NSEC.Effluent.OP + NSEC.Effluent.NO5",0.0962474535850399,0.702991369219153,"3,2"
"13977","Temp..of.the.Atmos. + Secondary.Effluent.Flow + TSS..mg.L. + UVT.... + NSEC.Effluent.OP + NSEC.Effluent.Flow",0.124834393013647,0.575466275427321,"3,2"
"13978","Temp..of.the.Atmos. + Secondary.Effluent.Flow + TSS..mg.L. + UVT.... + NSEC.Effluent.TSS + NSEC.Effluent.NO5",0.0905548587448934,0.74077105839386,"3,2"
"13979","Temp..of.the.Atmos. + Secondary.Effluent.Flow + TSS..mg.L. + UVT.... + NSEC.Effluent.TSS + NSEC.Effluent.Flow",0.0764062192489818,0.725431060068265,"3,2"
"13980","Temp..of.the.Atmos. + Secondary.Effluent.Flow + TSS..mg.L. + UVT.... + NSEC.Effluent.NO5 + NSEC.Effluent.Flow",0.0541257966392443,0.77872290021066,"3,2"
"13981","Temp..of.the.Atmos. + Secondary.Effluent.Flow + TSS..mg.L. + CODds..mg.L. + SACto..1.m. + NSEC.Aerobic.SRT",0.313720190457131,0.730855106480749,"3,2"
"13982","Temp..of.the.Atmos. + Secondary.Effluent.Flow + TSS..mg.L. + CODds..mg.L. + SACto..1.m. + NSEC.Effluent.NH3",0.193479661946935,0.628858884972428,"3,2"
"13983","Temp..of.the.Atmos. + Secondary.Effluent.Flow + TSS..mg.L. + CODds..mg.L. + SACto..1.m. + NSEC.Effluent.NO3",0.164392182349302,0.673145860441715,"3,2"
"13984","Temp..of.the.Atmos. + Secondary.Effluent.Flow + TSS..mg.L. + CODds..mg.L. + SACto..1.m. + NSEC.Effluent.OP",0.179790582252057,0.55905843205608,"3,2"
"13985","Temp..of.the.Atmos. + Secondary.Effluent.Flow + TSS..mg.L. + CODds..mg.L. + SACto..1.m. + NSEC.Effluent.TSS",0.156125113271328,0.746220720828164,"3,2"
"13986","Temp..of.the.Atmos. + Secondary.Effluent.Flow + TSS..mg.L. + CODds..mg.L. + SACto..1.m. + NSEC.Effluent.NO5",0.198882129027518,0.677500781311555,"3,2"
"13987","Temp..of.the.Atmos. + Secondary.Effluent.Flow + TSS..mg.L. + CODds..mg.L. + SACto..1.m. + NSEC.Effluent.Flow",0.0876370166489393,0.708981941030083,"3,2"
"13988","Temp..of.the.Atmos. + Secondary.Effluent.Flow + TSS..mg.L. + CODds..mg.L. + NSEC.Aerobic.SRT + NSEC.Effluent.NH3",0.257436697845104,0.782968044408592,"3,2"
"13989","Temp..of.the.Atmos. + Secondary.Effluent.Flow + TSS..mg.L. + CODds..mg.L. + NSEC.Aerobic.SRT + NSEC.Effluent.NO3",0.298388032961366,0.708835925917792,"3,2"
"13990","Temp..of.the.Atmos. + Secondary.Effluent.Flow + TSS..mg.L. + CODds..mg.L. + NSEC.Aerobic.SRT + NSEC.Effluent.OP",0.144952353655609,0.780747160816157,"3,2"
"13991","Temp..of.the.Atmos. + Secondary.Effluent.Flow + TSS..mg.L. + CODds..mg.L. + NSEC.Aerobic.SRT + NSEC.Effluent.TSS",0.0122962416584387,0.756238199807894,"3,2"
"13992","Temp..of.the.Atmos. + Secondary.Effluent.Flow + TSS..mg.L. + CODds..mg.L. + NSEC.Aerobic.SRT + NSEC.Effluent.NO5",0.211143474138319,0.675615372076921,"3,2"
"13993","Temp..of.the.Atmos. + Secondary.Effluent.Flow + TSS..mg.L. + CODds..mg.L. + NSEC.Aerobic.SRT + NSEC.Effluent.Flow",0.142851549209016,0.751473570535448,"3,2"
"13994","Temp..of.the.Atmos. + Secondary.Effluent.Flow + TSS..mg.L. + CODds..mg.L. + NSEC.Effluent.NH3 + NSEC.Effluent.NO3",0.0129066257647892,0.620214827683421,"3,2"
"13995","Temp..of.the.Atmos. + Secondary.Effluent.Flow + TSS..mg.L. + CODds..mg.L. + NSEC.Effluent.NH3 + NSEC.Effluent.OP",0.108610545182231,0.611844069473632,"3,2"
"13996","Temp..of.the.Atmos. + Secondary.Effluent.Flow + TSS..mg.L. + CODds..mg.L. + NSEC.Effluent.NH3 + NSEC.Effluent.TSS",0.0768325218315522,0.646324279658739,"3,2"
"13997","Temp..of.the.Atmos. + Secondary.Effluent.Flow + TSS..mg.L. + CODds..mg.L. + NSEC.Effluent.NH3 + NSEC.Effluent.NO5",0.129059703464774,0.682216994264305,"3,2"
"13998","Temp..of.the.Atmos. + Secondary.Effluent.Flow + TSS..mg.L. + CODds..mg.L. + NSEC.Effluent.NH3 + NSEC.Effluent.Flow",0.108506044069898,0.602652210383164,"3,2"
"13999","Temp..of.the.Atmos. + Secondary.Effluent.Flow + TSS..mg.L. + CODds..mg.L. + NSEC.Effluent.NO3 + NSEC.Effluent.OP",0.182499257153134,0.653862874045727,"3,2"
"14000","Temp..of.the.Atmos. + Secondary.Effluent.Flow + TSS..mg.L. + CODds..mg.L. + NSEC.Effluent.NO3 + NSEC.Effluent.TSS",0.0395733553811035,0.648197278602248,"3,2"
"14001","Temp..of.the.Atmos. + Secondary.Effluent.Flow + TSS..mg.L. + CODds..mg.L. + NSEC.Effluent.NO3 + NSEC.Effluent.NO5",0.127260860062619,0.718579386357143,"3,2"
"14002","Temp..of.the.Atmos. + Secondary.Effluent.Flow + TSS..mg.L. + CODds..mg.L. + NSEC.Effluent.NO3 + NSEC.Effluent.Flow",0.16007060398588,0.62613825437384,"3,2"
"14003","Temp..of.the.Atmos. + Secondary.Effluent.Flow + TSS..mg.L. + CODds..mg.L. + NSEC.Effluent.OP + NSEC.Effluent.TSS",0.0108932190358282,0.645908319228587,"3,2"
"14004","Temp..of.the.Atmos. + Secondary.Effluent.Flow + TSS..mg.L. + CODds..mg.L. + NSEC.Effluent.OP + NSEC.Effluent.NO5",0.216729371854196,0.718287502804465,"3,2"
"14005","Temp..of.the.Atmos. + Secondary.Effluent.Flow + TSS..mg.L. + CODds..mg.L. + NSEC.Effluent.OP + NSEC.Effluent.Flow",0.0352143436609103,0.494370538761299,"3,2"
"14006","Temp..of.the.Atmos. + Secondary.Effluent.Flow + TSS..mg.L. + CODds..mg.L. + NSEC.Effluent.TSS + NSEC.Effluent.NO5",0.0728088977701056,0.678084892699856,"3,2"
"14007","Temp..of.the.Atmos. + Secondary.Effluent.Flow + TSS..mg.L. + CODds..mg.L. + NSEC.Effluent.TSS + NSEC.Effluent.Flow",0.0641285117205967,0.640595483299316,"3,2"
"14008","Temp..of.the.Atmos. + Secondary.Effluent.Flow + TSS..mg.L. + CODds..mg.L. + NSEC.Effluent.NO5 + NSEC.Effluent.Flow",0.156017106195826,0.657564083722459,"3,2"
"14009","Temp..of.the.Atmos. + Secondary.Effluent.Flow + TSS..mg.L. + SACto..1.m. + NSEC.Aerobic.SRT + NSEC.Effluent.NH3",0.210474537702311,0.716826635111324,"3,2"
"14010","Temp..of.the.Atmos. + Secondary.Effluent.Flow + TSS..mg.L. + SACto..1.m. + NSEC.Aerobic.SRT + NSEC.Effluent.NO3",0.134092533592203,0.695702404153772,"3,2"
"14011","Temp..of.the.Atmos. + Secondary.Effluent.Flow + TSS..mg.L. + SACto..1.m. + NSEC.Aerobic.SRT + NSEC.Effluent.OP",0.137264643819508,0.712300686332544,"3,2"
"14012","Temp..of.the.Atmos. + Secondary.Effluent.Flow + TSS..mg.L. + SACto..1.m. + NSEC.Aerobic.SRT + NSEC.Effluent.TSS",0.205019077315925,0.815264166782933,"3,2"
"14013","Temp..of.the.Atmos. + Secondary.Effluent.Flow + TSS..mg.L. + SACto..1.m. + NSEC.Aerobic.SRT + NSEC.Effluent.NO5",0.301871938098548,0.720788786549194,"3,2"
"14014","Temp..of.the.Atmos. + Secondary.Effluent.Flow + TSS..mg.L. + SACto..1.m. + NSEC.Aerobic.SRT + NSEC.Effluent.Flow",0.133326363377604,0.79105986916635,"3,2"
"14015","Temp..of.the.Atmos. + Secondary.Effluent.Flow + TSS..mg.L. + SACto..1.m. + NSEC.Effluent.NH3 + NSEC.Effluent.NO3",0.126683493433242,0.632785672455055,"3,2"
"14016","Temp..of.the.Atmos. + Secondary.Effluent.Flow + TSS..mg.L. + SACto..1.m. + NSEC.Effluent.NH3 + NSEC.Effluent.OP",0.182974379838294,0.521541100671757,"3,2"
"14017","Temp..of.the.Atmos. + Secondary.Effluent.Flow + TSS..mg.L. + SACto..1.m. + NSEC.Effluent.NH3 + NSEC.Effluent.TSS",0.0957374840619016,0.794135113831431,"3,2"
"14018","Temp..of.the.Atmos. + Secondary.Effluent.Flow + TSS..mg.L. + SACto..1.m. + NSEC.Effluent.NH3 + NSEC.Effluent.NO5",0.120092272035978,0.766598012102445,"3,2"
"14019","Temp..of.the.Atmos. + Secondary.Effluent.Flow + TSS..mg.L. + SACto..1.m. + NSEC.Effluent.NH3 + NSEC.Effluent.Flow",0.0391096938438604,0.71451369330006,"3,2"
"14020","Temp..of.the.Atmos. + Secondary.Effluent.Flow + TSS..mg.L. + SACto..1.m. + NSEC.Effluent.NO3 + NSEC.Effluent.OP",0.139656880611419,0.750724600713695,"3,2"
"14021","Temp..of.the.Atmos. + Secondary.Effluent.Flow + TSS..mg.L. + SACto..1.m. + NSEC.Effluent.NO3 + NSEC.Effluent.TSS",0.212158862315378,0.743808192908395,"3,2"
"14022","Temp..of.the.Atmos. + Secondary.Effluent.Flow + TSS..mg.L. + SACto..1.m. + NSEC.Effluent.NO3 + NSEC.Effluent.NO5",0.135910939256576,0.704158448357854,"3,2"
"14023","Temp..of.the.Atmos. + Secondary.Effluent.Flow + TSS..mg.L. + SACto..1.m. + NSEC.Effluent.NO3 + NSEC.Effluent.Flow",0.233116559794676,0.520851247558426,"3,2"
"14024","Temp..of.the.Atmos. + Secondary.Effluent.Flow + TSS..mg.L. + SACto..1.m. + NSEC.Effluent.OP + NSEC.Effluent.TSS",0.180505234798289,0.777066813241925,"3,2"
"14025","Temp..of.the.Atmos. + Secondary.Effluent.Flow + TSS..mg.L. + SACto..1.m. + NSEC.Effluent.OP + NSEC.Effluent.NO5",0.105122347138959,0.723405326105509,"3,2"
"14026","Temp..of.the.Atmos. + Secondary.Effluent.Flow + TSS..mg.L. + SACto..1.m. + NSEC.Effluent.OP + NSEC.Effluent.Flow",0.145203516544757,0.708251646930791,"3,2"
"14027","Temp..of.the.Atmos. + Secondary.Effluent.Flow + TSS..mg.L. + SACto..1.m. + NSEC.Effluent.TSS + NSEC.Effluent.NO5",0.184437472633074,0.790188966966693,"3,2"
"14028","Temp..of.the.Atmos. + Secondary.Effluent.Flow + TSS..mg.L. + SACto..1.m. + NSEC.Effluent.TSS + NSEC.Effluent.Flow",0.0535163408225308,0.696024392949859,"3,2"
"14029","Temp..of.the.Atmos. + Secondary.Effluent.Flow + TSS..mg.L. + SACto..1.m. + NSEC.Effluent.NO5 + NSEC.Effluent.Flow",0.453508409856848,0.721313488619524,"3,2"
"14030","Temp..of.the.Atmos. + Secondary.Effluent.Flow + TSS..mg.L. + NSEC.Aerobic.SRT + NSEC.Effluent.NH3 + NSEC.Effluent.NO3",0.312276066767474,0.755620475356748,"3,2"
"14031","Temp..of.the.Atmos. + Secondary.Effluent.Flow + TSS..mg.L. + NSEC.Aerobic.SRT + NSEC.Effluent.NH3 + NSEC.Effluent.OP",0.0160319443967207,0.367647727165111,"3,2"
"14032","Temp..of.the.Atmos. + Secondary.Effluent.Flow + TSS..mg.L. + NSEC.Aerobic.SRT + NSEC.Effluent.NH3 + NSEC.Effluent.TSS",0.172465096083477,0.658939003542142,"3,2"
"14033","Temp..of.the.Atmos. + Secondary.Effluent.Flow + TSS..mg.L. + NSEC.Aerobic.SRT + NSEC.Effluent.NH3 + NSEC.Effluent.NO5",0.320023809258279,0.752018283469025,"3,2"
"14034","Temp..of.the.Atmos. + Secondary.Effluent.Flow + TSS..mg.L. + NSEC.Aerobic.SRT + NSEC.Effluent.NH3 + NSEC.Effluent.Flow",0.31757248505187,0.753153117549386,"3,2"
"14035","Temp..of.the.Atmos. + Secondary.Effluent.Flow + TSS..mg.L. + NSEC.Aerobic.SRT + NSEC.Effluent.NO3 + NSEC.Effluent.OP",0.105248192345665,0.708772083118666,"3,2"
"14036","Temp..of.the.Atmos. + Secondary.Effluent.Flow + TSS..mg.L. + NSEC.Aerobic.SRT + NSEC.Effluent.NO3 + NSEC.Effluent.TSS",0.000110024671912345,0.446359732245005,"3,2"
"14037","Temp..of.the.Atmos. + Secondary.Effluent.Flow + TSS..mg.L. + NSEC.Aerobic.SRT + NSEC.Effluent.NO3 + NSEC.Effluent.NO5",0.289348099699698,0.767956077974298,"3,2"
"14038","Temp..of.the.Atmos. + Secondary.Effluent.Flow + TSS..mg.L. + NSEC.Aerobic.SRT + NSEC.Effluent.NO3 + NSEC.Effluent.Flow",0.0262087866669991,0.448014013649836,"3,2"
"14039","Temp..of.the.Atmos. + Secondary.Effluent.Flow + TSS..mg.L. + NSEC.Aerobic.SRT + NSEC.Effluent.OP + NSEC.Effluent.TSS",0.191996083913433,0.000595318009806017,"3,2"
"14040","Temp..of.the.Atmos. + Secondary.Effluent.Flow + TSS..mg.L. + NSEC.Aerobic.SRT + NSEC.Effluent.OP + NSEC.Effluent.NO5",0.0823766951264551,0.728547136191495,"3,2"
"14041","Temp..of.the.Atmos. + Secondary.Effluent.Flow + TSS..mg.L. + NSEC.Aerobic.SRT + NSEC.Effluent.OP + NSEC.Effluent.Flow",0.0388863414641771,0.780522162654789,"3,2"
"14042","Temp..of.the.Atmos. + Secondary.Effluent.Flow + TSS..mg.L. + NSEC.Aerobic.SRT + NSEC.Effluent.TSS + NSEC.Effluent.NO5",0.273987602961763,0.73832808482572,"3,2"
"14043","Temp..of.the.Atmos. + Secondary.Effluent.Flow + TSS..mg.L. + NSEC.Aerobic.SRT + NSEC.Effluent.TSS + NSEC.Effluent.Flow",0.040342292303015,0.488241049630638,"3,2"
"14044","Temp..of.the.Atmos. + Secondary.Effluent.Flow + TSS..mg.L. + NSEC.Aerobic.SRT + NSEC.Effluent.NO5 + NSEC.Effluent.Flow",0.137122861255655,0.596145387491058,"3,2"
"14045","Temp..of.the.Atmos. + Secondary.Effluent.Flow + TSS..mg.L. + NSEC.Effluent.NH3 + NSEC.Effluent.NO3 + NSEC.Effluent.OP",0.0139559932665179,0.364699469906497,"3,2"
"14046","Temp..of.the.Atmos. + Secondary.Effluent.Flow + TSS..mg.L. + NSEC.Effluent.NH3 + NSEC.Effluent.NO3 + NSEC.Effluent.TSS",0.27924294800526,0.564981022027852,"3,2"
"14047","Temp..of.the.Atmos. + Secondary.Effluent.Flow + TSS..mg.L. + NSEC.Effluent.NH3 + NSEC.Effluent.NO3 + NSEC.Effluent.NO5",0.298702091341048,0.672737934755318,"3,2"
"14048","Temp..of.the.Atmos. + Secondary.Effluent.Flow + TSS..mg.L. + NSEC.Effluent.NH3 + NSEC.Effluent.NO3 + NSEC.Effluent.Flow",0.10819253723962,0.0650641525970213,"3,2"
"14049","Temp..of.the.Atmos. + Secondary.Effluent.Flow + TSS..mg.L. + NSEC.Effluent.NH3 + NSEC.Effluent.OP + NSEC.Effluent.TSS",0.192257447126853,0.0548405146515658,"3,2"
"14050","Temp..of.the.Atmos. + Secondary.Effluent.Flow + TSS..mg.L. + NSEC.Effluent.NH3 + NSEC.Effluent.OP + NSEC.Effluent.NO5",0.105104688585555,0.301341565821193,"3,2"
"14051","Temp..of.the.Atmos. + Secondary.Effluent.Flow + TSS..mg.L. + NSEC.Effluent.NH3 + NSEC.Effluent.OP + NSEC.Effluent.Flow",0.197693681680179,0.658514601809119,"3,2"
"14052","Temp..of.the.Atmos. + Secondary.Effluent.Flow + TSS..mg.L. + NSEC.Effluent.NH3 + NSEC.Effluent.TSS + NSEC.Effluent.NO5",0.0322406643903417,0.491019651638485,"3,2"
"14053","Temp..of.the.Atmos. + Secondary.Effluent.Flow + TSS..mg.L. + NSEC.Effluent.NH3 + NSEC.Effluent.TSS + NSEC.Effluent.Flow",0.0341204505680177,0.437585193983305,"3,2"
"14054","Temp..of.the.Atmos. + Secondary.Effluent.Flow + TSS..mg.L. + NSEC.Effluent.NH3 + NSEC.Effluent.NO5 + NSEC.Effluent.Flow",0.0794420527633277,0.615817466340461,"3,2"
"14055","Temp..of.the.Atmos. + Secondary.Effluent.Flow + TSS..mg.L. + NSEC.Effluent.NO3 + NSEC.Effluent.OP + NSEC.Effluent.TSS",0.115699547081498,0.746963529223766,"3,2"
"14056","Temp..of.the.Atmos. + Secondary.Effluent.Flow + TSS..mg.L. + NSEC.Effluent.NO3 + NSEC.Effluent.OP + NSEC.Effluent.NO5",0.00588420077264429,0.490834550526163,"3,2"
"14057","Temp..of.the.Atmos. + Secondary.Effluent.Flow + TSS..mg.L. + NSEC.Effluent.NO3 + NSEC.Effluent.OP + NSEC.Effluent.Flow",0.19295278158617,0.0834770700762946,"3,2"
"14058","Temp..of.the.Atmos. + Secondary.Effluent.Flow + TSS..mg.L. + NSEC.Effluent.NO3 + NSEC.Effluent.TSS + NSEC.Effluent.NO5",0.252940205639827,0.654341750309111,"3,2"
"14059","Temp..of.the.Atmos. + Secondary.Effluent.Flow + TSS..mg.L. + NSEC.Effluent.NO3 + NSEC.Effluent.TSS + NSEC.Effluent.Flow",0.119686475865415,0.551426858305907,"3,2"
"14060","Temp..of.the.Atmos. + Secondary.Effluent.Flow + TSS..mg.L. + NSEC.Effluent.NO3 + NSEC.Effluent.NO5 + NSEC.Effluent.Flow",0.119375297868338,0.0566922719439974,"3,2"
"14061","Temp..of.the.Atmos. + Secondary.Effluent.Flow + TSS..mg.L. + NSEC.Effluent.OP + NSEC.Effluent.TSS + NSEC.Effluent.NO5",0.233785918136004,0.681851022473128,"3,2"
"14062","Temp..of.the.Atmos. + Secondary.Effluent.Flow + TSS..mg.L. + NSEC.Effluent.OP + NSEC.Effluent.TSS + NSEC.Effluent.Flow",0.128723083644819,0.633637003929856,"3,2"
"14063","Temp..of.the.Atmos. + Secondary.Effluent.Flow + TSS..mg.L. + NSEC.Effluent.OP + NSEC.Effluent.NO5 + NSEC.Effluent.Flow",0.0802931162254705,0.646033562632339,"3,2"
"14064","Temp..of.the.Atmos. + Secondary.Effluent.Flow + TSS..mg.L. + NSEC.Effluent.TSS + NSEC.Effluent.NO5 + NSEC.Effluent.Flow",0.256096245140494,0.543104985166172,"3,2"
"14065","Temp..of.the.Atmos. + Secondary.Effluent.Flow + UVT.... + CODds..mg.L. + SACto..1.m. + NSEC.Aerobic.SRT",0.305151531909423,0.678564648884297,"3,2"
"14066","Temp..of.the.Atmos. + Secondary.Effluent.Flow + UVT.... + CODds..mg.L. + SACto..1.m. + NSEC.Effluent.NH3",0.110584999831273,0.663357859349114,"3,2"
"14067","Temp..of.the.Atmos. + Secondary.Effluent.Flow + UVT.... + CODds..mg.L. + SACto..1.m. + NSEC.Effluent.NO3",0.246156570348013,0.526946716197585,"3,2"
"14068","Temp..of.the.Atmos. + Secondary.Effluent.Flow + UVT.... + CODds..mg.L. + SACto..1.m. + NSEC.Effluent.OP",0.0968809187336235,0.613736812462313,"3,2"
"14069","Temp..of.the.Atmos. + Secondary.Effluent.Flow + UVT.... + CODds..mg.L. + SACto..1.m. + NSEC.Effluent.TSS",0.181689930961317,0.748358513881963,"3,2"
"14070","Temp..of.the.Atmos. + Secondary.Effluent.Flow + UVT.... + CODds..mg.L. + SACto..1.m. + NSEC.Effluent.NO5",0.235582393453804,0.554309200432295,"3,2"
"14071","Temp..of.the.Atmos. + Secondary.Effluent.Flow + UVT.... + CODds..mg.L. + SACto..1.m. + NSEC.Effluent.Flow",0.1807278771342,0.6299292590863,"3,2"
"14072","Temp..of.the.Atmos. + Secondary.Effluent.Flow + UVT.... + CODds..mg.L. + NSEC.Aerobic.SRT + NSEC.Effluent.NH3",0.117287371305505,0.792676833639436,"3,2"
"14073","Temp..of.the.Atmos. + Secondary.Effluent.Flow + UVT.... + CODds..mg.L. + NSEC.Aerobic.SRT + NSEC.Effluent.NO3",0.21648110442811,0.714328434490333,"3,2"
"14074","Temp..of.the.Atmos. + Secondary.Effluent.Flow + UVT.... + CODds..mg.L. + NSEC.Aerobic.SRT + NSEC.Effluent.OP",0.113757050113189,0.736581316743606,"3,2"
"14075","Temp..of.the.Atmos. + Secondary.Effluent.Flow + UVT.... + CODds..mg.L. + NSEC.Aerobic.SRT + NSEC.Effluent.TSS",0.096785371062218,0.797071503648557,"3,2"
"14076","Temp..of.the.Atmos. + Secondary.Effluent.Flow + UVT.... + CODds..mg.L. + NSEC.Aerobic.SRT + NSEC.Effluent.NO5",0.0195682723389137,0.796828049529665,"3,2"
"14077","Temp..of.the.Atmos. + Secondary.Effluent.Flow + UVT.... + CODds..mg.L. + NSEC.Aerobic.SRT + NSEC.Effluent.Flow",0.127868121926063,0.740918022896976,"3,2"
"14078","Temp..of.the.Atmos. + Secondary.Effluent.Flow + UVT.... + CODds..mg.L. + NSEC.Effluent.NH3 + NSEC.Effluent.NO3",0.125411308396212,0.630487035192655,"3,2"
"14079","Temp..of.the.Atmos. + Secondary.Effluent.Flow + UVT.... + CODds..mg.L. + NSEC.Effluent.NH3 + NSEC.Effluent.OP",0.0181611717951689,0.623057501229506,"3,2"
"14080","Temp..of.the.Atmos. + Secondary.Effluent.Flow + UVT.... + CODds..mg.L. + NSEC.Effluent.NH3 + NSEC.Effluent.TSS",0.0141282155621825,0.752407594932223,"3,2"
"14081","Temp..of.the.Atmos. + Secondary.Effluent.Flow + UVT.... + CODds..mg.L. + NSEC.Effluent.NH3 + NSEC.Effluent.NO5",0.195689692377985,0.000310842038565198,"3,2"
"14082","Temp..of.the.Atmos. + Secondary.Effluent.Flow + UVT.... + CODds..mg.L. + NSEC.Effluent.NH3 + NSEC.Effluent.Flow",0.0368033931675136,0.560922438574724,"3,2"
"14083","Temp..of.the.Atmos. + Secondary.Effluent.Flow + UVT.... + CODds..mg.L. + NSEC.Effluent.NO3 + NSEC.Effluent.OP",0.00230381351857778,0.594668744312334,"3,2"
"14084","Temp..of.the.Atmos. + Secondary.Effluent.Flow + UVT.... + CODds..mg.L. + NSEC.Effluent.NO3 + NSEC.Effluent.TSS",0.22209287313281,0.670468979021432,"3,2"
"14085","Temp..of.the.Atmos. + Secondary.Effluent.Flow + UVT.... + CODds..mg.L. + NSEC.Effluent.NO3 + NSEC.Effluent.NO5",0.151164592370027,0.537414839402743,"3,2"
"14086","Temp..of.the.Atmos. + Secondary.Effluent.Flow + UVT.... + CODds..mg.L. + NSEC.Effluent.NO3 + NSEC.Effluent.Flow",0.0266114968678375,0.624729260652715,"3,2"
"14087","Temp..of.the.Atmos. + Secondary.Effluent.Flow + UVT.... + CODds..mg.L. + NSEC.Effluent.OP + NSEC.Effluent.TSS",0.255438198964324,0.715425007745013,"3,2"
"14088","Temp..of.the.Atmos. + Secondary.Effluent.Flow + UVT.... + CODds..mg.L. + NSEC.Effluent.OP + NSEC.Effluent.NO5",0.00869227919410687,0.580442480383377,"3,2"
"14089","Temp..of.the.Atmos. + Secondary.Effluent.Flow + UVT.... + CODds..mg.L. + NSEC.Effluent.OP + NSEC.Effluent.Flow",0.0826560439006152,0.557644402910728,"3,2"
"14090","Temp..of.the.Atmos. + Secondary.Effluent.Flow + UVT.... + CODds..mg.L. + NSEC.Effluent.TSS + NSEC.Effluent.NO5",0.194557016987372,0.00928118838176184,"3,2"
"14091","Temp..of.the.Atmos. + Secondary.Effluent.Flow + UVT.... + CODds..mg.L. + NSEC.Effluent.TSS + NSEC.Effluent.Flow",0.295423938371106,0.694732711050459,"3,2"
"14092","Temp..of.the.Atmos. + Secondary.Effluent.Flow + UVT.... + CODds..mg.L. + NSEC.Effluent.NO5 + NSEC.Effluent.Flow",0.126442182638855,0.597554635188735,"3,2"
"14093","Temp..of.the.Atmos. + Secondary.Effluent.Flow + UVT.... + SACto..1.m. + NSEC.Aerobic.SRT + NSEC.Effluent.NH3",0.128663712720238,0.580442533781444,"3,2"
"14094","Temp..of.the.Atmos. + Secondary.Effluent.Flow + UVT.... + SACto..1.m. + NSEC.Aerobic.SRT + NSEC.Effluent.NO3",0.239491417750683,0.5516047027765,"3,2"
"14095","Temp..of.the.Atmos. + Secondary.Effluent.Flow + UVT.... + SACto..1.m. + NSEC.Aerobic.SRT + NSEC.Effluent.OP",0.0349040279818353,0.630061072574752,"3,2"
"14096","Temp..of.the.Atmos. + Secondary.Effluent.Flow + UVT.... + SACto..1.m. + NSEC.Aerobic.SRT + NSEC.Effluent.TSS",0.0801382636222652,0.493945004131543,"3,2"
"14097","Temp..of.the.Atmos. + Secondary.Effluent.Flow + UVT.... + SACto..1.m. + NSEC.Aerobic.SRT + NSEC.Effluent.NO5",0.119023784302732,0.735867226015465,"3,2"
"14098","Temp..of.the.Atmos. + Secondary.Effluent.Flow + UVT.... + SACto..1.m. + NSEC.Aerobic.SRT + NSEC.Effluent.Flow",0.18698816125998,0.652598034719189,"3,2"
"14099","Temp..of.the.Atmos. + Secondary.Effluent.Flow + UVT.... + SACto..1.m. + NSEC.Effluent.NH3 + NSEC.Effluent.NO3",0.110896242001844,0.233001991068725,"3,2"
"14100","Temp..of.the.Atmos. + Secondary.Effluent.Flow + UVT.... + SACto..1.m. + NSEC.Effluent.NH3 + NSEC.Effluent.OP",0.0988271237468179,0.581731178824426,"3,2"
"14101","Temp..of.the.Atmos. + Secondary.Effluent.Flow + UVT.... + SACto..1.m. + NSEC.Effluent.NH3 + NSEC.Effluent.TSS",0.0864083552227741,0.588091480549547,"3,2"
"14102","Temp..of.the.Atmos. + Secondary.Effluent.Flow + UVT.... + SACto..1.m. + NSEC.Effluent.NH3 + NSEC.Effluent.NO5",0.270183347363149,0.548248769911199,"3,2"
"14103","Temp..of.the.Atmos. + Secondary.Effluent.Flow + UVT.... + SACto..1.m. + NSEC.Effluent.NH3 + NSEC.Effluent.Flow",0.0806463678685994,0.431046022819258,"3,2"
"14104","Temp..of.the.Atmos. + Secondary.Effluent.Flow + UVT.... + SACto..1.m. + NSEC.Effluent.NO3 + NSEC.Effluent.OP",0.151136534351271,0.45909003182445,"3,2"
"14105","Temp..of.the.Atmos. + Secondary.Effluent.Flow + UVT.... + SACto..1.m. + NSEC.Effluent.NO3 + NSEC.Effluent.TSS",0.121804135637687,0.645496226944156,"3,2"
"14106","Temp..of.the.Atmos. + Secondary.Effluent.Flow + UVT.... + SACto..1.m. + NSEC.Effluent.NO3 + NSEC.Effluent.NO5",0.0331228576258435,0.676924642611818,"3,2"
"14107","Temp..of.the.Atmos. + Secondary.Effluent.Flow + UVT.... + SACto..1.m. + NSEC.Effluent.NO3 + NSEC.Effluent.Flow",0.226037254852724,0.580358538882499,"3,2"
"14108","Temp..of.the.Atmos. + Secondary.Effluent.Flow + UVT.... + SACto..1.m. + NSEC.Effluent.OP + NSEC.Effluent.TSS",0.176013899307549,0.684929054675649,"3,2"
"14109","Temp..of.the.Atmos. + Secondary.Effluent.Flow + UVT.... + SACto..1.m. + NSEC.Effluent.OP + NSEC.Effluent.NO5",0.0635262967561727,0.408140213584076,"3,2"
"14110","Temp..of.the.Atmos. + Secondary.Effluent.Flow + UVT.... + SACto..1.m. + NSEC.Effluent.OP + NSEC.Effluent.Flow",0.236916286451103,0.632220009526308,"3,2"
"14111","Temp..of.the.Atmos. + Secondary.Effluent.Flow + UVT.... + SACto..1.m. + NSEC.Effluent.TSS + NSEC.Effluent.NO5",0.100573109982338,0.588820938118261,"3,2"
"14112","Temp..of.the.Atmos. + Secondary.Effluent.Flow + UVT.... + SACto..1.m. + NSEC.Effluent.TSS + NSEC.Effluent.Flow",0.0542643652042472,0.450095028789087,"3,2"
"14113","Temp..of.the.Atmos. + Secondary.Effluent.Flow + UVT.... + SACto..1.m. + NSEC.Effluent.NO5 + NSEC.Effluent.Flow",0.0568108512208165,0.611573817538073,"3,2"
"14114","Temp..of.the.Atmos. + Secondary.Effluent.Flow + UVT.... + NSEC.Aerobic.SRT + NSEC.Effluent.NH3 + NSEC.Effluent.NO3",0.00344539040413849,0.447721656775521,"3,2"
"14115","Temp..of.the.Atmos. + Secondary.Effluent.Flow + UVT.... + NSEC.Aerobic.SRT + NSEC.Effluent.NH3 + NSEC.Effluent.OP",0.0442041836503084,0.7312778375295,"3,2"
"14116","Temp..of.the.Atmos. + Secondary.Effluent.Flow + UVT.... + NSEC.Aerobic.SRT + NSEC.Effluent.NH3 + NSEC.Effluent.TSS",0.277567717901603,0.761689300104986,"3,2"
"14117","Temp..of.the.Atmos. + Secondary.Effluent.Flow + UVT.... + NSEC.Aerobic.SRT + NSEC.Effluent.NH3 + NSEC.Effluent.NO5",0.137462505919447,0.637937290775341,"3,2"
"14118","Temp..of.the.Atmos. + Secondary.Effluent.Flow + UVT.... + NSEC.Aerobic.SRT + NSEC.Effluent.NH3 + NSEC.Effluent.Flow",0.136916963455622,0.526403267874074,"3,2"
"14119","Temp..of.the.Atmos. + Secondary.Effluent.Flow + UVT.... + NSEC.Aerobic.SRT + NSEC.Effluent.NO3 + NSEC.Effluent.OP",0.15751344071246,0.576359177769243,"3,2"
"14120","Temp..of.the.Atmos. + Secondary.Effluent.Flow + UVT.... + NSEC.Aerobic.SRT + NSEC.Effluent.NO3 + NSEC.Effluent.TSS",0.0506202657704398,0.761061710982407,"3,2"
"14121","Temp..of.the.Atmos. + Secondary.Effluent.Flow + UVT.... + NSEC.Aerobic.SRT + NSEC.Effluent.NO3 + NSEC.Effluent.NO5",0.0794959507569815,0.762688128468977,"3,2"
"14122","Temp..of.the.Atmos. + Secondary.Effluent.Flow + UVT.... + NSEC.Aerobic.SRT + NSEC.Effluent.NO3 + NSEC.Effluent.Flow",0.166627841710686,0.553404278293561,"3,2"
"14123","Temp..of.the.Atmos. + Secondary.Effluent.Flow + UVT.... + NSEC.Aerobic.SRT + NSEC.Effluent.OP + NSEC.Effluent.TSS",0.0967375003844611,0.781953705771858,"3,2"
"14124","Temp..of.the.Atmos. + Secondary.Effluent.Flow + UVT.... + NSEC.Aerobic.SRT + NSEC.Effluent.OP + NSEC.Effluent.NO5",0.0475223771051678,0.731368335716266,"3,2"
"14125","Temp..of.the.Atmos. + Secondary.Effluent.Flow + UVT.... + NSEC.Aerobic.SRT + NSEC.Effluent.OP + NSEC.Effluent.Flow",0.056337822437579,0.648014919305731,"3,2"
"14126","Temp..of.the.Atmos. + Secondary.Effluent.Flow + UVT.... + NSEC.Aerobic.SRT + NSEC.Effluent.TSS + NSEC.Effluent.NO5",0.191753817752002,0.617411809582059,"3,2"
"14127","Temp..of.the.Atmos. + Secondary.Effluent.Flow + UVT.... + NSEC.Aerobic.SRT + NSEC.Effluent.TSS + NSEC.Effluent.Flow",0.000351400085205178,0.755120660463296,"3,2"
"14128","Temp..of.the.Atmos. + Secondary.Effluent.Flow + UVT.... + NSEC.Aerobic.SRT + NSEC.Effluent.NO5 + NSEC.Effluent.Flow",0.0250771147905531,0.758031204555084,"3,2"
"14129","Temp..of.the.Atmos. + Secondary.Effluent.Flow + UVT.... + NSEC.Effluent.NH3 + NSEC.Effluent.NO3 + NSEC.Effluent.OP",0.0973433761447111,0.423224710433153,"3,2"
"14130","Temp..of.the.Atmos. + Secondary.Effluent.Flow + UVT.... + NSEC.Effluent.NH3 + NSEC.Effluent.NO3 + NSEC.Effluent.TSS",0.00648857040985718,0.619447235000976,"3,2"
"14131","Temp..of.the.Atmos. + Secondary.Effluent.Flow + UVT.... + NSEC.Effluent.NH3 + NSEC.Effluent.NO3 + NSEC.Effluent.NO5",0.018857240410207,0.639550909863438,"3,2"
"14132","Temp..of.the.Atmos. + Secondary.Effluent.Flow + UVT.... + NSEC.Effluent.NH3 + NSEC.Effluent.NO3 + NSEC.Effluent.Flow",0.110113475214165,0.395058934895821,"3,2"
"14133","Temp..of.the.Atmos. + Secondary.Effluent.Flow + UVT.... + NSEC.Effluent.NH3 + NSEC.Effluent.OP + NSEC.Effluent.TSS",0.0832174068949147,0.691070372958438,"3,2"
"14134","Temp..of.the.Atmos. + Secondary.Effluent.Flow + UVT.... + NSEC.Effluent.NH3 + NSEC.Effluent.OP + NSEC.Effluent.NO5",0.000496945022305351,0.415790179489871,"3,2"
"14135","Temp..of.the.Atmos. + Secondary.Effluent.Flow + UVT.... + NSEC.Effluent.NH3 + NSEC.Effluent.OP + NSEC.Effluent.Flow",0.19450536396184,0.00316416873347358,"3,2"
"14136","Temp..of.the.Atmos. + Secondary.Effluent.Flow + UVT.... + NSEC.Effluent.NH3 + NSEC.Effluent.TSS + NSEC.Effluent.NO5",0.216088254120061,0.577395236222887,"3,2"
"14137","Temp..of.the.Atmos. + Secondary.Effluent.Flow + UVT.... + NSEC.Effluent.NH3 + NSEC.Effluent.TSS + NSEC.Effluent.Flow",0.151913874051744,0.502192548701486,"3,2"
"14138","Temp..of.the.Atmos. + Secondary.Effluent.Flow + UVT.... + NSEC.Effluent.NH3 + NSEC.Effluent.NO5 + NSEC.Effluent.Flow",0.208269828246289,0.57216495058257,"3,2"
"14139","Temp..of.the.Atmos. + Secondary.Effluent.Flow + UVT.... + NSEC.Effluent.NO3 + NSEC.Effluent.OP + NSEC.Effluent.TSS",0.0147161620397198,0.574560692320418,"3,2"
"14140","Temp..of.the.Atmos. + Secondary.Effluent.Flow + UVT.... + NSEC.Effluent.NO3 + NSEC.Effluent.OP + NSEC.Effluent.NO5",0.111554731505608,0.462379982995546,"3,2"
"14141","Temp..of.the.Atmos. + Secondary.Effluent.Flow + UVT.... + NSEC.Effluent.NO3 + NSEC.Effluent.OP + NSEC.Effluent.Flow",0.0460251977458555,0.629849257559758,"3,2"
"14142","Temp..of.the.Atmos. + Secondary.Effluent.Flow + UVT.... + NSEC.Effluent.NO3 + NSEC.Effluent.TSS + NSEC.Effluent.NO5",0.00209918345866833,0.662719587184549,"3,2"
"14143","Temp..of.the.Atmos. + Secondary.Effluent.Flow + UVT.... + NSEC.Effluent.NO3 + NSEC.Effluent.TSS + NSEC.Effluent.Flow",0.156253085216643,0.614136100403148,"3,2"
"14144","Temp..of.the.Atmos. + Secondary.Effluent.Flow + UVT.... + NSEC.Effluent.NO3 + NSEC.Effluent.NO5 + NSEC.Effluent.Flow",0.141610193744746,0.629890440927514,"3,2"
"14145","Temp..of.the.Atmos. + Secondary.Effluent.Flow + UVT.... + NSEC.Effluent.OP + NSEC.Effluent.TSS + NSEC.Effluent.NO5",0.168002691292251,0.579379211777216,"3,2"
"14146","Temp..of.the.Atmos. + Secondary.Effluent.Flow + UVT.... + NSEC.Effluent.OP + NSEC.Effluent.TSS + NSEC.Effluent.Flow",0.15038723702189,0.61608235008629,"3,2"
"14147","Temp..of.the.Atmos. + Secondary.Effluent.Flow + UVT.... + NSEC.Effluent.OP + NSEC.Effluent.NO5 + NSEC.Effluent.Flow",0.0794840723184358,0.537168470399112,"3,2"
"14148","Temp..of.the.Atmos. + Secondary.Effluent.Flow + UVT.... + NSEC.Effluent.TSS + NSEC.Effluent.NO5 + NSEC.Effluent.Flow",0.179419984595777,0.576562497488161,"3,2"
"14149","Temp..of.the.Atmos. + Secondary.Effluent.Flow + CODds..mg.L. + SACto..1.m. + NSEC.Aerobic.SRT + NSEC.Effluent.NH3",0.0138007318907358,0.780653527677203,"3,2"
"14150","Temp..of.the.Atmos. + Secondary.Effluent.Flow + CODds..mg.L. + SACto..1.m. + NSEC.Aerobic.SRT + NSEC.Effluent.NO3",0.209331568355305,0.726568572876715,"3,2"
"14151","Temp..of.the.Atmos. + Secondary.Effluent.Flow + CODds..mg.L. + SACto..1.m. + NSEC.Aerobic.SRT + NSEC.Effluent.OP",0.193424989900537,0.187068089570271,"3,2"
"14152","Temp..of.the.Atmos. + Secondary.Effluent.Flow + CODds..mg.L. + SACto..1.m. + NSEC.Aerobic.SRT + NSEC.Effluent.TSS",0.205924718811933,0.800952113123881,"3,2"
"14153","Temp..of.the.Atmos. + Secondary.Effluent.Flow + CODds..mg.L. + SACto..1.m. + NSEC.Aerobic.SRT + NSEC.Effluent.NO5",0.248023192021778,0.600593796176797,"3,2"
"14154","Temp..of.the.Atmos. + Secondary.Effluent.Flow + CODds..mg.L. + SACto..1.m. + NSEC.Aerobic.SRT + NSEC.Effluent.Flow",0.244796399749943,0.808578863438415,"3,2"
"14155","Temp..of.the.Atmos. + Secondary.Effluent.Flow + CODds..mg.L. + SACto..1.m. + NSEC.Effluent.NH3 + NSEC.Effluent.NO3",0.142165295954112,0.673476585066611,"3,2"
"14156","Temp..of.the.Atmos. + Secondary.Effluent.Flow + CODds..mg.L. + SACto..1.m. + NSEC.Effluent.NH3 + NSEC.Effluent.OP",0.162503074412053,0.555710715303326,"3,2"
"14157","Temp..of.the.Atmos. + Secondary.Effluent.Flow + CODds..mg.L. + SACto..1.m. + NSEC.Effluent.NH3 + NSEC.Effluent.TSS",0.260249405474087,0.713815947666182,"3,2"
"14158","Temp..of.the.Atmos. + Secondary.Effluent.Flow + CODds..mg.L. + SACto..1.m. + NSEC.Effluent.NH3 + NSEC.Effluent.NO5",0.115754253759591,0.691373197549104,"3,2"
"14159","Temp..of.the.Atmos. + Secondary.Effluent.Flow + CODds..mg.L. + SACto..1.m. + NSEC.Effluent.NH3 + NSEC.Effluent.Flow",0.15540236859362,0.618640619492885,"3,2"
"14160","Temp..of.the.Atmos. + Secondary.Effluent.Flow + CODds..mg.L. + SACto..1.m. + NSEC.Effluent.NO3 + NSEC.Effluent.OP",0.20246359740611,0.581545570896036,"3,2"
"14161","Temp..of.the.Atmos. + Secondary.Effluent.Flow + CODds..mg.L. + SACto..1.m. + NSEC.Effluent.NO3 + NSEC.Effluent.TSS",0.153111661300595,0.603960130265138,"3,2"
"14162","Temp..of.the.Atmos. + Secondary.Effluent.Flow + CODds..mg.L. + SACto..1.m. + NSEC.Effluent.NO3 + NSEC.Effluent.NO5",0.110559499739958,0.674083965329456,"3,2"
"14163","Temp..of.the.Atmos. + Secondary.Effluent.Flow + CODds..mg.L. + SACto..1.m. + NSEC.Effluent.NO3 + NSEC.Effluent.Flow",0.221955828062161,0.642134911110148,"3,2"
"14164","Temp..of.the.Atmos. + Secondary.Effluent.Flow + CODds..mg.L. + SACto..1.m. + NSEC.Effluent.OP + NSEC.Effluent.TSS",0.193697997184403,0.655126174652519,"3,2"
"14165","Temp..of.the.Atmos. + Secondary.Effluent.Flow + CODds..mg.L. + SACto..1.m. + NSEC.Effluent.OP + NSEC.Effluent.NO5",0.122795244065319,0.56417573889396,"3,2"
"14166","Temp..of.the.Atmos. + Secondary.Effluent.Flow + CODds..mg.L. + SACto..1.m. + NSEC.Effluent.OP + NSEC.Effluent.Flow",0.0881223740384836,0.545121935617939,"3,2"
"14167","Temp..of.the.Atmos. + Secondary.Effluent.Flow + CODds..mg.L. + SACto..1.m. + NSEC.Effluent.TSS + NSEC.Effluent.NO5",0.259075785078039,0.752498456712072,"3,2"
"14168","Temp..of.the.Atmos. + Secondary.Effluent.Flow + CODds..mg.L. + SACto..1.m. + NSEC.Effluent.TSS + NSEC.Effluent.Flow",0.208505560561742,0.70494211390894,"3,2"
"14169","Temp..of.the.Atmos. + Secondary.Effluent.Flow + CODds..mg.L. + SACto..1.m. + NSEC.Effluent.NO5 + NSEC.Effluent.Flow",0.17460049082368,0.711675151094854,"3,2"
"14170","Temp..of.the.Atmos. + Secondary.Effluent.Flow + CODds..mg.L. + NSEC.Aerobic.SRT + NSEC.Effluent.NH3 + NSEC.Effluent.NO3",0.0987520041764856,0.694355232047559,"3,2"
"14171","Temp..of.the.Atmos. + Secondary.Effluent.Flow + CODds..mg.L. + NSEC.Aerobic.SRT + NSEC.Effluent.NH3 + NSEC.Effluent.OP",0.15821299261285,0.63365566416837,"3,2"
"14172","Temp..of.the.Atmos. + Secondary.Effluent.Flow + CODds..mg.L. + NSEC.Aerobic.SRT + NSEC.Effluent.NH3 + NSEC.Effluent.TSS",0.128401263852394,0.815424071885267,"3,2"
"14173","Temp..of.the.Atmos. + Secondary.Effluent.Flow + CODds..mg.L. + NSEC.Aerobic.SRT + NSEC.Effluent.NH3 + NSEC.Effluent.NO5",0.253159895107802,0.765624306328759,"3,2"
"14174","Temp..of.the.Atmos. + Secondary.Effluent.Flow + CODds..mg.L. + NSEC.Aerobic.SRT + NSEC.Effluent.NH3 + NSEC.Effluent.Flow",0.0797826484726487,0.57489975584148,"3,2"
"14175","Temp..of.the.Atmos. + Secondary.Effluent.Flow + CODds..mg.L. + NSEC.Aerobic.SRT + NSEC.Effluent.NO3 + NSEC.Effluent.OP",0.179419490372799,0.813867159818436,"3,2"
"14176","Temp..of.the.Atmos. + Secondary.Effluent.Flow + CODds..mg.L. + NSEC.Aerobic.SRT + NSEC.Effluent.NO3 + NSEC.Effluent.TSS",0.4131087624153,0.78284592954486,"3,2"
"14177","Temp..of.the.Atmos. + Secondary.Effluent.Flow + CODds..mg.L. + NSEC.Aerobic.SRT + NSEC.Effluent.NO3 + NSEC.Effluent.NO5",0.30094762973334,0.797415854911598,"3,2"
"14178","Temp..of.the.Atmos. + Secondary.Effluent.Flow + CODds..mg.L. + NSEC.Aerobic.SRT + NSEC.Effluent.NO3 + NSEC.Effluent.Flow",0.056998482367018,0.579533474949225,"3,2"
"14179","Temp..of.the.Atmos. + Secondary.Effluent.Flow + CODds..mg.L. + NSEC.Aerobic.SRT + NSEC.Effluent.OP + NSEC.Effluent.TSS",0.252073193395734,0.802187211313212,"3,2"
"14180","Temp..of.the.Atmos. + Secondary.Effluent.Flow + CODds..mg.L. + NSEC.Aerobic.SRT + NSEC.Effluent.OP + NSEC.Effluent.NO5",0.105925282919261,0.616876322107982,"3,2"
"14181","Temp..of.the.Atmos. + Secondary.Effluent.Flow + CODds..mg.L. + NSEC.Aerobic.SRT + NSEC.Effluent.OP + NSEC.Effluent.Flow",0.265087798183434,0.809548319548844,"3,2"
"14182","Temp..of.the.Atmos. + Secondary.Effluent.Flow + CODds..mg.L. + NSEC.Aerobic.SRT + NSEC.Effluent.TSS + NSEC.Effluent.NO5",0.421350738918103,0.797828157275506,"3,2"
"14183","Temp..of.the.Atmos. + Secondary.Effluent.Flow + CODds..mg.L. + NSEC.Aerobic.SRT + NSEC.Effluent.TSS + NSEC.Effluent.Flow",0.322841390298201,0.706334902624007,"3,2"
"14184","Temp..of.the.Atmos. + Secondary.Effluent.Flow + CODds..mg.L. + NSEC.Aerobic.SRT + NSEC.Effluent.NO5 + NSEC.Effluent.Flow",0.0437673239668157,0.654399150630557,"3,2"
"14185","Temp..of.the.Atmos. + Secondary.Effluent.Flow + CODds..mg.L. + NSEC.Effluent.NH3 + NSEC.Effluent.NO3 + NSEC.Effluent.OP",0.0579000783496464,0.520494984394203,"3,2"
"14186","Temp..of.the.Atmos. + Secondary.Effluent.Flow + CODds..mg.L. + NSEC.Effluent.NH3 + NSEC.Effluent.NO3 + NSEC.Effluent.TSS",0.137016455035744,0.651230205454227,"3,2"
"14187","Temp..of.the.Atmos. + Secondary.Effluent.Flow + CODds..mg.L. + NSEC.Effluent.NH3 + NSEC.Effluent.NO3 + NSEC.Effluent.NO5",0.213442686796555,0.523359620119256,"3,2"
"14188","Temp..of.the.Atmos. + Secondary.Effluent.Flow + CODds..mg.L. + NSEC.Effluent.NH3 + NSEC.Effluent.NO3 + NSEC.Effluent.Flow",0.0819343807270281,0.384051558173826,"3,2"
"14189","Temp..of.the.Atmos. + Secondary.Effluent.Flow + CODds..mg.L. + NSEC.Effluent.NH3 + NSEC.Effluent.OP + NSEC.Effluent.TSS",0.0724867708719925,0.5652069232244,"3,2"
"14190","Temp..of.the.Atmos. + Secondary.Effluent.Flow + CODds..mg.L. + NSEC.Effluent.NH3 + NSEC.Effluent.OP + NSEC.Effluent.NO5",0.274867463129138,0.519971111495821,"3,2"
"14191","Temp..of.the.Atmos. + Secondary.Effluent.Flow + CODds..mg.L. + NSEC.Effluent.NH3 + NSEC.Effluent.OP + NSEC.Effluent.Flow",0.0201936178021449,0.449810740128366,"3,2"
"14192","Temp..of.the.Atmos. + Secondary.Effluent.Flow + CODds..mg.L. + NSEC.Effluent.NH3 + NSEC.Effluent.TSS + NSEC.Effluent.NO5",0.113558101171535,0.631975606685222,"3,2"
"14193","Temp..of.the.Atmos. + Secondary.Effluent.Flow + CODds..mg.L. + NSEC.Effluent.NH3 + NSEC.Effluent.TSS + NSEC.Effluent.Flow",0.093141661063648,0.617220958126663,"3,2"
"14194","Temp..of.the.Atmos. + Secondary.Effluent.Flow + CODds..mg.L. + NSEC.Effluent.NH3 + NSEC.Effluent.NO5 + NSEC.Effluent.Flow",0.0166365733856972,0.557157213609863,"3,2"
"14195","Temp..of.the.Atmos. + Secondary.Effluent.Flow + CODds..mg.L. + NSEC.Effluent.NO3 + NSEC.Effluent.OP + NSEC.Effluent.TSS",0.0495149901444152,0.672388735341429,"3,2"
"14196","Temp..of.the.Atmos. + Secondary.Effluent.Flow + CODds..mg.L. + NSEC.Effluent.NO3 + NSEC.Effluent.OP + NSEC.Effluent.NO5",0.0311437687657268,0.698239346286884,"3,2"
"14197","Temp..of.the.Atmos. + Secondary.Effluent.Flow + CODds..mg.L. + NSEC.Effluent.NO3 + NSEC.Effluent.OP + NSEC.Effluent.Flow",0.214306594968122,0.426347015842229,"3,2"
"14198","Temp..of.the.Atmos. + Secondary.Effluent.Flow + CODds..mg.L. + NSEC.Effluent.NO3 + NSEC.Effluent.TSS + NSEC.Effluent.NO5",0.183631595235124,0.715847897884739,"3,2"
"14199","Temp..of.the.Atmos. + Secondary.Effluent.Flow + CODds..mg.L. + NSEC.Effluent.NO3 + NSEC.Effluent.TSS + NSEC.Effluent.Flow",0.0850227112315545,0.635204709644472,"3,2"
"14200","Temp..of.the.Atmos. + Secondary.Effluent.Flow + CODds..mg.L. + NSEC.Effluent.NO3 + NSEC.Effluent.NO5 + NSEC.Effluent.Flow",0.0258375648054447,0.639793067301683,"3,2"
"14201","Temp..of.the.Atmos. + Secondary.Effluent.Flow + CODds..mg.L. + NSEC.Effluent.OP + NSEC.Effluent.TSS + NSEC.Effluent.NO5",0.0463035558516547,0.636735938815783,"3,2"
"14202","Temp..of.the.Atmos. + Secondary.Effluent.Flow + CODds..mg.L. + NSEC.Effluent.OP + NSEC.Effluent.TSS + NSEC.Effluent.Flow",0.025656705928377,0.644341398844135,"3,2"
"14203","Temp..of.the.Atmos. + Secondary.Effluent.Flow + CODds..mg.L. + NSEC.Effluent.OP + NSEC.Effluent.NO5 + NSEC.Effluent.Flow",0.372689976249713,0.530662977880063,"3,2"
"14204","Temp..of.the.Atmos. + Secondary.Effluent.Flow + CODds..mg.L. + NSEC.Effluent.TSS + NSEC.Effluent.NO5 + NSEC.Effluent.Flow",0.00575269740161488,0.662603723932493,"3,2"
"14205","Temp..of.the.Atmos. + Secondary.Effluent.Flow + SACto..1.m. + NSEC.Aerobic.SRT + NSEC.Effluent.NH3 + NSEC.Effluent.NO3",0.0667535729043611,0.489087637999659,"3,2"
"14206","Temp..of.the.Atmos. + Secondary.Effluent.Flow + SACto..1.m. + NSEC.Aerobic.SRT + NSEC.Effluent.NH3 + NSEC.Effluent.OP",0.152484968568348,0.682643357343941,"3,2"
"14207","Temp..of.the.Atmos. + Secondary.Effluent.Flow + SACto..1.m. + NSEC.Aerobic.SRT + NSEC.Effluent.NH3 + NSEC.Effluent.TSS",0.36064511125984,0.77342967984674,"3,2"
"14208","Temp..of.the.Atmos. + Secondary.Effluent.Flow + SACto..1.m. + NSEC.Aerobic.SRT + NSEC.Effluent.NH3 + NSEC.Effluent.NO5",0.13723476342151,0.562635490578773,"3,2"
"14209","Temp..of.the.Atmos. + Secondary.Effluent.Flow + SACto..1.m. + NSEC.Aerobic.SRT + NSEC.Effluent.NH3 + NSEC.Effluent.Flow",0.0665377041337052,0.703142270180915,"3,2"
"14210","Temp..of.the.Atmos. + Secondary.Effluent.Flow + SACto..1.m. + NSEC.Aerobic.SRT + NSEC.Effluent.NO3 + NSEC.Effluent.OP",0.0629033840993258,0.758212358809845,"3,2"
"14211","Temp..of.the.Atmos. + Secondary.Effluent.Flow + SACto..1.m. + NSEC.Aerobic.SRT + NSEC.Effluent.NO3 + NSEC.Effluent.TSS",0.494724464856769,0.816933610541209,"3,2"
"14212","Temp..of.the.Atmos. + Secondary.Effluent.Flow + SACto..1.m. + NSEC.Aerobic.SRT + NSEC.Effluent.NO3 + NSEC.Effluent.NO5",0.191831124030119,0.742724321278667,"3,2"
"14213","Temp..of.the.Atmos. + Secondary.Effluent.Flow + SACto..1.m. + NSEC.Aerobic.SRT + NSEC.Effluent.NO3 + NSEC.Effluent.Flow",0.192860806254479,0.723054434544502,"3,2"
"14214","Temp..of.the.Atmos. + Secondary.Effluent.Flow + SACto..1.m. + NSEC.Aerobic.SRT + NSEC.Effluent.OP + NSEC.Effluent.TSS",0.0932207681362578,0.779544452993455,"3,2"
"14215","Temp..of.the.Atmos. + Secondary.Effluent.Flow + SACto..1.m. + NSEC.Aerobic.SRT + NSEC.Effluent.OP + NSEC.Effluent.NO5",0.181093038863444,0.612727022730733,"3,2"
"14216","Temp..of.the.Atmos. + Secondary.Effluent.Flow + SACto..1.m. + NSEC.Aerobic.SRT + NSEC.Effluent.OP + NSEC.Effluent.Flow",0.092849254715313,0.73990309750207,"3,2"
"14217","Temp..of.the.Atmos. + Secondary.Effluent.Flow + SACto..1.m. + NSEC.Aerobic.SRT + NSEC.Effluent.TSS + NSEC.Effluent.NO5",0.122465487499187,0.778894542256345,"3,2"
"14218","Temp..of.the.Atmos. + Secondary.Effluent.Flow + SACto..1.m. + NSEC.Aerobic.SRT + NSEC.Effluent.TSS + NSEC.Effluent.Flow",0.245662836585363,0.742573387433157,"3,2"
"14219","Temp..of.the.Atmos. + Secondary.Effluent.Flow + SACto..1.m. + NSEC.Aerobic.SRT + NSEC.Effluent.NO5 + NSEC.Effluent.Flow",0.183232047163849,0.662471252239578,"3,2"
"14220","Temp..of.the.Atmos. + Secondary.Effluent.Flow + SACto..1.m. + NSEC.Effluent.NH3 + NSEC.Effluent.NO3 + NSEC.Effluent.OP",0.213387389918929,0.620247242322131,"3,2"
"14221","Temp..of.the.Atmos. + Secondary.Effluent.Flow + SACto..1.m. + NSEC.Effluent.NH3 + NSEC.Effluent.NO3 + NSEC.Effluent.TSS",0.0736624236550298,0.548922308103531,"3,2"
"14222","Temp..of.the.Atmos. + Secondary.Effluent.Flow + SACto..1.m. + NSEC.Effluent.NH3 + NSEC.Effluent.NO3 + NSEC.Effluent.NO5",0.186896667117672,0.634491555448122,"3,2"
"14223","Temp..of.the.Atmos. + Secondary.Effluent.Flow + SACto..1.m. + NSEC.Effluent.NH3 + NSEC.Effluent.NO3 + NSEC.Effluent.Flow",0.0536275404786877,0.459722127772822,"3,2"
"14224","Temp..of.the.Atmos. + Secondary.Effluent.Flow + SACto..1.m. + NSEC.Effluent.NH3 + NSEC.Effluent.OP + NSEC.Effluent.TSS",0.143966144228524,0.592672783868086,"3,2"
"14225","Temp..of.the.Atmos. + Secondary.Effluent.Flow + SACto..1.m. + NSEC.Effluent.NH3 + NSEC.Effluent.OP + NSEC.Effluent.NO5",0.0660449138723904,0.488798711708666,"3,2"
"14226","Temp..of.the.Atmos. + Secondary.Effluent.Flow + SACto..1.m. + NSEC.Effluent.NH3 + NSEC.Effluent.OP + NSEC.Effluent.Flow",0.0464321116441253,0.589416006084375,"3,2"
"14227","Temp..of.the.Atmos. + Secondary.Effluent.Flow + SACto..1.m. + NSEC.Effluent.NH3 + NSEC.Effluent.TSS + NSEC.Effluent.NO5",0.182134396997391,0.673497299136158,"3,2"
"14228","Temp..of.the.Atmos. + Secondary.Effluent.Flow + SACto..1.m. + NSEC.Effluent.NH3 + NSEC.Effluent.TSS + NSEC.Effluent.Flow",0.0964036192804181,0.526342942565827,"3,2"
"14229","Temp..of.the.Atmos. + Secondary.Effluent.Flow + SACto..1.m. + NSEC.Effluent.NH3 + NSEC.Effluent.NO5 + NSEC.Effluent.Flow",0.0984540349894854,0.603228421248477,"3,2"
"14230","Temp..of.the.Atmos. + Secondary.Effluent.Flow + SACto..1.m. + NSEC.Effluent.NO3 + NSEC.Effluent.OP + NSEC.Effluent.TSS",0.0186430278641128,0.656449708001039,"3,2"
"14231","Temp..of.the.Atmos. + Secondary.Effluent.Flow + SACto..1.m. + NSEC.Effluent.NO3 + NSEC.Effluent.OP + NSEC.Effluent.NO5",0.00824473040199925,0.422319141941541,"3,2"
"14232","Temp..of.the.Atmos. + Secondary.Effluent.Flow + SACto..1.m. + NSEC.Effluent.NO3 + NSEC.Effluent.OP + NSEC.Effluent.Flow",0.159760758784618,0.513781164972735,"3,2"
"14233","Temp..of.the.Atmos. + Secondary.Effluent.Flow + SACto..1.m. + NSEC.Effluent.NO3 + NSEC.Effluent.TSS + NSEC.Effluent.NO5",0.0482078313450165,0.580418644917705,"3,2"
"14234","Temp..of.the.Atmos. + Secondary.Effluent.Flow + SACto..1.m. + NSEC.Effluent.NO3 + NSEC.Effluent.TSS + NSEC.Effluent.Flow",0.244555837658373,0.628435477266769,"3,2"
"14235","Temp..of.the.Atmos. + Secondary.Effluent.Flow + SACto..1.m. + NSEC.Effluent.NO3 + NSEC.Effluent.NO5 + NSEC.Effluent.Flow",0.109878540789086,0.553206362102493,"3,2"
"14236","Temp..of.the.Atmos. + Secondary.Effluent.Flow + SACto..1.m. + NSEC.Effluent.OP + NSEC.Effluent.TSS + NSEC.Effluent.NO5",0.152649910840814,0.716413628077033,"3,2"
"14237","Temp..of.the.Atmos. + Secondary.Effluent.Flow + SACto..1.m. + NSEC.Effluent.OP + NSEC.Effluent.TSS + NSEC.Effluent.Flow",0.0261922845104088,0.65199181454393,"3,2"
"14238","Temp..of.the.Atmos. + Secondary.Effluent.Flow + SACto..1.m. + NSEC.Effluent.OP + NSEC.Effluent.NO5 + NSEC.Effluent.Flow",0.517863668756883,0.658242373092878,"3,2"
"14239","Temp..of.the.Atmos. + Secondary.Effluent.Flow + SACto..1.m. + NSEC.Effluent.TSS + NSEC.Effluent.NO5 + NSEC.Effluent.Flow",0.150872212701572,0.545304518096278,"3,2"
"14240","Temp..of.the.Atmos. + Secondary.Effluent.Flow + NSEC.Aerobic.SRT + NSEC.Effluent.NH3 + NSEC.Effluent.NO3 + NSEC.Effluent.OP",0.171792600711033,0.776389301619032,"3,2"
"14241","Temp..of.the.Atmos. + Secondary.Effluent.Flow + NSEC.Aerobic.SRT + NSEC.Effluent.NH3 + NSEC.Effluent.NO3 + NSEC.Effluent.TSS",0.268686043674007,0.754869439064314,"3,2"
"14242","Temp..of.the.Atmos. + Secondary.Effluent.Flow + NSEC.Aerobic.SRT + NSEC.Effluent.NH3 + NSEC.Effluent.NO3 + NSEC.Effluent.NO5",0.0256830967500385,0.382097214428111,"3,2"
"14243","Temp..of.the.Atmos. + Secondary.Effluent.Flow + NSEC.Aerobic.SRT + NSEC.Effluent.NH3 + NSEC.Effluent.NO3 + NSEC.Effluent.Flow",0.303669753403951,0.656727098566949,"3,2"
"14244","Temp..of.the.Atmos. + Secondary.Effluent.Flow + NSEC.Aerobic.SRT + NSEC.Effluent.NH3 + NSEC.Effluent.OP + NSEC.Effluent.TSS",0.158319428072027,0.63684503524065,"3,2"
"14245","Temp..of.the.Atmos. + Secondary.Effluent.Flow + NSEC.Aerobic.SRT + NSEC.Effluent.NH3 + NSEC.Effluent.OP + NSEC.Effluent.NO5",0.0906186255454626,0.604286464725815,"3,2"
"14246","Temp..of.the.Atmos. + Secondary.Effluent.Flow + NSEC.Aerobic.SRT + NSEC.Effluent.NH3 + NSEC.Effluent.OP + NSEC.Effluent.Flow",0.00749134085723901,0.625929819149788,"3,2"
"14247","Temp..of.the.Atmos. + Secondary.Effluent.Flow + NSEC.Aerobic.SRT + NSEC.Effluent.NH3 + NSEC.Effluent.TSS + NSEC.Effluent.NO5",0.126224420484666,0.586854144450725,"3,2"
"14248","Temp..of.the.Atmos. + Secondary.Effluent.Flow + NSEC.Aerobic.SRT + NSEC.Effluent.NH3 + NSEC.Effluent.TSS + NSEC.Effluent.Flow",0.163820201841269,0.614065136683801,"3,2"
"14249","Temp..of.the.Atmos. + Secondary.Effluent.Flow + NSEC.Aerobic.SRT + NSEC.Effluent.NH3 + NSEC.Effluent.NO5 + NSEC.Effluent.Flow",0.166648863340782,0.634957626083949,"3,2"
"14250","Temp..of.the.Atmos. + Secondary.Effluent.Flow + NSEC.Aerobic.SRT + NSEC.Effluent.NO3 + NSEC.Effluent.OP + NSEC.Effluent.TSS",0.243903277826223,0.751556737997825,"3,2"
"14251","Temp..of.the.Atmos. + Secondary.Effluent.Flow + NSEC.Aerobic.SRT + NSEC.Effluent.NO3 + NSEC.Effluent.OP + NSEC.Effluent.NO5",0.0483928500510933,0.820293194887501,"3,2"
"14252","Temp..of.the.Atmos. + Secondary.Effluent.Flow + NSEC.Aerobic.SRT + NSEC.Effluent.NO3 + NSEC.Effluent.OP + NSEC.Effluent.Flow",0.0490562620613799,0.719167091440669,"3,2"
"14253","Temp..of.the.Atmos. + Secondary.Effluent.Flow + NSEC.Aerobic.SRT + NSEC.Effluent.NO3 + NSEC.Effluent.TSS + NSEC.Effluent.NO5",0.273400302975617,0.792134432004422,"3,2"
"14254","Temp..of.the.Atmos. + Secondary.Effluent.Flow + NSEC.Aerobic.SRT + NSEC.Effluent.NO3 + NSEC.Effluent.TSS + NSEC.Effluent.Flow",0.0147747827532263,0.364060233363625,"3,2"
"14255","Temp..of.the.Atmos. + Secondary.Effluent.Flow + NSEC.Aerobic.SRT + NSEC.Effluent.NO3 + NSEC.Effluent.NO5 + NSEC.Effluent.Flow",0.0239640270657731,0.424575717206648,"3,2"
"14256","Temp..of.the.Atmos. + Secondary.Effluent.Flow + NSEC.Aerobic.SRT + NSEC.Effluent.OP + NSEC.Effluent.TSS + NSEC.Effluent.NO5",0.0587284796536189,0.578440272955743,"3,2"
"14257","Temp..of.the.Atmos. + Secondary.Effluent.Flow + NSEC.Aerobic.SRT + NSEC.Effluent.OP + NSEC.Effluent.TSS + NSEC.Effluent.Flow",0.102677604469284,0.756658345161124,"3,2"
"14258","Temp..of.the.Atmos. + Secondary.Effluent.Flow + NSEC.Aerobic.SRT + NSEC.Effluent.OP + NSEC.Effluent.NO5 + NSEC.Effluent.Flow",0.0399865085216371,0.578379029805251,"3,2"
"14259","Temp..of.the.Atmos. + Secondary.Effluent.Flow + NSEC.Aerobic.SRT + NSEC.Effluent.TSS + NSEC.Effluent.NO5 + NSEC.Effluent.Flow",0.160041574351579,0.574661287632522,"3,2"
"14260","Temp..of.the.Atmos. + Secondary.Effluent.Flow + NSEC.Effluent.NH3 + NSEC.Effluent.NO3 + NSEC.Effluent.OP + NSEC.Effluent.TSS",0.0765987795178917,0.596571172446441,"3,2"
"14261","Temp..of.the.Atmos. + Secondary.Effluent.Flow + NSEC.Effluent.NH3 + NSEC.Effluent.NO3 + NSEC.Effluent.OP + NSEC.Effluent.NO5",0.0318325951375007,0.678226968465027,"3,2"
"14262","Temp..of.the.Atmos. + Secondary.Effluent.Flow + NSEC.Effluent.NH3 + NSEC.Effluent.NO3 + NSEC.Effluent.OP + NSEC.Effluent.Flow",0.163004747962979,0.443029892081261,"3,2"
"14263","Temp..of.the.Atmos. + Secondary.Effluent.Flow + NSEC.Effluent.NH3 + NSEC.Effluent.NO3 + NSEC.Effluent.TSS + NSEC.Effluent.NO5",0.0377389438623013,0.510057670321295,"3,2"
"14264","Temp..of.the.Atmos. + Secondary.Effluent.Flow + NSEC.Effluent.NH3 + NSEC.Effluent.NO3 + NSEC.Effluent.TSS + NSEC.Effluent.Flow",0.0337622297339439,0.402962055283859,"3,2"
"14265","Temp..of.the.Atmos. + Secondary.Effluent.Flow + NSEC.Effluent.NH3 + NSEC.Effluent.NO3 + NSEC.Effluent.NO5 + NSEC.Effluent.Flow",0.124913733253391,0.0506075507723327,"3,2"
"14266","Temp..of.the.Atmos. + Secondary.Effluent.Flow + NSEC.Effluent.NH3 + NSEC.Effluent.OP + NSEC.Effluent.TSS + NSEC.Effluent.NO5",0.0612349151551752,0.589221420961428,"3,2"
"14267","Temp..of.the.Atmos. + Secondary.Effluent.Flow + NSEC.Effluent.NH3 + NSEC.Effluent.OP + NSEC.Effluent.TSS + NSEC.Effluent.Flow",0.00948529163134548,0.597076437732739,"3,2"
"14268","Temp..of.the.Atmos. + Secondary.Effluent.Flow + NSEC.Effluent.NH3 + NSEC.Effluent.OP + NSEC.Effluent.NO5 + NSEC.Effluent.Flow",0.0618601368116094,0.312687861011183,"3,2"
"14269","Temp..of.the.Atmos. + Secondary.Effluent.Flow + NSEC.Effluent.NH3 + NSEC.Effluent.TSS + NSEC.Effluent.NO5 + NSEC.Effluent.Flow",0.125620900061083,0.644211575093529,"3,2"
"14270","Temp..of.the.Atmos. + Secondary.Effluent.Flow + NSEC.Effluent.NO3 + NSEC.Effluent.OP + NSEC.Effluent.TSS + NSEC.Effluent.NO5",0.19337287065443,0.0135564075297416,"3,2"
"14271","Temp..of.the.Atmos. + Secondary.Effluent.Flow + NSEC.Effluent.NO3 + NSEC.Effluent.OP + NSEC.Effluent.TSS + NSEC.Effluent.Flow",0.0618783682626063,0.619365475617498,"3,2"
"14272","Temp..of.the.Atmos. + Secondary.Effluent.Flow + NSEC.Effluent.NO3 + NSEC.Effluent.OP + NSEC.Effluent.NO5 + NSEC.Effluent.Flow",0.266520826836792,0.669562247198894,"3,2"
"14273","Temp..of.the.Atmos. + Secondary.Effluent.Flow + NSEC.Effluent.NO3 + NSEC.Effluent.TSS + NSEC.Effluent.NO5 + NSEC.Effluent.Flow",0.0308616463244054,0.495246605520367,"3,2"
"14274","Temp..of.the.Atmos. + Secondary.Effluent.Flow + NSEC.Effluent.OP + NSEC.Effluent.TSS + NSEC.Effluent.NO5 + NSEC.Effluent.Flow",0.0577966165618196,0.590842484651404,"3,2"
"14275","Temp..of.the.Atmos. + N..Basin.Outfall + CODto..mg.L. + TSS..mg.L. + UVT.... + CODds..mg.L.",0.171963821135348,0.492322636214346,"3,2"
"14276","Temp..of.the.Atmos. + N..Basin.Outfall + CODto..mg.L. + TSS..mg.L. + UVT.... + SACto..1.m.",0.082284810926462,0.655276466940309,"3,2"
"14277","Temp..of.the.Atmos. + N..Basin.Outfall + CODto..mg.L. + TSS..mg.L. + UVT.... + NSEC.Aerobic.SRT",0.122151278453746,0.787681722622225,"3,2"
"14278","Temp..of.the.Atmos. + N..Basin.Outfall + CODto..mg.L. + TSS..mg.L. + UVT.... + NSEC.Effluent.NH3",0.0741848180177405,0.473272049678259,"3,2"
"14279","Temp..of.the.Atmos. + N..Basin.Outfall + CODto..mg.L. + TSS..mg.L. + UVT.... + NSEC.Effluent.NO3",0.121338443898045,0.492125047422278,"3,2"
"14280","Temp..of.the.Atmos. + N..Basin.Outfall + CODto..mg.L. + TSS..mg.L. + UVT.... + NSEC.Effluent.OP",0.0945464762287451,0.603192444788414,"3,2"
"14281","Temp..of.the.Atmos. + N..Basin.Outfall + CODto..mg.L. + TSS..mg.L. + UVT.... + NSEC.Effluent.TSS",0.105889412558649,0.711333360741454,"3,2"
"14282","Temp..of.the.Atmos. + N..Basin.Outfall + CODto..mg.L. + TSS..mg.L. + UVT.... + NSEC.Effluent.NO5",0.00461520481886746,0.60931507210215,"3,2"
"14283","Temp..of.the.Atmos. + N..Basin.Outfall + CODto..mg.L. + TSS..mg.L. + UVT.... + NSEC.Effluent.Flow",0.134325637367571,0.50130180158603,"3,2"
"14284","Temp..of.the.Atmos. + N..Basin.Outfall + CODto..mg.L. + TSS..mg.L. + CODds..mg.L. + SACto..1.m.",0.130389086766504,0.594497756301238,"3,2"
"14285","Temp..of.the.Atmos. + N..Basin.Outfall + CODto..mg.L. + TSS..mg.L. + CODds..mg.L. + NSEC.Aerobic.SRT",0.0576191309045671,0.718064358514363,"3,2"
"14286","Temp..of.the.Atmos. + N..Basin.Outfall + CODto..mg.L. + TSS..mg.L. + CODds..mg.L. + NSEC.Effluent.NH3",0.0112435297616233,0.652237168821775,"3,2"
"14287","Temp..of.the.Atmos. + N..Basin.Outfall + CODto..mg.L. + TSS..mg.L. + CODds..mg.L. + NSEC.Effluent.NO3",0.260022440132881,0.588904474147661,"3,2"
"14288","Temp..of.the.Atmos. + N..Basin.Outfall + CODto..mg.L. + TSS..mg.L. + CODds..mg.L. + NSEC.Effluent.OP",0.202684862953022,0.542490318518169,"3,2"
"14289","Temp..of.the.Atmos. + N..Basin.Outfall + CODto..mg.L. + TSS..mg.L. + CODds..mg.L. + NSEC.Effluent.TSS",0.204736486231975,0.748174687583303,"3,2"
"14290","Temp..of.the.Atmos. + N..Basin.Outfall + CODto..mg.L. + TSS..mg.L. + CODds..mg.L. + NSEC.Effluent.NO5",0.00409753746194808,0.664080191552278,"3,2"
"14291","Temp..of.the.Atmos. + N..Basin.Outfall + CODto..mg.L. + TSS..mg.L. + CODds..mg.L. + NSEC.Effluent.Flow",0.0434340456691178,0.656575400528443,"3,2"
"14292","Temp..of.the.Atmos. + N..Basin.Outfall + CODto..mg.L. + TSS..mg.L. + SACto..1.m. + NSEC.Aerobic.SRT",0.139281738185104,0.755492924597501,"3,2"
"14293","Temp..of.the.Atmos. + N..Basin.Outfall + CODto..mg.L. + TSS..mg.L. + SACto..1.m. + NSEC.Effluent.NH3",0.199860905095854,0.555804690092344,"3,2"
"14294","Temp..of.the.Atmos. + N..Basin.Outfall + CODto..mg.L. + TSS..mg.L. + SACto..1.m. + NSEC.Effluent.NO3",0.230082701303374,0.691590715800924,"3,2"
"14295","Temp..of.the.Atmos. + N..Basin.Outfall + CODto..mg.L. + TSS..mg.L. + SACto..1.m. + NSEC.Effluent.OP",0.00922153748202814,0.548025527383954,"3,2"
"14296","Temp..of.the.Atmos. + N..Basin.Outfall + CODto..mg.L. + TSS..mg.L. + SACto..1.m. + NSEC.Effluent.TSS",0.0026061218829363,0.754222165933468,"3,2"
"14297","Temp..of.the.Atmos. + N..Basin.Outfall + CODto..mg.L. + TSS..mg.L. + SACto..1.m. + NSEC.Effluent.NO5",0.23152065378311,0.78552242940437,"3,2"
"14298","Temp..of.the.Atmos. + N..Basin.Outfall + CODto..mg.L. + TSS..mg.L. + SACto..1.m. + NSEC.Effluent.Flow",0.340385899957333,0.535310562756953,"3,2"
"14299","Temp..of.the.Atmos. + N..Basin.Outfall + CODto..mg.L. + TSS..mg.L. + NSEC.Aerobic.SRT + NSEC.Effluent.NH3",0.173901003607978,0.777753992052743,"3,2"
"14300","Temp..of.the.Atmos. + N..Basin.Outfall + CODto..mg.L. + TSS..mg.L. + NSEC.Aerobic.SRT + NSEC.Effluent.NO3",0.139266752532028,0.82177283867945,"3,2"
"14301","Temp..of.the.Atmos. + N..Basin.Outfall + CODto..mg.L. + TSS..mg.L. + NSEC.Aerobic.SRT + NSEC.Effluent.OP",0.206759541377703,0.729413773772649,"3,2"
"14302","Temp..of.the.Atmos. + N..Basin.Outfall + CODto..mg.L. + TSS..mg.L. + NSEC.Aerobic.SRT + NSEC.Effluent.TSS",0.108968032457494,0.792096054074046,"3,2"
"14303","Temp..of.the.Atmos. + N..Basin.Outfall + CODto..mg.L. + TSS..mg.L. + NSEC.Aerobic.SRT + NSEC.Effluent.NO5",0.0502794843758405,0.75349784106846,"3,2"
"14304","Temp..of.the.Atmos. + N..Basin.Outfall + CODto..mg.L. + TSS..mg.L. + NSEC.Aerobic.SRT + NSEC.Effluent.Flow",0.151787865031379,0.772694707386483,"3,2"
"14305","Temp..of.the.Atmos. + N..Basin.Outfall + CODto..mg.L. + TSS..mg.L. + NSEC.Effluent.NH3 + NSEC.Effluent.NO3",0.000590969950726272,0.792742889711683,"3,2"
"14306","Temp..of.the.Atmos. + N..Basin.Outfall + CODto..mg.L. + TSS..mg.L. + NSEC.Effluent.NH3 + NSEC.Effluent.OP",0.133573759056377,0.518775323359361,"3,2"
"14307","Temp..of.the.Atmos. + N..Basin.Outfall + CODto..mg.L. + TSS..mg.L. + NSEC.Effluent.NH3 + NSEC.Effluent.TSS",0.173898937907546,0.760160399795598,"3,2"
"14308","Temp..of.the.Atmos. + N..Basin.Outfall + CODto..mg.L. + TSS..mg.L. + NSEC.Effluent.NH3 + NSEC.Effluent.NO5",0.232761401134516,0.750505339461014,"3,2"
"14309","Temp..of.the.Atmos. + N..Basin.Outfall + CODto..mg.L. + TSS..mg.L. + NSEC.Effluent.NH3 + NSEC.Effluent.Flow",0.223641907440458,0.700106207191229,"3,2"
"14310","Temp..of.the.Atmos. + N..Basin.Outfall + CODto..mg.L. + TSS..mg.L. + NSEC.Effluent.NO3 + NSEC.Effluent.OP",0.0171157263309083,0.700747865506582,"3,2"
"14311","Temp..of.the.Atmos. + N..Basin.Outfall + CODto..mg.L. + TSS..mg.L. + NSEC.Effluent.NO3 + NSEC.Effluent.TSS",0.20112594435058,0.707058021733298,"3,2"
"14312","Temp..of.the.Atmos. + N..Basin.Outfall + CODto..mg.L. + TSS..mg.L. + NSEC.Effluent.NO3 + NSEC.Effluent.NO5",0.335733491071223,0.522423900343782,"3,2"
"14313","Temp..of.the.Atmos. + N..Basin.Outfall + CODto..mg.L. + TSS..mg.L. + NSEC.Effluent.NO3 + NSEC.Effluent.Flow",0.0292001862415805,0.615297156407991,"3,2"
"14314","Temp..of.the.Atmos. + N..Basin.Outfall + CODto..mg.L. + TSS..mg.L. + NSEC.Effluent.OP + NSEC.Effluent.TSS",0.101259535984199,0.723074041044364,"3,2"
"14315","Temp..of.the.Atmos. + N..Basin.Outfall + CODto..mg.L. + TSS..mg.L. + NSEC.Effluent.OP + NSEC.Effluent.NO5",0.0442676952881569,0.674866595115283,"3,2"
"14316","Temp..of.the.Atmos. + N..Basin.Outfall + CODto..mg.L. + TSS..mg.L. + NSEC.Effluent.OP + NSEC.Effluent.Flow",0.0877485101761084,0.705055075280025,"3,2"
"14317","Temp..of.the.Atmos. + N..Basin.Outfall + CODto..mg.L. + TSS..mg.L. + NSEC.Effluent.TSS + NSEC.Effluent.NO5",0.292368326751844,0.725472671842715,"3,2"
"14318","Temp..of.the.Atmos. + N..Basin.Outfall + CODto..mg.L. + TSS..mg.L. + NSEC.Effluent.TSS + NSEC.Effluent.Flow",0.07288925687932,0.572445671571422,"3,2"
"14319","Temp..of.the.Atmos. + N..Basin.Outfall + CODto..mg.L. + TSS..mg.L. + NSEC.Effluent.NO5 + NSEC.Effluent.Flow",0.00741091689687634,0.695811630050226,"3,2"
"14320","Temp..of.the.Atmos. + N..Basin.Outfall + CODto..mg.L. + UVT.... + CODds..mg.L. + SACto..1.m.",0.171002046835729,0.638444242382473,"3,2"
"14321","Temp..of.the.Atmos. + N..Basin.Outfall + CODto..mg.L. + UVT.... + CODds..mg.L. + NSEC.Aerobic.SRT",0.0441399972384628,0.769595138037842,"3,2"
"14322","Temp..of.the.Atmos. + N..Basin.Outfall + CODto..mg.L. + UVT.... + CODds..mg.L. + NSEC.Effluent.NH3",0.199571058881005,0.571378157668339,"3,2"
"14323","Temp..of.the.Atmos. + N..Basin.Outfall + CODto..mg.L. + UVT.... + CODds..mg.L. + NSEC.Effluent.NO3",0.15824128948519,0.541793727457301,"3,2"
"14324","Temp..of.the.Atmos. + N..Basin.Outfall + CODto..mg.L. + UVT.... + CODds..mg.L. + NSEC.Effluent.OP",0.195880570761698,0.544257043827785,"3,2"
"14325","Temp..of.the.Atmos. + N..Basin.Outfall + CODto..mg.L. + UVT.... + CODds..mg.L. + NSEC.Effluent.TSS",0.19248357711602,0.0898731537842438,"3,2"
"14326","Temp..of.the.Atmos. + N..Basin.Outfall + CODto..mg.L. + UVT.... + CODds..mg.L. + NSEC.Effluent.NO5",0.00900171251683513,0.559974893374164,"3,2"
"14327","Temp..of.the.Atmos. + N..Basin.Outfall + CODto..mg.L. + UVT.... + CODds..mg.L. + NSEC.Effluent.Flow",0.00195878755235235,0.665964275134896,"3,2"
"14328","Temp..of.the.Atmos. + N..Basin.Outfall + CODto..mg.L. + UVT.... + SACto..1.m. + NSEC.Aerobic.SRT",0.119476091001425,0.635505156318001,"3,2"
"14329","Temp..of.the.Atmos. + N..Basin.Outfall + CODto..mg.L. + UVT.... + SACto..1.m. + NSEC.Effluent.NH3",0.0135938597741438,0.660147202964755,"3,2"
"14330","Temp..of.the.Atmos. + N..Basin.Outfall + CODto..mg.L. + UVT.... + SACto..1.m. + NSEC.Effluent.NO3",0.0775534573002925,0.661014054308968,"3,2"
"14331","Temp..of.the.Atmos. + N..Basin.Outfall + CODto..mg.L. + UVT.... + SACto..1.m. + NSEC.Effluent.OP",0.016303406799016,0.45945423206423,"3,2"
"14332","Temp..of.the.Atmos. + N..Basin.Outfall + CODto..mg.L. + UVT.... + SACto..1.m. + NSEC.Effluent.TSS",0.040598138604,0.713525040395619,"3,2"
"14333","Temp..of.the.Atmos. + N..Basin.Outfall + CODto..mg.L. + UVT.... + SACto..1.m. + NSEC.Effluent.NO5",0.0771943216071165,0.715614338545996,"3,2"
"14334","Temp..of.the.Atmos. + N..Basin.Outfall + CODto..mg.L. + UVT.... + SACto..1.m. + NSEC.Effluent.Flow",0.234589970599615,0.693348357238222,"3,2"
"14335","Temp..of.the.Atmos. + N..Basin.Outfall + CODto..mg.L. + UVT.... + NSEC.Aerobic.SRT + NSEC.Effluent.NH3",0.00422497899828933,0.655035865737573,"3,2"
"14336","Temp..of.the.Atmos. + N..Basin.Outfall + CODto..mg.L. + UVT.... + NSEC.Aerobic.SRT + NSEC.Effluent.NO3",0.00765221660208226,0.757826368760897,"3,2"
"14337","Temp..of.the.Atmos. + N..Basin.Outfall + CODto..mg.L. + UVT.... + NSEC.Aerobic.SRT + NSEC.Effluent.OP",0.0772569628028916,0.746832555345088,"3,2"
"14338","Temp..of.the.Atmos. + N..Basin.Outfall + CODto..mg.L. + UVT.... + NSEC.Aerobic.SRT + NSEC.Effluent.TSS",0.362281566359258,0.760328837058605,"3,2"
"14339","Temp..of.the.Atmos. + N..Basin.Outfall + CODto..mg.L. + UVT.... + NSEC.Aerobic.SRT + NSEC.Effluent.NO5",0.0686177342006666,0.743686128794223,"3,2"
"14340","Temp..of.the.Atmos. + N..Basin.Outfall + CODto..mg.L. + UVT.... + NSEC.Aerobic.SRT + NSEC.Effluent.Flow",0.105950203952433,0.603191941072313,"3,2"
"14341","Temp..of.the.Atmos. + N..Basin.Outfall + CODto..mg.L. + UVT.... + NSEC.Effluent.NH3 + NSEC.Effluent.NO3",0.0460841025105827,0.474018633632065,"3,2"
"14342","Temp..of.the.Atmos. + N..Basin.Outfall + CODto..mg.L. + UVT.... + NSEC.Effluent.NH3 + NSEC.Effluent.OP",0.0855902174156227,0.551076509396636,"3,2"
"14343","Temp..of.the.Atmos. + N..Basin.Outfall + CODto..mg.L. + UVT.... + NSEC.Effluent.NH3 + NSEC.Effluent.TSS",0.0921375522899499,0.708387942066893,"3,2"
"14344","Temp..of.the.Atmos. + N..Basin.Outfall + CODto..mg.L. + UVT.... + NSEC.Effluent.NH3 + NSEC.Effluent.NO5",0.0555882168688175,0.527564188591703,"3,2"
"14345","Temp..of.the.Atmos. + N..Basin.Outfall + CODto..mg.L. + UVT.... + NSEC.Effluent.NH3 + NSEC.Effluent.Flow",0.0109540803922688,0.623528151522226,"3,2"
"14346","Temp..of.the.Atmos. + N..Basin.Outfall + CODto..mg.L. + UVT.... + NSEC.Effluent.NO3 + NSEC.Effluent.OP",0.0346823476594325,0.722946434385363,"3,2"
"14347","Temp..of.the.Atmos. + N..Basin.Outfall + CODto..mg.L. + UVT.... + NSEC.Effluent.NO3 + NSEC.Effluent.TSS",0.187592280529248,0.695556646934501,"3,2"
"14348","Temp..of.the.Atmos. + N..Basin.Outfall + CODto..mg.L. + UVT.... + NSEC.Effluent.NO3 + NSEC.Effluent.NO5",0.248750646673297,0.440932963253155,"3,2"
"14349","Temp..of.the.Atmos. + N..Basin.Outfall + CODto..mg.L. + UVT.... + NSEC.Effluent.NO3 + NSEC.Effluent.Flow",0.0847468640394977,0.468823881979367,"3,2"
"14350","Temp..of.the.Atmos. + N..Basin.Outfall + CODto..mg.L. + UVT.... + NSEC.Effluent.OP + NSEC.Effluent.TSS",0.0372795245664301,0.7052405992386,"3,2"
"14351","Temp..of.the.Atmos. + N..Basin.Outfall + CODto..mg.L. + UVT.... + NSEC.Effluent.OP + NSEC.Effluent.NO5",0.062266516478372,0.654957607988473,"3,2"
"14352","Temp..of.the.Atmos. + N..Basin.Outfall + CODto..mg.L. + UVT.... + NSEC.Effluent.OP + NSEC.Effluent.Flow",0.107106086781136,0.686910981374791,"3,2"
"14353","Temp..of.the.Atmos. + N..Basin.Outfall + CODto..mg.L. + UVT.... + NSEC.Effluent.TSS + NSEC.Effluent.NO5",0.113305289521759,0.628278719964509,"3,2"
"14354","Temp..of.the.Atmos. + N..Basin.Outfall + CODto..mg.L. + UVT.... + NSEC.Effluent.TSS + NSEC.Effluent.Flow",0.0354277535432197,0.636948326321618,"3,2"
"14355","Temp..of.the.Atmos. + N..Basin.Outfall + CODto..mg.L. + UVT.... + NSEC.Effluent.NO5 + NSEC.Effluent.Flow",0.0541660292922623,0.668778103405321,"3,2"
"14356","Temp..of.the.Atmos. + N..Basin.Outfall + CODto..mg.L. + CODds..mg.L. + SACto..1.m. + NSEC.Aerobic.SRT",0.168452250301815,0.690965061803357,"3,2"
"14357","Temp..of.the.Atmos. + N..Basin.Outfall + CODto..mg.L. + CODds..mg.L. + SACto..1.m. + NSEC.Effluent.NH3",0.192753238618993,0.593629084495752,"3,2"
"14358","Temp..of.the.Atmos. + N..Basin.Outfall + CODto..mg.L. + CODds..mg.L. + SACto..1.m. + NSEC.Effluent.NO3",0.25101834875771,0.562735512509002,"3,2"
"14359","Temp..of.the.Atmos. + N..Basin.Outfall + CODto..mg.L. + CODds..mg.L. + SACto..1.m. + NSEC.Effluent.OP",0.14157938323893,0.616348344573271,"3,2"
"14360","Temp..of.the.Atmos. + N..Basin.Outfall + CODto..mg.L. + CODds..mg.L. + SACto..1.m. + NSEC.Effluent.TSS",0.218659959796681,0.656370419187054,"3,2"
"14361","Temp..of.the.Atmos. + N..Basin.Outfall + CODto..mg.L. + CODds..mg.L. + SACto..1.m. + NSEC.Effluent.NO5",0.159906593685247,0.643597277740307,"3,2"
"14362","Temp..of.the.Atmos. + N..Basin.Outfall + CODto..mg.L. + CODds..mg.L. + SACto..1.m. + NSEC.Effluent.Flow",0.188973215056023,0.501454725782961,"3,2"
"14363","Temp..of.the.Atmos. + N..Basin.Outfall + CODto..mg.L. + CODds..mg.L. + NSEC.Aerobic.SRT + NSEC.Effluent.NH3",0.279628275179947,0.632238071742419,"3,2"
"14364","Temp..of.the.Atmos. + N..Basin.Outfall + CODto..mg.L. + CODds..mg.L. + NSEC.Aerobic.SRT + NSEC.Effluent.NO3",0.180147424736143,0.776948896222222,"3,2"
"14365","Temp..of.the.Atmos. + N..Basin.Outfall + CODto..mg.L. + CODds..mg.L. + NSEC.Aerobic.SRT + NSEC.Effluent.OP",0.272469312822486,0.703790205780047,"3,2"
"14366","Temp..of.the.Atmos. + N..Basin.Outfall + CODto..mg.L. + CODds..mg.L. + NSEC.Aerobic.SRT + NSEC.Effluent.TSS",0.0721940346894496,0.791346586386164,"3,2"
"14367","Temp..of.the.Atmos. + N..Basin.Outfall + CODto..mg.L. + CODds..mg.L. + NSEC.Aerobic.SRT + NSEC.Effluent.NO5",0.0874406287895031,0.759011105109109,"3,2"
"14368","Temp..of.the.Atmos. + N..Basin.Outfall + CODto..mg.L. + CODds..mg.L. + NSEC.Aerobic.SRT + NSEC.Effluent.Flow",0.269957500573311,0.685065517081111,"3,2"
"14369","Temp..of.the.Atmos. + N..Basin.Outfall + CODto..mg.L. + CODds..mg.L. + NSEC.Effluent.NH3 + NSEC.Effluent.NO3",0.213883258269561,0.551961221549007,"3,2"
"14370","Temp..of.the.Atmos. + N..Basin.Outfall + CODto..mg.L. + CODds..mg.L. + NSEC.Effluent.NH3 + NSEC.Effluent.OP",0.112126050608036,0.599718881791219,"3,2"
"14371","Temp..of.the.Atmos. + N..Basin.Outfall + CODto..mg.L. + CODds..mg.L. + NSEC.Effluent.NH3 + NSEC.Effluent.TSS",0.265306125980746,0.704606760753818,"3,2"
"14372","Temp..of.the.Atmos. + N..Basin.Outfall + CODto..mg.L. + CODds..mg.L. + NSEC.Effluent.NH3 + NSEC.Effluent.NO5",0.0150076810976127,0.630818220682784,"3,2"
"14373","Temp..of.the.Atmos. + N..Basin.Outfall + CODto..mg.L. + CODds..mg.L. + NSEC.Effluent.NH3 + NSEC.Effluent.Flow",0.0614513008756221,0.60871708429164,"3,2"
"14374","Temp..of.the.Atmos. + N..Basin.Outfall + CODto..mg.L. + CODds..mg.L. + NSEC.Effluent.NO3 + NSEC.Effluent.OP",0.146233345065482,0.580244820522514,"3,2"
"14375","Temp..of.the.Atmos. + N..Basin.Outfall + CODto..mg.L. + CODds..mg.L. + NSEC.Effluent.NO3 + NSEC.Effluent.TSS",0.194766649048973,0.783603413674149,"3,2"
"14376","Temp..of.the.Atmos. + N..Basin.Outfall + CODto..mg.L. + CODds..mg.L. + NSEC.Effluent.NO3 + NSEC.Effluent.NO5",0.232242429761943,0.59313111711626,"3,2"
"14377","Temp..of.the.Atmos. + N..Basin.Outfall + CODto..mg.L. + CODds..mg.L. + NSEC.Effluent.NO3 + NSEC.Effluent.Flow",0.035003355122593,0.616541995465937,"3,2"
"14378","Temp..of.the.Atmos. + N..Basin.Outfall + CODto..mg.L. + CODds..mg.L. + NSEC.Effluent.OP + NSEC.Effluent.TSS",0.257087107937172,0.69283874889139,"3,2"
"14379","Temp..of.the.Atmos. + N..Basin.Outfall + CODto..mg.L. + CODds..mg.L. + NSEC.Effluent.OP + NSEC.Effluent.NO5",0.248772062015409,0.583831196653844,"3,2"
"14380","Temp..of.the.Atmos. + N..Basin.Outfall + CODto..mg.L. + CODds..mg.L. + NSEC.Effluent.OP + NSEC.Effluent.Flow",0.0860010514146503,0.612301456311112,"3,2"
"14381","Temp..of.the.Atmos. + N..Basin.Outfall + CODto..mg.L. + CODds..mg.L. + NSEC.Effluent.TSS + NSEC.Effluent.NO5",0.233640417205103,0.697949333522716,"3,2"
"14382","Temp..of.the.Atmos. + N..Basin.Outfall + CODto..mg.L. + CODds..mg.L. + NSEC.Effluent.TSS + NSEC.Effluent.Flow",0.172025754884699,0.641873412223478,"3,2"
"14383","Temp..of.the.Atmos. + N..Basin.Outfall + CODto..mg.L. + CODds..mg.L. + NSEC.Effluent.NO5 + NSEC.Effluent.Flow",0.210779847867322,0.55828296098275,"3,2"
"14384","Temp..of.the.Atmos. + N..Basin.Outfall + CODto..mg.L. + SACto..1.m. + NSEC.Aerobic.SRT + NSEC.Effluent.NH3",0.222117978700092,0.763904981624696,"3,2"
"14385","Temp..of.the.Atmos. + N..Basin.Outfall + CODto..mg.L. + SACto..1.m. + NSEC.Aerobic.SRT + NSEC.Effluent.NO3",0.0769040132120682,0.744112221974536,"3,2"
"14386","Temp..of.the.Atmos. + N..Basin.Outfall + CODto..mg.L. + SACto..1.m. + NSEC.Aerobic.SRT + NSEC.Effluent.OP",0.0784011457567688,0.750617416947004,"3,2"
"14387","Temp..of.the.Atmos. + N..Basin.Outfall + CODto..mg.L. + SACto..1.m. + NSEC.Aerobic.SRT + NSEC.Effluent.TSS",0.283861007708744,0.798657301371801,"3,2"
"14388","Temp..of.the.Atmos. + N..Basin.Outfall + CODto..mg.L. + SACto..1.m. + NSEC.Aerobic.SRT + NSEC.Effluent.NO5",0.270298132509658,0.696857469371319,"3,2"
"14389","Temp..of.the.Atmos. + N..Basin.Outfall + CODto..mg.L. + SACto..1.m. + NSEC.Aerobic.SRT + NSEC.Effluent.Flow",0.137244074780097,0.699812959245723,"3,2"
"14390","Temp..of.the.Atmos. + N..Basin.Outfall + CODto..mg.L. + SACto..1.m. + NSEC.Effluent.NH3 + NSEC.Effluent.NO3",0.38648545162736,0.681743705636714,"3,2"
"14391","Temp..of.the.Atmos. + N..Basin.Outfall + CODto..mg.L. + SACto..1.m. + NSEC.Effluent.NH3 + NSEC.Effluent.OP",0.0723906275123607,0.427485310856267,"3,2"
"14392","Temp..of.the.Atmos. + N..Basin.Outfall + CODto..mg.L. + SACto..1.m. + NSEC.Effluent.NH3 + NSEC.Effluent.TSS",0.0890691887929442,0.722570382176072,"3,2"
"14393","Temp..of.the.Atmos. + N..Basin.Outfall + CODto..mg.L. + SACto..1.m. + NSEC.Effluent.NH3 + NSEC.Effluent.NO5",0.194717849240976,0.702520666653815,"3,2"
"14394","Temp..of.the.Atmos. + N..Basin.Outfall + CODto..mg.L. + SACto..1.m. + NSEC.Effluent.NH3 + NSEC.Effluent.Flow",0.029560805928218,0.447192820522205,"3,2"
"14395","Temp..of.the.Atmos. + N..Basin.Outfall + CODto..mg.L. + SACto..1.m. + NSEC.Effluent.NO3 + NSEC.Effluent.OP",0.076230066561056,0.509831931123994,"3,2"
"14396","Temp..of.the.Atmos. + N..Basin.Outfall + CODto..mg.L. + SACto..1.m. + NSEC.Effluent.NO3 + NSEC.Effluent.TSS",0.0129746161937521,0.765700955560374,"3,2"
"14397","Temp..of.the.Atmos. + N..Basin.Outfall + CODto..mg.L. + SACto..1.m. + NSEC.Effluent.NO3 + NSEC.Effluent.NO5",0.370060686654802,0.670622227983,"3,2"
"14398","Temp..of.the.Atmos. + N..Basin.Outfall + CODto..mg.L. + SACto..1.m. + NSEC.Effluent.NO3 + NSEC.Effluent.Flow",0.331945474070589,0.695702677179851,"3,2"
"14399","Temp..of.the.Atmos. + N..Basin.Outfall + CODto..mg.L. + SACto..1.m. + NSEC.Effluent.OP + NSEC.Effluent.TSS",0.0434246551832538,0.780824387954419,"3,2"
"14400","Temp..of.the.Atmos. + N..Basin.Outfall + CODto..mg.L. + SACto..1.m. + NSEC.Effluent.OP + NSEC.Effluent.NO5",0.071486215543352,0.539839329543989,"3,2"
"14401","Temp..of.the.Atmos. + N..Basin.Outfall + CODto..mg.L. + SACto..1.m. + NSEC.Effluent.OP + NSEC.Effluent.Flow",0.319985550008719,0.688230314927317,"3,2"
"14402","Temp..of.the.Atmos. + N..Basin.Outfall + CODto..mg.L. + SACto..1.m. + NSEC.Effluent.TSS + NSEC.Effluent.NO5",0.192831381297215,0.684541120271554,"3,2"
"14403","Temp..of.the.Atmos. + N..Basin.Outfall + CODto..mg.L. + SACto..1.m. + NSEC.Effluent.TSS + NSEC.Effluent.Flow",0.0102809588420305,0.685427472736099,"3,2"
"14404","Temp..of.the.Atmos. + N..Basin.Outfall + CODto..mg.L. + SACto..1.m. + NSEC.Effluent.NO5 + NSEC.Effluent.Flow",0.0649433381437841,0.694457927560618,"3,2"
"14405","Temp..of.the.Atmos. + N..Basin.Outfall + CODto..mg.L. + NSEC.Aerobic.SRT + NSEC.Effluent.NH3 + NSEC.Effluent.NO3",0.519951824358238,0.710712877021659,"3,2"
"14406","Temp..of.the.Atmos. + N..Basin.Outfall + CODto..mg.L. + NSEC.Aerobic.SRT + NSEC.Effluent.NH3 + NSEC.Effluent.OP",0.166470599058661,0.761195617443221,"3,2"
"14407","Temp..of.the.Atmos. + N..Basin.Outfall + CODto..mg.L. + NSEC.Aerobic.SRT + NSEC.Effluent.NH3 + NSEC.Effluent.TSS",0.331315480744533,0.708324334031243,"3,2"
"14408","Temp..of.the.Atmos. + N..Basin.Outfall + CODto..mg.L. + NSEC.Aerobic.SRT + NSEC.Effluent.NH3 + NSEC.Effluent.NO5",0.279436047540673,0.724121356253368,"3,2"
"14409","Temp..of.the.Atmos. + N..Basin.Outfall + CODto..mg.L. + NSEC.Aerobic.SRT + NSEC.Effluent.NH3 + NSEC.Effluent.Flow",0.226733526107873,0.676677760794697,"3,2"
"14410","Temp..of.the.Atmos. + N..Basin.Outfall + CODto..mg.L. + NSEC.Aerobic.SRT + NSEC.Effluent.NO3 + NSEC.Effluent.OP",0.25923586919777,0.690133556851855,"3,2"
"14411","Temp..of.the.Atmos. + N..Basin.Outfall + CODto..mg.L. + NSEC.Aerobic.SRT + NSEC.Effluent.NO3 + NSEC.Effluent.TSS",0.343501380017445,0.791528452809613,"3,2"
"14412","Temp..of.the.Atmos. + N..Basin.Outfall + CODto..mg.L. + NSEC.Aerobic.SRT + NSEC.Effluent.NO3 + NSEC.Effluent.NO5",0.136260945247646,0.723869593077794,"3,2"
"14413","Temp..of.the.Atmos. + N..Basin.Outfall + CODto..mg.L. + NSEC.Aerobic.SRT + NSEC.Effluent.NO3 + NSEC.Effluent.Flow",0.135185603185731,0.767673810827031,"3,2"
"14414","Temp..of.the.Atmos. + N..Basin.Outfall + CODto..mg.L. + NSEC.Aerobic.SRT + NSEC.Effluent.OP + NSEC.Effluent.TSS",0.17253516176283,0.814378669890695,"3,2"
"14415","Temp..of.the.Atmos. + N..Basin.Outfall + CODto..mg.L. + NSEC.Aerobic.SRT + NSEC.Effluent.OP + NSEC.Effluent.NO5",0.0221677114094776,0.736772268915053,"3,2"
"14416","Temp..of.the.Atmos. + N..Basin.Outfall + CODto..mg.L. + NSEC.Aerobic.SRT + NSEC.Effluent.OP + NSEC.Effluent.Flow",0.0660526618026434,0.595862687731691,"3,2"
"14417","Temp..of.the.Atmos. + N..Basin.Outfall + CODto..mg.L. + NSEC.Aerobic.SRT + NSEC.Effluent.TSS + NSEC.Effluent.NO5",0.209146953784517,0.765874531163833,"3,2"
"14418","Temp..of.the.Atmos. + N..Basin.Outfall + CODto..mg.L. + NSEC.Aerobic.SRT + NSEC.Effluent.TSS + NSEC.Effluent.Flow",0.162521957331158,0.651269610595435,"3,2"
"14419","Temp..of.the.Atmos. + N..Basin.Outfall + CODto..mg.L. + NSEC.Aerobic.SRT + NSEC.Effluent.NO5 + NSEC.Effluent.Flow",0.10471041797848,0.740259628110833,"3,2"
"14420","Temp..of.the.Atmos. + N..Basin.Outfall + CODto..mg.L. + NSEC.Effluent.NH3 + NSEC.Effluent.NO3 + NSEC.Effluent.OP",0.21725001299207,0.575870439399871,"3,2"
"14421","Temp..of.the.Atmos. + N..Basin.Outfall + CODto..mg.L. + NSEC.Effluent.NH3 + NSEC.Effluent.NO3 + NSEC.Effluent.TSS",0.140933309089094,0.506262751270163,"3,2"
"14422","Temp..of.the.Atmos. + N..Basin.Outfall + CODto..mg.L. + NSEC.Effluent.NH3 + NSEC.Effluent.NO3 + NSEC.Effluent.NO5",0.216304932366942,0.674600076198406,"3,2"
"14423","Temp..of.the.Atmos. + N..Basin.Outfall + CODto..mg.L. + NSEC.Effluent.NH3 + NSEC.Effluent.NO3 + NSEC.Effluent.Flow",0.277255028463574,0.550132287156817,"3,2"
"14424","Temp..of.the.Atmos. + N..Basin.Outfall + CODto..mg.L. + NSEC.Effluent.NH3 + NSEC.Effluent.OP + NSEC.Effluent.TSS",0.0639228902863853,0.561201244249133,"3,2"
"14425","Temp..of.the.Atmos. + N..Basin.Outfall + CODto..mg.L. + NSEC.Effluent.NH3 + NSEC.Effluent.OP + NSEC.Effluent.NO5",0.0244964973945434,0.48048483445994,"3,2"
"14426","Temp..of.the.Atmos. + N..Basin.Outfall + CODto..mg.L. + NSEC.Effluent.NH3 + NSEC.Effluent.OP + NSEC.Effluent.Flow",0.287372222636679,0.613261221438719,"3,2"
"14427","Temp..of.the.Atmos. + N..Basin.Outfall + CODto..mg.L. + NSEC.Effluent.NH3 + NSEC.Effluent.TSS + NSEC.Effluent.NO5",0.199102715148955,0.581606094411394,"3,2"
"14428","Temp..of.the.Atmos. + N..Basin.Outfall + CODto..mg.L. + NSEC.Effluent.NH3 + NSEC.Effluent.TSS + NSEC.Effluent.Flow",0.2678205734465,0.523174389600763,"3,2"
"14429","Temp..of.the.Atmos. + N..Basin.Outfall + CODto..mg.L. + NSEC.Effluent.NH3 + NSEC.Effluent.NO5 + NSEC.Effluent.Flow",0.100024488450472,0.649605909214366,"3,2"
"14430","Temp..of.the.Atmos. + N..Basin.Outfall + CODto..mg.L. + NSEC.Effluent.NO3 + NSEC.Effluent.OP + NSEC.Effluent.TSS",0.115012022560563,0.65517970270463,"3,2"
"14431","Temp..of.the.Atmos. + N..Basin.Outfall + CODto..mg.L. + NSEC.Effluent.NO3 + NSEC.Effluent.OP + NSEC.Effluent.NO5",0.191459365640204,4.22621501500951e-06,"3,2"
"14432","Temp..of.the.Atmos. + N..Basin.Outfall + CODto..mg.L. + NSEC.Effluent.NO3 + NSEC.Effluent.OP + NSEC.Effluent.Flow",0.306717332313807,0.508717873514675,"3,2"
"14433","Temp..of.the.Atmos. + N..Basin.Outfall + CODto..mg.L. + NSEC.Effluent.NO3 + NSEC.Effluent.TSS + NSEC.Effluent.NO5",0.147617798453922,0.598414643643144,"3,2"
"14434","Temp..of.the.Atmos. + N..Basin.Outfall + CODto..mg.L. + NSEC.Effluent.NO3 + NSEC.Effluent.TSS + NSEC.Effluent.Flow",0.107348758491475,0.498694334218193,"3,2"
"14435","Temp..of.the.Atmos. + N..Basin.Outfall + CODto..mg.L. + NSEC.Effluent.NO3 + NSEC.Effluent.NO5 + NSEC.Effluent.Flow",0.0297776052706067,0.151317273932868,"3,2"
"14436","Temp..of.the.Atmos. + N..Basin.Outfall + CODto..mg.L. + NSEC.Effluent.OP + NSEC.Effluent.TSS + NSEC.Effluent.NO5",0.0254407859652228,0.598145515175991,"3,2"
"14437","Temp..of.the.Atmos. + N..Basin.Outfall + CODto..mg.L. + NSEC.Effluent.OP + NSEC.Effluent.TSS + NSEC.Effluent.Flow",0.178378361366278,0.652788460322858,"3,2"
"14438","Temp..of.the.Atmos. + N..Basin.Outfall + CODto..mg.L. + NSEC.Effluent.OP + NSEC.Effluent.NO5 + NSEC.Effluent.Flow",0.0356851295789233,0.510342034643159,"3,2"
"14439","Temp..of.the.Atmos. + N..Basin.Outfall + CODto..mg.L. + NSEC.Effluent.TSS + NSEC.Effluent.NO5 + NSEC.Effluent.Flow",0.0236729973836058,0.713692551931597,"3,2"
"14440","Temp..of.the.Atmos. + N..Basin.Outfall + TSS..mg.L. + UVT.... + CODds..mg.L. + SACto..1.m.",0.119888170290271,0.72143045054258,"3,2"
"14441","Temp..of.the.Atmos. + N..Basin.Outfall + TSS..mg.L. + UVT.... + CODds..mg.L. + NSEC.Aerobic.SRT",0.0549586967437263,0.755611848989772,"3,2"
"14442","Temp..of.the.Atmos. + N..Basin.Outfall + TSS..mg.L. + UVT.... + CODds..mg.L. + NSEC.Effluent.NH3",0.212623646294793,0.565931098190521,"3,2"
"14443","Temp..of.the.Atmos. + N..Basin.Outfall + TSS..mg.L. + UVT.... + CODds..mg.L. + NSEC.Effluent.NO3",0.235237348403425,0.556277983267555,"3,2"
"14444","Temp..of.the.Atmos. + N..Basin.Outfall + TSS..mg.L. + UVT.... + CODds..mg.L. + NSEC.Effluent.OP",0.101950562599758,0.701331900129431,"3,2"
"14445","Temp..of.the.Atmos. + N..Basin.Outfall + TSS..mg.L. + UVT.... + CODds..mg.L. + NSEC.Effluent.TSS",0.0135568967362494,0.780453608685546,"3,2"
"14446","Temp..of.the.Atmos. + N..Basin.Outfall + TSS..mg.L. + UVT.... + CODds..mg.L. + NSEC.Effluent.NO5",0.0529073568532155,0.570270231898582,"3,2"
"14447","Temp..of.the.Atmos. + N..Basin.Outfall + TSS..mg.L. + UVT.... + CODds..mg.L. + NSEC.Effluent.Flow",0.135132857233822,0.531018659419735,"3,2"
"14448","Temp..of.the.Atmos. + N..Basin.Outfall + TSS..mg.L. + UVT.... + SACto..1.m. + NSEC.Aerobic.SRT",0.102140243064124,0.785621474008466,"3,2"
"14449","Temp..of.the.Atmos. + N..Basin.Outfall + TSS..mg.L. + UVT.... + SACto..1.m. + NSEC.Effluent.NH3",0.110688191406577,0.475670306700757,"3,2"
"14450","Temp..of.the.Atmos. + N..Basin.Outfall + TSS..mg.L. + UVT.... + SACto..1.m. + NSEC.Effluent.NO3",0.104948021780654,0.68006644881152,"3,2"
"14451","Temp..of.the.Atmos. + N..Basin.Outfall + TSS..mg.L. + UVT.... + SACto..1.m. + NSEC.Effluent.OP",0.0443068138607461,0.579366057481262,"3,2"
"14452","Temp..of.the.Atmos. + N..Basin.Outfall + TSS..mg.L. + UVT.... + SACto..1.m. + NSEC.Effluent.TSS",0.105184134454069,0.762248760844882,"3,2"
"14453","Temp..of.the.Atmos. + N..Basin.Outfall + TSS..mg.L. + UVT.... + SACto..1.m. + NSEC.Effluent.NO5",0.0921413590218831,0.707036158401168,"3,2"
"14454","Temp..of.the.Atmos. + N..Basin.Outfall + TSS..mg.L. + UVT.... + SACto..1.m. + NSEC.Effluent.Flow",0.013340332101708,0.676371409305474,"3,2"
"14455","Temp..of.the.Atmos. + N..Basin.Outfall + TSS..mg.L. + UVT.... + NSEC.Aerobic.SRT + NSEC.Effluent.NH3",0.18899251178395,0.77203803150317,"3,2"
"14456","Temp..of.the.Atmos. + N..Basin.Outfall + TSS..mg.L. + UVT.... + NSEC.Aerobic.SRT + NSEC.Effluent.NO3",0.0169567316682746,0.800094340242881,"3,2"
"14457","Temp..of.the.Atmos. + N..Basin.Outfall + TSS..mg.L. + UVT.... + NSEC.Aerobic.SRT + NSEC.Effluent.OP",0.162145731137081,0.699662494528484,"3,2"
"14458","Temp..of.the.Atmos. + N..Basin.Outfall + TSS..mg.L. + UVT.... + NSEC.Aerobic.SRT + NSEC.Effluent.TSS",0.114654156047823,0.808401014512632,"3,2"
"14459","Temp..of.the.Atmos. + N..Basin.Outfall + TSS..mg.L. + UVT.... + NSEC.Aerobic.SRT + NSEC.Effluent.NO5",0.136595268320865,0.742666902527615,"3,2"
"14460","Temp..of.the.Atmos. + N..Basin.Outfall + TSS..mg.L. + UVT.... + NSEC.Aerobic.SRT + NSEC.Effluent.Flow",0.188411286781284,0.7724403764164,"3,2"
"14461","Temp..of.the.Atmos. + N..Basin.Outfall + TSS..mg.L. + UVT.... + NSEC.Effluent.NH3 + NSEC.Effluent.NO3",0.0931544597392056,0.75305828431966,"3,2"
"14462","Temp..of.the.Atmos. + N..Basin.Outfall + TSS..mg.L. + UVT.... + NSEC.Effluent.NH3 + NSEC.Effluent.OP",0.33450485934985,0.726136658310144,"3,2"
"14463","Temp..of.the.Atmos. + N..Basin.Outfall + TSS..mg.L. + UVT.... + NSEC.Effluent.NH3 + NSEC.Effluent.TSS",0.144585366292747,0.688149258014997,"3,2"
"14464","Temp..of.the.Atmos. + N..Basin.Outfall + TSS..mg.L. + UVT.... + NSEC.Effluent.NH3 + NSEC.Effluent.NO5",0.0626688919380505,0.528810423133351,"3,2"
"14465","Temp..of.the.Atmos. + N..Basin.Outfall + TSS..mg.L. + UVT.... + NSEC.Effluent.NH3 + NSEC.Effluent.Flow",0.0472306251404579,0.514284422292675,"3,2"
"14466","Temp..of.the.Atmos. + N..Basin.Outfall + TSS..mg.L. + UVT.... + NSEC.Effluent.NO3 + NSEC.Effluent.OP",0.310442120940563,0.751348989366935,"3,2"
"14467","Temp..of.the.Atmos. + N..Basin.Outfall + TSS..mg.L. + UVT.... + NSEC.Effluent.NO3 + NSEC.Effluent.TSS",0.130676913213246,0.673271712362921,"3,2"
"14468","Temp..of.the.Atmos. + N..Basin.Outfall + TSS..mg.L. + UVT.... + NSEC.Effluent.NO3 + NSEC.Effluent.NO5",0.178423653261882,0.581953061117428,"3,2"
"14469","Temp..of.the.Atmos. + N..Basin.Outfall + TSS..mg.L. + UVT.... + NSEC.Effluent.NO3 + NSEC.Effluent.Flow",0.00722560563101471,0.466210384424764,"3,2"
"14470","Temp..of.the.Atmos. + N..Basin.Outfall + TSS..mg.L. + UVT.... + NSEC.Effluent.OP + NSEC.Effluent.TSS",0.192628097879323,0.00140261089959938,"3,2"
"14471","Temp..of.the.Atmos. + N..Basin.Outfall + TSS..mg.L. + UVT.... + NSEC.Effluent.OP + NSEC.Effluent.NO5",0.036653802833438,0.539373391830725,"3,2"
"14472","Temp..of.the.Atmos. + N..Basin.Outfall + TSS..mg.L. + UVT.... + NSEC.Effluent.OP + NSEC.Effluent.Flow",0.200755822746553,0.590221213226682,"3,2"
"14473","Temp..of.the.Atmos. + N..Basin.Outfall + TSS..mg.L. + UVT.... + NSEC.Effluent.TSS + NSEC.Effluent.NO5",0.0634196822724666,0.70343455148094,"3,2"
"14474","Temp..of.the.Atmos. + N..Basin.Outfall + TSS..mg.L. + UVT.... + NSEC.Effluent.TSS + NSEC.Effluent.Flow",0.0236656515336433,0.716101160983937,"3,2"
"14475","Temp..of.the.Atmos. + N..Basin.Outfall + TSS..mg.L. + UVT.... + NSEC.Effluent.NO5 + NSEC.Effluent.Flow",0.227430997889184,0.719208605714661,"3,2"
"14476","Temp..of.the.Atmos. + N..Basin.Outfall + TSS..mg.L. + CODds..mg.L. + SACto..1.m. + NSEC.Aerobic.SRT",0.13580213907869,0.797211024179495,"3,2"
"14477","Temp..of.the.Atmos. + N..Basin.Outfall + TSS..mg.L. + CODds..mg.L. + SACto..1.m. + NSEC.Effluent.NH3",0.247413367879115,0.599159303306456,"3,2"
"14478","Temp..of.the.Atmos. + N..Basin.Outfall + TSS..mg.L. + CODds..mg.L. + SACto..1.m. + NSEC.Effluent.NO3",0.0799667451591086,0.652671217368891,"3,2"
"14479","Temp..of.the.Atmos. + N..Basin.Outfall + TSS..mg.L. + CODds..mg.L. + SACto..1.m. + NSEC.Effluent.OP",0.146570813541019,0.608328084850549,"3,2"
"14480","Temp..of.the.Atmos. + N..Basin.Outfall + TSS..mg.L. + CODds..mg.L. + SACto..1.m. + NSEC.Effluent.TSS",0.196205055499713,0.781184816485223,"3,2"
"14481","Temp..of.the.Atmos. + N..Basin.Outfall + TSS..mg.L. + CODds..mg.L. + SACto..1.m. + NSEC.Effluent.NO5",0.181436250316759,0.573839680276084,"3,2"
"14482","Temp..of.the.Atmos. + N..Basin.Outfall + TSS..mg.L. + CODds..mg.L. + SACto..1.m. + NSEC.Effluent.Flow",0.100774348674452,0.59900967609954,"3,2"
"14483","Temp..of.the.Atmos. + N..Basin.Outfall + TSS..mg.L. + CODds..mg.L. + NSEC.Aerobic.SRT + NSEC.Effluent.NH3",0.0829939874696068,0.725302923852152,"3,2"
"14484","Temp..of.the.Atmos. + N..Basin.Outfall + TSS..mg.L. + CODds..mg.L. + NSEC.Aerobic.SRT + NSEC.Effluent.NO3",0.344091242631555,0.705798876001451,"3,2"
"14485","Temp..of.the.Atmos. + N..Basin.Outfall + TSS..mg.L. + CODds..mg.L. + NSEC.Aerobic.SRT + NSEC.Effluent.OP",0.136601372450475,0.577874504796445,"3,2"
"14486","Temp..of.the.Atmos. + N..Basin.Outfall + TSS..mg.L. + CODds..mg.L. + NSEC.Aerobic.SRT + NSEC.Effluent.TSS",0.289327042460179,0.819182832948161,"3,2"
"14487","Temp..of.the.Atmos. + N..Basin.Outfall + TSS..mg.L. + CODds..mg.L. + NSEC.Aerobic.SRT + NSEC.Effluent.NO5",0.248254684530026,0.705795404584397,"3,2"
"14488","Temp..of.the.Atmos. + N..Basin.Outfall + TSS..mg.L. + CODds..mg.L. + NSEC.Aerobic.SRT + NSEC.Effluent.Flow",0.174406365219185,0.723259641552336,"3,2"
"14489","Temp..of.the.Atmos. + N..Basin.Outfall + TSS..mg.L. + CODds..mg.L. + NSEC.Effluent.NH3 + NSEC.Effluent.NO3",0.163500823240238,0.691961762075343,"3,2"
"14490","Temp..of.the.Atmos. + N..Basin.Outfall + TSS..mg.L. + CODds..mg.L. + NSEC.Effluent.NH3 + NSEC.Effluent.OP",0.105817483107499,0.60776227285671,"3,2"
"14491","Temp..of.the.Atmos. + N..Basin.Outfall + TSS..mg.L. + CODds..mg.L. + NSEC.Effluent.NH3 + NSEC.Effluent.TSS",0.154241660240313,0.647749264993329,"3,2"
"14492","Temp..of.the.Atmos. + N..Basin.Outfall + TSS..mg.L. + CODds..mg.L. + NSEC.Effluent.NH3 + NSEC.Effluent.NO5",0.0121623838472984,0.622105996658587,"3,2"
"14493","Temp..of.the.Atmos. + N..Basin.Outfall + TSS..mg.L. + CODds..mg.L. + NSEC.Effluent.NH3 + NSEC.Effluent.Flow",0.0851713058066248,0.445202539919205,"3,2"
"14494","Temp..of.the.Atmos. + N..Basin.Outfall + TSS..mg.L. + CODds..mg.L. + NSEC.Effluent.NO3 + NSEC.Effluent.OP",0.064194371226125,0.537689200531675,"3,2"
"14495","Temp..of.the.Atmos. + N..Basin.Outfall + TSS..mg.L. + CODds..mg.L. + NSEC.Effluent.NO3 + NSEC.Effluent.TSS",0.240974950706741,0.690805232410092,"3,2"
"14496","Temp..of.the.Atmos. + N..Basin.Outfall + TSS..mg.L. + CODds..mg.L. + NSEC.Effluent.NO3 + NSEC.Effluent.NO5",0.103866521252223,0.685432452877985,"3,2"
"14497","Temp..of.the.Atmos. + N..Basin.Outfall + TSS..mg.L. + CODds..mg.L. + NSEC.Effluent.NO3 + NSEC.Effluent.Flow",0.13934541040005,0.456103328363009,"3,2"
"14498","Temp..of.the.Atmos. + N..Basin.Outfall + TSS..mg.L. + CODds..mg.L. + NSEC.Effluent.OP + NSEC.Effluent.TSS",0.170735056475762,0.689982607172238,"3,2"
"14499","Temp..of.the.Atmos. + N..Basin.Outfall + TSS..mg.L. + CODds..mg.L. + NSEC.Effluent.OP + NSEC.Effluent.NO5",0.0873335620223972,0.515519064363045,"3,2"
"14500","Temp..of.the.Atmos. + N..Basin.Outfall + TSS..mg.L. + CODds..mg.L. + NSEC.Effluent.OP + NSEC.Effluent.Flow",0.144654962964569,0.599891061534416,"3,2"
"14501","Temp..of.the.Atmos. + N..Basin.Outfall + TSS..mg.L. + CODds..mg.L. + NSEC.Effluent.TSS + NSEC.Effluent.NO5",0.115820873688721,0.64639503720211,"3,2"
"14502","Temp..of.the.Atmos. + N..Basin.Outfall + TSS..mg.L. + CODds..mg.L. + NSEC.Effluent.TSS + NSEC.Effluent.Flow",0.14817326875257,0.642085486938874,"3,2"
"14503","Temp..of.the.Atmos. + N..Basin.Outfall + TSS..mg.L. + CODds..mg.L. + NSEC.Effluent.NO5 + NSEC.Effluent.Flow",0.138937534702657,0.669113257219381,"3,2"
"14504","Temp..of.the.Atmos. + N..Basin.Outfall + TSS..mg.L. + SACto..1.m. + NSEC.Aerobic.SRT + NSEC.Effluent.NH3",0.240406260942522,0.764569036024637,"3,2"
"14505","Temp..of.the.Atmos. + N..Basin.Outfall + TSS..mg.L. + SACto..1.m. + NSEC.Aerobic.SRT + NSEC.Effluent.NO3",0.115084813191205,0.738857479707481,"3,2"
"14506","Temp..of.the.Atmos. + N..Basin.Outfall + TSS..mg.L. + SACto..1.m. + NSEC.Aerobic.SRT + NSEC.Effluent.OP",0.258015148354686,0.755439346890039,"3,2"
"14507","Temp..of.the.Atmos. + N..Basin.Outfall + TSS..mg.L. + SACto..1.m. + NSEC.Aerobic.SRT + NSEC.Effluent.TSS",0.144727664629234,0.77853370937725,"3,2"
"14508","Temp..of.the.Atmos. + N..Basin.Outfall + TSS..mg.L. + SACto..1.m. + NSEC.Aerobic.SRT + NSEC.Effluent.NO5",0.0601090111842886,0.754275670414724,"3,2"
"14509","Temp..of.the.Atmos. + N..Basin.Outfall + TSS..mg.L. + SACto..1.m. + NSEC.Aerobic.SRT + NSEC.Effluent.Flow",0.246684200360172,0.681156825114295,"3,2"
"14510","Temp..of.the.Atmos. + N..Basin.Outfall + TSS..mg.L. + SACto..1.m. + NSEC.Effluent.NH3 + NSEC.Effluent.NO3",0.0643994936526551,0.761018050895858,"3,2"
"14511","Temp..of.the.Atmos. + N..Basin.Outfall + TSS..mg.L. + SACto..1.m. + NSEC.Effluent.NH3 + NSEC.Effluent.OP",0.402971048856926,0.73112160495413,"3,2"
"14512","Temp..of.the.Atmos. + N..Basin.Outfall + TSS..mg.L. + SACto..1.m. + NSEC.Effluent.NH3 + NSEC.Effluent.TSS",0.0445985857150757,0.769106233780512,"3,2"
"14513","Temp..of.the.Atmos. + N..Basin.Outfall + TSS..mg.L. + SACto..1.m. + NSEC.Effluent.NH3 + NSEC.Effluent.NO5",0.207084527328614,0.762847661203123,"3,2"
"14514","Temp..of.the.Atmos. + N..Basin.Outfall + TSS..mg.L. + SACto..1.m. + NSEC.Effluent.NH3 + NSEC.Effluent.Flow",0.00886127180719187,0.656516580289237,"3,2"
"14515","Temp..of.the.Atmos. + N..Basin.Outfall + TSS..mg.L. + SACto..1.m. + NSEC.Effluent.NO3 + NSEC.Effluent.OP",0.0175951335373663,0.669521929101911,"3,2"
"14516","Temp..of.the.Atmos. + N..Basin.Outfall + TSS..mg.L. + SACto..1.m. + NSEC.Effluent.NO3 + NSEC.Effluent.TSS",0.095449173148539,0.829730276301456,"3,2"
"14517","Temp..of.the.Atmos. + N..Basin.Outfall + TSS..mg.L. + SACto..1.m. + NSEC.Effluent.NO3 + NSEC.Effluent.NO5",0.0152418460511594,0.739888481204249,"3,2"
"14518","Temp..of.the.Atmos. + N..Basin.Outfall + TSS..mg.L. + SACto..1.m. + NSEC.Effluent.NO3 + NSEC.Effluent.Flow",0.163297003799147,0.601674679297745,"3,2"
"14519","Temp..of.the.Atmos. + N..Basin.Outfall + TSS..mg.L. + SACto..1.m. + NSEC.Effluent.OP + NSEC.Effluent.TSS",0.118214532566973,0.73713859793165,"3,2"
"14520","Temp..of.the.Atmos. + N..Basin.Outfall + TSS..mg.L. + SACto..1.m. + NSEC.Effluent.OP + NSEC.Effluent.NO5",0.208449516138773,0.534534475216634,"3,2"
"14521","Temp..of.the.Atmos. + N..Basin.Outfall + TSS..mg.L. + SACto..1.m. + NSEC.Effluent.OP + NSEC.Effluent.Flow",0.186992012194511,0.530300155969053,"3,2"
"14522","Temp..of.the.Atmos. + N..Basin.Outfall + TSS..mg.L. + SACto..1.m. + NSEC.Effluent.TSS + NSEC.Effluent.NO5",0.278566292842828,0.73552479688693,"3,2"
"14523","Temp..of.the.Atmos. + N..Basin.Outfall + TSS..mg.L. + SACto..1.m. + NSEC.Effluent.TSS + NSEC.Effluent.Flow",0.178039265998014,0.71288911884386,"3,2"
"14524","Temp..of.the.Atmos. + N..Basin.Outfall + TSS..mg.L. + SACto..1.m. + NSEC.Effluent.NO5 + NSEC.Effluent.Flow",0.39430428956892,0.57706115585974,"3,2"
"14525","Temp..of.the.Atmos. + N..Basin.Outfall + TSS..mg.L. + NSEC.Aerobic.SRT + NSEC.Effluent.NH3 + NSEC.Effluent.NO3",0.0772208611134273,0.758299397991722,"3,2"
"14526","Temp..of.the.Atmos. + N..Basin.Outfall + TSS..mg.L. + NSEC.Aerobic.SRT + NSEC.Effluent.NH3 + NSEC.Effluent.OP",0.0745969312385291,0.75019206347353,"3,2"
"14527","Temp..of.the.Atmos. + N..Basin.Outfall + TSS..mg.L. + NSEC.Aerobic.SRT + NSEC.Effluent.NH3 + NSEC.Effluent.TSS",0.0213102033409469,0.502623066652913,"3,2"
"14528","Temp..of.the.Atmos. + N..Basin.Outfall + TSS..mg.L. + NSEC.Aerobic.SRT + NSEC.Effluent.NH3 + NSEC.Effluent.NO5",0.33710679825926,0.685696892387401,"3,2"
"14529","Temp..of.the.Atmos. + N..Basin.Outfall + TSS..mg.L. + NSEC.Aerobic.SRT + NSEC.Effluent.NH3 + NSEC.Effluent.Flow",0.0288520788646238,0.392563382418137,"3,2"
"14530","Temp..of.the.Atmos. + N..Basin.Outfall + TSS..mg.L. + NSEC.Aerobic.SRT + NSEC.Effluent.NO3 + NSEC.Effluent.OP",0.0030010610838902,0.75174392093837,"3,2"
"14531","Temp..of.the.Atmos. + N..Basin.Outfall + TSS..mg.L. + NSEC.Aerobic.SRT + NSEC.Effluent.NO3 + NSEC.Effluent.TSS",0.488453032408113,0.774087781274977,"3,2"
"14532","Temp..of.the.Atmos. + N..Basin.Outfall + TSS..mg.L. + NSEC.Aerobic.SRT + NSEC.Effluent.NO3 + NSEC.Effluent.NO5",0.202323803854012,0.650315346087852,"3,2"
"14533","Temp..of.the.Atmos. + N..Basin.Outfall + TSS..mg.L. + NSEC.Aerobic.SRT + NSEC.Effluent.NO3 + NSEC.Effluent.Flow",0.327947476552527,0.667667454631965,"3,2"
"14534","Temp..of.the.Atmos. + N..Basin.Outfall + TSS..mg.L. + NSEC.Aerobic.SRT + NSEC.Effluent.OP + NSEC.Effluent.TSS",0.258996866339608,0.732306075785022,"3,2"
"14535","Temp..of.the.Atmos. + N..Basin.Outfall + TSS..mg.L. + NSEC.Aerobic.SRT + NSEC.Effluent.OP + NSEC.Effluent.NO5",0.00239587578162448,0.738152602388666,"3,2"
"14536","Temp..of.the.Atmos. + N..Basin.Outfall + TSS..mg.L. + NSEC.Aerobic.SRT + NSEC.Effluent.OP + NSEC.Effluent.Flow",0.0105408228846233,0.747973846686314,"3,2"
"14537","Temp..of.the.Atmos. + N..Basin.Outfall + TSS..mg.L. + NSEC.Aerobic.SRT + NSEC.Effluent.TSS + NSEC.Effluent.NO5",0.430242896237786,0.751240245567124,"3,2"
"14538","Temp..of.the.Atmos. + N..Basin.Outfall + TSS..mg.L. + NSEC.Aerobic.SRT + NSEC.Effluent.TSS + NSEC.Effluent.Flow",0.234839489111873,0.728597195104841,"3,2"
"14539","Temp..of.the.Atmos. + N..Basin.Outfall + TSS..mg.L. + NSEC.Aerobic.SRT + NSEC.Effluent.NO5 + NSEC.Effluent.Flow",0.309948941925761,0.737239406982016,"3,2"
"14540","Temp..of.the.Atmos. + N..Basin.Outfall + TSS..mg.L. + NSEC.Effluent.NH3 + NSEC.Effluent.NO3 + NSEC.Effluent.OP",0.0232009001252567,0.528294659172075,"3,2"
"14541","Temp..of.the.Atmos. + N..Basin.Outfall + TSS..mg.L. + NSEC.Effluent.NH3 + NSEC.Effluent.NO3 + NSEC.Effluent.TSS",0.0636888668099149,0.518016382121441,"3,2"
"14542","Temp..of.the.Atmos. + N..Basin.Outfall + TSS..mg.L. + NSEC.Effluent.NH3 + NSEC.Effluent.NO3 + NSEC.Effluent.NO5",0.343090094206149,0.694747915058632,"3,2"
"14543","Temp..of.the.Atmos. + N..Basin.Outfall + TSS..mg.L. + NSEC.Effluent.NH3 + NSEC.Effluent.NO3 + NSEC.Effluent.Flow",0.096102368212923,0.0646281258098701,"3,2"
"14544","Temp..of.the.Atmos. + N..Basin.Outfall + TSS..mg.L. + NSEC.Effluent.NH3 + NSEC.Effluent.OP + NSEC.Effluent.TSS",0.125374588342463,0.61016183135954,"3,2"
"14545","Temp..of.the.Atmos. + N..Basin.Outfall + TSS..mg.L. + NSEC.Effluent.NH3 + NSEC.Effluent.OP + NSEC.Effluent.NO5",0.248004321978312,0.710932573570686,"3,2"
"14546","Temp..of.the.Atmos. + N..Basin.Outfall + TSS..mg.L. + NSEC.Effluent.NH3 + NSEC.Effluent.OP + NSEC.Effluent.Flow",0.444615892824262,0.555629727931055,"3,2"
"14547","Temp..of.the.Atmos. + N..Basin.Outfall + TSS..mg.L. + NSEC.Effluent.NH3 + NSEC.Effluent.TSS + NSEC.Effluent.NO5",0.28884465698459,0.582924724886326,"3,2"
"14548","Temp..of.the.Atmos. + N..Basin.Outfall + TSS..mg.L. + NSEC.Effluent.NH3 + NSEC.Effluent.TSS + NSEC.Effluent.Flow",0.0227335542403515,0.502910233605257,"3,2"
"14549","Temp..of.the.Atmos. + N..Basin.Outfall + TSS..mg.L. + NSEC.Effluent.NH3 + NSEC.Effluent.NO5 + NSEC.Effluent.Flow",0.195604718717609,0.611714657022606,"3,2"
"14550","Temp..of.the.Atmos. + N..Basin.Outfall + TSS..mg.L. + NSEC.Effluent.NO3 + NSEC.Effluent.OP + NSEC.Effluent.TSS",0.00188985505086459,0.58468591569801,"3,2"
"14551","Temp..of.the.Atmos. + N..Basin.Outfall + TSS..mg.L. + NSEC.Effluent.NO3 + NSEC.Effluent.OP + NSEC.Effluent.NO5",0.355142262146454,0.696452570335914,"3,2"
"14552","Temp..of.the.Atmos. + N..Basin.Outfall + TSS..mg.L. + NSEC.Effluent.NO3 + NSEC.Effluent.OP + NSEC.Effluent.Flow",0.103521560495911,0.315697295322511,"3,2"
"14553","Temp..of.the.Atmos. + N..Basin.Outfall + TSS..mg.L. + NSEC.Effluent.NO3 + NSEC.Effluent.TSS + NSEC.Effluent.NO5",0.0422070175445279,0.639384275471352,"3,2"
"14554","Temp..of.the.Atmos. + N..Basin.Outfall + TSS..mg.L. + NSEC.Effluent.NO3 + NSEC.Effluent.TSS + NSEC.Effluent.Flow",0.10311738754429,0.564957404505895,"3,2"
"14555","Temp..of.the.Atmos. + N..Basin.Outfall + TSS..mg.L. + NSEC.Effluent.NO3 + NSEC.Effluent.NO5 + NSEC.Effluent.Flow",0.293399649392204,0.682649703482275,"3,2"
"14556","Temp..of.the.Atmos. + N..Basin.Outfall + TSS..mg.L. + NSEC.Effluent.OP + NSEC.Effluent.TSS + NSEC.Effluent.NO5",0.0271092307158716,0.607226330889116,"3,2"
"14557","Temp..of.the.Atmos. + N..Basin.Outfall + TSS..mg.L. + NSEC.Effluent.OP + NSEC.Effluent.TSS + NSEC.Effluent.Flow",0.0829590938283962,0.630279920055569,"3,2"
"14558","Temp..of.the.Atmos. + N..Basin.Outfall + TSS..mg.L. + NSEC.Effluent.OP + NSEC.Effluent.NO5 + NSEC.Effluent.Flow",0.205681046948562,0.690846877440666,"3,2"
"14559","Temp..of.the.Atmos. + N..Basin.Outfall + TSS..mg.L. + NSEC.Effluent.TSS + NSEC.Effluent.NO5 + NSEC.Effluent.Flow",0.128399945169368,0.539659367932181,"3,2"
"14560","Temp..of.the.Atmos. + N..Basin.Outfall + UVT.... + CODds..mg.L. + SACto..1.m. + NSEC.Aerobic.SRT",0.00373491594342457,0.768537441200802,"3,2"
"14561","Temp..of.the.Atmos. + N..Basin.Outfall + UVT.... + CODds..mg.L. + SACto..1.m. + NSEC.Effluent.NH3",0.0116556100803038,0.615021247331683,"3,2"
"14562","Temp..of.the.Atmos. + N..Basin.Outfall + UVT.... + CODds..mg.L. + SACto..1.m. + NSEC.Effluent.NO3",0.249376685264506,0.56192496751052,"3,2"
"14563","Temp..of.the.Atmos. + N..Basin.Outfall + UVT.... + CODds..mg.L. + SACto..1.m. + NSEC.Effluent.OP",0.170833555043442,0.516575276277936,"3,2"
"14564","Temp..of.the.Atmos. + N..Basin.Outfall + UVT.... + CODds..mg.L. + SACto..1.m. + NSEC.Effluent.TSS",0.141997405699835,0.706020146774123,"3,2"
"14565","Temp..of.the.Atmos. + N..Basin.Outfall + UVT.... + CODds..mg.L. + SACto..1.m. + NSEC.Effluent.NO5",0.113655203590611,0.636346599488865,"3,2"
"14566","Temp..of.the.Atmos. + N..Basin.Outfall + UVT.... + CODds..mg.L. + SACto..1.m. + NSEC.Effluent.Flow",0.238918004893227,0.696637928630502,"3,2"
"14567","Temp..of.the.Atmos. + N..Basin.Outfall + UVT.... + CODds..mg.L. + NSEC.Aerobic.SRT + NSEC.Effluent.NH3",0.174922223979584,0.744085915282983,"3,2"
"14568","Temp..of.the.Atmos. + N..Basin.Outfall + UVT.... + CODds..mg.L. + NSEC.Aerobic.SRT + NSEC.Effluent.NO3",0.260707380104688,0.67341892947771,"3,2"
"14569","Temp..of.the.Atmos. + N..Basin.Outfall + UVT.... + CODds..mg.L. + NSEC.Aerobic.SRT + NSEC.Effluent.OP",0.220749241395474,0.797483620421504,"3,2"
"14570","Temp..of.the.Atmos. + N..Basin.Outfall + UVT.... + CODds..mg.L. + NSEC.Aerobic.SRT + NSEC.Effluent.TSS",0.0788398199252645,0.795179328527628,"3,2"
"14571","Temp..of.the.Atmos. + N..Basin.Outfall + UVT.... + CODds..mg.L. + NSEC.Aerobic.SRT + NSEC.Effluent.NO5",0.0790070796008182,0.43646123757961,"3,2"
"14572","Temp..of.the.Atmos. + N..Basin.Outfall + UVT.... + CODds..mg.L. + NSEC.Aerobic.SRT + NSEC.Effluent.Flow",0.00478679185168196,0.710243590724836,"3,2"
"14573","Temp..of.the.Atmos. + N..Basin.Outfall + UVT.... + CODds..mg.L. + NSEC.Effluent.NH3 + NSEC.Effluent.NO3",0.058862346577927,0.628399499673124,"3,2"
"14574","Temp..of.the.Atmos. + N..Basin.Outfall + UVT.... + CODds..mg.L. + NSEC.Effluent.NH3 + NSEC.Effluent.OP",0.12069890869947,0.553589874610961,"3,2"
"14575","Temp..of.the.Atmos. + N..Basin.Outfall + UVT.... + CODds..mg.L. + NSEC.Effluent.NH3 + NSEC.Effluent.TSS",0.231509013167685,0.65311218430149,"3,2"
"14576","Temp..of.the.Atmos. + N..Basin.Outfall + UVT.... + CODds..mg.L. + NSEC.Effluent.NH3 + NSEC.Effluent.NO5",0.114427229233682,0.579095633700826,"3,2"
"14577","Temp..of.the.Atmos. + N..Basin.Outfall + UVT.... + CODds..mg.L. + NSEC.Effluent.NH3 + NSEC.Effluent.Flow",0.000965547045469473,0.535474615907745,"3,2"
"14578","Temp..of.the.Atmos. + N..Basin.Outfall + UVT.... + CODds..mg.L. + NSEC.Effluent.NO3 + NSEC.Effluent.OP",0.194355554917638,0.535143577732337,"3,2"
"14579","Temp..of.the.Atmos. + N..Basin.Outfall + UVT.... + CODds..mg.L. + NSEC.Effluent.NO3 + NSEC.Effluent.TSS",0.25481569668026,0.728428238183553,"3,2"
"14580","Temp..of.the.Atmos. + N..Basin.Outfall + UVT.... + CODds..mg.L. + NSEC.Effluent.NO3 + NSEC.Effluent.NO5",0.0926804432609376,0.648125746226612,"3,2"
"14581","Temp..of.the.Atmos. + N..Basin.Outfall + UVT.... + CODds..mg.L. + NSEC.Effluent.NO3 + NSEC.Effluent.Flow",0.161835406113893,0.529074072115226,"3,2"
"14582","Temp..of.the.Atmos. + N..Basin.Outfall + UVT.... + CODds..mg.L. + NSEC.Effluent.OP + NSEC.Effluent.TSS",0.229179783043274,0.690070681459821,"3,2"
"14583","Temp..of.the.Atmos. + N..Basin.Outfall + UVT.... + CODds..mg.L. + NSEC.Effluent.OP + NSEC.Effluent.NO5",0.0836485104276237,0.679367039968673,"3,2"
"14584","Temp..of.the.Atmos. + N..Basin.Outfall + UVT.... + CODds..mg.L. + NSEC.Effluent.OP + NSEC.Effluent.Flow",0.101146473035601,0.553620674589402,"3,2"
"14585","Temp..of.the.Atmos. + N..Basin.Outfall + UVT.... + CODds..mg.L. + NSEC.Effluent.TSS + NSEC.Effluent.NO5",0.283486180830087,0.731348417006125,"3,2"
"14586","Temp..of.the.Atmos. + N..Basin.Outfall + UVT.... + CODds..mg.L. + NSEC.Effluent.TSS + NSEC.Effluent.Flow",0.241578125356146,0.680006697758823,"3,2"
"14587","Temp..of.the.Atmos. + N..Basin.Outfall + UVT.... + CODds..mg.L. + NSEC.Effluent.NO5 + NSEC.Effluent.Flow",0.0844662590734686,0.631613477541356,"3,2"
"14588","Temp..of.the.Atmos. + N..Basin.Outfall + UVT.... + SACto..1.m. + NSEC.Aerobic.SRT + NSEC.Effluent.NH3",0.146676116564802,0.531712996608073,"3,2"
"14589","Temp..of.the.Atmos. + N..Basin.Outfall + UVT.... + SACto..1.m. + NSEC.Aerobic.SRT + NSEC.Effluent.NO3",0.300506230363994,0.655219880242889,"3,2"
"14590","Temp..of.the.Atmos. + N..Basin.Outfall + UVT.... + SACto..1.m. + NSEC.Aerobic.SRT + NSEC.Effluent.OP",0.238614670700226,0.726078329017278,"3,2"
"14591","Temp..of.the.Atmos. + N..Basin.Outfall + UVT.... + SACto..1.m. + NSEC.Aerobic.SRT + NSEC.Effluent.TSS",0.370971642141671,0.755217717325061,"3,2"
"14592","Temp..of.the.Atmos. + N..Basin.Outfall + UVT.... + SACto..1.m. + NSEC.Aerobic.SRT + NSEC.Effluent.NO5",0.11335744120743,0.735756190329871,"3,2"
"14593","Temp..of.the.Atmos. + N..Basin.Outfall + UVT.... + SACto..1.m. + NSEC.Aerobic.SRT + NSEC.Effluent.Flow",0.123107010538444,0.634528257017846,"3,2"
"14594","Temp..of.the.Atmos. + N..Basin.Outfall + UVT.... + SACto..1.m. + NSEC.Effluent.NH3 + NSEC.Effluent.NO3",0.0438464581708322,0.354397544237622,"3,2"
"14595","Temp..of.the.Atmos. + N..Basin.Outfall + UVT.... + SACto..1.m. + NSEC.Effluent.NH3 + NSEC.Effluent.OP",0.156568640961431,0.600173431042929,"3,2"
"14596","Temp..of.the.Atmos. + N..Basin.Outfall + UVT.... + SACto..1.m. + NSEC.Effluent.NH3 + NSEC.Effluent.TSS",0.196136816350428,0.616054041808119,"3,2"
"14597","Temp..of.the.Atmos. + N..Basin.Outfall + UVT.... + SACto..1.m. + NSEC.Effluent.NH3 + NSEC.Effluent.NO5",0.0617143249328902,0.188232931846402,"3,2"
"14598","Temp..of.the.Atmos. + N..Basin.Outfall + UVT.... + SACto..1.m. + NSEC.Effluent.NH3 + NSEC.Effluent.Flow",0.0698575283820713,0.595173362033078,"3,2"
"14599","Temp..of.the.Atmos. + N..Basin.Outfall + UVT.... + SACto..1.m. + NSEC.Effluent.NO3 + NSEC.Effluent.OP",0.115295108170669,0.564524126120998,"3,2"
"14600","Temp..of.the.Atmos. + N..Basin.Outfall + UVT.... + SACto..1.m. + NSEC.Effluent.NO3 + NSEC.Effluent.TSS",0.248995194328872,0.57304171827908,"3,2"
"14601","Temp..of.the.Atmos. + N..Basin.Outfall + UVT.... + SACto..1.m. + NSEC.Effluent.NO3 + NSEC.Effluent.NO5",0.183602508589697,0.613999288117041,"3,2"
"14602","Temp..of.the.Atmos. + N..Basin.Outfall + UVT.... + SACto..1.m. + NSEC.Effluent.NO3 + NSEC.Effluent.Flow",0.0481889482133537,0.39862588990081,"3,2"
"14603","Temp..of.the.Atmos. + N..Basin.Outfall + UVT.... + SACto..1.m. + NSEC.Effluent.OP + NSEC.Effluent.TSS",0.0593625800822526,0.700878792398855,"3,2"
"14604","Temp..of.the.Atmos. + N..Basin.Outfall + UVT.... + SACto..1.m. + NSEC.Effluent.OP + NSEC.Effluent.NO5",0.307337898178743,0.508401217744359,"3,2"
"14605","Temp..of.the.Atmos. + N..Basin.Outfall + UVT.... + SACto..1.m. + NSEC.Effluent.OP + NSEC.Effluent.Flow",0.0694089140970124,0.447842422633732,"3,2"
"14606","Temp..of.the.Atmos. + N..Basin.Outfall + UVT.... + SACto..1.m. + NSEC.Effluent.TSS + NSEC.Effluent.NO5",0.226339839715302,0.622924053519006,"3,2"
"14607","Temp..of.the.Atmos. + N..Basin.Outfall + UVT.... + SACto..1.m. + NSEC.Effluent.TSS + NSEC.Effluent.Flow",0.0757484384430989,0.432234632367273,"3,2"
"14608","Temp..of.the.Atmos. + N..Basin.Outfall + UVT.... + SACto..1.m. + NSEC.Effluent.NO5 + NSEC.Effluent.Flow",0.0954567823733188,0.501298051244492,"3,2"
"14609","Temp..of.the.Atmos. + N..Basin.Outfall + UVT.... + NSEC.Aerobic.SRT + NSEC.Effluent.NH3 + NSEC.Effluent.NO3",0.0971421366584453,0.742797455542215,"3,2"
"14610","Temp..of.the.Atmos. + N..Basin.Outfall + UVT.... + NSEC.Aerobic.SRT + NSEC.Effluent.NH3 + NSEC.Effluent.OP",0.00687866488620159,0.669825784264554,"3,2"
"14611","Temp..of.the.Atmos. + N..Basin.Outfall + UVT.... + NSEC.Aerobic.SRT + NSEC.Effluent.NH3 + NSEC.Effluent.TSS",0.104726559898758,0.756134982533271,"3,2"
"14612","Temp..of.the.Atmos. + N..Basin.Outfall + UVT.... + NSEC.Aerobic.SRT + NSEC.Effluent.NH3 + NSEC.Effluent.NO5",0.0916707612682326,0.695748555623755,"3,2"
"14613","Temp..of.the.Atmos. + N..Basin.Outfall + UVT.... + NSEC.Aerobic.SRT + NSEC.Effluent.NH3 + NSEC.Effluent.Flow",0.0659123867833427,0.669911092621627,"3,2"
"14614","Temp..of.the.Atmos. + N..Basin.Outfall + UVT.... + NSEC.Aerobic.SRT + NSEC.Effluent.NO3 + NSEC.Effluent.OP",0.034652019763858,0.599693807648186,"3,2"
"14615","Temp..of.the.Atmos. + N..Basin.Outfall + UVT.... + NSEC.Aerobic.SRT + NSEC.Effluent.NO3 + NSEC.Effluent.TSS",0.124968819201188,0.76038367802313,"3,2"
"14616","Temp..of.the.Atmos. + N..Basin.Outfall + UVT.... + NSEC.Aerobic.SRT + NSEC.Effluent.NO3 + NSEC.Effluent.NO5",0.0783660920275642,0.61091488045108,"3,2"
"14617","Temp..of.the.Atmos. + N..Basin.Outfall + UVT.... + NSEC.Aerobic.SRT + NSEC.Effluent.NO3 + NSEC.Effluent.Flow",0.146516888610493,0.57524922764384,"3,2"
"14618","Temp..of.the.Atmos. + N..Basin.Outfall + UVT.... + NSEC.Aerobic.SRT + NSEC.Effluent.OP + NSEC.Effluent.TSS",0.0308701094739221,0.783464910175164,"3,2"
"14619","Temp..of.the.Atmos. + N..Basin.Outfall + UVT.... + NSEC.Aerobic.SRT + NSEC.Effluent.OP + NSEC.Effluent.NO5",0.152412311559367,0.64577953559532,"3,2"
"14620","Temp..of.the.Atmos. + N..Basin.Outfall + UVT.... + NSEC.Aerobic.SRT + NSEC.Effluent.OP + NSEC.Effluent.Flow",0.00181587684972451,0.723628343250601,"3,2"
"14621","Temp..of.the.Atmos. + N..Basin.Outfall + UVT.... + NSEC.Aerobic.SRT + NSEC.Effluent.TSS + NSEC.Effluent.NO5",0.228991066076709,0.728875628274549,"3,2"
"14622","Temp..of.the.Atmos. + N..Basin.Outfall + UVT.... + NSEC.Aerobic.SRT + NSEC.Effluent.TSS + NSEC.Effluent.Flow",0.301338045002058,0.798619243219472,"3,2"
"14623","Temp..of.the.Atmos. + N..Basin.Outfall + UVT.... + NSEC.Aerobic.SRT + NSEC.Effluent.NO5 + NSEC.Effluent.Flow",0.100086276717455,0.693205042987528,"3,2"
"14624","Temp..of.the.Atmos. + N..Basin.Outfall + UVT.... + NSEC.Effluent.NH3 + NSEC.Effluent.NO3 + NSEC.Effluent.OP",0.193919678448247,0.00329763997007884,"3,2"
"14625","Temp..of.the.Atmos. + N..Basin.Outfall + UVT.... + NSEC.Effluent.NH3 + NSEC.Effluent.NO3 + NSEC.Effluent.TSS",0.171879611405124,0.527955217342919,"3,2"
"14626","Temp..of.the.Atmos. + N..Basin.Outfall + UVT.... + NSEC.Effluent.NH3 + NSEC.Effluent.NO3 + NSEC.Effluent.NO5",0.0539208179293902,0.478265448281914,"3,2"
"14627","Temp..of.the.Atmos. + N..Basin.Outfall + UVT.... + NSEC.Effluent.NH3 + NSEC.Effluent.NO3 + NSEC.Effluent.Flow",0.133443946407722,0.602752183166307,"3,2"
"14628","Temp..of.the.Atmos. + N..Basin.Outfall + UVT.... + NSEC.Effluent.NH3 + NSEC.Effluent.OP + NSEC.Effluent.TSS",0.0233310213813431,0.70136466005733,"3,2"
"14629","Temp..of.the.Atmos. + N..Basin.Outfall + UVT.... + NSEC.Effluent.NH3 + NSEC.Effluent.OP + NSEC.Effluent.NO5",0.116878581103032,0.440674680723558,"3,2"
"14630","Temp..of.the.Atmos. + N..Basin.Outfall + UVT.... + NSEC.Effluent.NH3 + NSEC.Effluent.OP + NSEC.Effluent.Flow",0.0720419471544607,0.595616245720785,"3,2"
"14631","Temp..of.the.Atmos. + N..Basin.Outfall + UVT.... + NSEC.Effluent.NH3 + NSEC.Effluent.TSS + NSEC.Effluent.NO5",0.088327283148089,0.646227587201724,"3,2"
"14632","Temp..of.the.Atmos. + N..Basin.Outfall + UVT.... + NSEC.Effluent.NH3 + NSEC.Effluent.TSS + NSEC.Effluent.Flow",0.182197224139889,0.434714327106656,"3,2"
"14633","Temp..of.the.Atmos. + N..Basin.Outfall + UVT.... + NSEC.Effluent.NH3 + NSEC.Effluent.NO5 + NSEC.Effluent.Flow",0.00318742348123879,0.353198828651718,"3,2"
"14634","Temp..of.the.Atmos. + N..Basin.Outfall + UVT.... + NSEC.Effluent.NO3 + NSEC.Effluent.OP + NSEC.Effluent.TSS",0.184497734837494,0.693501128789095,"3,2"
"14635","Temp..of.the.Atmos. + N..Basin.Outfall + UVT.... + NSEC.Effluent.NO3 + NSEC.Effluent.OP + NSEC.Effluent.NO5",0.308039008901292,0.646812784543899,"3,2"
"14636","Temp..of.the.Atmos. + N..Basin.Outfall + UVT.... + NSEC.Effluent.NO3 + NSEC.Effluent.OP + NSEC.Effluent.Flow",0.0821928489039667,0.537350713437126,"3,2"
"14637","Temp..of.the.Atmos. + N..Basin.Outfall + UVT.... + NSEC.Effluent.NO3 + NSEC.Effluent.TSS + NSEC.Effluent.NO5",0.0207826610571642,0.674001053241837,"3,2"
"14638","Temp..of.the.Atmos. + N..Basin.Outfall + UVT.... + NSEC.Effluent.NO3 + NSEC.Effluent.TSS + NSEC.Effluent.Flow",0.0198014320776094,0.627434053970677,"3,2"
"14639","Temp..of.the.Atmos. + N..Basin.Outfall + UVT.... + NSEC.Effluent.NO3 + NSEC.Effluent.NO5 + NSEC.Effluent.Flow",0.154994119024736,0.624991082763567,"3,2"
"14640","Temp..of.the.Atmos. + N..Basin.Outfall + UVT.... + NSEC.Effluent.OP + NSEC.Effluent.TSS + NSEC.Effluent.NO5",0.193938504136651,0.626056049925406,"3,2"
"14641","Temp..of.the.Atmos. + N..Basin.Outfall + UVT.... + NSEC.Effluent.OP + NSEC.Effluent.TSS + NSEC.Effluent.Flow",0.0815279045250885,0.591181957265672,"3,2"
"14642","Temp..of.the.Atmos. + N..Basin.Outfall + UVT.... + NSEC.Effluent.OP + NSEC.Effluent.NO5 + NSEC.Effluent.Flow",0.278205912606927,0.612936986847716,"3,2"
"14643","Temp..of.the.Atmos. + N..Basin.Outfall + UVT.... + NSEC.Effluent.TSS + NSEC.Effluent.NO5 + NSEC.Effluent.Flow",0.241587551305428,0.565582872401907,"3,2"
"14644","Temp..of.the.Atmos. + N..Basin.Outfall + CODds..mg.L. + SACto..1.m. + NSEC.Aerobic.SRT + NSEC.Effluent.NH3",0.00848265844720553,0.775769432840928,"3,2"
"14645","Temp..of.the.Atmos. + N..Basin.Outfall + CODds..mg.L. + SACto..1.m. + NSEC.Aerobic.SRT + NSEC.Effluent.NO3",0.277917866052829,0.677628071091122,"3,2"
"14646","Temp..of.the.Atmos. + N..Basin.Outfall + CODds..mg.L. + SACto..1.m. + NSEC.Aerobic.SRT + NSEC.Effluent.OP",0.0961141499133884,0.802141506603089,"3,2"
"14647","Temp..of.the.Atmos. + N..Basin.Outfall + CODds..mg.L. + SACto..1.m. + NSEC.Aerobic.SRT + NSEC.Effluent.TSS",0.0840117288070359,0.836117157658126,"3,2"
"14648","Temp..of.the.Atmos. + N..Basin.Outfall + CODds..mg.L. + SACto..1.m. + NSEC.Aerobic.SRT + NSEC.Effluent.NO5",0.3018362250961,0.635385512075001,"3,2"
"14649","Temp..of.the.Atmos. + N..Basin.Outfall + CODds..mg.L. + SACto..1.m. + NSEC.Aerobic.SRT + NSEC.Effluent.Flow",0.265958025727272,0.566928413505054,"3,2"
"14650","Temp..of.the.Atmos. + N..Basin.Outfall + CODds..mg.L. + SACto..1.m. + NSEC.Effluent.NH3 + NSEC.Effluent.NO3",0.241881988193749,0.595519255458427,"3,2"
"14651","Temp..of.the.Atmos. + N..Basin.Outfall + CODds..mg.L. + SACto..1.m. + NSEC.Effluent.NH3 + NSEC.Effluent.OP",0.106563938865927,0.575670605871603,"3,2"
"14652","Temp..of.the.Atmos. + N..Basin.Outfall + CODds..mg.L. + SACto..1.m. + NSEC.Effluent.NH3 + NSEC.Effluent.TSS",0.181735862236527,0.698954702963439,"3,2"
"14653","Temp..of.the.Atmos. + N..Basin.Outfall + CODds..mg.L. + SACto..1.m. + NSEC.Effluent.NH3 + NSEC.Effluent.NO5",0.122438160574461,0.575986416492143,"3,2"
"14654","Temp..of.the.Atmos. + N..Basin.Outfall + CODds..mg.L. + SACto..1.m. + NSEC.Effluent.NH3 + NSEC.Effluent.Flow",0.112905633449752,0.565623078442187,"3,2"
"14655","Temp..of.the.Atmos. + N..Basin.Outfall + CODds..mg.L. + SACto..1.m. + NSEC.Effluent.NO3 + NSEC.Effluent.OP",0.123914317814421,0.572635641425126,"3,2"
"14656","Temp..of.the.Atmos. + N..Basin.Outfall + CODds..mg.L. + SACto..1.m. + NSEC.Effluent.NO3 + NSEC.Effluent.TSS",0.140770622557256,0.624748259014932,"3,2"
"14657","Temp..of.the.Atmos. + N..Basin.Outfall + CODds..mg.L. + SACto..1.m. + NSEC.Effluent.NO3 + NSEC.Effluent.NO5",0.202528290010355,0.554366882734951,"3,2"
"14658","Temp..of.the.Atmos. + N..Basin.Outfall + CODds..mg.L. + SACto..1.m. + NSEC.Effluent.NO3 + NSEC.Effluent.Flow",0.099338669553795,0.603418789441865,"3,2"
"14659","Temp..of.the.Atmos. + N..Basin.Outfall + CODds..mg.L. + SACto..1.m. + NSEC.Effluent.OP + NSEC.Effluent.TSS",0.242103708031042,0.726338616509304,"3,2"
"14660","Temp..of.the.Atmos. + N..Basin.Outfall + CODds..mg.L. + SACto..1.m. + NSEC.Effluent.OP + NSEC.Effluent.NO5",0.22635429886598,0.574839698202728,"3,2"
"14661","Temp..of.the.Atmos. + N..Basin.Outfall + CODds..mg.L. + SACto..1.m. + NSEC.Effluent.OP + NSEC.Effluent.Flow",0.149852446335756,0.562570898378311,"3,2"
"14662","Temp..of.the.Atmos. + N..Basin.Outfall + CODds..mg.L. + SACto..1.m. + NSEC.Effluent.TSS + NSEC.Effluent.NO5",0.195797294439007,0.73493347906353,"3,2"
"14663","Temp..of.the.Atmos. + N..Basin.Outfall + CODds..mg.L. + SACto..1.m. + NSEC.Effluent.TSS + NSEC.Effluent.Flow",0.190660748728323,0.657312410853701,"3,2"
"14664","Temp..of.the.Atmos. + N..Basin.Outfall + CODds..mg.L. + SACto..1.m. + NSEC.Effluent.NO5 + NSEC.Effluent.Flow",0.061328211438382,0.574731220347539,"3,2"
"14665","Temp..of.the.Atmos. + N..Basin.Outfall + CODds..mg.L. + NSEC.Aerobic.SRT + NSEC.Effluent.NH3 + NSEC.Effluent.NO3",0.0701896644235733,0.572657276590492,"3,2"
"14666","Temp..of.the.Atmos. + N..Basin.Outfall + CODds..mg.L. + NSEC.Aerobic.SRT + NSEC.Effluent.NH3 + NSEC.Effluent.OP",0.236994211069632,0.792039881127477,"3,2"
"14667","Temp..of.the.Atmos. + N..Basin.Outfall + CODds..mg.L. + NSEC.Aerobic.SRT + NSEC.Effluent.NH3 + NSEC.Effluent.TSS",0.361306390503846,0.795258747621168,"3,2"
"14668","Temp..of.the.Atmos. + N..Basin.Outfall + CODds..mg.L. + NSEC.Aerobic.SRT + NSEC.Effluent.NH3 + NSEC.Effluent.NO5",0.318049450130096,0.758757447242646,"3,2"
"14669","Temp..of.the.Atmos. + N..Basin.Outfall + CODds..mg.L. + NSEC.Aerobic.SRT + NSEC.Effluent.NH3 + NSEC.Effluent.Flow",0.0716247981516556,0.59811191939349,"3,2"
"14670","Temp..of.the.Atmos. + N..Basin.Outfall + CODds..mg.L. + NSEC.Aerobic.SRT + NSEC.Effluent.NO3 + NSEC.Effluent.OP",0.0818067011780661,0.517830954111956,"3,2"
"14671","Temp..of.the.Atmos. + N..Basin.Outfall + CODds..mg.L. + NSEC.Aerobic.SRT + NSEC.Effluent.NO3 + NSEC.Effluent.TSS",0.277823950438983,0.800254474448071,"3,2"
"14672","Temp..of.the.Atmos. + N..Basin.Outfall + CODds..mg.L. + NSEC.Aerobic.SRT + NSEC.Effluent.NO3 + NSEC.Effluent.NO5",0.168667871366613,0.820981937601777,"3,2"
"14673","Temp..of.the.Atmos. + N..Basin.Outfall + CODds..mg.L. + NSEC.Aerobic.SRT + NSEC.Effluent.NO3 + NSEC.Effluent.Flow",0.267630910033512,0.776014893159121,"3,2"
"14674","Temp..of.the.Atmos. + N..Basin.Outfall + CODds..mg.L. + NSEC.Aerobic.SRT + NSEC.Effluent.OP + NSEC.Effluent.TSS",0.211248486850861,0.800837793726766,"3,2"
"14675","Temp..of.the.Atmos. + N..Basin.Outfall + CODds..mg.L. + NSEC.Aerobic.SRT + NSEC.Effluent.OP + NSEC.Effluent.NO5",0.156204740494562,0.671517855043259,"3,2"
"14676","Temp..of.the.Atmos. + N..Basin.Outfall + CODds..mg.L. + NSEC.Aerobic.SRT + NSEC.Effluent.OP + NSEC.Effluent.Flow",0.0933868706227239,0.672798627804076,"3,2"
"14677","Temp..of.the.Atmos. + N..Basin.Outfall + CODds..mg.L. + NSEC.Aerobic.SRT + NSEC.Effluent.TSS + NSEC.Effluent.NO5",0.277669618521685,0.727594522828057,"3,2"
"14678","Temp..of.the.Atmos. + N..Basin.Outfall + CODds..mg.L. + NSEC.Aerobic.SRT + NSEC.Effluent.TSS + NSEC.Effluent.Flow",0.333245723713773,0.787029591762646,"3,2"
"14679","Temp..of.the.Atmos. + N..Basin.Outfall + CODds..mg.L. + NSEC.Aerobic.SRT + NSEC.Effluent.NO5 + NSEC.Effluent.Flow",0.0915424076850646,0.585875869338018,"3,2"
"14680","Temp..of.the.Atmos. + N..Basin.Outfall + CODds..mg.L. + NSEC.Effluent.NH3 + NSEC.Effluent.NO3 + NSEC.Effluent.OP",0.00857433576933353,0.438978670587786,"3,2"
"14681","Temp..of.the.Atmos. + N..Basin.Outfall + CODds..mg.L. + NSEC.Effluent.NH3 + NSEC.Effluent.NO3 + NSEC.Effluent.TSS",0.172659285499033,0.620144886665175,"3,2"
"14682","Temp..of.the.Atmos. + N..Basin.Outfall + CODds..mg.L. + NSEC.Effluent.NH3 + NSEC.Effluent.NO3 + NSEC.Effluent.NO5",0.11694518771933,0.695938704132728,"3,2"
"14683","Temp..of.the.Atmos. + N..Basin.Outfall + CODds..mg.L. + NSEC.Effluent.NH3 + NSEC.Effluent.NO3 + NSEC.Effluent.Flow",0.0824376849498285,0.43214309191641,"3,2"
"14684","Temp..of.the.Atmos. + N..Basin.Outfall + CODds..mg.L. + NSEC.Effluent.NH3 + NSEC.Effluent.OP + NSEC.Effluent.TSS",0.0135585984270938,0.611836906494624,"3,2"
"14685","Temp..of.the.Atmos. + N..Basin.Outfall + CODds..mg.L. + NSEC.Effluent.NH3 + NSEC.Effluent.OP + NSEC.Effluent.NO5",0.043151525088859,0.51666485174629,"3,2"
"14686","Temp..of.the.Atmos. + N..Basin.Outfall + CODds..mg.L. + NSEC.Effluent.NH3 + NSEC.Effluent.OP + NSEC.Effluent.Flow",0.0547994913944749,0.427163697079733,"3,2"
"14687","Temp..of.the.Atmos. + N..Basin.Outfall + CODds..mg.L. + NSEC.Effluent.NH3 + NSEC.Effluent.TSS + NSEC.Effluent.NO5",0.184024437858682,0.6715354834691,"3,2"
"14688","Temp..of.the.Atmos. + N..Basin.Outfall + CODds..mg.L. + NSEC.Effluent.NH3 + NSEC.Effluent.TSS + NSEC.Effluent.Flow",0.0321946111943123,0.686749493778734,"3,2"
"14689","Temp..of.the.Atmos. + N..Basin.Outfall + CODds..mg.L. + NSEC.Effluent.NH3 + NSEC.Effluent.NO5 + NSEC.Effluent.Flow",0.000950629897683131,0.558424223817314,"3,2"
"14690","Temp..of.the.Atmos. + N..Basin.Outfall + CODds..mg.L. + NSEC.Effluent.NO3 + NSEC.Effluent.OP + NSEC.Effluent.TSS",0.0181161328533876,0.6454604930536,"3,2"
"14691","Temp..of.the.Atmos. + N..Basin.Outfall + CODds..mg.L. + NSEC.Effluent.NO3 + NSEC.Effluent.OP + NSEC.Effluent.NO5",0.0595377404419097,0.64188308965281,"3,2"
"14692","Temp..of.the.Atmos. + N..Basin.Outfall + CODds..mg.L. + NSEC.Effluent.NO3 + NSEC.Effluent.OP + NSEC.Effluent.Flow",0.112194209786139,0.466764142675874,"3,2"
"14693","Temp..of.the.Atmos. + N..Basin.Outfall + CODds..mg.L. + NSEC.Effluent.NO3 + NSEC.Effluent.TSS + NSEC.Effluent.NO5",0.27523715409782,0.727583696774145,"3,2"
"14694","Temp..of.the.Atmos. + N..Basin.Outfall + CODds..mg.L. + NSEC.Effluent.NO3 + NSEC.Effluent.TSS + NSEC.Effluent.Flow",0.100411341601311,0.656532061357572,"3,2"
"14695","Temp..of.the.Atmos. + N..Basin.Outfall + CODds..mg.L. + NSEC.Effluent.NO3 + NSEC.Effluent.NO5 + NSEC.Effluent.Flow",0.169811937955153,0.557000607471253,"3,2"
"14696","Temp..of.the.Atmos. + N..Basin.Outfall + CODds..mg.L. + NSEC.Effluent.OP + NSEC.Effluent.TSS + NSEC.Effluent.NO5",0.0556972639416131,0.652723591028902,"3,2"
"14697","Temp..of.the.Atmos. + N..Basin.Outfall + CODds..mg.L. + NSEC.Effluent.OP + NSEC.Effluent.TSS + NSEC.Effluent.Flow",0.0546141306022281,0.704587003847133,"3,2"
"14698","Temp..of.the.Atmos. + N..Basin.Outfall + CODds..mg.L. + NSEC.Effluent.OP + NSEC.Effluent.NO5 + NSEC.Effluent.Flow",0.15270856365374,0.482318696816949,"3,2"
"14699","Temp..of.the.Atmos. + N..Basin.Outfall + CODds..mg.L. + NSEC.Effluent.TSS + NSEC.Effluent.NO5 + NSEC.Effluent.Flow",0.0476017133734321,0.659486122937632,"3,2"
"14700","Temp..of.the.Atmos. + N..Basin.Outfall + SACto..1.m. + NSEC.Aerobic.SRT + NSEC.Effluent.NH3 + NSEC.Effluent.NO3",0.127858814570367,0.46696909242813,"3,2"
"14701","Temp..of.the.Atmos. + N..Basin.Outfall + SACto..1.m. + NSEC.Aerobic.SRT + NSEC.Effluent.NH3 + NSEC.Effluent.OP",0.180311965253476,0.742781853724492,"3,2"
"14702","Temp..of.the.Atmos. + N..Basin.Outfall + SACto..1.m. + NSEC.Aerobic.SRT + NSEC.Effluent.NH3 + NSEC.Effluent.TSS",0.0102598547747237,0.73217501622624,"3,2"
"14703","Temp..of.the.Atmos. + N..Basin.Outfall + SACto..1.m. + NSEC.Aerobic.SRT + NSEC.Effluent.NH3 + NSEC.Effluent.NO5",0.133606493511716,0.656524398884343,"3,2"
"14704","Temp..of.the.Atmos. + N..Basin.Outfall + SACto..1.m. + NSEC.Aerobic.SRT + NSEC.Effluent.NH3 + NSEC.Effluent.Flow",0.239321956347449,0.601859059649574,"3,2"
"14705","Temp..of.the.Atmos. + N..Basin.Outfall + SACto..1.m. + NSEC.Aerobic.SRT + NSEC.Effluent.NO3 + NSEC.Effluent.OP",0.0257243196075914,0.695876841884055,"3,2"
"14706","Temp..of.the.Atmos. + N..Basin.Outfall + SACto..1.m. + NSEC.Aerobic.SRT + NSEC.Effluent.NO3 + NSEC.Effluent.TSS",0.357328413631822,0.753499909998162,"3,2"
"14707","Temp..of.the.Atmos. + N..Basin.Outfall + SACto..1.m. + NSEC.Aerobic.SRT + NSEC.Effluent.NO3 + NSEC.Effluent.NO5",0.315818822282384,0.759742783017553,"3,2"
"14708","Temp..of.the.Atmos. + N..Basin.Outfall + SACto..1.m. + NSEC.Aerobic.SRT + NSEC.Effluent.NO3 + NSEC.Effluent.Flow",0.0676523300456948,0.692389280178643,"3,2"
"14709","Temp..of.the.Atmos. + N..Basin.Outfall + SACto..1.m. + NSEC.Aerobic.SRT + NSEC.Effluent.OP + NSEC.Effluent.TSS",0.0703074200614711,0.735269653610896,"3,2"
"14710","Temp..of.the.Atmos. + N..Basin.Outfall + SACto..1.m. + NSEC.Aerobic.SRT + NSEC.Effluent.OP + NSEC.Effluent.NO5",0.164404745961961,0.639863931672045,"3,2"
"14711","Temp..of.the.Atmos. + N..Basin.Outfall + SACto..1.m. + NSEC.Aerobic.SRT + NSEC.Effluent.OP + NSEC.Effluent.Flow",0.0458898659484914,0.669267188975411,"3,2"
"14712","Temp..of.the.Atmos. + N..Basin.Outfall + SACto..1.m. + NSEC.Aerobic.SRT + NSEC.Effluent.TSS + NSEC.Effluent.NO5",0.361712804075659,0.785415296278505,"3,2"
"14713","Temp..of.the.Atmos. + N..Basin.Outfall + SACto..1.m. + NSEC.Aerobic.SRT + NSEC.Effluent.TSS + NSEC.Effluent.Flow",0.306280781957082,0.762809976634563,"3,2"
"14714","Temp..of.the.Atmos. + N..Basin.Outfall + SACto..1.m. + NSEC.Aerobic.SRT + NSEC.Effluent.NO5 + NSEC.Effluent.Flow",0.197299560133369,0.673325977183901,"3,2"
"14715","Temp..of.the.Atmos. + N..Basin.Outfall + SACto..1.m. + NSEC.Effluent.NH3 + NSEC.Effluent.NO3 + NSEC.Effluent.OP",0.130837591997422,0.618222907404142,"3,2"
"14716","Temp..of.the.Atmos. + N..Basin.Outfall + SACto..1.m. + NSEC.Effluent.NH3 + NSEC.Effluent.NO3 + NSEC.Effluent.TSS",0.144369908859887,0.556942212972616,"3,2"
"14717","Temp..of.the.Atmos. + N..Basin.Outfall + SACto..1.m. + NSEC.Effluent.NH3 + NSEC.Effluent.NO3 + NSEC.Effluent.NO5",0.0897339422417263,0.526313420790969,"3,2"
"14718","Temp..of.the.Atmos. + N..Basin.Outfall + SACto..1.m. + NSEC.Effluent.NH3 + NSEC.Effluent.NO3 + NSEC.Effluent.Flow",0.453356747934186,0.65559920711895,"3,2"
"14719","Temp..of.the.Atmos. + N..Basin.Outfall + SACto..1.m. + NSEC.Effluent.NH3 + NSEC.Effluent.OP + NSEC.Effluent.TSS",0.247732443569734,0.659150609159169,"3,2"
"14720","Temp..of.the.Atmos. + N..Basin.Outfall + SACto..1.m. + NSEC.Effluent.NH3 + NSEC.Effluent.OP + NSEC.Effluent.NO5",0.0127106687676557,0.368575892145014,"3,2"
"14721","Temp..of.the.Atmos. + N..Basin.Outfall + SACto..1.m. + NSEC.Effluent.NH3 + NSEC.Effluent.OP + NSEC.Effluent.Flow",0.252829341444576,0.589450281616304,"3,2"
"14722","Temp..of.the.Atmos. + N..Basin.Outfall + SACto..1.m. + NSEC.Effluent.NH3 + NSEC.Effluent.TSS + NSEC.Effluent.NO5",0.229996346529356,0.583562315481335,"3,2"
"14723","Temp..of.the.Atmos. + N..Basin.Outfall + SACto..1.m. + NSEC.Effluent.NH3 + NSEC.Effluent.TSS + NSEC.Effluent.Flow",0.0228445424840114,0.615699798260053,"3,2"
"14724","Temp..of.the.Atmos. + N..Basin.Outfall + SACto..1.m. + NSEC.Effluent.NH3 + NSEC.Effluent.NO5 + NSEC.Effluent.Flow",0.197570404981926,0.397517049488141,"3,2"
"14725","Temp..of.the.Atmos. + N..Basin.Outfall + SACto..1.m. + NSEC.Effluent.NO3 + NSEC.Effluent.OP + NSEC.Effluent.TSS",0.126669349387431,0.669043155251838,"3,2"
"14726","Temp..of.the.Atmos. + N..Basin.Outfall + SACto..1.m. + NSEC.Effluent.NO3 + NSEC.Effluent.OP + NSEC.Effluent.NO5",0.0901365963793168,0.447534877434953,"3,2"
"14727","Temp..of.the.Atmos. + N..Basin.Outfall + SACto..1.m. + NSEC.Effluent.NO3 + NSEC.Effluent.OP + NSEC.Effluent.Flow",0.0706252288003206,0.394221361506422,"3,2"
"14728","Temp..of.the.Atmos. + N..Basin.Outfall + SACto..1.m. + NSEC.Effluent.NO3 + NSEC.Effluent.TSS + NSEC.Effluent.NO5",0.240845738551616,0.556644367447757,"3,2"
"14729","Temp..of.the.Atmos. + N..Basin.Outfall + SACto..1.m. + NSEC.Effluent.NO3 + NSEC.Effluent.TSS + NSEC.Effluent.Flow",0.0269845934831383,0.601963270285696,"3,2"
"14730","Temp..of.the.Atmos. + N..Basin.Outfall + SACto..1.m. + NSEC.Effluent.NO3 + NSEC.Effluent.NO5 + NSEC.Effluent.Flow",0.118953623488044,0.34093796917154,"3,2"
"14731","Temp..of.the.Atmos. + N..Basin.Outfall + SACto..1.m. + NSEC.Effluent.OP + NSEC.Effluent.TSS + NSEC.Effluent.NO5",0.0884624591198293,0.749442845264221,"3,2"
"14732","Temp..of.the.Atmos. + N..Basin.Outfall + SACto..1.m. + NSEC.Effluent.OP + NSEC.Effluent.TSS + NSEC.Effluent.Flow",0.202765774614283,0.661254461216738,"3,2"
"14733","Temp..of.the.Atmos. + N..Basin.Outfall + SACto..1.m. + NSEC.Effluent.OP + NSEC.Effluent.NO5 + NSEC.Effluent.Flow",0.0551823133898486,0.425403702048268,"3,2"
"14734","Temp..of.the.Atmos. + N..Basin.Outfall + SACto..1.m. + NSEC.Effluent.TSS + NSEC.Effluent.NO5 + NSEC.Effluent.Flow",0.292523900110192,0.651836958271531,"3,2"
"14735","Temp..of.the.Atmos. + N..Basin.Outfall + NSEC.Aerobic.SRT + NSEC.Effluent.NH3 + NSEC.Effluent.NO3 + NSEC.Effluent.OP",0.242808874760415,0.767029734527501,"3,2"
"14736","Temp..of.the.Atmos. + N..Basin.Outfall + NSEC.Aerobic.SRT + NSEC.Effluent.NH3 + NSEC.Effluent.NO3 + NSEC.Effluent.TSS",0.0168024125413528,0.369845599012597,"3,2"
"14737","Temp..of.the.Atmos. + N..Basin.Outfall + NSEC.Aerobic.SRT + NSEC.Effluent.NH3 + NSEC.Effluent.NO3 + NSEC.Effluent.NO5",0.317499749355618,0.772662469840674,"3,2"
"14738","Temp..of.the.Atmos. + N..Basin.Outfall + NSEC.Aerobic.SRT + NSEC.Effluent.NH3 + NSEC.Effluent.NO3 + NSEC.Effluent.Flow",0.316595851715258,0.736245506711701,"3,2"
"14739","Temp..of.the.Atmos. + N..Basin.Outfall + NSEC.Aerobic.SRT + NSEC.Effluent.NH3 + NSEC.Effluent.OP + NSEC.Effluent.TSS",0.0559120725477387,0.576122830422224,"3,2"
"14740","Temp..of.the.Atmos. + N..Basin.Outfall + NSEC.Aerobic.SRT + NSEC.Effluent.NH3 + NSEC.Effluent.OP + NSEC.Effluent.NO5",0.0735961934185105,0.563055215259801,"3,2"
"14741","Temp..of.the.Atmos. + N..Basin.Outfall + NSEC.Aerobic.SRT + NSEC.Effluent.NH3 + NSEC.Effluent.OP + NSEC.Effluent.Flow",0.0478162280824095,0.571132334675075,"3,2"
"14742","Temp..of.the.Atmos. + N..Basin.Outfall + NSEC.Aerobic.SRT + NSEC.Effluent.NH3 + NSEC.Effluent.TSS + NSEC.Effluent.NO5",0.00668547908156292,0.449480896745518,"3,2"
"14743","Temp..of.the.Atmos. + N..Basin.Outfall + NSEC.Aerobic.SRT + NSEC.Effluent.NH3 + NSEC.Effluent.TSS + NSEC.Effluent.Flow",0.034293624998369,0.739057301714949,"3,2"
"14744","Temp..of.the.Atmos. + N..Basin.Outfall + NSEC.Aerobic.SRT + NSEC.Effluent.NH3 + NSEC.Effluent.NO5 + NSEC.Effluent.Flow",0.036203856354772,0.364162013902458,"3,2"
"14745","Temp..of.the.Atmos. + N..Basin.Outfall + NSEC.Aerobic.SRT + NSEC.Effluent.NO3 + NSEC.Effluent.OP + NSEC.Effluent.TSS",0.163643409883355,0.762278918514353,"3,2"
"14746","Temp..of.the.Atmos. + N..Basin.Outfall + NSEC.Aerobic.SRT + NSEC.Effluent.NO3 + NSEC.Effluent.OP + NSEC.Effluent.NO5",0.106583333851116,0.796443282952189,"3,2"
"14747","Temp..of.the.Atmos. + N..Basin.Outfall + NSEC.Aerobic.SRT + NSEC.Effluent.NO3 + NSEC.Effluent.OP + NSEC.Effluent.Flow",0.248035032772925,0.616965337909436,"3,2"
"14748","Temp..of.the.Atmos. + N..Basin.Outfall + NSEC.Aerobic.SRT + NSEC.Effluent.NO3 + NSEC.Effluent.TSS + NSEC.Effluent.NO5",0.152641003758601,0.75384294655992,"3,2"
"14749","Temp..of.the.Atmos. + N..Basin.Outfall + NSEC.Aerobic.SRT + NSEC.Effluent.NO3 + NSEC.Effluent.TSS + NSEC.Effluent.Flow",0.16792934026296,0.633381948112421,"3,2"
"14750","Temp..of.the.Atmos. + N..Basin.Outfall + NSEC.Aerobic.SRT + NSEC.Effluent.NO3 + NSEC.Effluent.NO5 + NSEC.Effluent.Flow",0.169363001008899,0.641676549572518,"3,2"
"14751","Temp..of.the.Atmos. + N..Basin.Outfall + NSEC.Aerobic.SRT + NSEC.Effluent.OP + NSEC.Effluent.TSS + NSEC.Effluent.NO5",0.354011966632175,0.653939344141034,"3,2"
"14752","Temp..of.the.Atmos. + N..Basin.Outfall + NSEC.Aerobic.SRT + NSEC.Effluent.OP + NSEC.Effluent.TSS + NSEC.Effluent.Flow",0.39504926707388,0.691105038536314,"3,2"
"14753","Temp..of.the.Atmos. + N..Basin.Outfall + NSEC.Aerobic.SRT + NSEC.Effluent.OP + NSEC.Effluent.NO5 + NSEC.Effluent.Flow",0.0589574681787781,0.565047532778728,"3,2"
"14754","Temp..of.the.Atmos. + N..Basin.Outfall + NSEC.Aerobic.SRT + NSEC.Effluent.TSS + NSEC.Effluent.NO5 + NSEC.Effluent.Flow",0.164196211122509,0.782051643332422,"3,2"
"14755","Temp..of.the.Atmos. + N..Basin.Outfall + NSEC.Effluent.NH3 + NSEC.Effluent.NO3 + NSEC.Effluent.OP + NSEC.Effluent.TSS",0.0612541740674775,0.650930166049273,"3,2"
"14756","Temp..of.the.Atmos. + N..Basin.Outfall + NSEC.Effluent.NH3 + NSEC.Effluent.NO3 + NSEC.Effluent.OP + NSEC.Effluent.NO5",0.0645084157950067,0.661847460778145,"3,2"
"14757","Temp..of.the.Atmos. + N..Basin.Outfall + NSEC.Effluent.NH3 + NSEC.Effluent.NO3 + NSEC.Effluent.OP + NSEC.Effluent.Flow",0.152572557338045,0.511933326017394,"3,2"
"14758","Temp..of.the.Atmos. + N..Basin.Outfall + NSEC.Effluent.NH3 + NSEC.Effluent.NO3 + NSEC.Effluent.TSS + NSEC.Effluent.NO5",0.193654969986855,0.0319054123318703,"3,2"
"14759","Temp..of.the.Atmos. + N..Basin.Outfall + NSEC.Effluent.NH3 + NSEC.Effluent.NO3 + NSEC.Effluent.TSS + NSEC.Effluent.Flow",0.219353261078029,0.509495784874,"3,2"
"14760","Temp..of.the.Atmos. + N..Basin.Outfall + NSEC.Effluent.NH3 + NSEC.Effluent.NO3 + NSEC.Effluent.NO5 + NSEC.Effluent.Flow",0.0329047109626059,0.671495361231302,"3,2"
"14761","Temp..of.the.Atmos. + N..Basin.Outfall + NSEC.Effluent.NH3 + NSEC.Effluent.OP + NSEC.Effluent.TSS + NSEC.Effluent.NO5",0.0776642434571728,0.604654220663265,"3,2"
"14762","Temp..of.the.Atmos. + N..Basin.Outfall + NSEC.Effluent.NH3 + NSEC.Effluent.OP + NSEC.Effluent.TSS + NSEC.Effluent.Flow",0.0328910311297215,0.564587101852529,"3,2"
"14763","Temp..of.the.Atmos. + N..Basin.Outfall + NSEC.Effluent.NH3 + NSEC.Effluent.OP + NSEC.Effluent.NO5 + NSEC.Effluent.Flow",0.346188220073376,0.348391240800258,"3,2"
"14764","Temp..of.the.Atmos. + N..Basin.Outfall + NSEC.Effluent.NH3 + NSEC.Effluent.TSS + NSEC.Effluent.NO5 + NSEC.Effluent.Flow",0.0903969111873713,0.58230768583047,"3,2"
"14765","Temp..of.the.Atmos. + N..Basin.Outfall + NSEC.Effluent.NO3 + NSEC.Effluent.OP + NSEC.Effluent.TSS + NSEC.Effluent.NO5",0.279498580035235,0.680115338550066,"3,2"
"14766","Temp..of.the.Atmos. + N..Basin.Outfall + NSEC.Effluent.NO3 + NSEC.Effluent.OP + NSEC.Effluent.TSS + NSEC.Effluent.Flow",0.0311862669595406,0.538692730559246,"3,2"
"14767","Temp..of.the.Atmos. + N..Basin.Outfall + NSEC.Effluent.NO3 + NSEC.Effluent.OP + NSEC.Effluent.NO5 + NSEC.Effluent.Flow",0.0636474373712579,0.613724578329211,"3,2"
"14768","Temp..of.the.Atmos. + N..Basin.Outfall + NSEC.Effluent.NO3 + NSEC.Effluent.TSS + NSEC.Effluent.NO5 + NSEC.Effluent.Flow",0.158622037453947,0.681647949225458,"3,2"
"14769","Temp..of.the.Atmos. + N..Basin.Outfall + NSEC.Effluent.OP + NSEC.Effluent.TSS + NSEC.Effluent.NO5 + NSEC.Effluent.Flow",0.193125906375189,0.00154010154244784,"3,2"
"14770","Temp..of.the.Atmos. + CODto..mg.L. + TSS..mg.L. + UVT.... + CODds..mg.L. + SACto..1.m.",0.186067146614521,0.631579412981589,"3,2"
"14771","Temp..of.the.Atmos. + CODto..mg.L. + TSS..mg.L. + UVT.... + CODds..mg.L. + NSEC.Aerobic.SRT",0.12888218854211,0.704074854038438,"3,2"
"14772","Temp..of.the.Atmos. + CODto..mg.L. + TSS..mg.L. + UVT.... + CODds..mg.L. + NSEC.Effluent.NH3",0.0528776996032205,0.619494594479929,"3,2"
"14773","Temp..of.the.Atmos. + CODto..mg.L. + TSS..mg.L. + UVT.... + CODds..mg.L. + NSEC.Effluent.NO3",0.0830733116950857,0.639960441149132,"3,2"
"14774","Temp..of.the.Atmos. + CODto..mg.L. + TSS..mg.L. + UVT.... + CODds..mg.L. + NSEC.Effluent.OP",0.0358319374197706,0.603765147295905,"3,2"
"14775","Temp..of.the.Atmos. + CODto..mg.L. + TSS..mg.L. + UVT.... + CODds..mg.L. + NSEC.Effluent.TSS",0.0675116319861631,0.747801053419827,"3,2"
"14776","Temp..of.the.Atmos. + CODto..mg.L. + TSS..mg.L. + UVT.... + CODds..mg.L. + NSEC.Effluent.NO5",0.199123543363085,0.523168796824432,"3,2"
"14777","Temp..of.the.Atmos. + CODto..mg.L. + TSS..mg.L. + UVT.... + CODds..mg.L. + NSEC.Effluent.Flow",0.110808579639392,0.5152657372049,"3,2"
"14778","Temp..of.the.Atmos. + CODto..mg.L. + TSS..mg.L. + UVT.... + SACto..1.m. + NSEC.Aerobic.SRT",0.0603093491104845,0.716682444273258,"3,2"
"14779","Temp..of.the.Atmos. + CODto..mg.L. + TSS..mg.L. + UVT.... + SACto..1.m. + NSEC.Effluent.NH3",0.140521661741234,0.519846474039101,"3,2"
"14780","Temp..of.the.Atmos. + CODto..mg.L. + TSS..mg.L. + UVT.... + SACto..1.m. + NSEC.Effluent.NO3",0.30270783120253,0.671807131758548,"3,2"
"14781","Temp..of.the.Atmos. + CODto..mg.L. + TSS..mg.L. + UVT.... + SACto..1.m. + NSEC.Effluent.OP",0.131093141232829,0.476709456734105,"3,2"
"14782","Temp..of.the.Atmos. + CODto..mg.L. + TSS..mg.L. + UVT.... + SACto..1.m. + NSEC.Effluent.TSS",0.0119826394473388,0.71927655674681,"3,2"
"14783","Temp..of.the.Atmos. + CODto..mg.L. + TSS..mg.L. + UVT.... + SACto..1.m. + NSEC.Effluent.NO5",0.0184752499710092,0.648383891979085,"3,2"
"14784","Temp..of.the.Atmos. + CODto..mg.L. + TSS..mg.L. + UVT.... + SACto..1.m. + NSEC.Effluent.Flow",0.289969854850652,0.730442242772688,"3,2"
"14785","Temp..of.the.Atmos. + CODto..mg.L. + TSS..mg.L. + UVT.... + NSEC.Aerobic.SRT + NSEC.Effluent.NH3",0.187767805692562,0.637359786778979,"3,2"
"14786","Temp..of.the.Atmos. + CODto..mg.L. + TSS..mg.L. + UVT.... + NSEC.Aerobic.SRT + NSEC.Effluent.NO3",0.0236688741387687,0.720805439600096,"3,2"
"14787","Temp..of.the.Atmos. + CODto..mg.L. + TSS..mg.L. + UVT.... + NSEC.Aerobic.SRT + NSEC.Effluent.OP",0.124149826512644,0.790954391110764,"3,2"
"14788","Temp..of.the.Atmos. + CODto..mg.L. + TSS..mg.L. + UVT.... + NSEC.Aerobic.SRT + NSEC.Effluent.TSS",0.134191318889829,0.751151971486143,"3,2"
"14789","Temp..of.the.Atmos. + CODto..mg.L. + TSS..mg.L. + UVT.... + NSEC.Aerobic.SRT + NSEC.Effluent.NO5",0.0186773404806493,0.655897948115065,"3,2"
"14790","Temp..of.the.Atmos. + CODto..mg.L. + TSS..mg.L. + UVT.... + NSEC.Aerobic.SRT + NSEC.Effluent.Flow",0.0452236018346892,0.664292418782018,"3,2"
"14791","Temp..of.the.Atmos. + CODto..mg.L. + TSS..mg.L. + UVT.... + NSEC.Effluent.NH3 + NSEC.Effluent.NO3",0.133381799851403,0.426442204502769,"3,2"
"14792","Temp..of.the.Atmos. + CODto..mg.L. + TSS..mg.L. + UVT.... + NSEC.Effluent.NH3 + NSEC.Effluent.OP",0.0248672281546398,0.616265641685391,"3,2"
"14793","Temp..of.the.Atmos. + CODto..mg.L. + TSS..mg.L. + UVT.... + NSEC.Effluent.NH3 + NSEC.Effluent.TSS",0.259128114091241,0.723433208971322,"3,2"
"14794","Temp..of.the.Atmos. + CODto..mg.L. + TSS..mg.L. + UVT.... + NSEC.Effluent.NH3 + NSEC.Effluent.NO5",0.0784372857908737,0.605222265498562,"3,2"
"14795","Temp..of.the.Atmos. + CODto..mg.L. + TSS..mg.L. + UVT.... + NSEC.Effluent.NH3 + NSEC.Effluent.Flow",0.0396610307731158,0.688266740791507,"3,2"
"14796","Temp..of.the.Atmos. + CODto..mg.L. + TSS..mg.L. + UVT.... + NSEC.Effluent.NO3 + NSEC.Effluent.OP",0.339627221904463,0.683717710769284,"3,2"
"14797","Temp..of.the.Atmos. + CODto..mg.L. + TSS..mg.L. + UVT.... + NSEC.Effluent.NO3 + NSEC.Effluent.TSS",0.0897226940226163,0.72855366177757,"3,2"
"14798","Temp..of.the.Atmos. + CODto..mg.L. + TSS..mg.L. + UVT.... + NSEC.Effluent.NO3 + NSEC.Effluent.NO5",0.253899223002929,0.580687551651274,"3,2"
"14799","Temp..of.the.Atmos. + CODto..mg.L. + TSS..mg.L. + UVT.... + NSEC.Effluent.NO3 + NSEC.Effluent.Flow",0.154829912811131,0.517044088634593,"3,2"
"14800","Temp..of.the.Atmos. + CODto..mg.L. + TSS..mg.L. + UVT.... + NSEC.Effluent.OP + NSEC.Effluent.TSS",0.189303581485731,0.711433656989923,"3,2"
"14801","Temp..of.the.Atmos. + CODto..mg.L. + TSS..mg.L. + UVT.... + NSEC.Effluent.OP + NSEC.Effluent.NO5",0.0302322989221238,0.624747677177654,"3,2"
"14802","Temp..of.the.Atmos. + CODto..mg.L. + TSS..mg.L. + UVT.... + NSEC.Effluent.OP + NSEC.Effluent.Flow",0.0734496368296411,0.649527895093304,"3,2"
"14803","Temp..of.the.Atmos. + CODto..mg.L. + TSS..mg.L. + UVT.... + NSEC.Effluent.TSS + NSEC.Effluent.NO5",0.0296460559999487,0.741238033768439,"3,2"
"14804","Temp..of.the.Atmos. + CODto..mg.L. + TSS..mg.L. + UVT.... + NSEC.Effluent.TSS + NSEC.Effluent.Flow",0.0282818421019351,0.738215132865368,"3,2"
"14805","Temp..of.the.Atmos. + CODto..mg.L. + TSS..mg.L. + UVT.... + NSEC.Effluent.NO5 + NSEC.Effluent.Flow",0.00931347902309376,0.805684791348743,"3,2"
"14806","Temp..of.the.Atmos. + CODto..mg.L. + TSS..mg.L. + CODds..mg.L. + SACto..1.m. + NSEC.Aerobic.SRT",0.243265301565135,0.61144175828601,"3,2"
"14807","Temp..of.the.Atmos. + CODto..mg.L. + TSS..mg.L. + CODds..mg.L. + SACto..1.m. + NSEC.Effluent.NH3",0.230059887130408,0.68523708729255,"3,2"
"14808","Temp..of.the.Atmos. + CODto..mg.L. + TSS..mg.L. + CODds..mg.L. + SACto..1.m. + NSEC.Effluent.NO3",0.261319140133436,0.714459819361989,"3,2"
"14809","Temp..of.the.Atmos. + CODto..mg.L. + TSS..mg.L. + CODds..mg.L. + SACto..1.m. + NSEC.Effluent.OP",0.287563068617873,0.638961244781672,"3,2"
"14810","Temp..of.the.Atmos. + CODto..mg.L. + TSS..mg.L. + CODds..mg.L. + SACto..1.m. + NSEC.Effluent.TSS",0.128071903209286,0.716643202743956,"3,2"
"14811","Temp..of.the.Atmos. + CODto..mg.L. + TSS..mg.L. + CODds..mg.L. + SACto..1.m. + NSEC.Effluent.NO5",0.100527588098156,0.656717170570831,"3,2"
"14812","Temp..of.the.Atmos. + CODto..mg.L. + TSS..mg.L. + CODds..mg.L. + SACto..1.m. + NSEC.Effluent.Flow",0.188225086118409,0.496300415155894,"3,2"
"14813","Temp..of.the.Atmos. + CODto..mg.L. + TSS..mg.L. + CODds..mg.L. + NSEC.Aerobic.SRT + NSEC.Effluent.NH3",0.123496542960289,0.690998781370028,"3,2"
"14814","Temp..of.the.Atmos. + CODto..mg.L. + TSS..mg.L. + CODds..mg.L. + NSEC.Aerobic.SRT + NSEC.Effluent.NO3",0.301348597976961,0.722253192495369,"3,2"
"14815","Temp..of.the.Atmos. + CODto..mg.L. + TSS..mg.L. + CODds..mg.L. + NSEC.Aerobic.SRT + NSEC.Effluent.OP",0.26805335312181,0.649157298907183,"3,2"
"14816","Temp..of.the.Atmos. + CODto..mg.L. + TSS..mg.L. + CODds..mg.L. + NSEC.Aerobic.SRT + NSEC.Effluent.TSS",0.169133932785067,0.657315675742278,"3,2"
"14817","Temp..of.the.Atmos. + CODto..mg.L. + TSS..mg.L. + CODds..mg.L. + NSEC.Aerobic.SRT + NSEC.Effluent.NO5",0.148845745101913,0.659698200523681,"3,2"
"14818","Temp..of.the.Atmos. + CODto..mg.L. + TSS..mg.L. + CODds..mg.L. + NSEC.Aerobic.SRT + NSEC.Effluent.Flow",0.138216203064444,0.758961944362035,"3,2"
"14819","Temp..of.the.Atmos. + CODto..mg.L. + TSS..mg.L. + CODds..mg.L. + NSEC.Effluent.NH3 + NSEC.Effluent.NO3",0.02214853610834,0.69000725308206,"3,2"
"14820","Temp..of.the.Atmos. + CODto..mg.L. + TSS..mg.L. + CODds..mg.L. + NSEC.Effluent.NH3 + NSEC.Effluent.OP",0.0727753013794081,0.528042679859101,"3,2"
"14821","Temp..of.the.Atmos. + CODto..mg.L. + TSS..mg.L. + CODds..mg.L. + NSEC.Effluent.NH3 + NSEC.Effluent.TSS",0.104191973584175,0.63878045060746,"3,2"
"14822","Temp..of.the.Atmos. + CODto..mg.L. + TSS..mg.L. + CODds..mg.L. + NSEC.Effluent.NH3 + NSEC.Effluent.NO5",0.143275557838319,0.704814408903423,"3,2"
"14823","Temp..of.the.Atmos. + CODto..mg.L. + TSS..mg.L. + CODds..mg.L. + NSEC.Effluent.NH3 + NSEC.Effluent.Flow",0.209332070271411,0.616854140255777,"3,2"
"14824","Temp..of.the.Atmos. + CODto..mg.L. + TSS..mg.L. + CODds..mg.L. + NSEC.Effluent.NO3 + NSEC.Effluent.OP",0.227635517960301,0.692143263959188,"3,2"
"14825","Temp..of.the.Atmos. + CODto..mg.L. + TSS..mg.L. + CODds..mg.L. + NSEC.Effluent.NO3 + NSEC.Effluent.TSS",0.114929066138973,0.670205249355074,"3,2"
"14826","Temp..of.the.Atmos. + CODto..mg.L. + TSS..mg.L. + CODds..mg.L. + NSEC.Effluent.NO3 + NSEC.Effluent.NO5",0.1276047682112,0.608991685008984,"3,2"
"14827","Temp..of.the.Atmos. + CODto..mg.L. + TSS..mg.L. + CODds..mg.L. + NSEC.Effluent.NO3 + NSEC.Effluent.Flow",0.0638703929461868,0.650467230327834,"3,2"
"14828","Temp..of.the.Atmos. + CODto..mg.L. + TSS..mg.L. + CODds..mg.L. + NSEC.Effluent.OP + NSEC.Effluent.TSS",0.180732454341568,0.682424795397758,"3,2"
"14829","Temp..of.the.Atmos. + CODto..mg.L. + TSS..mg.L. + CODds..mg.L. + NSEC.Effluent.OP + NSEC.Effluent.NO5",0.0992806390638945,0.682594485748767,"3,2"
"14830","Temp..of.the.Atmos. + CODto..mg.L. + TSS..mg.L. + CODds..mg.L. + NSEC.Effluent.OP + NSEC.Effluent.Flow",0.195931377219372,0.606172996852211,"3,2"
"14831","Temp..of.the.Atmos. + CODto..mg.L. + TSS..mg.L. + CODds..mg.L. + NSEC.Effluent.TSS + NSEC.Effluent.NO5",0.171126665696507,0.69391639677081,"3,2"
"14832","Temp..of.the.Atmos. + CODto..mg.L. + TSS..mg.L. + CODds..mg.L. + NSEC.Effluent.TSS + NSEC.Effluent.Flow",0.127039342503432,0.706460275679707,"3,2"
"14833","Temp..of.the.Atmos. + CODto..mg.L. + TSS..mg.L. + CODds..mg.L. + NSEC.Effluent.NO5 + NSEC.Effluent.Flow",0.0223177371653962,0.65531343525049,"3,2"
"14834","Temp..of.the.Atmos. + CODto..mg.L. + TSS..mg.L. + SACto..1.m. + NSEC.Aerobic.SRT + NSEC.Effluent.NH3",0.0156048112637661,0.681858918625313,"3,2"
"14835","Temp..of.the.Atmos. + CODto..mg.L. + TSS..mg.L. + SACto..1.m. + NSEC.Aerobic.SRT + NSEC.Effluent.NO3",0.16729616217868,0.706421796681586,"3,2"
"14836","Temp..of.the.Atmos. + CODto..mg.L. + TSS..mg.L. + SACto..1.m. + NSEC.Aerobic.SRT + NSEC.Effluent.OP",0.0339033515459586,0.705526287643862,"3,2"
"14837","Temp..of.the.Atmos. + CODto..mg.L. + TSS..mg.L. + SACto..1.m. + NSEC.Aerobic.SRT + NSEC.Effluent.TSS",0.0197572235272081,0.721327494667967,"3,2"
"14838","Temp..of.the.Atmos. + CODto..mg.L. + TSS..mg.L. + SACto..1.m. + NSEC.Aerobic.SRT + NSEC.Effluent.NO5",0.0851962075619417,0.689732293660161,"3,2"
"14839","Temp..of.the.Atmos. + CODto..mg.L. + TSS..mg.L. + SACto..1.m. + NSEC.Aerobic.SRT + NSEC.Effluent.Flow",0.0287780332934928,0.722182007888755,"3,2"
"14840","Temp..of.the.Atmos. + CODto..mg.L. + TSS..mg.L. + SACto..1.m. + NSEC.Effluent.NH3 + NSEC.Effluent.NO3",0.0754457112797495,0.670210435674909,"3,2"
"14841","Temp..of.the.Atmos. + CODto..mg.L. + TSS..mg.L. + SACto..1.m. + NSEC.Effluent.NH3 + NSEC.Effluent.OP",0.137136134979558,0.487310035444684,"3,2"
"14842","Temp..of.the.Atmos. + CODto..mg.L. + TSS..mg.L. + SACto..1.m. + NSEC.Effluent.NH3 + NSEC.Effluent.TSS",0.190798182312752,0.0178443809751727,"3,2"
"14843","Temp..of.the.Atmos. + CODto..mg.L. + TSS..mg.L. + SACto..1.m. + NSEC.Effluent.NH3 + NSEC.Effluent.NO5",0.106787119038197,0.658394930506922,"3,2"
"14844","Temp..of.the.Atmos. + CODto..mg.L. + TSS..mg.L. + SACto..1.m. + NSEC.Effluent.NH3 + NSEC.Effluent.Flow",0.257785018738552,0.646782269812147,"3,2"
"14845","Temp..of.the.Atmos. + CODto..mg.L. + TSS..mg.L. + SACto..1.m. + NSEC.Effluent.NO3 + NSEC.Effluent.OP",0.151330182357743,0.44942828678233,"3,2"
"14846","Temp..of.the.Atmos. + CODto..mg.L. + TSS..mg.L. + SACto..1.m. + NSEC.Effluent.NO3 + NSEC.Effluent.TSS",0.186530905807777,0.647563992111347,"3,2"
"14847","Temp..of.the.Atmos. + CODto..mg.L. + TSS..mg.L. + SACto..1.m. + NSEC.Effluent.NO3 + NSEC.Effluent.NO5",0.0535395879541765,0.595584983611675,"3,2"
"14848","Temp..of.the.Atmos. + CODto..mg.L. + TSS..mg.L. + SACto..1.m. + NSEC.Effluent.NO3 + NSEC.Effluent.Flow",0.24860624816171,0.520891885755293,"3,2"
"14849","Temp..of.the.Atmos. + CODto..mg.L. + TSS..mg.L. + SACto..1.m. + NSEC.Effluent.OP + NSEC.Effluent.TSS",0.087269108100763,0.711355121313255,"3,2"
"14850","Temp..of.the.Atmos. + CODto..mg.L. + TSS..mg.L. + SACto..1.m. + NSEC.Effluent.OP + NSEC.Effluent.NO5",0.171996549317333,0.48267978198445,"3,2"
"14851","Temp..of.the.Atmos. + CODto..mg.L. + TSS..mg.L. + SACto..1.m. + NSEC.Effluent.OP + NSEC.Effluent.Flow",0.0976739858118516,0.644113666390755,"3,2"
"14852","Temp..of.the.Atmos. + CODto..mg.L. + TSS..mg.L. + SACto..1.m. + NSEC.Effluent.TSS + NSEC.Effluent.NO5",0.0236248554343554,0.59794693469737,"3,2"
"14853","Temp..of.the.Atmos. + CODto..mg.L. + TSS..mg.L. + SACto..1.m. + NSEC.Effluent.TSS + NSEC.Effluent.Flow",0.174945046340934,0.713964711750234,"3,2"
"14854","Temp..of.the.Atmos. + CODto..mg.L. + TSS..mg.L. + SACto..1.m. + NSEC.Effluent.NO5 + NSEC.Effluent.Flow",0.0430625635574924,0.579482487998267,"3,2"
"14855","Temp..of.the.Atmos. + CODto..mg.L. + TSS..mg.L. + NSEC.Aerobic.SRT + NSEC.Effluent.NH3 + NSEC.Effluent.NO3",0.234462201016879,0.711774810107706,"3,2"
"14856","Temp..of.the.Atmos. + CODto..mg.L. + TSS..mg.L. + NSEC.Aerobic.SRT + NSEC.Effluent.NH3 + NSEC.Effluent.OP",0.141881171296071,0.763834463110796,"3,2"
"14857","Temp..of.the.Atmos. + CODto..mg.L. + TSS..mg.L. + NSEC.Aerobic.SRT + NSEC.Effluent.NH3 + NSEC.Effluent.TSS",0.213816560043762,0.710043130608576,"3,2"
"14858","Temp..of.the.Atmos. + CODto..mg.L. + TSS..mg.L. + NSEC.Aerobic.SRT + NSEC.Effluent.NH3 + NSEC.Effluent.NO5",0.055414644642678,0.789872179158876,"3,2"
"14859","Temp..of.the.Atmos. + CODto..mg.L. + TSS..mg.L. + NSEC.Aerobic.SRT + NSEC.Effluent.NH3 + NSEC.Effluent.Flow",0.0239480647180152,0.752680035966766,"3,2"
"14860","Temp..of.the.Atmos. + CODto..mg.L. + TSS..mg.L. + NSEC.Aerobic.SRT + NSEC.Effluent.NO3 + NSEC.Effluent.OP",0.0980170873495321,0.804229347093549,"3,2"
"14861","Temp..of.the.Atmos. + CODto..mg.L. + TSS..mg.L. + NSEC.Aerobic.SRT + NSEC.Effluent.NO3 + NSEC.Effluent.TSS",0.163608826535994,0.713198740362884,"3,2"
"14862","Temp..of.the.Atmos. + CODto..mg.L. + TSS..mg.L. + NSEC.Aerobic.SRT + NSEC.Effluent.NO3 + NSEC.Effluent.NO5",0.113109791235035,0.670642124895859,"3,2"
"14863","Temp..of.the.Atmos. + CODto..mg.L. + TSS..mg.L. + NSEC.Aerobic.SRT + NSEC.Effluent.NO3 + NSEC.Effluent.Flow",0.0527140074687327,0.774664402627271,"3,2"
"14864","Temp..of.the.Atmos. + CODto..mg.L. + TSS..mg.L. + NSEC.Aerobic.SRT + NSEC.Effluent.OP + NSEC.Effluent.TSS",0.225830878819983,0.782578475374759,"3,2"
"14865","Temp..of.the.Atmos. + CODto..mg.L. + TSS..mg.L. + NSEC.Aerobic.SRT + NSEC.Effluent.OP + NSEC.Effluent.NO5",0.0344148349815581,0.698944402194753,"3,2"
"14866","Temp..of.the.Atmos. + CODto..mg.L. + TSS..mg.L. + NSEC.Aerobic.SRT + NSEC.Effluent.OP + NSEC.Effluent.Flow",0.0125866140122215,0.796840575325547,"3,2"
"14867","Temp..of.the.Atmos. + CODto..mg.L. + TSS..mg.L. + NSEC.Aerobic.SRT + NSEC.Effluent.TSS + NSEC.Effluent.NO5",0.0164005403596625,0.7605846850559,"3,2"
"14868","Temp..of.the.Atmos. + CODto..mg.L. + TSS..mg.L. + NSEC.Aerobic.SRT + NSEC.Effluent.TSS + NSEC.Effluent.Flow",0.122682238010449,0.781354719693219,"3,2"
"14869","Temp..of.the.Atmos. + CODto..mg.L. + TSS..mg.L. + NSEC.Aerobic.SRT + NSEC.Effluent.NO5 + NSEC.Effluent.Flow",0.0582318213341431,0.794301952396194,"3,2"
"14870","Temp..of.the.Atmos. + CODto..mg.L. + TSS..mg.L. + NSEC.Effluent.NH3 + NSEC.Effluent.NO3 + NSEC.Effluent.OP",0.194057640279587,0.470240042854856,"3,2"
"14871","Temp..of.the.Atmos. + CODto..mg.L. + TSS..mg.L. + NSEC.Effluent.NH3 + NSEC.Effluent.NO3 + NSEC.Effluent.TSS",0.152223009549375,0.71478344541173,"3,2"
"14872","Temp..of.the.Atmos. + CODto..mg.L. + TSS..mg.L. + NSEC.Effluent.NH3 + NSEC.Effluent.NO3 + NSEC.Effluent.NO5",0.388899146058262,0.700438379464479,"3,2"
"14873","Temp..of.the.Atmos. + CODto..mg.L. + TSS..mg.L. + NSEC.Effluent.NH3 + NSEC.Effluent.NO3 + NSEC.Effluent.Flow",0.21060023282333,0.557401739661855,"3,2"
"14874","Temp..of.the.Atmos. + CODto..mg.L. + TSS..mg.L. + NSEC.Effluent.NH3 + NSEC.Effluent.OP + NSEC.Effluent.TSS",0.284781623639929,0.73062731391458,"3,2"
"14875","Temp..of.the.Atmos. + CODto..mg.L. + TSS..mg.L. + NSEC.Effluent.NH3 + NSEC.Effluent.OP + NSEC.Effluent.NO5",0.108069405698407,0.445897924364548,"3,2"
"14876","Temp..of.the.Atmos. + CODto..mg.L. + TSS..mg.L. + NSEC.Effluent.NH3 + NSEC.Effluent.OP + NSEC.Effluent.Flow",0.0893932255710257,0.650732842868744,"3,2"
"14877","Temp..of.the.Atmos. + CODto..mg.L. + TSS..mg.L. + NSEC.Effluent.NH3 + NSEC.Effluent.TSS + NSEC.Effluent.NO5",0.0643063615098147,0.599445141647334,"3,2"
"14878","Temp..of.the.Atmos. + CODto..mg.L. + TSS..mg.L. + NSEC.Effluent.NH3 + NSEC.Effluent.TSS + NSEC.Effluent.Flow",0.284109993574281,0.766086788446503,"3,2"
"14879","Temp..of.the.Atmos. + CODto..mg.L. + TSS..mg.L. + NSEC.Effluent.NH3 + NSEC.Effluent.NO5 + NSEC.Effluent.Flow",0.193231566299853,0.00966714758137794,"3,2"
"14880","Temp..of.the.Atmos. + CODto..mg.L. + TSS..mg.L. + NSEC.Effluent.NO3 + NSEC.Effluent.OP + NSEC.Effluent.TSS",0.00536103953527256,0.580136221933002,"3,2"
"14881","Temp..of.the.Atmos. + CODto..mg.L. + TSS..mg.L. + NSEC.Effluent.NO3 + NSEC.Effluent.OP + NSEC.Effluent.NO5",0.114048974847693,0.563039966253179,"3,2"
"14882","Temp..of.the.Atmos. + CODto..mg.L. + TSS..mg.L. + NSEC.Effluent.NO3 + NSEC.Effluent.OP + NSEC.Effluent.Flow",0.0666788645915211,0.73002373094389,"3,2"
"14883","Temp..of.the.Atmos. + CODto..mg.L. + TSS..mg.L. + NSEC.Effluent.NO3 + NSEC.Effluent.TSS + NSEC.Effluent.NO5",0.130948496915045,0.647803568720328,"3,2"
"14884","Temp..of.the.Atmos. + CODto..mg.L. + TSS..mg.L. + NSEC.Effluent.NO3 + NSEC.Effluent.TSS + NSEC.Effluent.Flow",0.146795521603158,0.695681250863952,"3,2"
"14885","Temp..of.the.Atmos. + CODto..mg.L. + TSS..mg.L. + NSEC.Effluent.NO3 + NSEC.Effluent.NO5 + NSEC.Effluent.Flow",0.0592849560759476,0.766881918959953,"3,2"
"14886","Temp..of.the.Atmos. + CODto..mg.L. + TSS..mg.L. + NSEC.Effluent.OP + NSEC.Effluent.TSS + NSEC.Effluent.NO5",0.039359293358562,0.611816260175912,"3,2"
"14887","Temp..of.the.Atmos. + CODto..mg.L. + TSS..mg.L. + NSEC.Effluent.OP + NSEC.Effluent.TSS + NSEC.Effluent.Flow",0.151943469544292,0.764693333375553,"3,2"
"14888","Temp..of.the.Atmos. + CODto..mg.L. + TSS..mg.L. + NSEC.Effluent.OP + NSEC.Effluent.NO5 + NSEC.Effluent.Flow",0.181123058372387,0.512392366462028,"3,2"
"14889","Temp..of.the.Atmos. + CODto..mg.L. + TSS..mg.L. + NSEC.Effluent.TSS + NSEC.Effluent.NO5 + NSEC.Effluent.Flow",0.275423005032012,0.76965621586616,"3,2"
"14890","Temp..of.the.Atmos. + CODto..mg.L. + UVT.... + CODds..mg.L. + SACto..1.m. + NSEC.Aerobic.SRT",0.136489156976572,0.632428680244817,"3,2"
"14891","Temp..of.the.Atmos. + CODto..mg.L. + UVT.... + CODds..mg.L. + SACto..1.m. + NSEC.Effluent.NH3",0.0910330265657378,0.606410043131628,"3,2"
"14892","Temp..of.the.Atmos. + CODto..mg.L. + UVT.... + CODds..mg.L. + SACto..1.m. + NSEC.Effluent.NO3",0.256028320668449,0.649447962006772,"3,2"
"14893","Temp..of.the.Atmos. + CODto..mg.L. + UVT.... + CODds..mg.L. + SACto..1.m. + NSEC.Effluent.OP",0.00347501703424147,0.44664192998207,"3,2"
"14894","Temp..of.the.Atmos. + CODto..mg.L. + UVT.... + CODds..mg.L. + SACto..1.m. + NSEC.Effluent.TSS",0.0184592973635409,0.717155986069144,"3,2"
"14895","Temp..of.the.Atmos. + CODto..mg.L. + UVT.... + CODds..mg.L. + SACto..1.m. + NSEC.Effluent.NO5",0.197641881830259,0.656084168097701,"3,2"
"14896","Temp..of.the.Atmos. + CODto..mg.L. + UVT.... + CODds..mg.L. + SACto..1.m. + NSEC.Effluent.Flow",0.0765359081609915,0.466217740460452,"3,2"
"14897","Temp..of.the.Atmos. + CODto..mg.L. + UVT.... + CODds..mg.L. + NSEC.Aerobic.SRT + NSEC.Effluent.NH3",0.141791717022651,0.697151541218672,"3,2"
"14898","Temp..of.the.Atmos. + CODto..mg.L. + UVT.... + CODds..mg.L. + NSEC.Aerobic.SRT + NSEC.Effluent.NO3",0.101195439717487,0.626766566727214,"3,2"
"14899","Temp..of.the.Atmos. + CODto..mg.L. + UVT.... + CODds..mg.L. + NSEC.Aerobic.SRT + NSEC.Effluent.OP",0.0856729256725777,0.691206833878126,"3,2"
"14900","Temp..of.the.Atmos. + CODto..mg.L. + UVT.... + CODds..mg.L. + NSEC.Aerobic.SRT + NSEC.Effluent.TSS",0.106727251669864,0.766695266942185,"3,2"
"14901","Temp..of.the.Atmos. + CODto..mg.L. + UVT.... + CODds..mg.L. + NSEC.Aerobic.SRT + NSEC.Effluent.NO5",0.100132010413071,0.701192254592762,"3,2"
"14902","Temp..of.the.Atmos. + CODto..mg.L. + UVT.... + CODds..mg.L. + NSEC.Aerobic.SRT + NSEC.Effluent.Flow",0.153445452793264,0.758487629928457,"3,2"
"14903","Temp..of.the.Atmos. + CODto..mg.L. + UVT.... + CODds..mg.L. + NSEC.Effluent.NH3 + NSEC.Effluent.NO3",0.104158292946737,0.615130712269191,"3,2"
"14904","Temp..of.the.Atmos. + CODto..mg.L. + UVT.... + CODds..mg.L. + NSEC.Effluent.NH3 + NSEC.Effluent.OP",0.0437571394904714,0.497155476174631,"3,2"
"14905","Temp..of.the.Atmos. + CODto..mg.L. + UVT.... + CODds..mg.L. + NSEC.Effluent.NH3 + NSEC.Effluent.TSS",0.091409507209983,0.662763614257104,"3,2"
"14906","Temp..of.the.Atmos. + CODto..mg.L. + UVT.... + CODds..mg.L. + NSEC.Effluent.NH3 + NSEC.Effluent.NO5",0.238857076864826,0.527232394766833,"3,2"
"14907","Temp..of.the.Atmos. + CODto..mg.L. + UVT.... + CODds..mg.L. + NSEC.Effluent.NH3 + NSEC.Effluent.Flow",0.0463416617013683,0.632280356301573,"3,2"
"14908","Temp..of.the.Atmos. + CODto..mg.L. + UVT.... + CODds..mg.L. + NSEC.Effluent.NO3 + NSEC.Effluent.OP",0.147261127803391,0.467971762685462,"3,2"
"14909","Temp..of.the.Atmos. + CODto..mg.L. + UVT.... + CODds..mg.L. + NSEC.Effluent.NO3 + NSEC.Effluent.TSS",0.115101730526364,0.746363277446897,"3,2"
"14910","Temp..of.the.Atmos. + CODto..mg.L. + UVT.... + CODds..mg.L. + NSEC.Effluent.NO3 + NSEC.Effluent.NO5",0.087718263796543,0.614769538614692,"3,2"
"14911","Temp..of.the.Atmos. + CODto..mg.L. + UVT.... + CODds..mg.L. + NSEC.Effluent.NO3 + NSEC.Effluent.Flow",0.0503927560293957,0.697765503970531,"3,2"
"14912","Temp..of.the.Atmos. + CODto..mg.L. + UVT.... + CODds..mg.L. + NSEC.Effluent.OP + NSEC.Effluent.TSS",0.195136855269232,0.713049331829048,"3,2"
"14913","Temp..of.the.Atmos. + CODto..mg.L. + UVT.... + CODds..mg.L. + NSEC.Effluent.OP + NSEC.Effluent.NO5",0.148757149565569,0.400063489893489,"3,2"
"14914","Temp..of.the.Atmos. + CODto..mg.L. + UVT.... + CODds..mg.L. + NSEC.Effluent.OP + NSEC.Effluent.Flow",0.0204046014740178,0.632821237983159,"3,2"
"14915","Temp..of.the.Atmos. + CODto..mg.L. + UVT.... + CODds..mg.L. + NSEC.Effluent.TSS + NSEC.Effluent.NO5",0.258893910938504,0.722468862760311,"3,2"
"14916","Temp..of.the.Atmos. + CODto..mg.L. + UVT.... + CODds..mg.L. + NSEC.Effluent.TSS + NSEC.Effluent.Flow",0.0467515562954384,0.737932466139531,"3,2"
"14917","Temp..of.the.Atmos. + CODto..mg.L. + UVT.... + CODds..mg.L. + NSEC.Effluent.NO5 + NSEC.Effluent.Flow",0.0155594771255658,0.566505588822652,"3,2"
"14918","Temp..of.the.Atmos. + CODto..mg.L. + UVT.... + SACto..1.m. + NSEC.Aerobic.SRT + NSEC.Effluent.NH3",0.190740875149337,0.712535227557905,"3,2"
"14919","Temp..of.the.Atmos. + CODto..mg.L. + UVT.... + SACto..1.m. + NSEC.Aerobic.SRT + NSEC.Effluent.NO3",0.120748843521894,0.72740813071455,"3,2"
"14920","Temp..of.the.Atmos. + CODto..mg.L. + UVT.... + SACto..1.m. + NSEC.Aerobic.SRT + NSEC.Effluent.OP",0.0919444608426812,0.761877860716756,"3,2"
"14921","Temp..of.the.Atmos. + CODto..mg.L. + UVT.... + SACto..1.m. + NSEC.Aerobic.SRT + NSEC.Effluent.TSS",0.22789155355566,0.665892673657094,"3,2"
"14922","Temp..of.the.Atmos. + CODto..mg.L. + UVT.... + SACto..1.m. + NSEC.Aerobic.SRT + NSEC.Effluent.NO5",0.128729162646315,0.615240209206854,"3,2"
"14923","Temp..of.the.Atmos. + CODto..mg.L. + UVT.... + SACto..1.m. + NSEC.Aerobic.SRT + NSEC.Effluent.Flow",0.102087785919736,0.685469738726339,"3,2"
"14924","Temp..of.the.Atmos. + CODto..mg.L. + UVT.... + SACto..1.m. + NSEC.Effluent.NH3 + NSEC.Effluent.NO3",0.225674675328022,0.686198369393249,"3,2"
"14925","Temp..of.the.Atmos. + CODto..mg.L. + UVT.... + SACto..1.m. + NSEC.Effluent.NH3 + NSEC.Effluent.OP",0.0927501776293285,0.599642923986199,"3,2"
"14926","Temp..of.the.Atmos. + CODto..mg.L. + UVT.... + SACto..1.m. + NSEC.Effluent.NH3 + NSEC.Effluent.TSS",0.170855503623846,0.749492007699801,"3,2"
"14927","Temp..of.the.Atmos. + CODto..mg.L. + UVT.... + SACto..1.m. + NSEC.Effluent.NH3 + NSEC.Effluent.NO5",0.207757736088665,0.651430935144952,"3,2"
"14928","Temp..of.the.Atmos. + CODto..mg.L. + UVT.... + SACto..1.m. + NSEC.Effluent.NH3 + NSEC.Effluent.Flow",0.010529368979638,0.486943644003623,"3,2"
"14929","Temp..of.the.Atmos. + CODto..mg.L. + UVT.... + SACto..1.m. + NSEC.Effluent.NO3 + NSEC.Effluent.OP",0.0485687578864651,0.649445973691267,"3,2"
"14930","Temp..of.the.Atmos. + CODto..mg.L. + UVT.... + SACto..1.m. + NSEC.Effluent.NO3 + NSEC.Effluent.TSS",0.190977779659232,0.0174330645259211,"3,2"
"14931","Temp..of.the.Atmos. + CODto..mg.L. + UVT.... + SACto..1.m. + NSEC.Effluent.NO3 + NSEC.Effluent.NO5",0.00192746052774551,0.639610065574175,"3,2"
"14932","Temp..of.the.Atmos. + CODto..mg.L. + UVT.... + SACto..1.m. + NSEC.Effluent.NO3 + NSEC.Effluent.Flow",0.014427191116702,0.629029221348709,"3,2"
"14933","Temp..of.the.Atmos. + CODto..mg.L. + UVT.... + SACto..1.m. + NSEC.Effluent.OP + NSEC.Effluent.TSS",0.0150681930090002,0.690381922072197,"3,2"
"14934","Temp..of.the.Atmos. + CODto..mg.L. + UVT.... + SACto..1.m. + NSEC.Effluent.OP + NSEC.Effluent.NO5",0.00531627917742683,0.410495418369442,"3,2"
"14935","Temp..of.the.Atmos. + CODto..mg.L. + UVT.... + SACto..1.m. + NSEC.Effluent.OP + NSEC.Effluent.Flow",0.0829215211779344,0.600899624058074,"3,2"
"14936","Temp..of.the.Atmos. + CODto..mg.L. + UVT.... + SACto..1.m. + NSEC.Effluent.TSS + NSEC.Effluent.NO5",0.0179005540606187,0.776317651990298,"3,2"
"14937","Temp..of.the.Atmos. + CODto..mg.L. + UVT.... + SACto..1.m. + NSEC.Effluent.TSS + NSEC.Effluent.Flow",0.162235002248989,0.773730761690925,"3,2"
"14938","Temp..of.the.Atmos. + CODto..mg.L. + UVT.... + SACto..1.m. + NSEC.Effluent.NO5 + NSEC.Effluent.Flow",0.101264500567788,0.511785915673861,"3,2"
"14939","Temp..of.the.Atmos. + CODto..mg.L. + UVT.... + NSEC.Aerobic.SRT + NSEC.Effluent.NH3 + NSEC.Effluent.NO3",0.150040714593088,0.713562570030098,"3,2"
"14940","Temp..of.the.Atmos. + CODto..mg.L. + UVT.... + NSEC.Aerobic.SRT + NSEC.Effluent.NH3 + NSEC.Effluent.OP",0.0972556836620435,0.687661946770322,"3,2"
"14941","Temp..of.the.Atmos. + CODto..mg.L. + UVT.... + NSEC.Aerobic.SRT + NSEC.Effluent.NH3 + NSEC.Effluent.TSS",0.0542388349714178,0.624604131071951,"3,2"
"14942","Temp..of.the.Atmos. + CODto..mg.L. + UVT.... + NSEC.Aerobic.SRT + NSEC.Effluent.NH3 + NSEC.Effluent.NO5",0.0244191622881702,0.359602085779817,"3,2"
"14943","Temp..of.the.Atmos. + CODto..mg.L. + UVT.... + NSEC.Aerobic.SRT + NSEC.Effluent.NH3 + NSEC.Effluent.Flow",0.189556061118038,0.71928338663344,"3,2"
"14944","Temp..of.the.Atmos. + CODto..mg.L. + UVT.... + NSEC.Aerobic.SRT + NSEC.Effluent.NO3 + NSEC.Effluent.OP",0.00880180178049184,0.591894111769172,"3,2"
"14945","Temp..of.the.Atmos. + CODto..mg.L. + UVT.... + NSEC.Aerobic.SRT + NSEC.Effluent.NO3 + NSEC.Effluent.TSS",0.22537840176004,0.655551057960097,"3,2"
"14946","Temp..of.the.Atmos. + CODto..mg.L. + UVT.... + NSEC.Aerobic.SRT + NSEC.Effluent.NO3 + NSEC.Effluent.NO5",0.118442181243313,0.786526026299646,"3,2"
"14947","Temp..of.the.Atmos. + CODto..mg.L. + UVT.... + NSEC.Aerobic.SRT + NSEC.Effluent.NO3 + NSEC.Effluent.Flow",0.0268157896333476,0.744074064507617,"3,2"
"14948","Temp..of.the.Atmos. + CODto..mg.L. + UVT.... + NSEC.Aerobic.SRT + NSEC.Effluent.OP + NSEC.Effluent.TSS",0.24104950701759,0.781045780208616,"3,2"
"14949","Temp..of.the.Atmos. + CODto..mg.L. + UVT.... + NSEC.Aerobic.SRT + NSEC.Effluent.OP + NSEC.Effluent.NO5",0.0169377022755581,0.723821216175452,"3,2"
"14950","Temp..of.the.Atmos. + CODto..mg.L. + UVT.... + NSEC.Aerobic.SRT + NSEC.Effluent.OP + NSEC.Effluent.Flow",0.0627611224789097,0.733347712945531,"3,2"
"14951","Temp..of.the.Atmos. + CODto..mg.L. + UVT.... + NSEC.Aerobic.SRT + NSEC.Effluent.TSS + NSEC.Effluent.NO5",0.0461279458102632,0.672228390937068,"3,2"
"14952","Temp..of.the.Atmos. + CODto..mg.L. + UVT.... + NSEC.Aerobic.SRT + NSEC.Effluent.TSS + NSEC.Effluent.Flow",0.260452776886341,0.806309053831253,"3,2"
"14953","Temp..of.the.Atmos. + CODto..mg.L. + UVT.... + NSEC.Aerobic.SRT + NSEC.Effluent.NO5 + NSEC.Effluent.Flow",0.127716115505429,0.761870473528666,"3,2"
"14954","Temp..of.the.Atmos. + CODto..mg.L. + UVT.... + NSEC.Effluent.NH3 + NSEC.Effluent.NO3 + NSEC.Effluent.OP",0.0219888357217179,0.576838836870827,"3,2"
"14955","Temp..of.the.Atmos. + CODto..mg.L. + UVT.... + NSEC.Effluent.NH3 + NSEC.Effluent.NO3 + NSEC.Effluent.TSS",0.131748386948503,0.693212229094856,"3,2"
"14956","Temp..of.the.Atmos. + CODto..mg.L. + UVT.... + NSEC.Effluent.NH3 + NSEC.Effluent.NO3 + NSEC.Effluent.NO5",0.152329042952966,0.427405103555632,"3,2"
"14957","Temp..of.the.Atmos. + CODto..mg.L. + UVT.... + NSEC.Effluent.NH3 + NSEC.Effluent.NO3 + NSEC.Effluent.Flow",0.0709468200957413,0.685306411875933,"3,2"
"14958","Temp..of.the.Atmos. + CODto..mg.L. + UVT.... + NSEC.Effluent.NH3 + NSEC.Effluent.OP + NSEC.Effluent.TSS",0.0969748100521008,0.635732958805032,"3,2"
"14959","Temp..of.the.Atmos. + CODto..mg.L. + UVT.... + NSEC.Effluent.NH3 + NSEC.Effluent.OP + NSEC.Effluent.NO5",0.0153523112500658,0.532906461464194,"3,2"
"14960","Temp..of.the.Atmos. + CODto..mg.L. + UVT.... + NSEC.Effluent.NH3 + NSEC.Effluent.OP + NSEC.Effluent.Flow",0.0776142397007797,0.656591992805947,"3,2"
"14961","Temp..of.the.Atmos. + CODto..mg.L. + UVT.... + NSEC.Effluent.NH3 + NSEC.Effluent.TSS + NSEC.Effluent.NO5",0.109907234012381,0.652347662793587,"3,2"
"14962","Temp..of.the.Atmos. + CODto..mg.L. + UVT.... + NSEC.Effluent.NH3 + NSEC.Effluent.TSS + NSEC.Effluent.Flow",0.125653120417406,0.699917887823525,"3,2"
"14963","Temp..of.the.Atmos. + CODto..mg.L. + UVT.... + NSEC.Effluent.NH3 + NSEC.Effluent.NO5 + NSEC.Effluent.Flow",0.0370083903638834,0.719403560917103,"3,2"
"14964","Temp..of.the.Atmos. + CODto..mg.L. + UVT.... + NSEC.Effluent.NO3 + NSEC.Effluent.OP + NSEC.Effluent.TSS",0.266661337227315,0.711392259890786,"3,2"
"14965","Temp..of.the.Atmos. + CODto..mg.L. + UVT.... + NSEC.Effluent.NO3 + NSEC.Effluent.OP + NSEC.Effluent.NO5",0.449583122022471,0.688805974796198,"3,2"
"14966","Temp..of.the.Atmos. + CODto..mg.L. + UVT.... + NSEC.Effluent.NO3 + NSEC.Effluent.OP + NSEC.Effluent.Flow",0.0608401485906467,0.724052008745556,"3,2"
"14967","Temp..of.the.Atmos. + CODto..mg.L. + UVT.... + NSEC.Effluent.NO3 + NSEC.Effluent.TSS + NSEC.Effluent.NO5",0.144382668234078,0.684784114673245,"3,2"
"14968","Temp..of.the.Atmos. + CODto..mg.L. + UVT.... + NSEC.Effluent.NO3 + NSEC.Effluent.TSS + NSEC.Effluent.Flow",0.0886479033369709,0.748411425788354,"3,2"
"14969","Temp..of.the.Atmos. + CODto..mg.L. + UVT.... + NSEC.Effluent.NO3 + NSEC.Effluent.NO5 + NSEC.Effluent.Flow",0.128449777049824,0.58533932503748,"3,2"
"14970","Temp..of.the.Atmos. + CODto..mg.L. + UVT.... + NSEC.Effluent.OP + NSEC.Effluent.TSS + NSEC.Effluent.NO5",0.0982678508800447,0.720406920440783,"3,2"
"14971","Temp..of.the.Atmos. + CODto..mg.L. + UVT.... + NSEC.Effluent.OP + NSEC.Effluent.TSS + NSEC.Effluent.Flow",0.158760460519285,0.571734420409699,"3,2"
"14972","Temp..of.the.Atmos. + CODto..mg.L. + UVT.... + NSEC.Effluent.OP + NSEC.Effluent.NO5 + NSEC.Effluent.Flow",0.0451763385619746,0.569116751174592,"3,2"
"14973","Temp..of.the.Atmos. + CODto..mg.L. + UVT.... + NSEC.Effluent.TSS + NSEC.Effluent.NO5 + NSEC.Effluent.Flow",0.135022402490584,0.727498418843081,"3,2"
"14974","Temp..of.the.Atmos. + CODto..mg.L. + CODds..mg.L. + SACto..1.m. + NSEC.Aerobic.SRT + NSEC.Effluent.NH3",0.255877247452013,0.654992731280798,"3,2"
"14975","Temp..of.the.Atmos. + CODto..mg.L. + CODds..mg.L. + SACto..1.m. + NSEC.Aerobic.SRT + NSEC.Effluent.NO3",0.260456749975285,0.57915124813544,"3,2"
"14976","Temp..of.the.Atmos. + CODto..mg.L. + CODds..mg.L. + SACto..1.m. + NSEC.Aerobic.SRT + NSEC.Effluent.OP",0.268400573815328,0.676559911173384,"3,2"
"14977","Temp..of.the.Atmos. + CODto..mg.L. + CODds..mg.L. + SACto..1.m. + NSEC.Aerobic.SRT + NSEC.Effluent.TSS",0.194891953364305,0.699135644563606,"3,2"
"14978","Temp..of.the.Atmos. + CODto..mg.L. + CODds..mg.L. + SACto..1.m. + NSEC.Aerobic.SRT + NSEC.Effluent.NO5",0.315609673549123,0.682980940224833,"3,2"
"14979","Temp..of.the.Atmos. + CODto..mg.L. + CODds..mg.L. + SACto..1.m. + NSEC.Aerobic.SRT + NSEC.Effluent.Flow",0.122991549398799,0.676557879169422,"3,2"
"14980","Temp..of.the.Atmos. + CODto..mg.L. + CODds..mg.L. + SACto..1.m. + NSEC.Effluent.NH3 + NSEC.Effluent.NO3",0.167288288338661,0.658503145119285,"3,2"
"14981","Temp..of.the.Atmos. + CODto..mg.L. + CODds..mg.L. + SACto..1.m. + NSEC.Effluent.NH3 + NSEC.Effluent.OP",0.142053717702221,0.434918307273328,"3,2"
"14982","Temp..of.the.Atmos. + CODto..mg.L. + CODds..mg.L. + SACto..1.m. + NSEC.Effluent.NH3 + NSEC.Effluent.TSS",0.120506176767521,0.692426848688427,"3,2"
"14983","Temp..of.the.Atmos. + CODto..mg.L. + CODds..mg.L. + SACto..1.m. + NSEC.Effluent.NH3 + NSEC.Effluent.NO5",0.448076870676953,0.687996924222586,"3,2"
"14984","Temp..of.the.Atmos. + CODto..mg.L. + CODds..mg.L. + SACto..1.m. + NSEC.Effluent.NH3 + NSEC.Effluent.Flow",0.166264890217644,0.591681010837465,"3,2"
"14985","Temp..of.the.Atmos. + CODto..mg.L. + CODds..mg.L. + SACto..1.m. + NSEC.Effluent.NO3 + NSEC.Effluent.OP",0.319930304954339,0.546850690037311,"3,2"
"14986","Temp..of.the.Atmos. + CODto..mg.L. + CODds..mg.L. + SACto..1.m. + NSEC.Effluent.NO3 + NSEC.Effluent.TSS",0.233192989800548,0.674270285073328,"3,2"
"14987","Temp..of.the.Atmos. + CODto..mg.L. + CODds..mg.L. + SACto..1.m. + NSEC.Effluent.NO3 + NSEC.Effluent.NO5",0.00748641126372962,0.623096391140497,"3,2"
"14988","Temp..of.the.Atmos. + CODto..mg.L. + CODds..mg.L. + SACto..1.m. + NSEC.Effluent.NO3 + NSEC.Effluent.Flow",0.0205839673087158,0.650292554572837,"3,2"
"14989","Temp..of.the.Atmos. + CODto..mg.L. + CODds..mg.L. + SACto..1.m. + NSEC.Effluent.OP + NSEC.Effluent.TSS",0.0660279186847434,0.765250262250454,"3,2"
"14990","Temp..of.the.Atmos. + CODto..mg.L. + CODds..mg.L. + SACto..1.m. + NSEC.Effluent.OP + NSEC.Effluent.NO5",0.227560292047141,0.541571781922052,"3,2"
"14991","Temp..of.the.Atmos. + CODto..mg.L. + CODds..mg.L. + SACto..1.m. + NSEC.Effluent.OP + NSEC.Effluent.Flow",0.0674302995700162,0.595114611644339,"3,2"
"14992","Temp..of.the.Atmos. + CODto..mg.L. + CODds..mg.L. + SACto..1.m. + NSEC.Effluent.TSS + NSEC.Effluent.NO5",0.106180749811378,0.714937548210845,"3,2"
"14993","Temp..of.the.Atmos. + CODto..mg.L. + CODds..mg.L. + SACto..1.m. + NSEC.Effluent.TSS + NSEC.Effluent.Flow",0.192955298294999,0.702506662436094,"3,2"
"14994","Temp..of.the.Atmos. + CODto..mg.L. + CODds..mg.L. + SACto..1.m. + NSEC.Effluent.NO5 + NSEC.Effluent.Flow",0.297270514537004,0.600439296517877,"3,2"
"14995","Temp..of.the.Atmos. + CODto..mg.L. + CODds..mg.L. + NSEC.Aerobic.SRT + NSEC.Effluent.NH3 + NSEC.Effluent.NO3",0.227842128079107,0.782450219907647,"3,2"
"14996","Temp..of.the.Atmos. + CODto..mg.L. + CODds..mg.L. + NSEC.Aerobic.SRT + NSEC.Effluent.NH3 + NSEC.Effluent.OP",0.0133319641712848,0.663475940425832,"3,2"
"14997","Temp..of.the.Atmos. + CODto..mg.L. + CODds..mg.L. + NSEC.Aerobic.SRT + NSEC.Effluent.NH3 + NSEC.Effluent.TSS",0.0197302415414344,0.637297239639846,"3,2"
"14998","Temp..of.the.Atmos. + CODto..mg.L. + CODds..mg.L. + NSEC.Aerobic.SRT + NSEC.Effluent.NH3 + NSEC.Effluent.NO5",0.315003862778818,0.691591981242576,"3,2"
"14999","Temp..of.the.Atmos. + CODto..mg.L. + CODds..mg.L. + NSEC.Aerobic.SRT + NSEC.Effluent.NH3 + NSEC.Effluent.Flow",0.396537908214401,0.739149632409391,"3,2"
"15000","Temp..of.the.Atmos. + CODto..mg.L. + CODds..mg.L. + NSEC.Aerobic.SRT + NSEC.Effluent.NO3 + NSEC.Effluent.OP",0.17912811300658,0.700413959278942,"3,2"
"15001","Temp..of.the.Atmos. + CODto..mg.L. + CODds..mg.L. + NSEC.Aerobic.SRT + NSEC.Effluent.NO3 + NSEC.Effluent.TSS",0.233319545384785,0.704360299810663,"3,2"
"15002","Temp..of.the.Atmos. + CODto..mg.L. + CODds..mg.L. + NSEC.Aerobic.SRT + NSEC.Effluent.NO3 + NSEC.Effluent.NO5",0.405579731706905,0.797187596133698,"3,2"
"15003","Temp..of.the.Atmos. + CODto..mg.L. + CODds..mg.L. + NSEC.Aerobic.SRT + NSEC.Effluent.NO3 + NSEC.Effluent.Flow",0.303098862654804,0.662303115090301,"3,2"
"15004","Temp..of.the.Atmos. + CODto..mg.L. + CODds..mg.L. + NSEC.Aerobic.SRT + NSEC.Effluent.OP + NSEC.Effluent.TSS",0.0784591607080309,0.696133995933537,"3,2"
"15005","Temp..of.the.Atmos. + CODto..mg.L. + CODds..mg.L. + NSEC.Aerobic.SRT + NSEC.Effluent.OP + NSEC.Effluent.NO5",0.286977841036022,0.671297584331077,"3,2"
"15006","Temp..of.the.Atmos. + CODto..mg.L. + CODds..mg.L. + NSEC.Aerobic.SRT + NSEC.Effluent.OP + NSEC.Effluent.Flow",0.237583584447802,0.68762086527313,"3,2"
"15007","Temp..of.the.Atmos. + CODto..mg.L. + CODds..mg.L. + NSEC.Aerobic.SRT + NSEC.Effluent.TSS + NSEC.Effluent.NO5",0.0455677130289567,0.78366733660746,"3,2"
"15008","Temp..of.the.Atmos. + CODto..mg.L. + CODds..mg.L. + NSEC.Aerobic.SRT + NSEC.Effluent.TSS + NSEC.Effluent.Flow",0.19521176520232,0.736996372917658,"3,2"
"15009","Temp..of.the.Atmos. + CODto..mg.L. + CODds..mg.L. + NSEC.Aerobic.SRT + NSEC.Effluent.NO5 + NSEC.Effluent.Flow",0.294204959933422,0.667026803541412,"3,2"
"15010","Temp..of.the.Atmos. + CODto..mg.L. + CODds..mg.L. + NSEC.Effluent.NH3 + NSEC.Effluent.NO3 + NSEC.Effluent.OP",0.176865396637434,0.421466596863302,"3,2"
"15011","Temp..of.the.Atmos. + CODto..mg.L. + CODds..mg.L. + NSEC.Effluent.NH3 + NSEC.Effluent.NO3 + NSEC.Effluent.TSS",0.204726670364465,0.593543901487632,"3,2"
"15012","Temp..of.the.Atmos. + CODto..mg.L. + CODds..mg.L. + NSEC.Effluent.NH3 + NSEC.Effluent.NO3 + NSEC.Effluent.NO5",0.0390095659295207,0.625118050437491,"3,2"
"15013","Temp..of.the.Atmos. + CODto..mg.L. + CODds..mg.L. + NSEC.Effluent.NH3 + NSEC.Effluent.NO3 + NSEC.Effluent.Flow",0.147083314735686,0.703799384942936,"3,2"
"15014","Temp..of.the.Atmos. + CODto..mg.L. + CODds..mg.L. + NSEC.Effluent.NH3 + NSEC.Effluent.OP + NSEC.Effluent.TSS",0.108080975897838,0.571828298052278,"3,2"
"15015","Temp..of.the.Atmos. + CODto..mg.L. + CODds..mg.L. + NSEC.Effluent.NH3 + NSEC.Effluent.OP + NSEC.Effluent.NO5",0.0160422469778252,0.647194018774437,"3,2"
"15016","Temp..of.the.Atmos. + CODto..mg.L. + CODds..mg.L. + NSEC.Effluent.NH3 + NSEC.Effluent.OP + NSEC.Effluent.Flow",0.133608718443717,0.458922021987007,"3,2"
"15017","Temp..of.the.Atmos. + CODto..mg.L. + CODds..mg.L. + NSEC.Effluent.NH3 + NSEC.Effluent.TSS + NSEC.Effluent.NO5",0.259563129052422,0.639976109515917,"3,2"
"15018","Temp..of.the.Atmos. + CODto..mg.L. + CODds..mg.L. + NSEC.Effluent.NH3 + NSEC.Effluent.TSS + NSEC.Effluent.Flow",0.275144066542234,0.681020224382134,"3,2"
"15019","Temp..of.the.Atmos. + CODto..mg.L. + CODds..mg.L. + NSEC.Effluent.NH3 + NSEC.Effluent.NO5 + NSEC.Effluent.Flow",0.264068623217892,0.510527078616558,"3,2"
"15020","Temp..of.the.Atmos. + CODto..mg.L. + CODds..mg.L. + NSEC.Effluent.NO3 + NSEC.Effluent.OP + NSEC.Effluent.TSS",0.30377641478739,0.64973502670947,"3,2"
"15021","Temp..of.the.Atmos. + CODto..mg.L. + CODds..mg.L. + NSEC.Effluent.NO3 + NSEC.Effluent.OP + NSEC.Effluent.NO5",0.12248468859804,0.60568126337398,"3,2"
"15022","Temp..of.the.Atmos. + CODto..mg.L. + CODds..mg.L. + NSEC.Effluent.NO3 + NSEC.Effluent.OP + NSEC.Effluent.Flow",0.246466739470811,0.584628836785967,"3,2"
"15023","Temp..of.the.Atmos. + CODto..mg.L. + CODds..mg.L. + NSEC.Effluent.NO3 + NSEC.Effluent.TSS + NSEC.Effluent.NO5",0.0257523070400225,0.710165297420295,"3,2"
"15024","Temp..of.the.Atmos. + CODto..mg.L. + CODds..mg.L. + NSEC.Effluent.NO3 + NSEC.Effluent.TSS + NSEC.Effluent.Flow",0.142475198384135,0.703332381372257,"3,2"
"15025","Temp..of.the.Atmos. + CODto..mg.L. + CODds..mg.L. + NSEC.Effluent.NO3 + NSEC.Effluent.NO5 + NSEC.Effluent.Flow",0.209364538825019,0.59510337788784,"3,2"
"15026","Temp..of.the.Atmos. + CODto..mg.L. + CODds..mg.L. + NSEC.Effluent.OP + NSEC.Effluent.TSS + NSEC.Effluent.NO5",0.0944629178102951,0.521175845864035,"3,2"
"15027","Temp..of.the.Atmos. + CODto..mg.L. + CODds..mg.L. + NSEC.Effluent.OP + NSEC.Effluent.TSS + NSEC.Effluent.Flow",0.245456809691539,0.660683412782293,"3,2"
"15028","Temp..of.the.Atmos. + CODto..mg.L. + CODds..mg.L. + NSEC.Effluent.OP + NSEC.Effluent.NO5 + NSEC.Effluent.Flow",0.160058235867435,0.528312753265482,"3,2"
"15029","Temp..of.the.Atmos. + CODto..mg.L. + CODds..mg.L. + NSEC.Effluent.TSS + NSEC.Effluent.NO5 + NSEC.Effluent.Flow",0.248209113389696,0.729668175810657,"3,2"
"15030","Temp..of.the.Atmos. + CODto..mg.L. + SACto..1.m. + NSEC.Aerobic.SRT + NSEC.Effluent.NH3 + NSEC.Effluent.NO3",0.205445949161343,0.741339108349703,"3,2"
"15031","Temp..of.the.Atmos. + CODto..mg.L. + SACto..1.m. + NSEC.Aerobic.SRT + NSEC.Effluent.NH3 + NSEC.Effluent.OP",0.289388043690328,0.671201451659346,"3,2"
"15032","Temp..of.the.Atmos. + CODto..mg.L. + SACto..1.m. + NSEC.Aerobic.SRT + NSEC.Effluent.NH3 + NSEC.Effluent.TSS",0.240218174954617,0.698192584814827,"3,2"
"15033","Temp..of.the.Atmos. + CODto..mg.L. + SACto..1.m. + NSEC.Aerobic.SRT + NSEC.Effluent.NH3 + NSEC.Effluent.NO5",0.231985675699097,0.711619231430304,"3,2"
"15034","Temp..of.the.Atmos. + CODto..mg.L. + SACto..1.m. + NSEC.Aerobic.SRT + NSEC.Effluent.NH3 + NSEC.Effluent.Flow",0.152452809862163,0.588465373141806,"3,2"
"15035","Temp..of.the.Atmos. + CODto..mg.L. + SACto..1.m. + NSEC.Aerobic.SRT + NSEC.Effluent.NO3 + NSEC.Effluent.OP",0.119390836925252,0.736061050812684,"3,2"
"15036","Temp..of.the.Atmos. + CODto..mg.L. + SACto..1.m. + NSEC.Aerobic.SRT + NSEC.Effluent.NO3 + NSEC.Effluent.TSS",0.163260036279,0.755780890545144,"3,2"
"15037","Temp..of.the.Atmos. + CODto..mg.L. + SACto..1.m. + NSEC.Aerobic.SRT + NSEC.Effluent.NO3 + NSEC.Effluent.NO5",0.0022435553311333,0.751695689528272,"3,2"
"15038","Temp..of.the.Atmos. + CODto..mg.L. + SACto..1.m. + NSEC.Aerobic.SRT + NSEC.Effluent.NO3 + NSEC.Effluent.Flow",0.158672553940004,0.736140717561036,"3,2"
"15039","Temp..of.the.Atmos. + CODto..mg.L. + SACto..1.m. + NSEC.Aerobic.SRT + NSEC.Effluent.OP + NSEC.Effluent.TSS",0.254119341039084,0.790067321744441,"3,2"
"15040","Temp..of.the.Atmos. + CODto..mg.L. + SACto..1.m. + NSEC.Aerobic.SRT + NSEC.Effluent.OP + NSEC.Effluent.NO5",0.153596302502384,0.749106134249359,"3,2"
"15041","Temp..of.the.Atmos. + CODto..mg.L. + SACto..1.m. + NSEC.Aerobic.SRT + NSEC.Effluent.OP + NSEC.Effluent.Flow",0.0795870436563155,0.686662153170315,"3,2"
"15042","Temp..of.the.Atmos. + CODto..mg.L. + SACto..1.m. + NSEC.Aerobic.SRT + NSEC.Effluent.TSS + NSEC.Effluent.NO5",0.0137870978879853,0.758963400709822,"3,2"
"15043","Temp..of.the.Atmos. + CODto..mg.L. + SACto..1.m. + NSEC.Aerobic.SRT + NSEC.Effluent.TSS + NSEC.Effluent.Flow",0.283188835039224,0.79140102944121,"3,2"
"15044","Temp..of.the.Atmos. + CODto..mg.L. + SACto..1.m. + NSEC.Aerobic.SRT + NSEC.Effluent.NO5 + NSEC.Effluent.Flow",0.101765296024606,0.677451015023987,"3,2"
"15045","Temp..of.the.Atmos. + CODto..mg.L. + SACto..1.m. + NSEC.Effluent.NH3 + NSEC.Effluent.NO3 + NSEC.Effluent.OP",0.253493727988602,0.636775632327866,"3,2"
"15046","Temp..of.the.Atmos. + CODto..mg.L. + SACto..1.m. + NSEC.Effluent.NH3 + NSEC.Effluent.NO3 + NSEC.Effluent.TSS",0.138756985900773,0.733342708479204,"3,2"
"15047","Temp..of.the.Atmos. + CODto..mg.L. + SACto..1.m. + NSEC.Effluent.NH3 + NSEC.Effluent.NO3 + NSEC.Effluent.NO5",0.054975850688378,0.557995774974068,"3,2"
"15048","Temp..of.the.Atmos. + CODto..mg.L. + SACto..1.m. + NSEC.Effluent.NH3 + NSEC.Effluent.NO3 + NSEC.Effluent.Flow",0.00093596605136792,0.444827805904991,"3,2"
"15049","Temp..of.the.Atmos. + CODto..mg.L. + SACto..1.m. + NSEC.Effluent.NH3 + NSEC.Effluent.OP + NSEC.Effluent.TSS",0.176364538772306,0.714505158681044,"3,2"
"15050","Temp..of.the.Atmos. + CODto..mg.L. + SACto..1.m. + NSEC.Effluent.NH3 + NSEC.Effluent.OP + NSEC.Effluent.NO5",0.254627990511537,0.66960330388941,"3,2"
"15051","Temp..of.the.Atmos. + CODto..mg.L. + SACto..1.m. + NSEC.Effluent.NH3 + NSEC.Effluent.OP + NSEC.Effluent.Flow",0.148022644447603,0.553602892746065,"3,2"
"15052","Temp..of.the.Atmos. + CODto..mg.L. + SACto..1.m. + NSEC.Effluent.NH3 + NSEC.Effluent.TSS + NSEC.Effluent.NO5",0.526245884432948,0.771118129109354,"3,2"
"15053","Temp..of.the.Atmos. + CODto..mg.L. + SACto..1.m. + NSEC.Effluent.NH3 + NSEC.Effluent.TSS + NSEC.Effluent.Flow",0.235990563386307,0.756880604556484,"3,2"
"15054","Temp..of.the.Atmos. + CODto..mg.L. + SACto..1.m. + NSEC.Effluent.NH3 + NSEC.Effluent.NO5 + NSEC.Effluent.Flow",0.021526256091855,0.489303409598578,"3,2"
"15055","Temp..of.the.Atmos. + CODto..mg.L. + SACto..1.m. + NSEC.Effluent.NO3 + NSEC.Effluent.OP + NSEC.Effluent.TSS",0.312846372136844,0.746288737836586,"3,2"
"15056","Temp..of.the.Atmos. + CODto..mg.L. + SACto..1.m. + NSEC.Effluent.NO3 + NSEC.Effluent.OP + NSEC.Effluent.NO5",0.587172707817237,0.69001557944451,"3,2"
"15057","Temp..of.the.Atmos. + CODto..mg.L. + SACto..1.m. + NSEC.Effluent.NO3 + NSEC.Effluent.OP + NSEC.Effluent.Flow",0.181112184945697,0.672252718325193,"3,2"
"15058","Temp..of.the.Atmos. + CODto..mg.L. + SACto..1.m. + NSEC.Effluent.NO3 + NSEC.Effluent.TSS + NSEC.Effluent.NO5",0.234437023849093,0.750710500041361,"3,2"
"15059","Temp..of.the.Atmos. + CODto..mg.L. + SACto..1.m. + NSEC.Effluent.NO3 + NSEC.Effluent.TSS + NSEC.Effluent.Flow",0.0799118507140397,0.667497006502293,"3,2"
"15060","Temp..of.the.Atmos. + CODto..mg.L. + SACto..1.m. + NSEC.Effluent.NO3 + NSEC.Effluent.NO5 + NSEC.Effluent.Flow",0.0264801071910958,0.536223924926692,"3,2"
"15061","Temp..of.the.Atmos. + CODto..mg.L. + SACto..1.m. + NSEC.Effluent.OP + NSEC.Effluent.TSS + NSEC.Effluent.NO5",0.0226504640698575,0.636637321226779,"3,2"
"15062","Temp..of.the.Atmos. + CODto..mg.L. + SACto..1.m. + NSEC.Effluent.OP + NSEC.Effluent.TSS + NSEC.Effluent.Flow",0.120279773215611,0.77983439121752,"3,2"
"15063","Temp..of.the.Atmos. + CODto..mg.L. + SACto..1.m. + NSEC.Effluent.OP + NSEC.Effluent.NO5 + NSEC.Effluent.Flow",0.248268664102197,0.569097758580413,"3,2"
"15064","Temp..of.the.Atmos. + CODto..mg.L. + SACto..1.m. + NSEC.Effluent.TSS + NSEC.Effluent.NO5 + NSEC.Effluent.Flow",0.202216676852689,0.745894526256892,"3,2"
"15065","Temp..of.the.Atmos. + CODto..mg.L. + NSEC.Aerobic.SRT + NSEC.Effluent.NH3 + NSEC.Effluent.NO3 + NSEC.Effluent.OP",0.0698844166718842,0.683216333207033,"3,2"
"15066","Temp..of.the.Atmos. + CODto..mg.L. + NSEC.Aerobic.SRT + NSEC.Effluent.NH3 + NSEC.Effluent.NO3 + NSEC.Effluent.TSS",0.115510904997937,0.758603375451916,"3,2"
"15067","Temp..of.the.Atmos. + CODto..mg.L. + NSEC.Aerobic.SRT + NSEC.Effluent.NH3 + NSEC.Effluent.NO3 + NSEC.Effluent.NO5",0.0689028745316069,0.728463849141112,"3,2"
"15068","Temp..of.the.Atmos. + CODto..mg.L. + NSEC.Aerobic.SRT + NSEC.Effluent.NH3 + NSEC.Effluent.NO3 + NSEC.Effluent.Flow",0.126105353727491,0.693978395646463,"3,2"
"15069","Temp..of.the.Atmos. + CODto..mg.L. + NSEC.Aerobic.SRT + NSEC.Effluent.NH3 + NSEC.Effluent.OP + NSEC.Effluent.TSS",0.174487493392372,0.762507591842253,"3,2"
"15070","Temp..of.the.Atmos. + CODto..mg.L. + NSEC.Aerobic.SRT + NSEC.Effluent.NH3 + NSEC.Effluent.OP + NSEC.Effluent.NO5",0.109870325100063,0.687659789200675,"3,2"
"15071","Temp..of.the.Atmos. + CODto..mg.L. + NSEC.Aerobic.SRT + NSEC.Effluent.NH3 + NSEC.Effluent.OP + NSEC.Effluent.Flow",0.048900931349535,0.634927523023136,"3,2"
"15072","Temp..of.the.Atmos. + CODto..mg.L. + NSEC.Aerobic.SRT + NSEC.Effluent.NH3 + NSEC.Effluent.TSS + NSEC.Effluent.NO5",0.0600910220103228,0.723934009924103,"3,2"
"15073","Temp..of.the.Atmos. + CODto..mg.L. + NSEC.Aerobic.SRT + NSEC.Effluent.NH3 + NSEC.Effluent.TSS + NSEC.Effluent.Flow",0.0293314419946737,0.614854643506537,"3,2"
"15074","Temp..of.the.Atmos. + CODto..mg.L. + NSEC.Aerobic.SRT + NSEC.Effluent.NH3 + NSEC.Effluent.NO5 + NSEC.Effluent.Flow",0.0239975686196974,0.410459335991372,"3,2"
"15075","Temp..of.the.Atmos. + CODto..mg.L. + NSEC.Aerobic.SRT + NSEC.Effluent.NO3 + NSEC.Effluent.OP + NSEC.Effluent.TSS",0.28194821346534,0.667844400745255,"3,2"
"15076","Temp..of.the.Atmos. + CODto..mg.L. + NSEC.Aerobic.SRT + NSEC.Effluent.NO3 + NSEC.Effluent.OP + NSEC.Effluent.NO5",0.457339710014505,0.763373097926209,"3,2"
"15077","Temp..of.the.Atmos. + CODto..mg.L. + NSEC.Aerobic.SRT + NSEC.Effluent.NO3 + NSEC.Effluent.OP + NSEC.Effluent.Flow",0.178950546579495,0.710511022573255,"3,2"
"15078","Temp..of.the.Atmos. + CODto..mg.L. + NSEC.Aerobic.SRT + NSEC.Effluent.NO3 + NSEC.Effluent.TSS + NSEC.Effluent.NO5",0.352279223218688,0.778330318533362,"3,2"
"15079","Temp..of.the.Atmos. + CODto..mg.L. + NSEC.Aerobic.SRT + NSEC.Effluent.NO3 + NSEC.Effluent.TSS + NSEC.Effluent.Flow",0.261436400201516,0.737637254964923,"3,2"
"15080","Temp..of.the.Atmos. + CODto..mg.L. + NSEC.Aerobic.SRT + NSEC.Effluent.NO3 + NSEC.Effluent.NO5 + NSEC.Effluent.Flow",0.241096631985839,0.744144568718541,"3,2"
"15081","Temp..of.the.Atmos. + CODto..mg.L. + NSEC.Aerobic.SRT + NSEC.Effluent.OP + NSEC.Effluent.TSS + NSEC.Effluent.NO5",0.032886026888991,0.733067020572838,"3,2"
"15082","Temp..of.the.Atmos. + CODto..mg.L. + NSEC.Aerobic.SRT + NSEC.Effluent.OP + NSEC.Effluent.TSS + NSEC.Effluent.Flow",0.000400851568824967,0.698515685353665,"3,2"
"15083","Temp..of.the.Atmos. + CODto..mg.L. + NSEC.Aerobic.SRT + NSEC.Effluent.OP + NSEC.Effluent.NO5 + NSEC.Effluent.Flow",0.00740703927387054,0.721527934697968,"3,2"
"15084","Temp..of.the.Atmos. + CODto..mg.L. + NSEC.Aerobic.SRT + NSEC.Effluent.TSS + NSEC.Effluent.NO5 + NSEC.Effluent.Flow",0.328556660024356,0.762728060835265,"3,2"
"15085","Temp..of.the.Atmos. + CODto..mg.L. + NSEC.Effluent.NH3 + NSEC.Effluent.NO3 + NSEC.Effluent.OP + NSEC.Effluent.TSS",0.178836980776247,0.534976901490552,"3,2"
"15086","Temp..of.the.Atmos. + CODto..mg.L. + NSEC.Effluent.NH3 + NSEC.Effluent.NO3 + NSEC.Effluent.OP + NSEC.Effluent.NO5",0.624222492096824,0.647087756136024,"3,2"
"15087","Temp..of.the.Atmos. + CODto..mg.L. + NSEC.Effluent.NH3 + NSEC.Effluent.NO3 + NSEC.Effluent.OP + NSEC.Effluent.Flow",0.0210040188287706,0.488189414634172,"3,2"
"15088","Temp..of.the.Atmos. + CODto..mg.L. + NSEC.Effluent.NH3 + NSEC.Effluent.NO3 + NSEC.Effluent.TSS + NSEC.Effluent.NO5",0.404503363681195,0.691372844313625,"3,2"
"15089","Temp..of.the.Atmos. + CODto..mg.L. + NSEC.Effluent.NH3 + NSEC.Effluent.NO3 + NSEC.Effluent.TSS + NSEC.Effluent.Flow",0.195286132407726,0.590061439610085,"3,2"
"15090","Temp..of.the.Atmos. + CODto..mg.L. + NSEC.Effluent.NH3 + NSEC.Effluent.NO3 + NSEC.Effluent.NO5 + NSEC.Effluent.Flow",0.193795171053004,0.00119097673232349,"3,2"
"15091","Temp..of.the.Atmos. + CODto..mg.L. + NSEC.Effluent.NH3 + NSEC.Effluent.OP + NSEC.Effluent.TSS + NSEC.Effluent.NO5",0.216697804561954,0.559703615273687,"3,2"
"15092","Temp..of.the.Atmos. + CODto..mg.L. + NSEC.Effluent.NH3 + NSEC.Effluent.OP + NSEC.Effluent.TSS + NSEC.Effluent.Flow",0.183098568546269,0.684857196678646,"3,2"
"15093","Temp..of.the.Atmos. + CODto..mg.L. + NSEC.Effluent.NH3 + NSEC.Effluent.OP + NSEC.Effluent.NO5 + NSEC.Effluent.Flow",0.113426270676348,0.593674533554162,"3,2"
"15094","Temp..of.the.Atmos. + CODto..mg.L. + NSEC.Effluent.NH3 + NSEC.Effluent.TSS + NSEC.Effluent.NO5 + NSEC.Effluent.Flow",0.031800810515207,0.631713066154397,"3,2"
"15095","Temp..of.the.Atmos. + CODto..mg.L. + NSEC.Effluent.NO3 + NSEC.Effluent.OP + NSEC.Effluent.TSS + NSEC.Effluent.NO5",0.1606135661863,0.656292756793803,"3,2"
"15096","Temp..of.the.Atmos. + CODto..mg.L. + NSEC.Effluent.NO3 + NSEC.Effluent.OP + NSEC.Effluent.TSS + NSEC.Effluent.Flow",0.142369390753252,0.684897744615997,"3,2"
"15097","Temp..of.the.Atmos. + CODto..mg.L. + NSEC.Effluent.NO3 + NSEC.Effluent.OP + NSEC.Effluent.NO5 + NSEC.Effluent.Flow",0.139791291529071,0.670397855885432,"3,2"
"15098","Temp..of.the.Atmos. + CODto..mg.L. + NSEC.Effluent.NO3 + NSEC.Effluent.TSS + NSEC.Effluent.NO5 + NSEC.Effluent.Flow",0.278000152838412,0.552627335546649,"3,2"
"15099","Temp..of.the.Atmos. + CODto..mg.L. + NSEC.Effluent.OP + NSEC.Effluent.TSS + NSEC.Effluent.NO5 + NSEC.Effluent.Flow",0.241142273656171,0.647821393210737,"3,2"
"15100","Temp..of.the.Atmos. + TSS..mg.L. + UVT.... + CODds..mg.L. + SACto..1.m. + NSEC.Aerobic.SRT",0.125495602913189,0.710956423194485,"3,2"
"15101","Temp..of.the.Atmos. + TSS..mg.L. + UVT.... + CODds..mg.L. + SACto..1.m. + NSEC.Effluent.NH3",0.0994045180314584,0.701344523833722,"3,2"
"15102","Temp..of.the.Atmos. + TSS..mg.L. + UVT.... + CODds..mg.L. + SACto..1.m. + NSEC.Effluent.NO3",0.323439323767328,0.667461995995934,"3,2"
"15103","Temp..of.the.Atmos. + TSS..mg.L. + UVT.... + CODds..mg.L. + SACto..1.m. + NSEC.Effluent.OP",0.0475838577356145,0.706687690318922,"3,2"
"15104","Temp..of.the.Atmos. + TSS..mg.L. + UVT.... + CODds..mg.L. + SACto..1.m. + NSEC.Effluent.TSS",0.11891569006655,0.612915525808511,"3,2"
"15105","Temp..of.the.Atmos. + TSS..mg.L. + UVT.... + CODds..mg.L. + SACto..1.m. + NSEC.Effluent.NO5",0.288258052962057,0.579766414807302,"3,2"
"15106","Temp..of.the.Atmos. + TSS..mg.L. + UVT.... + CODds..mg.L. + SACto..1.m. + NSEC.Effluent.Flow",0.142090702616513,0.592577110217097,"3,2"
"15107","Temp..of.the.Atmos. + TSS..mg.L. + UVT.... + CODds..mg.L. + NSEC.Aerobic.SRT + NSEC.Effluent.NH3",0.0277480225476132,0.605258299199235,"3,2"
"15108","Temp..of.the.Atmos. + TSS..mg.L. + UVT.... + CODds..mg.L. + NSEC.Aerobic.SRT + NSEC.Effluent.NO3",0.281826848122844,0.768624009297775,"3,2"
"15109","Temp..of.the.Atmos. + TSS..mg.L. + UVT.... + CODds..mg.L. + NSEC.Aerobic.SRT + NSEC.Effluent.OP",0.0295191389961142,0.655683708540457,"3,2"
"15110","Temp..of.the.Atmos. + TSS..mg.L. + UVT.... + CODds..mg.L. + NSEC.Aerobic.SRT + NSEC.Effluent.TSS",0.0814361231661791,0.756445500772177,"3,2"
"15111","Temp..of.the.Atmos. + TSS..mg.L. + UVT.... + CODds..mg.L. + NSEC.Aerobic.SRT + NSEC.Effluent.NO5",0.152728535721204,0.722119779797396,"3,2"
"15112","Temp..of.the.Atmos. + TSS..mg.L. + UVT.... + CODds..mg.L. + NSEC.Aerobic.SRT + NSEC.Effluent.Flow",0.0168557569686527,0.679510633530379,"3,2"
"15113","Temp..of.the.Atmos. + TSS..mg.L. + UVT.... + CODds..mg.L. + NSEC.Effluent.NH3 + NSEC.Effluent.NO3",0.102932593326432,0.54316131012126,"3,2"
"15114","Temp..of.the.Atmos. + TSS..mg.L. + UVT.... + CODds..mg.L. + NSEC.Effluent.NH3 + NSEC.Effluent.OP",0.141056004806254,0.628194904636638,"3,2"
"15115","Temp..of.the.Atmos. + TSS..mg.L. + UVT.... + CODds..mg.L. + NSEC.Effluent.NH3 + NSEC.Effluent.TSS",0.00525282954302142,0.675514207057147,"3,2"
"15116","Temp..of.the.Atmos. + TSS..mg.L. + UVT.... + CODds..mg.L. + NSEC.Effluent.NH3 + NSEC.Effluent.NO5",0.19508776817302,0.574539278070808,"3,2"
"15117","Temp..of.the.Atmos. + TSS..mg.L. + UVT.... + CODds..mg.L. + NSEC.Effluent.NH3 + NSEC.Effluent.Flow",0.0501271990862993,0.641943084077843,"3,2"
"15118","Temp..of.the.Atmos. + TSS..mg.L. + UVT.... + CODds..mg.L. + NSEC.Effluent.NO3 + NSEC.Effluent.OP",0.0362497061863429,0.499987231432145,"3,2"
"15119","Temp..of.the.Atmos. + TSS..mg.L. + UVT.... + CODds..mg.L. + NSEC.Effluent.NO3 + NSEC.Effluent.TSS",0.113036371122328,0.744833385841428,"3,2"
"15120","Temp..of.the.Atmos. + TSS..mg.L. + UVT.... + CODds..mg.L. + NSEC.Effluent.NO3 + NSEC.Effluent.NO5",0.0292910699062843,0.665866363491647,"3,2"
"15121","Temp..of.the.Atmos. + TSS..mg.L. + UVT.... + CODds..mg.L. + NSEC.Effluent.NO3 + NSEC.Effluent.Flow",0.183346266748657,0.69965237219287,"3,2"
"15122","Temp..of.the.Atmos. + TSS..mg.L. + UVT.... + CODds..mg.L. + NSEC.Effluent.OP + NSEC.Effluent.TSS",0.204140614711349,0.67322859648113,"3,2"
"15123","Temp..of.the.Atmos. + TSS..mg.L. + UVT.... + CODds..mg.L. + NSEC.Effluent.OP + NSEC.Effluent.NO5",0.00696785091772867,0.505733621977591,"3,2"
"15124","Temp..of.the.Atmos. + TSS..mg.L. + UVT.... + CODds..mg.L. + NSEC.Effluent.OP + NSEC.Effluent.Flow",0.0103305337305084,0.682099885742891,"3,2"
"15125","Temp..of.the.Atmos. + TSS..mg.L. + UVT.... + CODds..mg.L. + NSEC.Effluent.TSS + NSEC.Effluent.NO5",0.0221691652867497,0.773172524381183,"3,2"
"15126","Temp..of.the.Atmos. + TSS..mg.L. + UVT.... + CODds..mg.L. + NSEC.Effluent.TSS + NSEC.Effluent.Flow",0.0849185159211834,0.773165975431459,"3,2"
"15127","Temp..of.the.Atmos. + TSS..mg.L. + UVT.... + CODds..mg.L. + NSEC.Effluent.NO5 + NSEC.Effluent.Flow",0.0474174976345867,0.797958919864779,"3,2"
"15128","Temp..of.the.Atmos. + TSS..mg.L. + UVT.... + SACto..1.m. + NSEC.Aerobic.SRT + NSEC.Effluent.NH3",0.15301910563417,0.710512328943298,"3,2"
"15129","Temp..of.the.Atmos. + TSS..mg.L. + UVT.... + SACto..1.m. + NSEC.Aerobic.SRT + NSEC.Effluent.NO3",0.14172396251922,0.720377881229627,"3,2"
"15130","Temp..of.the.Atmos. + TSS..mg.L. + UVT.... + SACto..1.m. + NSEC.Aerobic.SRT + NSEC.Effluent.OP",0.175952658751221,0.693327853349543,"3,2"
"15131","Temp..of.the.Atmos. + TSS..mg.L. + UVT.... + SACto..1.m. + NSEC.Aerobic.SRT + NSEC.Effluent.TSS",0.0527157044024564,0.74229501051591,"3,2"
"15132","Temp..of.the.Atmos. + TSS..mg.L. + UVT.... + SACto..1.m. + NSEC.Aerobic.SRT + NSEC.Effluent.NO5",0.234882347645959,0.720608418660012,"3,2"
"15133","Temp..of.the.Atmos. + TSS..mg.L. + UVT.... + SACto..1.m. + NSEC.Aerobic.SRT + NSEC.Effluent.Flow",0.167837800610381,0.729347652373657,"3,2"
"15134","Temp..of.the.Atmos. + TSS..mg.L. + UVT.... + SACto..1.m. + NSEC.Effluent.NH3 + NSEC.Effluent.NO3",0.116882222358639,0.720437900183904,"3,2"
"15135","Temp..of.the.Atmos. + TSS..mg.L. + UVT.... + SACto..1.m. + NSEC.Effluent.NH3 + NSEC.Effluent.OP",0.025567968938581,0.445478547306613,"3,2"
"15136","Temp..of.the.Atmos. + TSS..mg.L. + UVT.... + SACto..1.m. + NSEC.Effluent.NH3 + NSEC.Effluent.TSS",0.0952896481962795,0.707473843625018,"3,2"
"15137","Temp..of.the.Atmos. + TSS..mg.L. + UVT.... + SACto..1.m. + NSEC.Effluent.NH3 + NSEC.Effluent.NO5",0.0689315796044205,0.478162424268423,"3,2"
"15138","Temp..of.the.Atmos. + TSS..mg.L. + UVT.... + SACto..1.m. + NSEC.Effluent.NH3 + NSEC.Effluent.Flow",0.0322792568732484,0.636426537565202,"3,2"
"15139","Temp..of.the.Atmos. + TSS..mg.L. + UVT.... + SACto..1.m. + NSEC.Effluent.NO3 + NSEC.Effluent.OP",0.193422994871178,0.0310164122788026,"3,2"
"15140","Temp..of.the.Atmos. + TSS..mg.L. + UVT.... + SACto..1.m. + NSEC.Effluent.NO3 + NSEC.Effluent.TSS",0.265590066631237,0.738456553566773,"3,2"
"15141","Temp..of.the.Atmos. + TSS..mg.L. + UVT.... + SACto..1.m. + NSEC.Effluent.NO3 + NSEC.Effluent.NO5",0.193985225053519,0.606844304070296,"3,2"
"15142","Temp..of.the.Atmos. + TSS..mg.L. + UVT.... + SACto..1.m. + NSEC.Effluent.NO3 + NSEC.Effluent.Flow",0.0799840247924517,0.704208479788049,"3,2"
"15143","Temp..of.the.Atmos. + TSS..mg.L. + UVT.... + SACto..1.m. + NSEC.Effluent.OP + NSEC.Effluent.TSS",0.185505120702048,0.699243772680583,"3,2"
"15144","Temp..of.the.Atmos. + TSS..mg.L. + UVT.... + SACto..1.m. + NSEC.Effluent.OP + NSEC.Effluent.NO5",0.0982446442260771,0.632688971662357,"3,2"
"15145","Temp..of.the.Atmos. + TSS..mg.L. + UVT.... + SACto..1.m. + NSEC.Effluent.OP + NSEC.Effluent.Flow",0.160378056658267,0.529804814392665,"3,2"
"15146","Temp..of.the.Atmos. + TSS..mg.L. + UVT.... + SACto..1.m. + NSEC.Effluent.TSS + NSEC.Effluent.NO5",0.0885824551254255,0.7567677823884,"3,2"
"15147","Temp..of.the.Atmos. + TSS..mg.L. + UVT.... + SACto..1.m. + NSEC.Effluent.TSS + NSEC.Effluent.Flow",0.0345484773237674,0.760299754923166,"3,2"
"15148","Temp..of.the.Atmos. + TSS..mg.L. + UVT.... + SACto..1.m. + NSEC.Effluent.NO5 + NSEC.Effluent.Flow",0.292330414316848,0.716881979581291,"3,2"
"15149","Temp..of.the.Atmos. + TSS..mg.L. + UVT.... + NSEC.Aerobic.SRT + NSEC.Effluent.NH3 + NSEC.Effluent.NO3",0.191432276643971,0.781410069970586,"3,2"
"15150","Temp..of.the.Atmos. + TSS..mg.L. + UVT.... + NSEC.Aerobic.SRT + NSEC.Effluent.NH3 + NSEC.Effluent.OP",0.189088676458582,0.764052636498735,"3,2"
"15151","Temp..of.the.Atmos. + TSS..mg.L. + UVT.... + NSEC.Aerobic.SRT + NSEC.Effluent.NH3 + NSEC.Effluent.TSS",0.118731214345102,0.734103258975207,"3,2"
"15152","Temp..of.the.Atmos. + TSS..mg.L. + UVT.... + NSEC.Aerobic.SRT + NSEC.Effluent.NH3 + NSEC.Effluent.NO5",0.176325677538231,0.758102344924274,"3,2"
"15153","Temp..of.the.Atmos. + TSS..mg.L. + UVT.... + NSEC.Aerobic.SRT + NSEC.Effluent.NH3 + NSEC.Effluent.Flow",0.0824368010702701,0.771075291406957,"3,2"
"15154","Temp..of.the.Atmos. + TSS..mg.L. + UVT.... + NSEC.Aerobic.SRT + NSEC.Effluent.NO3 + NSEC.Effluent.OP",0.141156780471419,0.781883001797012,"3,2"
"15155","Temp..of.the.Atmos. + TSS..mg.L. + UVT.... + NSEC.Aerobic.SRT + NSEC.Effluent.NO3 + NSEC.Effluent.TSS",0.0400193062462146,0.747025637678564,"3,2"
"15156","Temp..of.the.Atmos. + TSS..mg.L. + UVT.... + NSEC.Aerobic.SRT + NSEC.Effluent.NO3 + NSEC.Effluent.NO5",0.0315261838033676,0.702494366963286,"3,2"
"15157","Temp..of.the.Atmos. + TSS..mg.L. + UVT.... + NSEC.Aerobic.SRT + NSEC.Effluent.NO3 + NSEC.Effluent.Flow",0.153613422504005,0.798166483988238,"3,2"
"15158","Temp..of.the.Atmos. + TSS..mg.L. + UVT.... + NSEC.Aerobic.SRT + NSEC.Effluent.OP + NSEC.Effluent.TSS",0.027798490437505,0.753225745286273,"3,2"
"15159","Temp..of.the.Atmos. + TSS..mg.L. + UVT.... + NSEC.Aerobic.SRT + NSEC.Effluent.OP + NSEC.Effluent.NO5",0.140613594351394,0.616127560179978,"3,2"
"15160","Temp..of.the.Atmos. + TSS..mg.L. + UVT.... + NSEC.Aerobic.SRT + NSEC.Effluent.OP + NSEC.Effluent.Flow",0.14909356410582,0.799799863954167,"3,2"
"15161","Temp..of.the.Atmos. + TSS..mg.L. + UVT.... + NSEC.Aerobic.SRT + NSEC.Effluent.TSS + NSEC.Effluent.NO5",0.112552001827824,0.785389996064654,"3,2"
"15162","Temp..of.the.Atmos. + TSS..mg.L. + UVT.... + NSEC.Aerobic.SRT + NSEC.Effluent.TSS + NSEC.Effluent.Flow",0.102693781050886,0.771417203572878,"3,2"
"15163","Temp..of.the.Atmos. + TSS..mg.L. + UVT.... + NSEC.Aerobic.SRT + NSEC.Effluent.NO5 + NSEC.Effluent.Flow",0.116847410143506,0.740891148957439,"3,2"
"15164","Temp..of.the.Atmos. + TSS..mg.L. + UVT.... + NSEC.Effluent.NH3 + NSEC.Effluent.NO3 + NSEC.Effluent.OP",0.00135167324490304,0.5588013730749,"3,2"
"15165","Temp..of.the.Atmos. + TSS..mg.L. + UVT.... + NSEC.Effluent.NH3 + NSEC.Effluent.NO3 + NSEC.Effluent.TSS",0.335170891176488,0.740665689564535,"3,2"
"15166","Temp..of.the.Atmos. + TSS..mg.L. + UVT.... + NSEC.Effluent.NH3 + NSEC.Effluent.NO3 + NSEC.Effluent.NO5",0.255879993435493,0.748139928824027,"3,2"
"15167","Temp..of.the.Atmos. + TSS..mg.L. + UVT.... + NSEC.Effluent.NH3 + NSEC.Effluent.NO3 + NSEC.Effluent.Flow",0.193414114816666,0.00732124166440471,"3,2"
"15168","Temp..of.the.Atmos. + TSS..mg.L. + UVT.... + NSEC.Effluent.NH3 + NSEC.Effluent.OP + NSEC.Effluent.TSS",0.000219585706222158,0.712251532757713,"3,2"
"15169","Temp..of.the.Atmos. + TSS..mg.L. + UVT.... + NSEC.Effluent.NH3 + NSEC.Effluent.OP + NSEC.Effluent.NO5",0.324782152350492,0.744149681992124,"3,2"
"15170","Temp..of.the.Atmos. + TSS..mg.L. + UVT.... + NSEC.Effluent.NH3 + NSEC.Effluent.OP + NSEC.Effluent.Flow",0.229864287367171,0.68878717683915,"3,2"
"15171","Temp..of.the.Atmos. + TSS..mg.L. + UVT.... + NSEC.Effluent.NH3 + NSEC.Effluent.TSS + NSEC.Effluent.NO5",0.039960316953791,0.711672679945607,"3,2"
"15172","Temp..of.the.Atmos. + TSS..mg.L. + UVT.... + NSEC.Effluent.NH3 + NSEC.Effluent.TSS + NSEC.Effluent.Flow",0.185736476610223,0.742052666410543,"3,2"
"15173","Temp..of.the.Atmos. + TSS..mg.L. + UVT.... + NSEC.Effluent.NH3 + NSEC.Effluent.NO5 + NSEC.Effluent.Flow",0.0431799331192817,0.588546202113081,"3,2"
"15174","Temp..of.the.Atmos. + TSS..mg.L. + UVT.... + NSEC.Effluent.NO3 + NSEC.Effluent.OP + NSEC.Effluent.TSS",0.201260935291304,0.739340750003688,"3,2"
"15175","Temp..of.the.Atmos. + TSS..mg.L. + UVT.... + NSEC.Effluent.NO3 + NSEC.Effluent.OP + NSEC.Effluent.NO5",0.00467812580705806,0.534609481604376,"3,2"
"15176","Temp..of.the.Atmos. + TSS..mg.L. + UVT.... + NSEC.Effluent.NO3 + NSEC.Effluent.OP + NSEC.Effluent.Flow",0.315155772603622,0.739852207080192,"3,2"
"15177","Temp..of.the.Atmos. + TSS..mg.L. + UVT.... + NSEC.Effluent.NO3 + NSEC.Effluent.TSS + NSEC.Effluent.NO5",0.247328929403907,0.796889893216786,"3,2"
"15178","Temp..of.the.Atmos. + TSS..mg.L. + UVT.... + NSEC.Effluent.NO3 + NSEC.Effluent.TSS + NSEC.Effluent.Flow",0.0508938465341187,0.714806331831642,"3,2"
"15179","Temp..of.the.Atmos. + TSS..mg.L. + UVT.... + NSEC.Effluent.NO3 + NSEC.Effluent.NO5 + NSEC.Effluent.Flow",0.0801054185175842,0.583434123164759,"3,2"
"15180","Temp..of.the.Atmos. + TSS..mg.L. + UVT.... + NSEC.Effluent.OP + NSEC.Effluent.TSS + NSEC.Effluent.NO5",0.113728407250152,0.729495368678896,"3,2"
"15181","Temp..of.the.Atmos. + TSS..mg.L. + UVT.... + NSEC.Effluent.OP + NSEC.Effluent.TSS + NSEC.Effluent.Flow",0.213294699562021,0.806466785422704,"3,2"
"15182","Temp..of.the.Atmos. + TSS..mg.L. + UVT.... + NSEC.Effluent.OP + NSEC.Effluent.NO5 + NSEC.Effluent.Flow",0.068259716935277,0.560763961673613,"3,2"
"15183","Temp..of.the.Atmos. + TSS..mg.L. + UVT.... + NSEC.Effluent.TSS + NSEC.Effluent.NO5 + NSEC.Effluent.Flow",0.0243162358048881,0.750513483110148,"3,2"
"15184","Temp..of.the.Atmos. + TSS..mg.L. + CODds..mg.L. + SACto..1.m. + NSEC.Aerobic.SRT + NSEC.Effluent.NH3",0.291231787621014,0.689194782232273,"3,2"
"15185","Temp..of.the.Atmos. + TSS..mg.L. + CODds..mg.L. + SACto..1.m. + NSEC.Aerobic.SRT + NSEC.Effluent.NO3",0.0785431021021743,0.744599584809408,"3,2"
"15186","Temp..of.the.Atmos. + TSS..mg.L. + CODds..mg.L. + SACto..1.m. + NSEC.Aerobic.SRT + NSEC.Effluent.OP",0.27784256716438,0.711648106308577,"3,2"
"15187","Temp..of.the.Atmos. + TSS..mg.L. + CODds..mg.L. + SACto..1.m. + NSEC.Aerobic.SRT + NSEC.Effluent.TSS",0.119566590926158,0.769087243006714,"3,2"
"15188","Temp..of.the.Atmos. + TSS..mg.L. + CODds..mg.L. + SACto..1.m. + NSEC.Aerobic.SRT + NSEC.Effluent.NO5",0.234304711455913,0.664654648248657,"3,2"
"15189","Temp..of.the.Atmos. + TSS..mg.L. + CODds..mg.L. + SACto..1.m. + NSEC.Aerobic.SRT + NSEC.Effluent.Flow",0.194008266784221,0.0411855655480418,"3,2"
"15190","Temp..of.the.Atmos. + TSS..mg.L. + CODds..mg.L. + SACto..1.m. + NSEC.Effluent.NH3 + NSEC.Effluent.NO3",0.313052514142146,0.680489832335549,"3,2"
"15191","Temp..of.the.Atmos. + TSS..mg.L. + CODds..mg.L. + SACto..1.m. + NSEC.Effluent.NH3 + NSEC.Effluent.OP",0.033294300717112,0.612325079137743,"3,2"
"15192","Temp..of.the.Atmos. + TSS..mg.L. + CODds..mg.L. + SACto..1.m. + NSEC.Effluent.NH3 + NSEC.Effluent.TSS",0.122348566133207,0.724986140211196,"3,2"
"15193","Temp..of.the.Atmos. + TSS..mg.L. + CODds..mg.L. + SACto..1.m. + NSEC.Effluent.NH3 + NSEC.Effluent.NO5",0.172231482351932,0.663065491422918,"3,2"
"15194","Temp..of.the.Atmos. + TSS..mg.L. + CODds..mg.L. + SACto..1.m. + NSEC.Effluent.NH3 + NSEC.Effluent.Flow",0.0270492539608052,0.659404608371006,"3,2"
"15195","Temp..of.the.Atmos. + TSS..mg.L. + CODds..mg.L. + SACto..1.m. + NSEC.Effluent.NO3 + NSEC.Effluent.OP",0.149239830720139,0.681520423706268,"3,2"
"15196","Temp..of.the.Atmos. + TSS..mg.L. + CODds..mg.L. + SACto..1.m. + NSEC.Effluent.NO3 + NSEC.Effluent.TSS",0.118132340141954,0.752697113887401,"3,2"
"15197","Temp..of.the.Atmos. + TSS..mg.L. + CODds..mg.L. + SACto..1.m. + NSEC.Effluent.NO3 + NSEC.Effluent.NO5",0.268777807181652,0.532600328443215,"3,2"
"15198","Temp..of.the.Atmos. + TSS..mg.L. + CODds..mg.L. + SACto..1.m. + NSEC.Effluent.NO3 + NSEC.Effluent.Flow",0.0343070831289396,0.679603461643804,"3,2"
"15199","Temp..of.the.Atmos. + TSS..mg.L. + CODds..mg.L. + SACto..1.m. + NSEC.Effluent.OP + NSEC.Effluent.TSS",0.118412101750627,0.750346581454505,"3,2"
"15200","Temp..of.the.Atmos. + TSS..mg.L. + CODds..mg.L. + SACto..1.m. + NSEC.Effluent.OP + NSEC.Effluent.NO5",0.205952919977135,0.636138109952833,"3,2"
"15201","Temp..of.the.Atmos. + TSS..mg.L. + CODds..mg.L. + SACto..1.m. + NSEC.Effluent.OP + NSEC.Effluent.Flow",0.251131263330293,0.63510917829281,"3,2"
"15202","Temp..of.the.Atmos. + TSS..mg.L. + CODds..mg.L. + SACto..1.m. + NSEC.Effluent.TSS + NSEC.Effluent.NO5",0.0839695176894339,0.690670184668514,"3,2"
"15203","Temp..of.the.Atmos. + TSS..mg.L. + CODds..mg.L. + SACto..1.m. + NSEC.Effluent.TSS + NSEC.Effluent.Flow",0.153150730409291,0.739924351011489,"3,2"
"15204","Temp..of.the.Atmos. + TSS..mg.L. + CODds..mg.L. + SACto..1.m. + NSEC.Effluent.NO5 + NSEC.Effluent.Flow",0.237788456917345,0.706661291801948,"3,2"
"15205","Temp..of.the.Atmos. + TSS..mg.L. + CODds..mg.L. + NSEC.Aerobic.SRT + NSEC.Effluent.NH3 + NSEC.Effluent.NO3",0.320860489111927,0.688374065198035,"3,2"
"15206","Temp..of.the.Atmos. + TSS..mg.L. + CODds..mg.L. + NSEC.Aerobic.SRT + NSEC.Effluent.NH3 + NSEC.Effluent.OP",0.0462466881718591,0.468981539829178,"3,2"
"15207","Temp..of.the.Atmos. + TSS..mg.L. + CODds..mg.L. + NSEC.Aerobic.SRT + NSEC.Effluent.NH3 + NSEC.Effluent.TSS",0.354377197194725,0.767032827264212,"3,2"
"15208","Temp..of.the.Atmos. + TSS..mg.L. + CODds..mg.L. + NSEC.Aerobic.SRT + NSEC.Effluent.NH3 + NSEC.Effluent.NO5",0.277053711965285,0.64937669665416,"3,2"
"15209","Temp..of.the.Atmos. + TSS..mg.L. + CODds..mg.L. + NSEC.Aerobic.SRT + NSEC.Effluent.NH3 + NSEC.Effluent.Flow",0.256044798084258,0.651446032092476,"3,2"
"15210","Temp..of.the.Atmos. + TSS..mg.L. + CODds..mg.L. + NSEC.Aerobic.SRT + NSEC.Effluent.NO3 + NSEC.Effluent.OP",0.0136235686068367,0.749868570073871,"3,2"
"15211","Temp..of.the.Atmos. + TSS..mg.L. + CODds..mg.L. + NSEC.Aerobic.SRT + NSEC.Effluent.NO3 + NSEC.Effluent.TSS",0.330405774053847,0.682128417281627,"3,2"
"15212","Temp..of.the.Atmos. + TSS..mg.L. + CODds..mg.L. + NSEC.Aerobic.SRT + NSEC.Effluent.NO3 + NSEC.Effluent.NO5",0.449249508069317,0.77998704148525,"3,2"
"15213","Temp..of.the.Atmos. + TSS..mg.L. + CODds..mg.L. + NSEC.Aerobic.SRT + NSEC.Effluent.NO3 + NSEC.Effluent.Flow",0.0985320478409488,0.815422835380056,"3,2"
"15214","Temp..of.the.Atmos. + TSS..mg.L. + CODds..mg.L. + NSEC.Aerobic.SRT + NSEC.Effluent.OP + NSEC.Effluent.TSS",0.222679639252162,0.779052991953517,"3,2"
"15215","Temp..of.the.Atmos. + TSS..mg.L. + CODds..mg.L. + NSEC.Aerobic.SRT + NSEC.Effluent.OP + NSEC.Effluent.NO5",0.0485083703919349,0.461079117168013,"3,2"
"15216","Temp..of.the.Atmos. + TSS..mg.L. + CODds..mg.L. + NSEC.Aerobic.SRT + NSEC.Effluent.OP + NSEC.Effluent.Flow",0.124950285547671,0.716835790645283,"3,2"
"15217","Temp..of.the.Atmos. + TSS..mg.L. + CODds..mg.L. + NSEC.Aerobic.SRT + NSEC.Effluent.TSS + NSEC.Effluent.NO5",0.291072751531833,0.798026028468131,"3,2"
"15218","Temp..of.the.Atmos. + TSS..mg.L. + CODds..mg.L. + NSEC.Aerobic.SRT + NSEC.Effluent.TSS + NSEC.Effluent.Flow",0.170857787046526,0.754653497878896,"3,2"
"15219","Temp..of.the.Atmos. + TSS..mg.L. + CODds..mg.L. + NSEC.Aerobic.SRT + NSEC.Effluent.NO5 + NSEC.Effluent.Flow",0.120727508666268,0.695196768985745,"3,2"
"15220","Temp..of.the.Atmos. + TSS..mg.L. + CODds..mg.L. + NSEC.Effluent.NH3 + NSEC.Effluent.NO3 + NSEC.Effluent.OP",0.300829613903158,0.669905087884755,"3,2"
"15221","Temp..of.the.Atmos. + TSS..mg.L. + CODds..mg.L. + NSEC.Effluent.NH3 + NSEC.Effluent.NO3 + NSEC.Effluent.TSS",0.21531920043933,0.655297469430094,"3,2"
"15222","Temp..of.the.Atmos. + TSS..mg.L. + CODds..mg.L. + NSEC.Effluent.NH3 + NSEC.Effluent.NO3 + NSEC.Effluent.NO5",0.139388804838909,0.590801983120895,"3,2"
"15223","Temp..of.the.Atmos. + TSS..mg.L. + CODds..mg.L. + NSEC.Effluent.NH3 + NSEC.Effluent.NO3 + NSEC.Effluent.Flow",0.225414566650536,0.707692059934891,"3,2"
"15224","Temp..of.the.Atmos. + TSS..mg.L. + CODds..mg.L. + NSEC.Effluent.NH3 + NSEC.Effluent.OP + NSEC.Effluent.TSS",0.161199930908813,0.569757683663455,"3,2"
"15225","Temp..of.the.Atmos. + TSS..mg.L. + CODds..mg.L. + NSEC.Effluent.NH3 + NSEC.Effluent.OP + NSEC.Effluent.NO5",0.083854248293953,0.527645692839424,"3,2"
"15226","Temp..of.the.Atmos. + TSS..mg.L. + CODds..mg.L. + NSEC.Effluent.NH3 + NSEC.Effluent.OP + NSEC.Effluent.Flow",0.0806654754157425,0.520100527867341,"3,2"
"15227","Temp..of.the.Atmos. + TSS..mg.L. + CODds..mg.L. + NSEC.Effluent.NH3 + NSEC.Effluent.TSS + NSEC.Effluent.NO5",0.060581859233811,0.690290367591975,"3,2"
"15228","Temp..of.the.Atmos. + TSS..mg.L. + CODds..mg.L. + NSEC.Effluent.NH3 + NSEC.Effluent.TSS + NSEC.Effluent.Flow",0.0801828321997093,0.65805176620989,"3,2"
"15229","Temp..of.the.Atmos. + TSS..mg.L. + CODds..mg.L. + NSEC.Effluent.NH3 + NSEC.Effluent.NO5 + NSEC.Effluent.Flow",0.153717674165924,0.682641573061079,"3,2"
"15230","Temp..of.the.Atmos. + TSS..mg.L. + CODds..mg.L. + NSEC.Effluent.NO3 + NSEC.Effluent.OP + NSEC.Effluent.TSS",0.0154677100619516,0.695892640984897,"3,2"
"15231","Temp..of.the.Atmos. + TSS..mg.L. + CODds..mg.L. + NSEC.Effluent.NO3 + NSEC.Effluent.OP + NSEC.Effluent.NO5",0.0910998545268957,0.757455400389732,"3,2"
"15232","Temp..of.the.Atmos. + TSS..mg.L. + CODds..mg.L. + NSEC.Effluent.NO3 + NSEC.Effluent.OP + NSEC.Effluent.Flow",0.25928162390266,0.663054311396091,"3,2"
"15233","Temp..of.the.Atmos. + TSS..mg.L. + CODds..mg.L. + NSEC.Effluent.NO3 + NSEC.Effluent.TSS + NSEC.Effluent.NO5",0.0489057803965633,0.707501342395675,"3,2"
"15234","Temp..of.the.Atmos. + TSS..mg.L. + CODds..mg.L. + NSEC.Effluent.NO3 + NSEC.Effluent.TSS + NSEC.Effluent.Flow",0.0979957251340682,0.66187014665998,"3,2"
"15235","Temp..of.the.Atmos. + TSS..mg.L. + CODds..mg.L. + NSEC.Effluent.NO3 + NSEC.Effluent.NO5 + NSEC.Effluent.Flow",0.0252110646338386,0.640760067268724,"3,2"
"15236","Temp..of.the.Atmos. + TSS..mg.L. + CODds..mg.L. + NSEC.Effluent.OP + NSEC.Effluent.TSS + NSEC.Effluent.NO5",0.0682266974278893,0.699518574471083,"3,2"
"15237","Temp..of.the.Atmos. + TSS..mg.L. + CODds..mg.L. + NSEC.Effluent.OP + NSEC.Effluent.TSS + NSEC.Effluent.Flow",0.102271004547534,0.588187768543634,"3,2"
"15238","Temp..of.the.Atmos. + TSS..mg.L. + CODds..mg.L. + NSEC.Effluent.OP + NSEC.Effluent.NO5 + NSEC.Effluent.Flow",0.16870955859751,0.549351428837869,"3,2"
"15239","Temp..of.the.Atmos. + TSS..mg.L. + CODds..mg.L. + NSEC.Effluent.TSS + NSEC.Effluent.NO5 + NSEC.Effluent.Flow",0.168760995427502,0.631071228164023,"3,2"
"15240","Temp..of.the.Atmos. + TSS..mg.L. + SACto..1.m. + NSEC.Aerobic.SRT + NSEC.Effluent.NH3 + NSEC.Effluent.NO3",0.17703431625248,0.751268400887581,"3,2"
"15241","Temp..of.the.Atmos. + TSS..mg.L. + SACto..1.m. + NSEC.Aerobic.SRT + NSEC.Effluent.NH3 + NSEC.Effluent.OP",0.044430075290637,0.763430259814745,"3,2"
"15242","Temp..of.the.Atmos. + TSS..mg.L. + SACto..1.m. + NSEC.Aerobic.SRT + NSEC.Effluent.NH3 + NSEC.Effluent.TSS",0.106798974322715,0.654491940874381,"3,2"
"15243","Temp..of.the.Atmos. + TSS..mg.L. + SACto..1.m. + NSEC.Aerobic.SRT + NSEC.Effluent.NH3 + NSEC.Effluent.NO5",0.2360897184634,0.662326048725132,"3,2"
"15244","Temp..of.the.Atmos. + TSS..mg.L. + SACto..1.m. + NSEC.Aerobic.SRT + NSEC.Effluent.NH3 + NSEC.Effluent.Flow",0.135691238877247,0.534632221633112,"3,2"
"15245","Temp..of.the.Atmos. + TSS..mg.L. + SACto..1.m. + NSEC.Aerobic.SRT + NSEC.Effluent.NO3 + NSEC.Effluent.OP",0.0499913295622707,0.714105116799987,"3,2"
"15246","Temp..of.the.Atmos. + TSS..mg.L. + SACto..1.m. + NSEC.Aerobic.SRT + NSEC.Effluent.NO3 + NSEC.Effluent.TSS",0.0476201176568414,0.736258149972758,"3,2"
"15247","Temp..of.the.Atmos. + TSS..mg.L. + SACto..1.m. + NSEC.Aerobic.SRT + NSEC.Effluent.NO3 + NSEC.Effluent.NO5",0.0128244462399727,0.731516911462548,"3,2"
"15248","Temp..of.the.Atmos. + TSS..mg.L. + SACto..1.m. + NSEC.Aerobic.SRT + NSEC.Effluent.NO3 + NSEC.Effluent.Flow",0.182143249624322,0.761140085370939,"3,2"
"15249","Temp..of.the.Atmos. + TSS..mg.L. + SACto..1.m. + NSEC.Aerobic.SRT + NSEC.Effluent.OP + NSEC.Effluent.TSS",0.124931069031144,0.734280601491533,"3,2"
"15250","Temp..of.the.Atmos. + TSS..mg.L. + SACto..1.m. + NSEC.Aerobic.SRT + NSEC.Effluent.OP + NSEC.Effluent.NO5",0.173069953992121,0.734794474426885,"3,2"
"15251","Temp..of.the.Atmos. + TSS..mg.L. + SACto..1.m. + NSEC.Aerobic.SRT + NSEC.Effluent.OP + NSEC.Effluent.Flow",0.0725644087386925,0.731552171334858,"3,2"
"15252","Temp..of.the.Atmos. + TSS..mg.L. + SACto..1.m. + NSEC.Aerobic.SRT + NSEC.Effluent.TSS + NSEC.Effluent.NO5",0.201487542477094,0.774401792234028,"3,2"
"15253","Temp..of.the.Atmos. + TSS..mg.L. + SACto..1.m. + NSEC.Aerobic.SRT + NSEC.Effluent.TSS + NSEC.Effluent.Flow",0.0819588772755517,0.784812445083139,"3,2"
"15254","Temp..of.the.Atmos. + TSS..mg.L. + SACto..1.m. + NSEC.Aerobic.SRT + NSEC.Effluent.NO5 + NSEC.Effluent.Flow",0.0883419324588886,0.716172326325916,"3,2"
"15255","Temp..of.the.Atmos. + TSS..mg.L. + SACto..1.m. + NSEC.Effluent.NH3 + NSEC.Effluent.NO3 + NSEC.Effluent.OP",0.146512790566355,0.574010738804197,"3,2"
"15256","Temp..of.the.Atmos. + TSS..mg.L. + SACto..1.m. + NSEC.Effluent.NH3 + NSEC.Effluent.NO3 + NSEC.Effluent.TSS",0.169001098512741,0.740685586790147,"3,2"
"15257","Temp..of.the.Atmos. + TSS..mg.L. + SACto..1.m. + NSEC.Effluent.NH3 + NSEC.Effluent.NO3 + NSEC.Effluent.NO5",0.163914758818241,0.467269888920949,"3,2"
"15258","Temp..of.the.Atmos. + TSS..mg.L. + SACto..1.m. + NSEC.Effluent.NH3 + NSEC.Effluent.NO3 + NSEC.Effluent.Flow",0.35284680702692,0.543433433931149,"3,2"
"15259","Temp..of.the.Atmos. + TSS..mg.L. + SACto..1.m. + NSEC.Effluent.NH3 + NSEC.Effluent.OP + NSEC.Effluent.TSS",0.166291798240783,0.720335615287582,"3,2"
"15260","Temp..of.the.Atmos. + TSS..mg.L. + SACto..1.m. + NSEC.Effluent.NH3 + NSEC.Effluent.OP + NSEC.Effluent.NO5",0.192537669707679,0.00561337905266519,"3,2"
"15261","Temp..of.the.Atmos. + TSS..mg.L. + SACto..1.m. + NSEC.Effluent.NH3 + NSEC.Effluent.OP + NSEC.Effluent.Flow",0.0836262047090095,0.504478851914492,"3,2"
"15262","Temp..of.the.Atmos. + TSS..mg.L. + SACto..1.m. + NSEC.Effluent.NH3 + NSEC.Effluent.TSS + NSEC.Effluent.NO5",0.108775027153083,0.746958464816698,"3,2"
"15263","Temp..of.the.Atmos. + TSS..mg.L. + SACto..1.m. + NSEC.Effluent.NH3 + NSEC.Effluent.TSS + NSEC.Effluent.Flow",0.244781912325443,0.733301472150216,"3,2"
"15264","Temp..of.the.Atmos. + TSS..mg.L. + SACto..1.m. + NSEC.Effluent.NH3 + NSEC.Effluent.NO5 + NSEC.Effluent.Flow",0.0657474699940908,0.770799342039241,"3,2"
"15265","Temp..of.the.Atmos. + TSS..mg.L. + SACto..1.m. + NSEC.Effluent.NO3 + NSEC.Effluent.OP + NSEC.Effluent.TSS",0.0893493989598821,0.680740859512693,"3,2"
"15266","Temp..of.the.Atmos. + TSS..mg.L. + SACto..1.m. + NSEC.Effluent.NO3 + NSEC.Effluent.OP + NSEC.Effluent.NO5",0.1475461652429,0.486897860618554,"3,2"
"15267","Temp..of.the.Atmos. + TSS..mg.L. + SACto..1.m. + NSEC.Effluent.NO3 + NSEC.Effluent.OP + NSEC.Effluent.Flow",0.180418195609909,0.627515060687854,"3,2"
"15268","Temp..of.the.Atmos. + TSS..mg.L. + SACto..1.m. + NSEC.Effluent.NO3 + NSEC.Effluent.TSS + NSEC.Effluent.NO5",0.220089141087382,0.754160628005985,"3,2"
"15269","Temp..of.the.Atmos. + TSS..mg.L. + SACto..1.m. + NSEC.Effluent.NO3 + NSEC.Effluent.TSS + NSEC.Effluent.Flow",0.0703460237297517,0.785859486855229,"3,2"
"15270","Temp..of.the.Atmos. + TSS..mg.L. + SACto..1.m. + NSEC.Effluent.NO3 + NSEC.Effluent.NO5 + NSEC.Effluent.Flow",0.323268434562979,0.562557040361489,"3,2"
"15271","Temp..of.the.Atmos. + TSS..mg.L. + SACto..1.m. + NSEC.Effluent.OP + NSEC.Effluent.TSS + NSEC.Effluent.NO5",0.179443166232464,0.703680306701068,"3,2"
"15272","Temp..of.the.Atmos. + TSS..mg.L. + SACto..1.m. + NSEC.Effluent.OP + NSEC.Effluent.TSS + NSEC.Effluent.Flow",0.16972660172053,0.750046054590151,"3,2"
"15273","Temp..of.the.Atmos. + TSS..mg.L. + SACto..1.m. + NSEC.Effluent.OP + NSEC.Effluent.NO5 + NSEC.Effluent.Flow",0.331736712103731,0.678386160930188,"3,2"
"15274","Temp..of.the.Atmos. + TSS..mg.L. + SACto..1.m. + NSEC.Effluent.TSS + NSEC.Effluent.NO5 + NSEC.Effluent.Flow",0.252137477806801,0.805766901223059,"3,2"
"15275","Temp..of.the.Atmos. + TSS..mg.L. + NSEC.Aerobic.SRT + NSEC.Effluent.NH3 + NSEC.Effluent.NO3 + NSEC.Effluent.OP",0.117674973487162,0.727261226672922,"3,2"
"15276","Temp..of.the.Atmos. + TSS..mg.L. + NSEC.Aerobic.SRT + NSEC.Effluent.NH3 + NSEC.Effluent.NO3 + NSEC.Effluent.TSS",0.422954851547318,0.707786360750786,"3,2"
"15277","Temp..of.the.Atmos. + TSS..mg.L. + NSEC.Aerobic.SRT + NSEC.Effluent.NH3 + NSEC.Effluent.NO3 + NSEC.Effluent.NO5",0.256480170492657,0.779691389926639,"3,2"
"15278","Temp..of.the.Atmos. + TSS..mg.L. + NSEC.Aerobic.SRT + NSEC.Effluent.NH3 + NSEC.Effluent.NO3 + NSEC.Effluent.Flow",0.00765988288155905,0.473631787625086,"3,2"
"15279","Temp..of.the.Atmos. + TSS..mg.L. + NSEC.Aerobic.SRT + NSEC.Effluent.NH3 + NSEC.Effluent.OP + NSEC.Effluent.TSS",0.300419904866595,0.70181847883339,"3,2"
"15280","Temp..of.the.Atmos. + TSS..mg.L. + NSEC.Aerobic.SRT + NSEC.Effluent.NH3 + NSEC.Effluent.OP + NSEC.Effluent.NO5",0.2531139237401,0.689350619315508,"3,2"
"15281","Temp..of.the.Atmos. + TSS..mg.L. + NSEC.Aerobic.SRT + NSEC.Effluent.NH3 + NSEC.Effluent.OP + NSEC.Effluent.Flow",0.186359181264141,0.727594926758579,"3,2"
"15282","Temp..of.the.Atmos. + TSS..mg.L. + NSEC.Aerobic.SRT + NSEC.Effluent.NH3 + NSEC.Effluent.TSS + NSEC.Effluent.NO5",0.38752111793292,0.813633050372502,"3,2"
"15283","Temp..of.the.Atmos. + TSS..mg.L. + NSEC.Aerobic.SRT + NSEC.Effluent.NH3 + NSEC.Effluent.TSS + NSEC.Effluent.Flow",0.0308856861555316,0.447989752189159,"3,2"
"15284","Temp..of.the.Atmos. + TSS..mg.L. + NSEC.Aerobic.SRT + NSEC.Effluent.NH3 + NSEC.Effluent.NO5 + NSEC.Effluent.Flow",0.188035962838778,0.754820305602868,"3,2"
"15285","Temp..of.the.Atmos. + TSS..mg.L. + NSEC.Aerobic.SRT + NSEC.Effluent.NO3 + NSEC.Effluent.OP + NSEC.Effluent.TSS",0.192179406745365,0.721443014446592,"3,2"
"15286","Temp..of.the.Atmos. + TSS..mg.L. + NSEC.Aerobic.SRT + NSEC.Effluent.NO3 + NSEC.Effluent.OP + NSEC.Effluent.NO5",0.0225763379140584,0.377377666778204,"3,2"
"15287","Temp..of.the.Atmos. + TSS..mg.L. + NSEC.Aerobic.SRT + NSEC.Effluent.NO3 + NSEC.Effluent.OP + NSEC.Effluent.Flow",0.187800099020238,0.749424331302368,"3,2"
"15288","Temp..of.the.Atmos. + TSS..mg.L. + NSEC.Aerobic.SRT + NSEC.Effluent.NO3 + NSEC.Effluent.TSS + NSEC.Effluent.NO5",0.292421705882721,0.795845327736136,"3,2"
"15289","Temp..of.the.Atmos. + TSS..mg.L. + NSEC.Aerobic.SRT + NSEC.Effluent.NO3 + NSEC.Effluent.TSS + NSEC.Effluent.Flow",0.0180945201911189,0.451550493377981,"3,2"
"15290","Temp..of.the.Atmos. + TSS..mg.L. + NSEC.Aerobic.SRT + NSEC.Effluent.NO3 + NSEC.Effluent.NO5 + NSEC.Effluent.Flow",0.181482929604384,0.60775217374672,"3,2"
"15291","Temp..of.the.Atmos. + TSS..mg.L. + NSEC.Aerobic.SRT + NSEC.Effluent.OP + NSEC.Effluent.TSS + NSEC.Effluent.NO5",0.344848094565375,0.742225194499136,"3,2"
"15292","Temp..of.the.Atmos. + TSS..mg.L. + NSEC.Aerobic.SRT + NSEC.Effluent.OP + NSEC.Effluent.TSS + NSEC.Effluent.Flow",0.00816383665654952,0.432598306065955,"3,2"
"15293","Temp..of.the.Atmos. + TSS..mg.L. + NSEC.Aerobic.SRT + NSEC.Effluent.OP + NSEC.Effluent.NO5 + NSEC.Effluent.Flow",0.143106186891123,0.67402992557758,"3,2"
"15294","Temp..of.the.Atmos. + TSS..mg.L. + NSEC.Aerobic.SRT + NSEC.Effluent.TSS + NSEC.Effluent.NO5 + NSEC.Effluent.Flow",0.272324516721141,0.732225630737243,"3,2"
"15295","Temp..of.the.Atmos. + TSS..mg.L. + NSEC.Effluent.NH3 + NSEC.Effluent.NO3 + NSEC.Effluent.OP + NSEC.Effluent.TSS",0.126039018978581,0.678525605420308,"3,2"
"15296","Temp..of.the.Atmos. + TSS..mg.L. + NSEC.Effluent.NH3 + NSEC.Effluent.NO3 + NSEC.Effluent.OP + NSEC.Effluent.NO5",0.406245772608557,0.609719584790873,"3,2"
"15297","Temp..of.the.Atmos. + TSS..mg.L. + NSEC.Effluent.NH3 + NSEC.Effluent.NO3 + NSEC.Effluent.OP + NSEC.Effluent.Flow",0.172608073638615,0.529545371551681,"3,2"
"15298","Temp..of.the.Atmos. + TSS..mg.L. + NSEC.Effluent.NH3 + NSEC.Effluent.NO3 + NSEC.Effluent.TSS + NSEC.Effluent.NO5",0.194451343242628,0.0349280011129791,"3,2"
"15299","Temp..of.the.Atmos. + TSS..mg.L. + NSEC.Effluent.NH3 + NSEC.Effluent.NO3 + NSEC.Effluent.TSS + NSEC.Effluent.Flow",0.113935597377172,0.53740735869999,"3,2"
"15300","Temp..of.the.Atmos. + TSS..mg.L. + NSEC.Effluent.NH3 + NSEC.Effluent.NO3 + NSEC.Effluent.NO5 + NSEC.Effluent.Flow",0.329813010003819,0.428213400913335,"3,2"
"15301","Temp..of.the.Atmos. + TSS..mg.L. + NSEC.Effluent.NH3 + NSEC.Effluent.OP + NSEC.Effluent.TSS + NSEC.Effluent.NO5",0.156699133201744,0.460510386406042,"3,2"
"15302","Temp..of.the.Atmos. + TSS..mg.L. + NSEC.Effluent.NH3 + NSEC.Effluent.OP + NSEC.Effluent.TSS + NSEC.Effluent.Flow",0.0300421579285983,0.542769525463279,"3,2"
"15303","Temp..of.the.Atmos. + TSS..mg.L. + NSEC.Effluent.NH3 + NSEC.Effluent.OP + NSEC.Effluent.NO5 + NSEC.Effluent.Flow",0.191667070148602,0.0271625779694223,"3,2"
"15304","Temp..of.the.Atmos. + TSS..mg.L. + NSEC.Effluent.NH3 + NSEC.Effluent.TSS + NSEC.Effluent.NO5 + NSEC.Effluent.Flow",0.069876570738362,0.410320479576834,"3,2"
"15305","Temp..of.the.Atmos. + TSS..mg.L. + NSEC.Effluent.NO3 + NSEC.Effluent.OP + NSEC.Effluent.TSS + NSEC.Effluent.NO5",0.104169204366391,0.763238409446742,"3,2"
"15306","Temp..of.the.Atmos. + TSS..mg.L. + NSEC.Effluent.NO3 + NSEC.Effluent.OP + NSEC.Effluent.TSS + NSEC.Effluent.Flow",0.179298193082093,0.691632959480488,"3,2"
"15307","Temp..of.the.Atmos. + TSS..mg.L. + NSEC.Effluent.NO3 + NSEC.Effluent.OP + NSEC.Effluent.NO5 + NSEC.Effluent.Flow",0.0873535802088377,0.697680457075753,"3,2"
"15308","Temp..of.the.Atmos. + TSS..mg.L. + NSEC.Effluent.NO3 + NSEC.Effluent.TSS + NSEC.Effluent.NO5 + NSEC.Effluent.Flow",0.0806879283446396,0.569822525461073,"3,2"
"15309","Temp..of.the.Atmos. + TSS..mg.L. + NSEC.Effluent.OP + NSEC.Effluent.TSS + NSEC.Effluent.NO5 + NSEC.Effluent.Flow",0.098224920582731,0.664282152986199,"3,2"
"15310","Temp..of.the.Atmos. + UVT.... + CODds..mg.L. + SACto..1.m. + NSEC.Aerobic.SRT + NSEC.Effluent.NH3",0.09531949571709,0.442003230762029,"3,2"
"15311","Temp..of.the.Atmos. + UVT.... + CODds..mg.L. + SACto..1.m. + NSEC.Aerobic.SRT + NSEC.Effluent.NO3",0.295916387887503,0.677882994401506,"3,2"
"15312","Temp..of.the.Atmos. + UVT.... + CODds..mg.L. + SACto..1.m. + NSEC.Aerobic.SRT + NSEC.Effluent.OP",0.288258174693664,0.686633118899057,"3,2"
"15313","Temp..of.the.Atmos. + UVT.... + CODds..mg.L. + SACto..1.m. + NSEC.Aerobic.SRT + NSEC.Effluent.TSS",0.0269715248299034,0.62672271482995,"3,2"
"15314","Temp..of.the.Atmos. + UVT.... + CODds..mg.L. + SACto..1.m. + NSEC.Aerobic.SRT + NSEC.Effluent.NO5",0.170955214706305,0.679507025589642,"3,2"
"15315","Temp..of.the.Atmos. + UVT.... + CODds..mg.L. + SACto..1.m. + NSEC.Aerobic.SRT + NSEC.Effluent.Flow",0.00410639468441509,0.744640238435043,"3,2"
"15316","Temp..of.the.Atmos. + UVT.... + CODds..mg.L. + SACto..1.m. + NSEC.Effluent.NH3 + NSEC.Effluent.NO3",0.198066904565845,0.429062871737744,"3,2"
"15317","Temp..of.the.Atmos. + UVT.... + CODds..mg.L. + SACto..1.m. + NSEC.Effluent.NH3 + NSEC.Effluent.OP",0.0451950130868057,0.544785689539227,"3,2"
"15318","Temp..of.the.Atmos. + UVT.... + CODds..mg.L. + SACto..1.m. + NSEC.Effluent.NH3 + NSEC.Effluent.TSS",0.0304298379690207,0.580194192798549,"3,2"
"15319","Temp..of.the.Atmos. + UVT.... + CODds..mg.L. + SACto..1.m. + NSEC.Effluent.NH3 + NSEC.Effluent.NO5",0.123380096601024,0.586514256619914,"3,2"
"15320","Temp..of.the.Atmos. + UVT.... + CODds..mg.L. + SACto..1.m. + NSEC.Effluent.NH3 + NSEC.Effluent.Flow",0.0271259305850455,0.596316528157662,"3,2"
"15321","Temp..of.the.Atmos. + UVT.... + CODds..mg.L. + SACto..1.m. + NSEC.Effluent.NO3 + NSEC.Effluent.OP",0.0367074645338155,0.594216113291543,"3,2"
"15322","Temp..of.the.Atmos. + UVT.... + CODds..mg.L. + SACto..1.m. + NSEC.Effluent.NO3 + NSEC.Effluent.TSS",0.00506265163843489,0.614244188645765,"3,2"
"15323","Temp..of.the.Atmos. + UVT.... + CODds..mg.L. + SACto..1.m. + NSEC.Effluent.NO3 + NSEC.Effluent.NO5",0.056552068169637,0.619180778398465,"3,2"
"15324","Temp..of.the.Atmos. + UVT.... + CODds..mg.L. + SACto..1.m. + NSEC.Effluent.NO3 + NSEC.Effluent.Flow",0.2378468493295,0.706367465388954,"3,2"
"15325","Temp..of.the.Atmos. + UVT.... + CODds..mg.L. + SACto..1.m. + NSEC.Effluent.OP + NSEC.Effluent.TSS",0.0562091367227038,0.584719502120785,"3,2"
"15326","Temp..of.the.Atmos. + UVT.... + CODds..mg.L. + SACto..1.m. + NSEC.Effluent.OP + NSEC.Effluent.NO5",0.0463718876996548,0.476852706698452,"3,2"
"15327","Temp..of.the.Atmos. + UVT.... + CODds..mg.L. + SACto..1.m. + NSEC.Effluent.OP + NSEC.Effluent.Flow",0.0608195375930329,0.554549017615783,"3,2"
"15328","Temp..of.the.Atmos. + UVT.... + CODds..mg.L. + SACto..1.m. + NSEC.Effluent.TSS + NSEC.Effluent.NO5",0.0808848256560522,0.619333303009902,"3,2"
"15329","Temp..of.the.Atmos. + UVT.... + CODds..mg.L. + SACto..1.m. + NSEC.Effluent.TSS + NSEC.Effluent.Flow",0.0668785022593195,0.749816570019567,"3,2"
"15330","Temp..of.the.Atmos. + UVT.... + CODds..mg.L. + SACto..1.m. + NSEC.Effluent.NO5 + NSEC.Effluent.Flow",0.136081730972279,0.547688631518894,"3,2"
"15331","Temp..of.the.Atmos. + UVT.... + CODds..mg.L. + NSEC.Aerobic.SRT + NSEC.Effluent.NH3 + NSEC.Effluent.NO3",0.432603253839113,0.752298328468619,"3,2"
"15332","Temp..of.the.Atmos. + UVT.... + CODds..mg.L. + NSEC.Aerobic.SRT + NSEC.Effluent.NH3 + NSEC.Effluent.OP",0.0725647232485147,0.682947384159253,"3,2"
"15333","Temp..of.the.Atmos. + UVT.... + CODds..mg.L. + NSEC.Aerobic.SRT + NSEC.Effluent.NH3 + NSEC.Effluent.TSS",0.00696193466980488,0.636413736930194,"3,2"
"15334","Temp..of.the.Atmos. + UVT.... + CODds..mg.L. + NSEC.Aerobic.SRT + NSEC.Effluent.NH3 + NSEC.Effluent.NO5",0.286449080504822,0.691049600835258,"3,2"
"15335","Temp..of.the.Atmos. + UVT.... + CODds..mg.L. + NSEC.Aerobic.SRT + NSEC.Effluent.NH3 + NSEC.Effluent.Flow",0.101870312840244,0.760854483290304,"3,2"
"15336","Temp..of.the.Atmos. + UVT.... + CODds..mg.L. + NSEC.Aerobic.SRT + NSEC.Effluent.NO3 + NSEC.Effluent.OP",0.153447259489645,0.74657526370833,"3,2"
"15337","Temp..of.the.Atmos. + UVT.... + CODds..mg.L. + NSEC.Aerobic.SRT + NSEC.Effluent.NO3 + NSEC.Effluent.TSS",0.189814769047659,0.755098558452389,"3,2"
"15338","Temp..of.the.Atmos. + UVT.... + CODds..mg.L. + NSEC.Aerobic.SRT + NSEC.Effluent.NO3 + NSEC.Effluent.NO5",0.176667485571276,0.748727431577359,"3,2"
"15339","Temp..of.the.Atmos. + UVT.... + CODds..mg.L. + NSEC.Aerobic.SRT + NSEC.Effluent.NO3 + NSEC.Effluent.Flow",0.249473206081726,0.792960438525173,"3,2"
"15340","Temp..of.the.Atmos. + UVT.... + CODds..mg.L. + NSEC.Aerobic.SRT + NSEC.Effluent.OP + NSEC.Effluent.TSS",0.126789355520069,0.74457666456613,"3,2"
"15341","Temp..of.the.Atmos. + UVT.... + CODds..mg.L. + NSEC.Aerobic.SRT + NSEC.Effluent.OP + NSEC.Effluent.NO5",0.0729056804863508,0.713644409890396,"3,2"
"15342","Temp..of.the.Atmos. + UVT.... + CODds..mg.L. + NSEC.Aerobic.SRT + NSEC.Effluent.OP + NSEC.Effluent.Flow",0.154413004527913,0.522643529648684,"3,2"
"15343","Temp..of.the.Atmos. + UVT.... + CODds..mg.L. + NSEC.Aerobic.SRT + NSEC.Effluent.TSS + NSEC.Effluent.NO5",0.213003385723353,0.764969056691698,"3,2"
"15344","Temp..of.the.Atmos. + UVT.... + CODds..mg.L. + NSEC.Aerobic.SRT + NSEC.Effluent.TSS + NSEC.Effluent.Flow",0.166868407318328,0.832693869377666,"3,2"
"15345","Temp..of.the.Atmos. + UVT.... + CODds..mg.L. + NSEC.Aerobic.SRT + NSEC.Effluent.NO5 + NSEC.Effluent.Flow",0.173601454485437,0.681885641042401,"3,2"
"15346","Temp..of.the.Atmos. + UVT.... + CODds..mg.L. + NSEC.Effluent.NH3 + NSEC.Effluent.NO3 + NSEC.Effluent.OP",0.207373997463949,0.622690906776111,"3,2"
"15347","Temp..of.the.Atmos. + UVT.... + CODds..mg.L. + NSEC.Effluent.NH3 + NSEC.Effluent.NO3 + NSEC.Effluent.TSS",0.15592268811951,0.682250844905823,"3,2"
"15348","Temp..of.the.Atmos. + UVT.... + CODds..mg.L. + NSEC.Effluent.NH3 + NSEC.Effluent.NO3 + NSEC.Effluent.NO5",0.0357581094775052,0.596138105989918,"3,2"
"15349","Temp..of.the.Atmos. + UVT.... + CODds..mg.L. + NSEC.Effluent.NH3 + NSEC.Effluent.NO3 + NSEC.Effluent.Flow",0.165412481141807,0.683654624758253,"3,2"
"15350","Temp..of.the.Atmos. + UVT.... + CODds..mg.L. + NSEC.Effluent.NH3 + NSEC.Effluent.OP + NSEC.Effluent.TSS",0.00502807387339987,0.686478680713769,"3,2"
"15351","Temp..of.the.Atmos. + UVT.... + CODds..mg.L. + NSEC.Effluent.NH3 + NSEC.Effluent.OP + NSEC.Effluent.NO5",0.0946623006324554,0.462730017078515,"3,2"
"15352","Temp..of.the.Atmos. + UVT.... + CODds..mg.L. + NSEC.Effluent.NH3 + NSEC.Effluent.OP + NSEC.Effluent.Flow",0.087173059069066,0.577169938762318,"3,2"
"15353","Temp..of.the.Atmos. + UVT.... + CODds..mg.L. + NSEC.Effluent.NH3 + NSEC.Effluent.TSS + NSEC.Effluent.NO5",0.0601176098592549,0.633776432533825,"3,2"
"15354","Temp..of.the.Atmos. + UVT.... + CODds..mg.L. + NSEC.Effluent.NH3 + NSEC.Effluent.TSS + NSEC.Effluent.Flow",0.0376835958591175,0.76936800342618,"3,2"
"15355","Temp..of.the.Atmos. + UVT.... + CODds..mg.L. + NSEC.Effluent.NH3 + NSEC.Effluent.NO5 + NSEC.Effluent.Flow",0.0889792024425109,0.545227985047602,"3,2"
"15356","Temp..of.the.Atmos. + UVT.... + CODds..mg.L. + NSEC.Effluent.NO3 + NSEC.Effluent.OP + NSEC.Effluent.TSS",0.00494930866197363,0.66766723495032,"3,2"
"15357","Temp..of.the.Atmos. + UVT.... + CODds..mg.L. + NSEC.Effluent.NO3 + NSEC.Effluent.OP + NSEC.Effluent.NO5",0.116564149428677,0.579237856385536,"3,2"
"15358","Temp..of.the.Atmos. + UVT.... + CODds..mg.L. + NSEC.Effluent.NO3 + NSEC.Effluent.OP + NSEC.Effluent.Flow",0.15311993333371,0.528006662081918,"3,2"
"15359","Temp..of.the.Atmos. + UVT.... + CODds..mg.L. + NSEC.Effluent.NO3 + NSEC.Effluent.TSS + NSEC.Effluent.NO5",0.1518789520423,0.718692595931908,"3,2"
"15360","Temp..of.the.Atmos. + UVT.... + CODds..mg.L. + NSEC.Effluent.NO3 + NSEC.Effluent.TSS + NSEC.Effluent.Flow",0.0223139509627197,0.709776582506542,"3,2"
"15361","Temp..of.the.Atmos. + UVT.... + CODds..mg.L. + NSEC.Effluent.NO3 + NSEC.Effluent.NO5 + NSEC.Effluent.Flow",0.095963962117259,0.705266550779903,"3,2"
"15362","Temp..of.the.Atmos. + UVT.... + CODds..mg.L. + NSEC.Effluent.OP + NSEC.Effluent.TSS + NSEC.Effluent.NO5",0.278894185670799,0.687509143189346,"3,2"
"15363","Temp..of.the.Atmos. + UVT.... + CODds..mg.L. + NSEC.Effluent.OP + NSEC.Effluent.TSS + NSEC.Effluent.Flow",0.281583989529435,0.712034918623871,"3,2"
"15364","Temp..of.the.Atmos. + UVT.... + CODds..mg.L. + NSEC.Effluent.OP + NSEC.Effluent.NO5 + NSEC.Effluent.Flow",0.0732399136403892,0.557628645008626,"3,2"
"15365","Temp..of.the.Atmos. + UVT.... + CODds..mg.L. + NSEC.Effluent.TSS + NSEC.Effluent.NO5 + NSEC.Effluent.Flow",0.122914991431183,0.739844692809673,"3,2"
"15366","Temp..of.the.Atmos. + UVT.... + SACto..1.m. + NSEC.Aerobic.SRT + NSEC.Effluent.NH3 + NSEC.Effluent.NO3",0.113435949204097,0.590760286651097,"3,2"
"15367","Temp..of.the.Atmos. + UVT.... + SACto..1.m. + NSEC.Aerobic.SRT + NSEC.Effluent.NH3 + NSEC.Effluent.OP",0.0699395510070642,0.703265782441059,"3,2"
"15368","Temp..of.the.Atmos. + UVT.... + SACto..1.m. + NSEC.Aerobic.SRT + NSEC.Effluent.NH3 + NSEC.Effluent.TSS",0.407936128612378,0.715857064140858,"3,2"
"15369","Temp..of.the.Atmos. + UVT.... + SACto..1.m. + NSEC.Aerobic.SRT + NSEC.Effluent.NH3 + NSEC.Effluent.NO5",0.097017768386678,0.438694977989132,"3,2"
"15370","Temp..of.the.Atmos. + UVT.... + SACto..1.m. + NSEC.Aerobic.SRT + NSEC.Effluent.NH3 + NSEC.Effluent.Flow",0.219700946743111,0.747814392170405,"3,2"
"15371","Temp..of.the.Atmos. + UVT.... + SACto..1.m. + NSEC.Aerobic.SRT + NSEC.Effluent.NO3 + NSEC.Effluent.OP",0.177496653451187,0.620104918121856,"3,2"
"15372","Temp..of.the.Atmos. + UVT.... + SACto..1.m. + NSEC.Aerobic.SRT + NSEC.Effluent.NO3 + NSEC.Effluent.TSS",0.184756994697625,0.6558244433191,"3,2"
"15373","Temp..of.the.Atmos. + UVT.... + SACto..1.m. + NSEC.Aerobic.SRT + NSEC.Effluent.NO3 + NSEC.Effluent.NO5",0.118075197221293,0.736736743373661,"3,2"
"15374","Temp..of.the.Atmos. + UVT.... + SACto..1.m. + NSEC.Aerobic.SRT + NSEC.Effluent.NO3 + NSEC.Effluent.Flow",0.1447103553194,0.72419546573343,"3,2"
"15375","Temp..of.the.Atmos. + UVT.... + SACto..1.m. + NSEC.Aerobic.SRT + NSEC.Effluent.OP + NSEC.Effluent.TSS",0.00719413907430866,0.739812923460462,"3,2"
"15376","Temp..of.the.Atmos. + UVT.... + SACto..1.m. + NSEC.Aerobic.SRT + NSEC.Effluent.OP + NSEC.Effluent.NO5",0.138019572222546,0.722491270001708,"3,2"
"15377","Temp..of.the.Atmos. + UVT.... + SACto..1.m. + NSEC.Aerobic.SRT + NSEC.Effluent.OP + NSEC.Effluent.Flow",0.0367433503493149,0.732557842459817,"3,2"
"15378","Temp..of.the.Atmos. + UVT.... + SACto..1.m. + NSEC.Aerobic.SRT + NSEC.Effluent.TSS + NSEC.Effluent.NO5",0.000833404496605183,0.733467370159899,"3,2"
"15379","Temp..of.the.Atmos. + UVT.... + SACto..1.m. + NSEC.Aerobic.SRT + NSEC.Effluent.TSS + NSEC.Effluent.Flow",0.123856890040474,0.75965511562663,"3,2"
"15380","Temp..of.the.Atmos. + UVT.... + SACto..1.m. + NSEC.Aerobic.SRT + NSEC.Effluent.NO5 + NSEC.Effluent.Flow",0.122177653990397,0.603538315289774,"3,2"
"15381","Temp..of.the.Atmos. + UVT.... + SACto..1.m. + NSEC.Effluent.NH3 + NSEC.Effluent.NO3 + NSEC.Effluent.OP",0.432141583204927,0.599813872981199,"3,2"
"15382","Temp..of.the.Atmos. + UVT.... + SACto..1.m. + NSEC.Effluent.NH3 + NSEC.Effluent.NO3 + NSEC.Effluent.TSS",0.139419655008686,0.469042513034982,"3,2"
"15383","Temp..of.the.Atmos. + UVT.... + SACto..1.m. + NSEC.Effluent.NH3 + NSEC.Effluent.NO3 + NSEC.Effluent.NO5",0.290147221643588,0.646603920254202,"3,2"
"15384","Temp..of.the.Atmos. + UVT.... + SACto..1.m. + NSEC.Effluent.NH3 + NSEC.Effluent.NO3 + NSEC.Effluent.Flow",0.0263681250955254,0.659804000148317,"3,2"
"15385","Temp..of.the.Atmos. + UVT.... + SACto..1.m. + NSEC.Effluent.NH3 + NSEC.Effluent.OP + NSEC.Effluent.TSS",0.164432738959313,0.600699503673909,"3,2"
"15386","Temp..of.the.Atmos. + UVT.... + SACto..1.m. + NSEC.Effluent.NH3 + NSEC.Effluent.OP + NSEC.Effluent.NO5",0.1820117629056,0.380800373882847,"3,2"
"15387","Temp..of.the.Atmos. + UVT.... + SACto..1.m. + NSEC.Effluent.NH3 + NSEC.Effluent.OP + NSEC.Effluent.Flow",0.193538886762906,0.0240489203814817,"3,2"
"15388","Temp..of.the.Atmos. + UVT.... + SACto..1.m. + NSEC.Effluent.NH3 + NSEC.Effluent.TSS + NSEC.Effluent.NO5",0.171652376449122,0.63058277278673,"3,2"
"15389","Temp..of.the.Atmos. + UVT.... + SACto..1.m. + NSEC.Effluent.NH3 + NSEC.Effluent.TSS + NSEC.Effluent.Flow",0.072646228436021,0.548257875840598,"3,2"
"15390","Temp..of.the.Atmos. + UVT.... + SACto..1.m. + NSEC.Effluent.NH3 + NSEC.Effluent.NO5 + NSEC.Effluent.Flow",0.131569512353787,0.503089546332977,"3,2"
"15391","Temp..of.the.Atmos. + UVT.... + SACto..1.m. + NSEC.Effluent.NO3 + NSEC.Effluent.OP + NSEC.Effluent.TSS",0.0076086796350574,0.60079132093253,"3,2"
"15392","Temp..of.the.Atmos. + UVT.... + SACto..1.m. + NSEC.Effluent.NO3 + NSEC.Effluent.OP + NSEC.Effluent.NO5",0.0218006225325926,0.621411950597984,"3,2"
"15393","Temp..of.the.Atmos. + UVT.... + SACto..1.m. + NSEC.Effluent.NO3 + NSEC.Effluent.OP + NSEC.Effluent.Flow",0.304507440170754,0.598502720862426,"3,2"
"15394","Temp..of.the.Atmos. + UVT.... + SACto..1.m. + NSEC.Effluent.NO3 + NSEC.Effluent.TSS + NSEC.Effluent.NO5",0.0393509143515431,0.551765670153255,"3,2"
"15395","Temp..of.the.Atmos. + UVT.... + SACto..1.m. + NSEC.Effluent.NO3 + NSEC.Effluent.TSS + NSEC.Effluent.Flow",0.126650036165072,0.613209951804127,"3,2"
"15396","Temp..of.the.Atmos. + UVT.... + SACto..1.m. + NSEC.Effluent.NO3 + NSEC.Effluent.NO5 + NSEC.Effluent.Flow",0.15932644447621,0.543448350491537,"3,2"
"15397","Temp..of.the.Atmos. + UVT.... + SACto..1.m. + NSEC.Effluent.OP + NSEC.Effluent.TSS + NSEC.Effluent.NO5",0.135013755273328,0.625545223502885,"3,2"
"15398","Temp..of.the.Atmos. + UVT.... + SACto..1.m. + NSEC.Effluent.OP + NSEC.Effluent.TSS + NSEC.Effluent.Flow",0.0614101237842826,0.615028062026661,"3,2"
"15399","Temp..of.the.Atmos. + UVT.... + SACto..1.m. + NSEC.Effluent.OP + NSEC.Effluent.NO5 + NSEC.Effluent.Flow",0.156172502984005,0.728782368440532,"3,2"
"15400","Temp..of.the.Atmos. + UVT.... + SACto..1.m. + NSEC.Effluent.TSS + NSEC.Effluent.NO5 + NSEC.Effluent.Flow",0.216841283310271,0.612622931979647,"3,2"
"15401","Temp..of.the.Atmos. + UVT.... + NSEC.Aerobic.SRT + NSEC.Effluent.NH3 + NSEC.Effluent.NO3 + NSEC.Effluent.OP",0.133164776922083,0.756751658743646,"3,2"
"15402","Temp..of.the.Atmos. + UVT.... + NSEC.Aerobic.SRT + NSEC.Effluent.NH3 + NSEC.Effluent.NO3 + NSEC.Effluent.TSS",0.00690741179931864,0.377930506481942,"3,2"
"15403","Temp..of.the.Atmos. + UVT.... + NSEC.Aerobic.SRT + NSEC.Effluent.NH3 + NSEC.Effluent.NO3 + NSEC.Effluent.NO5",0.23854871367974,0.769520186958143,"3,2"
"15404","Temp..of.the.Atmos. + UVT.... + NSEC.Aerobic.SRT + NSEC.Effluent.NH3 + NSEC.Effluent.NO3 + NSEC.Effluent.Flow",0.204420636469105,0.752103352516054,"3,2"
"15405","Temp..of.the.Atmos. + UVT.... + NSEC.Aerobic.SRT + NSEC.Effluent.NH3 + NSEC.Effluent.OP + NSEC.Effluent.TSS",0.019325574254152,0.708752056587405,"3,2"
"15406","Temp..of.the.Atmos. + UVT.... + NSEC.Aerobic.SRT + NSEC.Effluent.NH3 + NSEC.Effluent.OP + NSEC.Effluent.NO5",0.171198477335428,0.711454953374511,"3,2"
"15407","Temp..of.the.Atmos. + UVT.... + NSEC.Aerobic.SRT + NSEC.Effluent.NH3 + NSEC.Effluent.OP + NSEC.Effluent.Flow",0.239047807496706,0.760754570666612,"3,2"
"15408","Temp..of.the.Atmos. + UVT.... + NSEC.Aerobic.SRT + NSEC.Effluent.NH3 + NSEC.Effluent.TSS + NSEC.Effluent.NO5",0.257481427107611,0.744941411765932,"3,2"
"15409","Temp..of.the.Atmos. + UVT.... + NSEC.Aerobic.SRT + NSEC.Effluent.NH3 + NSEC.Effluent.TSS + NSEC.Effluent.Flow",0.120617031467131,0.78018820620791,"3,2"
"15410","Temp..of.the.Atmos. + UVT.... + NSEC.Aerobic.SRT + NSEC.Effluent.NH3 + NSEC.Effluent.NO5 + NSEC.Effluent.Flow",0.00715312460190698,0.446266977364984,"3,2"
"15411","Temp..of.the.Atmos. + UVT.... + NSEC.Aerobic.SRT + NSEC.Effluent.NO3 + NSEC.Effluent.OP + NSEC.Effluent.TSS",0.0393826593527038,0.67814032525666,"3,2"
"15412","Temp..of.the.Atmos. + UVT.... + NSEC.Aerobic.SRT + NSEC.Effluent.NO3 + NSEC.Effluent.OP + NSEC.Effluent.NO5",0.196348529574822,0.673722884670792,"3,2"
"15413","Temp..of.the.Atmos. + UVT.... + NSEC.Aerobic.SRT + NSEC.Effluent.NO3 + NSEC.Effluent.OP + NSEC.Effluent.Flow",0.0277427082785715,0.745441983981401,"3,2"
"15414","Temp..of.the.Atmos. + UVT.... + NSEC.Aerobic.SRT + NSEC.Effluent.NO3 + NSEC.Effluent.TSS + NSEC.Effluent.NO5",0.0900387188331233,0.615715382820446,"3,2"
"15415","Temp..of.the.Atmos. + UVT.... + NSEC.Aerobic.SRT + NSEC.Effluent.NO3 + NSEC.Effluent.TSS + NSEC.Effluent.Flow",0.0274817488982171,0.791825261466806,"3,2"
"15416","Temp..of.the.Atmos. + UVT.... + NSEC.Aerobic.SRT + NSEC.Effluent.NO3 + NSEC.Effluent.NO5 + NSEC.Effluent.Flow",0.274233885064395,0.737870523848901,"3,2"
"15417","Temp..of.the.Atmos. + UVT.... + NSEC.Aerobic.SRT + NSEC.Effluent.OP + NSEC.Effluent.TSS + NSEC.Effluent.NO5",0.155084325383144,0.644575191518172,"3,2"
"15418","Temp..of.the.Atmos. + UVT.... + NSEC.Aerobic.SRT + NSEC.Effluent.OP + NSEC.Effluent.TSS + NSEC.Effluent.Flow",0.194825109107776,0.794805575296664,"3,2"
"15419","Temp..of.the.Atmos. + UVT.... + NSEC.Aerobic.SRT + NSEC.Effluent.OP + NSEC.Effluent.NO5 + NSEC.Effluent.Flow",0.0490817131475723,0.72227474005062,"3,2"
"15420","Temp..of.the.Atmos. + UVT.... + NSEC.Aerobic.SRT + NSEC.Effluent.TSS + NSEC.Effluent.NO5 + NSEC.Effluent.Flow",0.313710947186846,0.771668823548902,"3,2"
"15421","Temp..of.the.Atmos. + UVT.... + NSEC.Effluent.NH3 + NSEC.Effluent.NO3 + NSEC.Effluent.OP + NSEC.Effluent.TSS",0.0243214693189509,0.482766072356734,"3,2"
"15422","Temp..of.the.Atmos. + UVT.... + NSEC.Effluent.NH3 + NSEC.Effluent.NO3 + NSEC.Effluent.OP + NSEC.Effluent.NO5",0.00720092312770015,0.374313200750447,"3,2"
"15423","Temp..of.the.Atmos. + UVT.... + NSEC.Effluent.NH3 + NSEC.Effluent.NO3 + NSEC.Effluent.OP + NSEC.Effluent.Flow",0.112979620823575,0.537419689416335,"3,2"
"15424","Temp..of.the.Atmos. + UVT.... + NSEC.Effluent.NH3 + NSEC.Effluent.NO3 + NSEC.Effluent.TSS + NSEC.Effluent.NO5",0.0499311111646377,0.600454596841979,"3,2"
"15425","Temp..of.the.Atmos. + UVT.... + NSEC.Effluent.NH3 + NSEC.Effluent.NO3 + NSEC.Effluent.TSS + NSEC.Effluent.Flow",0.0228764494855958,0.666626746523322,"3,2"
"15426","Temp..of.the.Atmos. + UVT.... + NSEC.Effluent.NH3 + NSEC.Effluent.NO3 + NSEC.Effluent.NO5 + NSEC.Effluent.Flow",0.107132859412234,0.654177032840542,"3,2"
"15427","Temp..of.the.Atmos. + UVT.... + NSEC.Effluent.NH3 + NSEC.Effluent.OP + NSEC.Effluent.TSS + NSEC.Effluent.NO5",0.0849015986127875,0.518365403880857,"3,2"
"15428","Temp..of.the.Atmos. + UVT.... + NSEC.Effluent.NH3 + NSEC.Effluent.OP + NSEC.Effluent.TSS + NSEC.Effluent.Flow",0.0809966778945481,0.697213758164924,"3,2"
"15429","Temp..of.the.Atmos. + UVT.... + NSEC.Effluent.NH3 + NSEC.Effluent.OP + NSEC.Effluent.NO5 + NSEC.Effluent.Flow",0.0382518999094501,0.621447355865343,"3,2"
"15430","Temp..of.the.Atmos. + UVT.... + NSEC.Effluent.NH3 + NSEC.Effluent.TSS + NSEC.Effluent.NO5 + NSEC.Effluent.Flow",0.0580723069119231,0.452367026627775,"3,2"
"15431","Temp..of.the.Atmos. + UVT.... + NSEC.Effluent.NO3 + NSEC.Effluent.OP + NSEC.Effluent.TSS + NSEC.Effluent.NO5",0.00964750968629025,0.604809010828313,"3,2"
"15432","Temp..of.the.Atmos. + UVT.... + NSEC.Effluent.NO3 + NSEC.Effluent.OP + NSEC.Effluent.TSS + NSEC.Effluent.Flow",0.118908508593238,0.575555289161368,"3,2"
"15433","Temp..of.the.Atmos. + UVT.... + NSEC.Effluent.NO3 + NSEC.Effluent.OP + NSEC.Effluent.NO5 + NSEC.Effluent.Flow",0.125457618872215,0.626823084246895,"3,2"
"15434","Temp..of.the.Atmos. + UVT.... + NSEC.Effluent.NO3 + NSEC.Effluent.TSS + NSEC.Effluent.NO5 + NSEC.Effluent.Flow",0.0371571150202565,0.696601300091976,"3,2"
"15435","Temp..of.the.Atmos. + UVT.... + NSEC.Effluent.OP + NSEC.Effluent.TSS + NSEC.Effluent.NO5 + NSEC.Effluent.Flow",0.114224126065778,0.667269875535839,"3,2"
"15436","Temp..of.the.Atmos. + CODds..mg.L. + SACto..1.m. + NSEC.Aerobic.SRT + NSEC.Effluent.NH3 + NSEC.Effluent.NO3",0.284638489851977,0.686774060663685,"3,2"
"15437","Temp..of.the.Atmos. + CODds..mg.L. + SACto..1.m. + NSEC.Aerobic.SRT + NSEC.Effluent.NH3 + NSEC.Effluent.OP",0.123857790535558,0.738538086414195,"3,2"
"15438","Temp..of.the.Atmos. + CODds..mg.L. + SACto..1.m. + NSEC.Aerobic.SRT + NSEC.Effluent.NH3 + NSEC.Effluent.TSS",0.0238126647740202,0.679569045642867,"3,2"
"15439","Temp..of.the.Atmos. + CODds..mg.L. + SACto..1.m. + NSEC.Aerobic.SRT + NSEC.Effluent.NH3 + NSEC.Effluent.NO5",0.0202258623038256,0.672581389995259,"3,2"
"15440","Temp..of.the.Atmos. + CODds..mg.L. + SACto..1.m. + NSEC.Aerobic.SRT + NSEC.Effluent.NH3 + NSEC.Effluent.Flow",0.25445995033775,0.667073621413089,"3,2"
"15441","Temp..of.the.Atmos. + CODds..mg.L. + SACto..1.m. + NSEC.Aerobic.SRT + NSEC.Effluent.NO3 + NSEC.Effluent.OP",0.197436186122964,0.650700100471666,"3,2"
"15442","Temp..of.the.Atmos. + CODds..mg.L. + SACto..1.m. + NSEC.Aerobic.SRT + NSEC.Effluent.NO3 + NSEC.Effluent.TSS",0.178268293384233,0.777346151652977,"3,2"
"15443","Temp..of.the.Atmos. + CODds..mg.L. + SACto..1.m. + NSEC.Aerobic.SRT + NSEC.Effluent.NO3 + NSEC.Effluent.NO5",0.315071721883446,0.692137799295967,"3,2"
"15444","Temp..of.the.Atmos. + CODds..mg.L. + SACto..1.m. + NSEC.Aerobic.SRT + NSEC.Effluent.NO3 + NSEC.Effluent.Flow",0.164878220749484,0.768352022980517,"3,2"
"15445","Temp..of.the.Atmos. + CODds..mg.L. + SACto..1.m. + NSEC.Aerobic.SRT + NSEC.Effluent.OP + NSEC.Effluent.TSS",0.231681384035468,0.572403212979477,"3,2"
"15446","Temp..of.the.Atmos. + CODds..mg.L. + SACto..1.m. + NSEC.Aerobic.SRT + NSEC.Effluent.OP + NSEC.Effluent.NO5",0.0634777431462079,0.464019185162581,"3,2"
"15447","Temp..of.the.Atmos. + CODds..mg.L. + SACto..1.m. + NSEC.Aerobic.SRT + NSEC.Effluent.OP + NSEC.Effluent.Flow",0.0380847089711329,0.777777978434239,"3,2"
"15448","Temp..of.the.Atmos. + CODds..mg.L. + SACto..1.m. + NSEC.Aerobic.SRT + NSEC.Effluent.TSS + NSEC.Effluent.NO5",0.106600721971802,0.652101388894517,"3,2"
"15449","Temp..of.the.Atmos. + CODds..mg.L. + SACto..1.m. + NSEC.Aerobic.SRT + NSEC.Effluent.TSS + NSEC.Effluent.Flow",0.0191762401601236,0.783277155839264,"3,2"
"15450","Temp..of.the.Atmos. + CODds..mg.L. + SACto..1.m. + NSEC.Aerobic.SRT + NSEC.Effluent.NO5 + NSEC.Effluent.Flow",0.140765738723048,0.71862807861324,"3,2"
"15451","Temp..of.the.Atmos. + CODds..mg.L. + SACto..1.m. + NSEC.Effluent.NH3 + NSEC.Effluent.NO3 + NSEC.Effluent.OP",0.223971327665816,0.6271418692389,"3,2"
"15452","Temp..of.the.Atmos. + CODds..mg.L. + SACto..1.m. + NSEC.Effluent.NH3 + NSEC.Effluent.NO3 + NSEC.Effluent.TSS",0.263010801694975,0.714718735858038,"3,2"
"15453","Temp..of.the.Atmos. + CODds..mg.L. + SACto..1.m. + NSEC.Effluent.NH3 + NSEC.Effluent.NO3 + NSEC.Effluent.NO5",0.194421502005283,0.011597190163325,"3,2"
"15454","Temp..of.the.Atmos. + CODds..mg.L. + SACto..1.m. + NSEC.Effluent.NH3 + NSEC.Effluent.NO3 + NSEC.Effluent.Flow",0.0369190944526825,0.653711692249362,"3,2"
"15455","Temp..of.the.Atmos. + CODds..mg.L. + SACto..1.m. + NSEC.Effluent.NH3 + NSEC.Effluent.OP + NSEC.Effluent.TSS",0.00260014046281709,0.595306155496969,"3,2"
"15456","Temp..of.the.Atmos. + CODds..mg.L. + SACto..1.m. + NSEC.Effluent.NH3 + NSEC.Effluent.OP + NSEC.Effluent.NO5",0.000228160527838472,0.642325285026537,"3,2"
"15457","Temp..of.the.Atmos. + CODds..mg.L. + SACto..1.m. + NSEC.Effluent.NH3 + NSEC.Effluent.OP + NSEC.Effluent.Flow",0.11679277180996,0.497117163862504,"3,2"
"15458","Temp..of.the.Atmos. + CODds..mg.L. + SACto..1.m. + NSEC.Effluent.NH3 + NSEC.Effluent.TSS + NSEC.Effluent.NO5",0.158081579328897,0.601714781673655,"3,2"
"15459","Temp..of.the.Atmos. + CODds..mg.L. + SACto..1.m. + NSEC.Effluent.NH3 + NSEC.Effluent.TSS + NSEC.Effluent.Flow",0.228902369148222,0.768978818248152,"3,2"
"15460","Temp..of.the.Atmos. + CODds..mg.L. + SACto..1.m. + NSEC.Effluent.NH3 + NSEC.Effluent.NO5 + NSEC.Effluent.Flow",0.264838238104886,0.524600109309045,"3,2"
"15461","Temp..of.the.Atmos. + CODds..mg.L. + SACto..1.m. + NSEC.Effluent.NO3 + NSEC.Effluent.OP + NSEC.Effluent.TSS",0.144502392135108,0.712630624578208,"3,2"
"15462","Temp..of.the.Atmos. + CODds..mg.L. + SACto..1.m. + NSEC.Effluent.NO3 + NSEC.Effluent.OP + NSEC.Effluent.NO5",0.11834678786605,0.556110055107027,"3,2"
"15463","Temp..of.the.Atmos. + CODds..mg.L. + SACto..1.m. + NSEC.Effluent.NO3 + NSEC.Effluent.OP + NSEC.Effluent.Flow",0.20117934686112,0.555697782771719,"3,2"
"15464","Temp..of.the.Atmos. + CODds..mg.L. + SACto..1.m. + NSEC.Effluent.NO3 + NSEC.Effluent.TSS + NSEC.Effluent.NO5",0.140965450448226,0.70498996622514,"3,2"
"15465","Temp..of.the.Atmos. + CODds..mg.L. + SACto..1.m. + NSEC.Effluent.NO3 + NSEC.Effluent.TSS + NSEC.Effluent.Flow",0.205563164989887,0.651759010550022,"3,2"
"15466","Temp..of.the.Atmos. + CODds..mg.L. + SACto..1.m. + NSEC.Effluent.NO3 + NSEC.Effluent.NO5 + NSEC.Effluent.Flow",0.0144985604916652,0.628072896917686,"3,2"
"15467","Temp..of.the.Atmos. + CODds..mg.L. + SACto..1.m. + NSEC.Effluent.OP + NSEC.Effluent.TSS + NSEC.Effluent.NO5",0.235321737120227,0.683354089462355,"3,2"
"15468","Temp..of.the.Atmos. + CODds..mg.L. + SACto..1.m. + NSEC.Effluent.OP + NSEC.Effluent.TSS + NSEC.Effluent.Flow",0.266456956949405,0.750391997249563,"3,2"
"15469","Temp..of.the.Atmos. + CODds..mg.L. + SACto..1.m. + NSEC.Effluent.OP + NSEC.Effluent.NO5 + NSEC.Effluent.Flow",0.150474436906491,0.539521759140829,"3,2"
"15470","Temp..of.the.Atmos. + CODds..mg.L. + SACto..1.m. + NSEC.Effluent.TSS + NSEC.Effluent.NO5 + NSEC.Effluent.Flow",0.224489880772254,0.727542035540885,"3,2"
"15471","Temp..of.the.Atmos. + CODds..mg.L. + NSEC.Aerobic.SRT + NSEC.Effluent.NH3 + NSEC.Effluent.NO3 + NSEC.Effluent.OP",0.270287712017942,0.620444907399122,"3,2"
"15472","Temp..of.the.Atmos. + CODds..mg.L. + NSEC.Aerobic.SRT + NSEC.Effluent.NH3 + NSEC.Effluent.NO3 + NSEC.Effluent.TSS",0.0951861797378788,0.666781108714079,"3,2"
"15473","Temp..of.the.Atmos. + CODds..mg.L. + NSEC.Aerobic.SRT + NSEC.Effluent.NH3 + NSEC.Effluent.NO3 + NSEC.Effluent.NO5",0.103223077455103,0.807549472317602,"3,2"
"15474","Temp..of.the.Atmos. + CODds..mg.L. + NSEC.Aerobic.SRT + NSEC.Effluent.NH3 + NSEC.Effluent.NO3 + NSEC.Effluent.Flow",0.0875400617804987,0.564634287324608,"3,2"
"15475","Temp..of.the.Atmos. + CODds..mg.L. + NSEC.Aerobic.SRT + NSEC.Effluent.NH3 + NSEC.Effluent.OP + NSEC.Effluent.TSS",0.465469353975671,0.761910317023249,"3,2"
"15476","Temp..of.the.Atmos. + CODds..mg.L. + NSEC.Aerobic.SRT + NSEC.Effluent.NH3 + NSEC.Effluent.OP + NSEC.Effluent.NO5",0.0347875558480721,0.633749312614834,"3,2"
"15477","Temp..of.the.Atmos. + CODds..mg.L. + NSEC.Aerobic.SRT + NSEC.Effluent.NH3 + NSEC.Effluent.OP + NSEC.Effluent.Flow",0.347990809997624,0.800346851754657,"3,2"
"15478","Temp..of.the.Atmos. + CODds..mg.L. + NSEC.Aerobic.SRT + NSEC.Effluent.NH3 + NSEC.Effluent.TSS + NSEC.Effluent.NO5",0.42672086398371,0.694746072260663,"3,2"
"15479","Temp..of.the.Atmos. + CODds..mg.L. + NSEC.Aerobic.SRT + NSEC.Effluent.NH3 + NSEC.Effluent.TSS + NSEC.Effluent.Flow",0.00601195662365184,0.800147939986738,"3,2"
"15480","Temp..of.the.Atmos. + CODds..mg.L. + NSEC.Aerobic.SRT + NSEC.Effluent.NH3 + NSEC.Effluent.NO5 + NSEC.Effluent.Flow",0.244356985020938,0.753792049576807,"3,2"
"15481","Temp..of.the.Atmos. + CODds..mg.L. + NSEC.Aerobic.SRT + NSEC.Effluent.NO3 + NSEC.Effluent.OP + NSEC.Effluent.TSS",0.475895131457409,0.759639145791801,"3,2"
"15482","Temp..of.the.Atmos. + CODds..mg.L. + NSEC.Aerobic.SRT + NSEC.Effluent.NO3 + NSEC.Effluent.OP + NSEC.Effluent.NO5",0.173691687281933,0.761003989930085,"3,2"
"15483","Temp..of.the.Atmos. + CODds..mg.L. + NSEC.Aerobic.SRT + NSEC.Effluent.NO3 + NSEC.Effluent.OP + NSEC.Effluent.Flow",0.252409745012451,0.802947951051287,"3,2"
"15484","Temp..of.the.Atmos. + CODds..mg.L. + NSEC.Aerobic.SRT + NSEC.Effluent.NO3 + NSEC.Effluent.TSS + NSEC.Effluent.NO5",0.267653811785829,0.792612439015486,"3,2"
"15485","Temp..of.the.Atmos. + CODds..mg.L. + NSEC.Aerobic.SRT + NSEC.Effluent.NO3 + NSEC.Effluent.TSS + NSEC.Effluent.Flow",0.411202614576128,0.80346244349013,"3,2"
"15486","Temp..of.the.Atmos. + CODds..mg.L. + NSEC.Aerobic.SRT + NSEC.Effluent.NO3 + NSEC.Effluent.NO5 + NSEC.Effluent.Flow",0.244521696968098,0.766778070064383,"3,2"
"15487","Temp..of.the.Atmos. + CODds..mg.L. + NSEC.Aerobic.SRT + NSEC.Effluent.OP + NSEC.Effluent.TSS + NSEC.Effluent.NO5",0.473998976462471,0.744347410127635,"3,2"
"15488","Temp..of.the.Atmos. + CODds..mg.L. + NSEC.Aerobic.SRT + NSEC.Effluent.OP + NSEC.Effluent.TSS + NSEC.Effluent.Flow",0.0577254257771633,0.799980599593801,"3,2"
"15489","Temp..of.the.Atmos. + CODds..mg.L. + NSEC.Aerobic.SRT + NSEC.Effluent.OP + NSEC.Effluent.NO5 + NSEC.Effluent.Flow",0.105058191781122,0.729771758287459,"3,2"
"15490","Temp..of.the.Atmos. + CODds..mg.L. + NSEC.Aerobic.SRT + NSEC.Effluent.TSS + NSEC.Effluent.NO5 + NSEC.Effluent.Flow",0.344480207898605,0.723971764321748,"3,2"
"15491","Temp..of.the.Atmos. + CODds..mg.L. + NSEC.Effluent.NH3 + NSEC.Effluent.NO3 + NSEC.Effluent.OP + NSEC.Effluent.TSS",0.152964618390056,0.599887759437659,"3,2"
"15492","Temp..of.the.Atmos. + CODds..mg.L. + NSEC.Effluent.NH3 + NSEC.Effluent.NO3 + NSEC.Effluent.OP + NSEC.Effluent.NO5",0.0701975325488866,0.582147242765519,"3,2"
"15493","Temp..of.the.Atmos. + CODds..mg.L. + NSEC.Effluent.NH3 + NSEC.Effluent.NO3 + NSEC.Effluent.OP + NSEC.Effluent.Flow",0.0363083873983445,0.467848068591725,"3,2"
"15494","Temp..of.the.Atmos. + CODds..mg.L. + NSEC.Effluent.NH3 + NSEC.Effluent.NO3 + NSEC.Effluent.TSS + NSEC.Effluent.NO5",0.158854636785925,0.753702571945425,"3,2"
"15495","Temp..of.the.Atmos. + CODds..mg.L. + NSEC.Effluent.NH3 + NSEC.Effluent.NO3 + NSEC.Effluent.TSS + NSEC.Effluent.Flow",0.235551146676658,0.686160949644754,"3,2"
"15496","Temp..of.the.Atmos. + CODds..mg.L. + NSEC.Effluent.NH3 + NSEC.Effluent.NO3 + NSEC.Effluent.NO5 + NSEC.Effluent.Flow",0.250086068816442,0.523827011456808,"3,2"
"15497","Temp..of.the.Atmos. + CODds..mg.L. + NSEC.Effluent.NH3 + NSEC.Effluent.OP + NSEC.Effluent.TSS + NSEC.Effluent.NO5",0.0682606891936515,0.58279188357154,"3,2"
"15498","Temp..of.the.Atmos. + CODds..mg.L. + NSEC.Effluent.NH3 + NSEC.Effluent.OP + NSEC.Effluent.TSS + NSEC.Effluent.Flow",0.0442107657980493,0.645033952968935,"3,2"
"15499","Temp..of.the.Atmos. + CODds..mg.L. + NSEC.Effluent.NH3 + NSEC.Effluent.OP + NSEC.Effluent.NO5 + NSEC.Effluent.Flow",0.10236875764735,0.437422359446841,"3,2"
"15500","Temp..of.the.Atmos. + CODds..mg.L. + NSEC.Effluent.NH3 + NSEC.Effluent.TSS + NSEC.Effluent.NO5 + NSEC.Effluent.Flow",0.242951358733675,0.708275055581024,"3,2"
"15501","Temp..of.the.Atmos. + CODds..mg.L. + NSEC.Effluent.NO3 + NSEC.Effluent.OP + NSEC.Effluent.TSS + NSEC.Effluent.NO5",0.15780251025086,0.698961381152528,"3,2"
"15502","Temp..of.the.Atmos. + CODds..mg.L. + NSEC.Effluent.NO3 + NSEC.Effluent.OP + NSEC.Effluent.TSS + NSEC.Effluent.Flow",0.0247865507903866,0.659613507092161,"3,2"
"15503","Temp..of.the.Atmos. + CODds..mg.L. + NSEC.Effluent.NO3 + NSEC.Effluent.OP + NSEC.Effluent.NO5 + NSEC.Effluent.Flow",0.217373025514374,0.587886214934893,"3,2"
"15504","Temp..of.the.Atmos. + CODds..mg.L. + NSEC.Effluent.NO3 + NSEC.Effluent.TSS + NSEC.Effluent.NO5 + NSEC.Effluent.Flow",0.178768546433726,0.720457347316514,"3,2"
"15505","Temp..of.the.Atmos. + CODds..mg.L. + NSEC.Effluent.OP + NSEC.Effluent.TSS + NSEC.Effluent.NO5 + NSEC.Effluent.Flow",0.0180904773163095,0.630878330663477,"3,2"
"15506","Temp..of.the.Atmos. + SACto..1.m. + NSEC.Aerobic.SRT + NSEC.Effluent.NH3 + NSEC.Effluent.NO3 + NSEC.Effluent.OP",0.157835036735797,0.70573441102861,"3,2"
"15507","Temp..of.the.Atmos. + SACto..1.m. + NSEC.Aerobic.SRT + NSEC.Effluent.NH3 + NSEC.Effluent.NO3 + NSEC.Effluent.TSS",0.121039696049879,0.686538191954037,"3,2"
"15508","Temp..of.the.Atmos. + SACto..1.m. + NSEC.Aerobic.SRT + NSEC.Effluent.NH3 + NSEC.Effluent.NO3 + NSEC.Effluent.NO5",0.218793244331159,0.75450911333564,"3,2"
"15509","Temp..of.the.Atmos. + SACto..1.m. + NSEC.Aerobic.SRT + NSEC.Effluent.NH3 + NSEC.Effluent.NO3 + NSEC.Effluent.Flow",0.025759594960703,0.642373144483518,"3,2"
"15510","Temp..of.the.Atmos. + SACto..1.m. + NSEC.Aerobic.SRT + NSEC.Effluent.NH3 + NSEC.Effluent.OP + NSEC.Effluent.TSS",0.0765706268284143,0.474689813804081,"3,2"
"15511","Temp..of.the.Atmos. + SACto..1.m. + NSEC.Aerobic.SRT + NSEC.Effluent.NH3 + NSEC.Effluent.OP + NSEC.Effluent.NO5",0.0936134693427828,0.709124036584163,"3,2"
"15512","Temp..of.the.Atmos. + SACto..1.m. + NSEC.Aerobic.SRT + NSEC.Effluent.NH3 + NSEC.Effluent.OP + NSEC.Effluent.Flow",0.158020900861521,0.693045019647854,"3,2"
"15513","Temp..of.the.Atmos. + SACto..1.m. + NSEC.Aerobic.SRT + NSEC.Effluent.NH3 + NSEC.Effluent.TSS + NSEC.Effluent.NO5",0.0699216646766938,0.659141401650816,"3,2"
"15514","Temp..of.the.Atmos. + SACto..1.m. + NSEC.Aerobic.SRT + NSEC.Effluent.NH3 + NSEC.Effluent.TSS + NSEC.Effluent.Flow",0.0231596079556331,0.657273724560181,"3,2"
"15515","Temp..of.the.Atmos. + SACto..1.m. + NSEC.Aerobic.SRT + NSEC.Effluent.NH3 + NSEC.Effluent.NO5 + NSEC.Effluent.Flow",0.127855384033459,0.395297158566231,"3,2"
"15516","Temp..of.the.Atmos. + SACto..1.m. + NSEC.Aerobic.SRT + NSEC.Effluent.NO3 + NSEC.Effluent.OP + NSEC.Effluent.TSS",0.166679620891658,0.731609965104057,"3,2"
"15517","Temp..of.the.Atmos. + SACto..1.m. + NSEC.Aerobic.SRT + NSEC.Effluent.NO3 + NSEC.Effluent.OP + NSEC.Effluent.NO5",0.0413921243692192,0.779388153715487,"3,2"
"15518","Temp..of.the.Atmos. + SACto..1.m. + NSEC.Aerobic.SRT + NSEC.Effluent.NO3 + NSEC.Effluent.OP + NSEC.Effluent.Flow",0.0922415417556763,0.748882592143878,"3,2"
"15519","Temp..of.the.Atmos. + SACto..1.m. + NSEC.Aerobic.SRT + NSEC.Effluent.NO3 + NSEC.Effluent.TSS + NSEC.Effluent.NO5",0.0413113820814441,0.763149722351784,"3,2"
"15520","Temp..of.the.Atmos. + SACto..1.m. + NSEC.Aerobic.SRT + NSEC.Effluent.NO3 + NSEC.Effluent.TSS + NSEC.Effluent.Flow",0.217459703923171,0.798319546718455,"3,2"
"15521","Temp..of.the.Atmos. + SACto..1.m. + NSEC.Aerobic.SRT + NSEC.Effluent.NO3 + NSEC.Effluent.NO5 + NSEC.Effluent.Flow",0.152339596169377,0.558171022448532,"3,2"
"15522","Temp..of.the.Atmos. + SACto..1.m. + NSEC.Aerobic.SRT + NSEC.Effluent.OP + NSEC.Effluent.TSS + NSEC.Effluent.NO5",0.0967861002175421,0.607523158231276,"3,2"
"15523","Temp..of.the.Atmos. + SACto..1.m. + NSEC.Aerobic.SRT + NSEC.Effluent.OP + NSEC.Effluent.TSS + NSEC.Effluent.Flow",0.107609735820351,0.591736396757141,"3,2"
"15524","Temp..of.the.Atmos. + SACto..1.m. + NSEC.Aerobic.SRT + NSEC.Effluent.OP + NSEC.Effluent.NO5 + NSEC.Effluent.Flow",0.166343575204802,0.710233889139875,"3,2"
"15525","Temp..of.the.Atmos. + SACto..1.m. + NSEC.Aerobic.SRT + NSEC.Effluent.TSS + NSEC.Effluent.NO5 + NSEC.Effluent.Flow",0.0337005283572394,0.742706594223111,"3,2"
"15526","Temp..of.the.Atmos. + SACto..1.m. + NSEC.Effluent.NH3 + NSEC.Effluent.NO3 + NSEC.Effluent.OP + NSEC.Effluent.TSS",0.0134568535338535,0.660839485578081,"3,2"
"15527","Temp..of.the.Atmos. + SACto..1.m. + NSEC.Effluent.NH3 + NSEC.Effluent.NO3 + NSEC.Effluent.OP + NSEC.Effluent.NO5",0.223330430990918,0.558136461456161,"3,2"
"15528","Temp..of.the.Atmos. + SACto..1.m. + NSEC.Effluent.NH3 + NSEC.Effluent.NO3 + NSEC.Effluent.OP + NSEC.Effluent.Flow",0.00296939191324053,0.401988244206175,"3,2"
"15529","Temp..of.the.Atmos. + SACto..1.m. + NSEC.Effluent.NH3 + NSEC.Effluent.NO3 + NSEC.Effluent.TSS + NSEC.Effluent.NO5",0.1000328328993,0.537982902637013,"3,2"
"15530","Temp..of.the.Atmos. + SACto..1.m. + NSEC.Effluent.NH3 + NSEC.Effluent.NO3 + NSEC.Effluent.TSS + NSEC.Effluent.Flow",0.0308603713353293,0.590243254009427,"3,2"
"15531","Temp..of.the.Atmos. + SACto..1.m. + NSEC.Effluent.NH3 + NSEC.Effluent.NO3 + NSEC.Effluent.NO5 + NSEC.Effluent.Flow",0.101212588611542,0.60726448457214,"3,2"
"15532","Temp..of.the.Atmos. + SACto..1.m. + NSEC.Effluent.NH3 + NSEC.Effluent.OP + NSEC.Effluent.TSS + NSEC.Effluent.NO5",0.261535911898021,0.612005167898736,"3,2"
"15533","Temp..of.the.Atmos. + SACto..1.m. + NSEC.Effluent.NH3 + NSEC.Effluent.OP + NSEC.Effluent.TSS + NSEC.Effluent.Flow",0.252050203147051,0.669262695717569,"3,2"
"15534","Temp..of.the.Atmos. + SACto..1.m. + NSEC.Effluent.NH3 + NSEC.Effluent.OP + NSEC.Effluent.NO5 + NSEC.Effluent.Flow",0.0958516689764806,0.578291705915034,"3,2"
"15535","Temp..of.the.Atmos. + SACto..1.m. + NSEC.Effluent.NH3 + NSEC.Effluent.TSS + NSEC.Effluent.NO5 + NSEC.Effluent.Flow",0.0193583080682431,0.612819032256525,"3,2"
"15536","Temp..of.the.Atmos. + SACto..1.m. + NSEC.Effluent.NO3 + NSEC.Effluent.OP + NSEC.Effluent.TSS + NSEC.Effluent.NO5",0.234545799604355,0.668792681957124,"3,2"
"15537","Temp..of.the.Atmos. + SACto..1.m. + NSEC.Effluent.NO3 + NSEC.Effluent.OP + NSEC.Effluent.TSS + NSEC.Effluent.Flow",0.166154962741858,0.749853915349824,"3,2"
"15538","Temp..of.the.Atmos. + SACto..1.m. + NSEC.Effluent.NO3 + NSEC.Effluent.OP + NSEC.Effluent.NO5 + NSEC.Effluent.Flow",0.231878028254897,0.608306249503155,"3,2"
"15539","Temp..of.the.Atmos. + SACto..1.m. + NSEC.Effluent.NO3 + NSEC.Effluent.TSS + NSEC.Effluent.NO5 + NSEC.Effluent.Flow",0.0495464812798967,0.657925647136634,"3,2"
"15540","Temp..of.the.Atmos. + SACto..1.m. + NSEC.Effluent.OP + NSEC.Effluent.TSS + NSEC.Effluent.NO5 + NSEC.Effluent.Flow",0.0613154240772067,0.659492186170328,"3,2"
"15541","Temp..of.the.Atmos. + NSEC.Aerobic.SRT + NSEC.Effluent.NH3 + NSEC.Effluent.NO3 + NSEC.Effluent.OP + NSEC.Effluent.TSS",0.00793788074034607,0.343749505569586,"3,2"
"15542","Temp..of.the.Atmos. + NSEC.Aerobic.SRT + NSEC.Effluent.NH3 + NSEC.Effluent.NO3 + NSEC.Effluent.OP + NSEC.Effluent.NO5",0.0098273662768229,0.776853983381375,"3,2"
"15543","Temp..of.the.Atmos. + NSEC.Aerobic.SRT + NSEC.Effluent.NH3 + NSEC.Effluent.NO3 + NSEC.Effluent.OP + NSEC.Effluent.Flow",0.124682084543275,0.70406878710125,"3,2"
"15544","Temp..of.the.Atmos. + NSEC.Aerobic.SRT + NSEC.Effluent.NH3 + NSEC.Effluent.NO3 + NSEC.Effluent.TSS + NSEC.Effluent.NO5",0.168724195932725,0.581789299642109,"3,2"
"15545","Temp..of.the.Atmos. + NSEC.Aerobic.SRT + NSEC.Effluent.NH3 + NSEC.Effluent.NO3 + NSEC.Effluent.TSS + NSEC.Effluent.Flow",0.158301798990131,0.623809053070928,"3,2"
"15546","Temp..of.the.Atmos. + NSEC.Aerobic.SRT + NSEC.Effluent.NH3 + NSEC.Effluent.NO3 + NSEC.Effluent.NO5 + NSEC.Effluent.Flow",0.167848013190222,0.633061625153639,"3,2"
"15547","Temp..of.the.Atmos. + NSEC.Aerobic.SRT + NSEC.Effluent.NH3 + NSEC.Effluent.OP + NSEC.Effluent.TSS + NSEC.Effluent.NO5",0.0031546694378104,0.422529362997287,"3,2"
"15548","Temp..of.the.Atmos. + NSEC.Aerobic.SRT + NSEC.Effluent.NH3 + NSEC.Effluent.OP + NSEC.Effluent.TSS + NSEC.Effluent.Flow",0.102436164564036,0.686309685648446,"3,2"
"15549","Temp..of.the.Atmos. + NSEC.Aerobic.SRT + NSEC.Effluent.NH3 + NSEC.Effluent.OP + NSEC.Effluent.NO5 + NSEC.Effluent.Flow",0.21994310922203,0.745462689686622,"3,2"
"15550","Temp..of.the.Atmos. + NSEC.Aerobic.SRT + NSEC.Effluent.NH3 + NSEC.Effluent.TSS + NSEC.Effluent.NO5 + NSEC.Effluent.Flow",0.0130839642260305,0.373845588686149,"3,2"
"15551","Temp..of.the.Atmos. + NSEC.Aerobic.SRT + NSEC.Effluent.NO3 + NSEC.Effluent.OP + NSEC.Effluent.TSS + NSEC.Effluent.NO5",0.0549995385172641,0.81732039609845,"3,2"
"15552","Temp..of.the.Atmos. + NSEC.Aerobic.SRT + NSEC.Effluent.NO3 + NSEC.Effluent.OP + NSEC.Effluent.TSS + NSEC.Effluent.Flow",0.372696138945405,0.721066102585833,"3,2"
"15553","Temp..of.the.Atmos. + NSEC.Aerobic.SRT + NSEC.Effluent.NO3 + NSEC.Effluent.OP + NSEC.Effluent.NO5 + NSEC.Effluent.Flow",0.0623114895384895,0.827371843808805,"3,2"
"15554","Temp..of.the.Atmos. + NSEC.Aerobic.SRT + NSEC.Effluent.NO3 + NSEC.Effluent.TSS + NSEC.Effluent.NO5 + NSEC.Effluent.Flow",0.00493015194261925,0.426459232551273,"3,2"
"15555","Temp..of.the.Atmos. + NSEC.Aerobic.SRT + NSEC.Effluent.OP + NSEC.Effluent.TSS + NSEC.Effluent.NO5 + NSEC.Effluent.Flow",0.0812383057182497,0.622907010991429,"3,2"
"15556","Temp..of.the.Atmos. + NSEC.Effluent.NH3 + NSEC.Effluent.NO3 + NSEC.Effluent.OP + NSEC.Effluent.TSS + NSEC.Effluent.NO5",0.192351650717559,0.660835481662097,"3,2"
"15557","Temp..of.the.Atmos. + NSEC.Effluent.NH3 + NSEC.Effluent.NO3 + NSEC.Effluent.OP + NSEC.Effluent.TSS + NSEC.Effluent.Flow",0.206085531632286,0.728674989579971,"3,2"
"15558","Temp..of.the.Atmos. + NSEC.Effluent.NH3 + NSEC.Effluent.NO3 + NSEC.Effluent.OP + NSEC.Effluent.NO5 + NSEC.Effluent.Flow",0.0600129784522161,0.583837169237031,"3,2"
"15559","Temp..of.the.Atmos. + NSEC.Effluent.NH3 + NSEC.Effluent.NO3 + NSEC.Effluent.TSS + NSEC.Effluent.NO5 + NSEC.Effluent.Flow",0.000568743150380246,0.589047883662379,"3,2"
"15560","Temp..of.the.Atmos. + NSEC.Effluent.NH3 + NSEC.Effluent.OP + NSEC.Effluent.TSS + NSEC.Effluent.NO5 + NSEC.Effluent.Flow",0.070760246050626,0.722518426507018,"3,2"
"15561","Temp..of.the.Atmos. + NSEC.Effluent.NO3 + NSEC.Effluent.OP + NSEC.Effluent.TSS + NSEC.Effluent.NO5 + NSEC.Effluent.Flow",0.151180268476092,0.665985061032694,"3,2"
"15562","Secondary.Effluent.Flow + N..Basin.Outfall + CODto..mg.L. + TSS..mg.L. + UVT.... + CODds..mg.L.",0.176048461790533,0.512251793469727,"3,2"
"15563","Secondary.Effluent.Flow + N..Basin.Outfall + CODto..mg.L. + TSS..mg.L. + UVT.... + SACto..1.m.",0.117919683160474,0.471010799095551,"3,2"
"15564","Secondary.Effluent.Flow + N..Basin.Outfall + CODto..mg.L. + TSS..mg.L. + UVT.... + NSEC.Aerobic.SRT",0.12848824734735,0.711818809015863,"3,2"
"15565","Secondary.Effluent.Flow + N..Basin.Outfall + CODto..mg.L. + TSS..mg.L. + UVT.... + NSEC.Effluent.NH3",0.139535522906034,0.522602826501705,"3,2"
"15566","Secondary.Effluent.Flow + N..Basin.Outfall + CODto..mg.L. + TSS..mg.L. + UVT.... + NSEC.Effluent.NO3",0.265077743676948,0.552556590766192,"3,2"
"15567","Secondary.Effluent.Flow + N..Basin.Outfall + CODto..mg.L. + TSS..mg.L. + UVT.... + NSEC.Effluent.OP",0.173189380960198,0.52963546336348,"3,2"
"15568","Secondary.Effluent.Flow + N..Basin.Outfall + CODto..mg.L. + TSS..mg.L. + UVT.... + NSEC.Effluent.TSS",0.251789430234016,0.722792426864357,"3,2"
"15569","Secondary.Effluent.Flow + N..Basin.Outfall + CODto..mg.L. + TSS..mg.L. + UVT.... + NSEC.Effluent.NO5",0.100173028614325,0.506447373713415,"3,2"
"15570","Secondary.Effluent.Flow + N..Basin.Outfall + CODto..mg.L. + TSS..mg.L. + UVT.... + NSEC.Effluent.Flow",0.146705680312622,0.527099559286387,"3,2"
"15571","Secondary.Effluent.Flow + N..Basin.Outfall + CODto..mg.L. + TSS..mg.L. + CODds..mg.L. + SACto..1.m.",0.115706418671041,0.457935967594881,"3,2"
"15572","Secondary.Effluent.Flow + N..Basin.Outfall + CODto..mg.L. + TSS..mg.L. + CODds..mg.L. + NSEC.Aerobic.SRT",0.159066778119672,0.746887248957437,"3,2"
"15573","Secondary.Effluent.Flow + N..Basin.Outfall + CODto..mg.L. + TSS..mg.L. + CODds..mg.L. + NSEC.Effluent.NH3",0.18194182575241,0.549801186165043,"3,2"
"15574","Secondary.Effluent.Flow + N..Basin.Outfall + CODto..mg.L. + TSS..mg.L. + CODds..mg.L. + NSEC.Effluent.NO3",0.192573016681055,0.0293974183078964,"3,2"
"15575","Secondary.Effluent.Flow + N..Basin.Outfall + CODto..mg.L. + TSS..mg.L. + CODds..mg.L. + NSEC.Effluent.OP",0.234742714762593,0.567458170749044,"3,2"
"15576","Secondary.Effluent.Flow + N..Basin.Outfall + CODto..mg.L. + TSS..mg.L. + CODds..mg.L. + NSEC.Effluent.TSS",0.229104399335749,0.71196317435736,"3,2"
"15577","Secondary.Effluent.Flow + N..Basin.Outfall + CODto..mg.L. + TSS..mg.L. + CODds..mg.L. + NSEC.Effluent.NO5",0.195061013417573,0.503018562328014,"3,2"
"15578","Secondary.Effluent.Flow + N..Basin.Outfall + CODto..mg.L. + TSS..mg.L. + CODds..mg.L. + NSEC.Effluent.Flow",0.219789281960342,0.59997815185158,"3,2"
"15579","Secondary.Effluent.Flow + N..Basin.Outfall + CODto..mg.L. + TSS..mg.L. + SACto..1.m. + NSEC.Aerobic.SRT",0.0817152449671883,0.571965715381145,"3,2"
"15580","Secondary.Effluent.Flow + N..Basin.Outfall + CODto..mg.L. + TSS..mg.L. + SACto..1.m. + NSEC.Effluent.NH3",0.171887803845903,0.460526474995833,"3,2"
"15581","Secondary.Effluent.Flow + N..Basin.Outfall + CODto..mg.L. + TSS..mg.L. + SACto..1.m. + NSEC.Effluent.NO3",0.0775234488161094,0.588672880353481,"3,2"
"15582","Secondary.Effluent.Flow + N..Basin.Outfall + CODto..mg.L. + TSS..mg.L. + SACto..1.m. + NSEC.Effluent.OP",0.166857212372343,0.505260511224591,"3,2"
"15583","Secondary.Effluent.Flow + N..Basin.Outfall + CODto..mg.L. + TSS..mg.L. + SACto..1.m. + NSEC.Effluent.TSS",0.202878647065512,0.672950863815906,"3,2"
"15584","Secondary.Effluent.Flow + N..Basin.Outfall + CODto..mg.L. + TSS..mg.L. + SACto..1.m. + NSEC.Effluent.NO5",0.216990987506791,0.457492455927602,"3,2"
"15585","Secondary.Effluent.Flow + N..Basin.Outfall + CODto..mg.L. + TSS..mg.L. + SACto..1.m. + NSEC.Effluent.Flow",0.214851612330293,0.45493368687063,"3,2"
"15586","Secondary.Effluent.Flow + N..Basin.Outfall + CODto..mg.L. + TSS..mg.L. + NSEC.Aerobic.SRT + NSEC.Effluent.NH3",0.261581777335385,0.743426486713968,"3,2"
"15587","Secondary.Effluent.Flow + N..Basin.Outfall + CODto..mg.L. + TSS..mg.L. + NSEC.Aerobic.SRT + NSEC.Effluent.NO3",0.136553640951149,0.744570814046873,"3,2"
"15588","Secondary.Effluent.Flow + N..Basin.Outfall + CODto..mg.L. + TSS..mg.L. + NSEC.Aerobic.SRT + NSEC.Effluent.OP",0.204164893502399,0.671570207443299,"3,2"
"15589","Secondary.Effluent.Flow + N..Basin.Outfall + CODto..mg.L. + TSS..mg.L. + NSEC.Aerobic.SRT + NSEC.Effluent.TSS",0.114880746182462,0.777936400356886,"3,2"
"15590","Secondary.Effluent.Flow + N..Basin.Outfall + CODto..mg.L. + TSS..mg.L. + NSEC.Aerobic.SRT + NSEC.Effluent.NO5",0.1148067395276,0.78989746205551,"3,2"
"15591","Secondary.Effluent.Flow + N..Basin.Outfall + CODto..mg.L. + TSS..mg.L. + NSEC.Aerobic.SRT + NSEC.Effluent.Flow",0.0249082493224289,0.761697087719955,"3,2"
"15592","Secondary.Effluent.Flow + N..Basin.Outfall + CODto..mg.L. + TSS..mg.L. + NSEC.Effluent.NH3 + NSEC.Effluent.NO3",0.264943558803926,0.468053300761016,"3,2"
"15593","Secondary.Effluent.Flow + N..Basin.Outfall + CODto..mg.L. + TSS..mg.L. + NSEC.Effluent.NH3 + NSEC.Effluent.OP",0.238192136150681,0.590990996683383,"3,2"
"15594","Secondary.Effluent.Flow + N..Basin.Outfall + CODto..mg.L. + TSS..mg.L. + NSEC.Effluent.NH3 + NSEC.Effluent.TSS",0.306591578056912,0.69746093933446,"3,2"
"15595","Secondary.Effluent.Flow + N..Basin.Outfall + CODto..mg.L. + TSS..mg.L. + NSEC.Effluent.NH3 + NSEC.Effluent.NO5",0.223855779482175,0.534730458063301,"3,2"
"15596","Secondary.Effluent.Flow + N..Basin.Outfall + CODto..mg.L. + TSS..mg.L. + NSEC.Effluent.NH3 + NSEC.Effluent.Flow",0.140890644676112,0.478635999086153,"3,2"
"15597","Secondary.Effluent.Flow + N..Basin.Outfall + CODto..mg.L. + TSS..mg.L. + NSEC.Effluent.NO3 + NSEC.Effluent.OP",0.0201180462660546,0.639806367819178,"3,2"
"15598","Secondary.Effluent.Flow + N..Basin.Outfall + CODto..mg.L. + TSS..mg.L. + NSEC.Effluent.NO3 + NSEC.Effluent.TSS",0.190301891163138,0.646648706452729,"3,2"
"15599","Secondary.Effluent.Flow + N..Basin.Outfall + CODto..mg.L. + TSS..mg.L. + NSEC.Effluent.NO3 + NSEC.Effluent.NO5",0.218229852697517,0.575675889830571,"3,2"
"15600","Secondary.Effluent.Flow + N..Basin.Outfall + CODto..mg.L. + TSS..mg.L. + NSEC.Effluent.NO3 + NSEC.Effluent.Flow",0.202184475308057,0.472622025976875,"3,2"
"15601","Secondary.Effluent.Flow + N..Basin.Outfall + CODto..mg.L. + TSS..mg.L. + NSEC.Effluent.OP + NSEC.Effluent.TSS",0.168129629747294,0.688087070060123,"3,2"
"15602","Secondary.Effluent.Flow + N..Basin.Outfall + CODto..mg.L. + TSS..mg.L. + NSEC.Effluent.OP + NSEC.Effluent.NO5",0.07128928599484,0.544037216470536,"3,2"
"15603","Secondary.Effluent.Flow + N..Basin.Outfall + CODto..mg.L. + TSS..mg.L. + NSEC.Effluent.OP + NSEC.Effluent.Flow",0.208387261587363,0.511014619373177,"3,2"
"15604","Secondary.Effluent.Flow + N..Basin.Outfall + CODto..mg.L. + TSS..mg.L. + NSEC.Effluent.TSS + NSEC.Effluent.NO5",0.260915211502524,0.722932496450233,"3,2"
"15605","Secondary.Effluent.Flow + N..Basin.Outfall + CODto..mg.L. + TSS..mg.L. + NSEC.Effluent.TSS + NSEC.Effluent.Flow",0.229903915166372,0.676545637427761,"3,2"
"15606","Secondary.Effluent.Flow + N..Basin.Outfall + CODto..mg.L. + TSS..mg.L. + NSEC.Effluent.NO5 + NSEC.Effluent.Flow",0.152099549730263,0.502673939404675,"3,2"
"15607","Secondary.Effluent.Flow + N..Basin.Outfall + CODto..mg.L. + UVT.... + CODds..mg.L. + SACto..1.m.",0.128616088660404,0.488867515301074,"3,2"
"15608","Secondary.Effluent.Flow + N..Basin.Outfall + CODto..mg.L. + UVT.... + CODds..mg.L. + NSEC.Aerobic.SRT",0.199470384794849,0.771024650096786,"3,2"
"15609","Secondary.Effluent.Flow + N..Basin.Outfall + CODto..mg.L. + UVT.... + CODds..mg.L. + NSEC.Effluent.NH3",0.0997588481931406,0.505069139009368,"3,2"
"15610","Secondary.Effluent.Flow + N..Basin.Outfall + CODto..mg.L. + UVT.... + CODds..mg.L. + NSEC.Effluent.NO3",0.133932852972937,0.418194539463367,"3,2"
"15611","Secondary.Effluent.Flow + N..Basin.Outfall + CODto..mg.L. + UVT.... + CODds..mg.L. + NSEC.Effluent.OP",0.12427244522965,0.627461837810968,"3,2"
"15612","Secondary.Effluent.Flow + N..Basin.Outfall + CODto..mg.L. + UVT.... + CODds..mg.L. + NSEC.Effluent.TSS",0.186270587220538,0.7018082225184,"3,2"
"15613","Secondary.Effluent.Flow + N..Basin.Outfall + CODto..mg.L. + UVT.... + CODds..mg.L. + NSEC.Effluent.NO5",0.122295187856903,0.448518241265996,"3,2"
"15614","Secondary.Effluent.Flow + N..Basin.Outfall + CODto..mg.L. + UVT.... + CODds..mg.L. + NSEC.Effluent.Flow",0.108520502106266,0.533719221993691,"3,2"
"15615","Secondary.Effluent.Flow + N..Basin.Outfall + CODto..mg.L. + UVT.... + SACto..1.m. + NSEC.Aerobic.SRT",0.0587847065022007,0.696280183553852,"3,2"
"15616","Secondary.Effluent.Flow + N..Basin.Outfall + CODto..mg.L. + UVT.... + SACto..1.m. + NSEC.Effluent.NH3",0.0579338272526166,0.300875682967387,"3,2"
"15617","Secondary.Effluent.Flow + N..Basin.Outfall + CODto..mg.L. + UVT.... + SACto..1.m. + NSEC.Effluent.NO3",0.0475774791295307,0.35166588174043,"3,2"
"15618","Secondary.Effluent.Flow + N..Basin.Outfall + CODto..mg.L. + UVT.... + SACto..1.m. + NSEC.Effluent.OP",0.0170215091897645,0.447493888792259,"3,2"
"15619","Secondary.Effluent.Flow + N..Basin.Outfall + CODto..mg.L. + UVT.... + SACto..1.m. + NSEC.Effluent.TSS",0.235962478337429,0.670017169753327,"3,2"
"15620","Secondary.Effluent.Flow + N..Basin.Outfall + CODto..mg.L. + UVT.... + SACto..1.m. + NSEC.Effluent.NO5",0.0430075860552392,0.359742008114245,"3,2"
"15621","Secondary.Effluent.Flow + N..Basin.Outfall + CODto..mg.L. + UVT.... + SACto..1.m. + NSEC.Effluent.Flow",0.0767635997194103,0.353664388967652,"3,2"
"15622","Secondary.Effluent.Flow + N..Basin.Outfall + CODto..mg.L. + UVT.... + NSEC.Aerobic.SRT + NSEC.Effluent.NH3",0.141619555978638,0.628231966848794,"3,2"
"15623","Secondary.Effluent.Flow + N..Basin.Outfall + CODto..mg.L. + UVT.... + NSEC.Aerobic.SRT + NSEC.Effluent.NO3",0.100860606254207,0.654537792593902,"3,2"
"15624","Secondary.Effluent.Flow + N..Basin.Outfall + CODto..mg.L. + UVT.... + NSEC.Aerobic.SRT + NSEC.Effluent.OP",0.0823374544444579,0.572463696259742,"3,2"
"15625","Secondary.Effluent.Flow + N..Basin.Outfall + CODto..mg.L. + UVT.... + NSEC.Aerobic.SRT + NSEC.Effluent.TSS",0.0821328473464833,0.760519064518671,"3,2"
"15626","Secondary.Effluent.Flow + N..Basin.Outfall + CODto..mg.L. + UVT.... + NSEC.Aerobic.SRT + NSEC.Effluent.NO5",0.0887069372502558,0.747866267876231,"3,2"
"15627","Secondary.Effluent.Flow + N..Basin.Outfall + CODto..mg.L. + UVT.... + NSEC.Aerobic.SRT + NSEC.Effluent.Flow",0.11352619560646,0.64906027927779,"3,2"
"15628","Secondary.Effluent.Flow + N..Basin.Outfall + CODto..mg.L. + UVT.... + NSEC.Effluent.NH3 + NSEC.Effluent.NO3",0.0496384449153346,0.360895077685536,"3,2"
"15629","Secondary.Effluent.Flow + N..Basin.Outfall + CODto..mg.L. + UVT.... + NSEC.Effluent.NH3 + NSEC.Effluent.OP",0.00578112847249912,0.437782227022669,"3,2"
"15630","Secondary.Effluent.Flow + N..Basin.Outfall + CODto..mg.L. + UVT.... + NSEC.Effluent.NH3 + NSEC.Effluent.TSS",0.184069740630572,0.598784906821733,"3,2"
"15631","Secondary.Effluent.Flow + N..Basin.Outfall + CODto..mg.L. + UVT.... + NSEC.Effluent.NH3 + NSEC.Effluent.NO5",0.0423629846135847,0.414549669286462,"3,2"
"15632","Secondary.Effluent.Flow + N..Basin.Outfall + CODto..mg.L. + UVT.... + NSEC.Effluent.NH3 + NSEC.Effluent.Flow",0.00627093399364465,0.137742437617714,"3,2"
"15633","Secondary.Effluent.Flow + N..Basin.Outfall + CODto..mg.L. + UVT.... + NSEC.Effluent.NO3 + NSEC.Effluent.OP",0.107565575930858,0.454122636992493,"3,2"
"15634","Secondary.Effluent.Flow + N..Basin.Outfall + CODto..mg.L. + UVT.... + NSEC.Effluent.NO3 + NSEC.Effluent.TSS",0.152104497685558,0.652742930949068,"3,2"
"15635","Secondary.Effluent.Flow + N..Basin.Outfall + CODto..mg.L. + UVT.... + NSEC.Effluent.NO3 + NSEC.Effluent.NO5",0.116324523235201,0.371340807134003,"3,2"
"15636","Secondary.Effluent.Flow + N..Basin.Outfall + CODto..mg.L. + UVT.... + NSEC.Effluent.NO3 + NSEC.Effluent.Flow",0.0637167185715382,0.32375252129102,"3,2"
"15637","Secondary.Effluent.Flow + N..Basin.Outfall + CODto..mg.L. + UVT.... + NSEC.Effluent.OP + NSEC.Effluent.TSS",0.182946898236962,0.760220223099879,"3,2"
"15638","Secondary.Effluent.Flow + N..Basin.Outfall + CODto..mg.L. + UVT.... + NSEC.Effluent.OP + NSEC.Effluent.NO5",0.0514120114576693,0.478428567121372,"3,2"
"15639","Secondary.Effluent.Flow + N..Basin.Outfall + CODto..mg.L. + UVT.... + NSEC.Effluent.OP + NSEC.Effluent.Flow",0.16378486325813,0.529144113723521,"3,2"
"15640","Secondary.Effluent.Flow + N..Basin.Outfall + CODto..mg.L. + UVT.... + NSEC.Effluent.TSS + NSEC.Effluent.NO5",0.142117765905639,0.594867517387246,"3,2"
"15641","Secondary.Effluent.Flow + N..Basin.Outfall + CODto..mg.L. + UVT.... + NSEC.Effluent.TSS + NSEC.Effluent.Flow",0.0844683269906485,0.64746912256826,"3,2"
"15642","Secondary.Effluent.Flow + N..Basin.Outfall + CODto..mg.L. + UVT.... + NSEC.Effluent.NO5 + NSEC.Effluent.Flow",0.0157069758828117,0.365110566612023,"3,2"
"15643","Secondary.Effluent.Flow + N..Basin.Outfall + CODto..mg.L. + CODds..mg.L. + SACto..1.m. + NSEC.Aerobic.SRT",0.00289495572730969,0.781867828652916,"3,2"
"15644","Secondary.Effluent.Flow + N..Basin.Outfall + CODto..mg.L. + CODds..mg.L. + SACto..1.m. + NSEC.Effluent.NH3",0.0518786726252245,0.495665249910443,"3,2"
"15645","Secondary.Effluent.Flow + N..Basin.Outfall + CODto..mg.L. + CODds..mg.L. + SACto..1.m. + NSEC.Effluent.NO3",0.208985647965803,0.484936137279704,"3,2"
"15646","Secondary.Effluent.Flow + N..Basin.Outfall + CODto..mg.L. + CODds..mg.L. + SACto..1.m. + NSEC.Effluent.OP",0.161014536197857,0.505567118729929,"3,2"
"15647","Secondary.Effluent.Flow + N..Basin.Outfall + CODto..mg.L. + CODds..mg.L. + SACto..1.m. + NSEC.Effluent.TSS",0.121633277994987,0.731009086132208,"3,2"
"15648","Secondary.Effluent.Flow + N..Basin.Outfall + CODto..mg.L. + CODds..mg.L. + SACto..1.m. + NSEC.Effluent.NO5",0.111151096373757,0.550742422546853,"3,2"
"15649","Secondary.Effluent.Flow + N..Basin.Outfall + CODto..mg.L. + CODds..mg.L. + SACto..1.m. + NSEC.Effluent.Flow",0.133242721794101,0.511584832901648,"3,2"
"15650","Secondary.Effluent.Flow + N..Basin.Outfall + CODto..mg.L. + CODds..mg.L. + NSEC.Aerobic.SRT + NSEC.Effluent.NH3",0.305623592882295,0.789415028524629,"3,2"
"15651","Secondary.Effluent.Flow + N..Basin.Outfall + CODto..mg.L. + CODds..mg.L. + NSEC.Aerobic.SRT + NSEC.Effluent.NO3",0.203389390584654,0.70854134382931,"3,2"
"15652","Secondary.Effluent.Flow + N..Basin.Outfall + CODto..mg.L. + CODds..mg.L. + NSEC.Aerobic.SRT + NSEC.Effluent.OP",0.0024385992187419,0.755917197568341,"3,2"
"15653","Secondary.Effluent.Flow + N..Basin.Outfall + CODto..mg.L. + CODds..mg.L. + NSEC.Aerobic.SRT + NSEC.Effluent.TSS",0.0911866721501788,0.775416745658097,"3,2"
"15654","Secondary.Effluent.Flow + N..Basin.Outfall + CODto..mg.L. + CODds..mg.L. + NSEC.Aerobic.SRT + NSEC.Effluent.NO5",0.0362013025411128,0.762083926939979,"3,2"
"15655","Secondary.Effluent.Flow + N..Basin.Outfall + CODto..mg.L. + CODds..mg.L. + NSEC.Aerobic.SRT + NSEC.Effluent.Flow",0.158555048505732,0.685874651286999,"3,2"
"15656","Secondary.Effluent.Flow + N..Basin.Outfall + CODto..mg.L. + CODds..mg.L. + NSEC.Effluent.NH3 + NSEC.Effluent.NO3",0.19037935921257,0.480002078045674,"3,2"
"15657","Secondary.Effluent.Flow + N..Basin.Outfall + CODto..mg.L. + CODds..mg.L. + NSEC.Effluent.NH3 + NSEC.Effluent.OP",0.0466400641687503,0.514879290701842,"3,2"
"15658","Secondary.Effluent.Flow + N..Basin.Outfall + CODto..mg.L. + CODds..mg.L. + NSEC.Effluent.NH3 + NSEC.Effluent.TSS",0.260179553722333,0.688284669649006,"3,2"
"15659","Secondary.Effluent.Flow + N..Basin.Outfall + CODto..mg.L. + CODds..mg.L. + NSEC.Effluent.NH3 + NSEC.Effluent.NO5",0.149867501911271,0.46138146943039,"3,2"
"15660","Secondary.Effluent.Flow + N..Basin.Outfall + CODto..mg.L. + CODds..mg.L. + NSEC.Effluent.NH3 + NSEC.Effluent.Flow",0.223707691629627,0.54008098589956,"3,2"
"15661","Secondary.Effluent.Flow + N..Basin.Outfall + CODto..mg.L. + CODds..mg.L. + NSEC.Effluent.NO3 + NSEC.Effluent.OP",0.202581385907288,0.57258141566685,"3,2"
"15662","Secondary.Effluent.Flow + N..Basin.Outfall + CODto..mg.L. + CODds..mg.L. + NSEC.Effluent.NO3 + NSEC.Effluent.TSS",0.236299889740358,0.616417758910057,"3,2"
"15663","Secondary.Effluent.Flow + N..Basin.Outfall + CODto..mg.L. + CODds..mg.L. + NSEC.Effluent.NO3 + NSEC.Effluent.NO5",0.0865246283052916,0.516816895617085,"3,2"
"15664","Secondary.Effluent.Flow + N..Basin.Outfall + CODto..mg.L. + CODds..mg.L. + NSEC.Effluent.NO3 + NSEC.Effluent.Flow",0.125252119677436,0.557553230598095,"3,2"
"15665","Secondary.Effluent.Flow + N..Basin.Outfall + CODto..mg.L. + CODds..mg.L. + NSEC.Effluent.OP + NSEC.Effluent.TSS",0.0772004606511758,0.683639968038216,"3,2"
"15666","Secondary.Effluent.Flow + N..Basin.Outfall + CODto..mg.L. + CODds..mg.L. + NSEC.Effluent.OP + NSEC.Effluent.NO5",0.16202634195334,0.528568956494741,"3,2"
"15667","Secondary.Effluent.Flow + N..Basin.Outfall + CODto..mg.L. + CODds..mg.L. + NSEC.Effluent.OP + NSEC.Effluent.Flow",0.199964609979166,0.600199758436537,"3,2"
"15668","Secondary.Effluent.Flow + N..Basin.Outfall + CODto..mg.L. + CODds..mg.L. + NSEC.Effluent.TSS + NSEC.Effluent.NO5",0.23113629828046,0.683684408970755,"3,2"
"15669","Secondary.Effluent.Flow + N..Basin.Outfall + CODto..mg.L. + CODds..mg.L. + NSEC.Effluent.TSS + NSEC.Effluent.Flow",0.196981482166197,0.683640692824777,"3,2"
"15670","Secondary.Effluent.Flow + N..Basin.Outfall + CODto..mg.L. + CODds..mg.L. + NSEC.Effluent.NO5 + NSEC.Effluent.Flow",0.179651152978641,0.563701169873856,"3,2"
"15671","Secondary.Effluent.Flow + N..Basin.Outfall + CODto..mg.L. + SACto..1.m. + NSEC.Aerobic.SRT + NSEC.Effluent.NH3",0.126604494630713,0.754845767749588,"3,2"
"15672","Secondary.Effluent.Flow + N..Basin.Outfall + CODto..mg.L. + SACto..1.m. + NSEC.Aerobic.SRT + NSEC.Effluent.NO3",0.183559699255003,0.780381115238753,"3,2"
"15673","Secondary.Effluent.Flow + N..Basin.Outfall + CODto..mg.L. + SACto..1.m. + NSEC.Aerobic.SRT + NSEC.Effluent.OP",0.0168097776828133,0.760949149213882,"3,2"
"15674","Secondary.Effluent.Flow + N..Basin.Outfall + CODto..mg.L. + SACto..1.m. + NSEC.Aerobic.SRT + NSEC.Effluent.TSS",0.000747400774690377,0.72642737827021,"3,2"
"15675","Secondary.Effluent.Flow + N..Basin.Outfall + CODto..mg.L. + SACto..1.m. + NSEC.Aerobic.SRT + NSEC.Effluent.NO5",0.0903037456699782,0.799996820010004,"3,2"
"15676","Secondary.Effluent.Flow + N..Basin.Outfall + CODto..mg.L. + SACto..1.m. + NSEC.Aerobic.SRT + NSEC.Effluent.Flow",0.0487805648224304,0.78357472582545,"3,2"
"15677","Secondary.Effluent.Flow + N..Basin.Outfall + CODto..mg.L. + SACto..1.m. + NSEC.Effluent.NH3 + NSEC.Effluent.NO3",0.0554659876834731,0.143938355509003,"3,2"
"15678","Secondary.Effluent.Flow + N..Basin.Outfall + CODto..mg.L. + SACto..1.m. + NSEC.Effluent.NH3 + NSEC.Effluent.OP",0.0362954796042145,0.393936943778263,"3,2"
"15679","Secondary.Effluent.Flow + N..Basin.Outfall + CODto..mg.L. + SACto..1.m. + NSEC.Effluent.NH3 + NSEC.Effluent.TSS",0.157099622195867,0.633758521337018,"3,2"
"15680","Secondary.Effluent.Flow + N..Basin.Outfall + CODto..mg.L. + SACto..1.m. + NSEC.Effluent.NH3 + NSEC.Effluent.NO5",0.0304794773494554,0.376610507579436,"3,2"
"15681","Secondary.Effluent.Flow + N..Basin.Outfall + CODto..mg.L. + SACto..1.m. + NSEC.Effluent.NH3 + NSEC.Effluent.Flow",0.0281223498493322,0.360588667544655,"3,2"
"15682","Secondary.Effluent.Flow + N..Basin.Outfall + CODto..mg.L. + SACto..1.m. + NSEC.Effluent.NO3 + NSEC.Effluent.OP",0.147722197888954,0.572472656367375,"3,2"
"15683","Secondary.Effluent.Flow + N..Basin.Outfall + CODto..mg.L. + SACto..1.m. + NSEC.Effluent.NO3 + NSEC.Effluent.TSS",0.258115397839906,0.765308869128702,"3,2"
"15684","Secondary.Effluent.Flow + N..Basin.Outfall + CODto..mg.L. + SACto..1.m. + NSEC.Effluent.NO3 + NSEC.Effluent.NO5",0.155295959705631,0.416746465478999,"3,2"
"15685","Secondary.Effluent.Flow + N..Basin.Outfall + CODto..mg.L. + SACto..1.m. + NSEC.Effluent.NO3 + NSEC.Effluent.Flow",0.0599094119768331,0.144651050095265,"3,2"
"15686","Secondary.Effluent.Flow + N..Basin.Outfall + CODto..mg.L. + SACto..1.m. + NSEC.Effluent.OP + NSEC.Effluent.TSS",0.201931935976511,0.721821659003395,"3,2"
"15687","Secondary.Effluent.Flow + N..Basin.Outfall + CODto..mg.L. + SACto..1.m. + NSEC.Effluent.OP + NSEC.Effluent.NO5",0.0670596612679697,0.453136339694521,"3,2"
"15688","Secondary.Effluent.Flow + N..Basin.Outfall + CODto..mg.L. + SACto..1.m. + NSEC.Effluent.OP + NSEC.Effluent.Flow",0.0528248187751459,0.46112410769637,"3,2"
"15689","Secondary.Effluent.Flow + N..Basin.Outfall + CODto..mg.L. + SACto..1.m. + NSEC.Effluent.TSS + NSEC.Effluent.NO5",0.131472292088887,0.600619779785211,"3,2"
"15690","Secondary.Effluent.Flow + N..Basin.Outfall + CODto..mg.L. + SACto..1.m. + NSEC.Effluent.TSS + NSEC.Effluent.Flow",0.118759563837883,0.62521546294778,"3,2"
"15691","Secondary.Effluent.Flow + N..Basin.Outfall + CODto..mg.L. + SACto..1.m. + NSEC.Effluent.NO5 + NSEC.Effluent.Flow",0.0101741348072533,0.35025541364833,"3,2"
"15692","Secondary.Effluent.Flow + N..Basin.Outfall + CODto..mg.L. + NSEC.Aerobic.SRT + NSEC.Effluent.NH3 + NSEC.Effluent.NO3",0.285131800205345,0.705610935441523,"3,2"
"15693","Secondary.Effluent.Flow + N..Basin.Outfall + CODto..mg.L. + NSEC.Aerobic.SRT + NSEC.Effluent.NH3 + NSEC.Effluent.OP",0.116461785523078,0.737530323066227,"3,2"
"15694","Secondary.Effluent.Flow + N..Basin.Outfall + CODto..mg.L. + NSEC.Aerobic.SRT + NSEC.Effluent.NH3 + NSEC.Effluent.TSS",0.00872467250402265,0.444867931618281,"3,2"
"15695","Secondary.Effluent.Flow + N..Basin.Outfall + CODto..mg.L. + NSEC.Aerobic.SRT + NSEC.Effluent.NH3 + NSEC.Effluent.NO5",0.0408403360561855,0.666615909199445,"3,2"
"15696","Secondary.Effluent.Flow + N..Basin.Outfall + CODto..mg.L. + NSEC.Aerobic.SRT + NSEC.Effluent.NH3 + NSEC.Effluent.Flow",0.0729613489121927,0.628763785536941,"3,2"
"15697","Secondary.Effluent.Flow + N..Basin.Outfall + CODto..mg.L. + NSEC.Aerobic.SRT + NSEC.Effluent.NO3 + NSEC.Effluent.OP",0.069471496660559,0.707917594225042,"3,2"
"15698","Secondary.Effluent.Flow + N..Basin.Outfall + CODto..mg.L. + NSEC.Aerobic.SRT + NSEC.Effluent.NO3 + NSEC.Effluent.TSS",0.256260506240511,0.765896647069998,"3,2"
"15699","Secondary.Effluent.Flow + N..Basin.Outfall + CODto..mg.L. + NSEC.Aerobic.SRT + NSEC.Effluent.NO3 + NSEC.Effluent.NO5",0.0334764844392121,0.400106407734766,"3,2"
"15700","Secondary.Effluent.Flow + N..Basin.Outfall + CODto..mg.L. + NSEC.Aerobic.SRT + NSEC.Effluent.NO3 + NSEC.Effluent.Flow",0.0308146349979355,0.403679925957459,"3,2"
"15701","Secondary.Effluent.Flow + N..Basin.Outfall + CODto..mg.L. + NSEC.Aerobic.SRT + NSEC.Effluent.OP + NSEC.Effluent.TSS",0.105098107299704,0.728328185525661,"3,2"
"15702","Secondary.Effluent.Flow + N..Basin.Outfall + CODto..mg.L. + NSEC.Aerobic.SRT + NSEC.Effluent.OP + NSEC.Effluent.NO5",0.0985132172288656,0.700424065806382,"3,2"
"15703","Secondary.Effluent.Flow + N..Basin.Outfall + CODto..mg.L. + NSEC.Aerobic.SRT + NSEC.Effluent.OP + NSEC.Effluent.Flow",0.0907499516006205,0.630376137321793,"3,2"
"15704","Secondary.Effluent.Flow + N..Basin.Outfall + CODto..mg.L. + NSEC.Aerobic.SRT + NSEC.Effluent.TSS + NSEC.Effluent.NO5",0.126984291960492,0.802319077224733,"3,2"
"15705","Secondary.Effluent.Flow + N..Basin.Outfall + CODto..mg.L. + NSEC.Aerobic.SRT + NSEC.Effluent.TSS + NSEC.Effluent.Flow",0.19344922190216,0.124866532478914,"3,2"
"15706","Secondary.Effluent.Flow + N..Basin.Outfall + CODto..mg.L. + NSEC.Aerobic.SRT + NSEC.Effluent.NO5 + NSEC.Effluent.Flow",0.273918463333533,0.695242840979626,"3,2"
"15707","Secondary.Effluent.Flow + N..Basin.Outfall + CODto..mg.L. + NSEC.Effluent.NH3 + NSEC.Effluent.NO3 + NSEC.Effluent.OP",0.0590236616772692,0.314653052941788,"3,2"
"15708","Secondary.Effluent.Flow + N..Basin.Outfall + CODto..mg.L. + NSEC.Effluent.NH3 + NSEC.Effluent.NO3 + NSEC.Effluent.TSS",0.103748582414015,0.64166640568546,"3,2"
"15709","Secondary.Effluent.Flow + N..Basin.Outfall + CODto..mg.L. + NSEC.Effluent.NH3 + NSEC.Effluent.NO3 + NSEC.Effluent.NO5",0.0101036327345563,0.255841628191823,"3,2"
"15710","Secondary.Effluent.Flow + N..Basin.Outfall + CODto..mg.L. + NSEC.Effluent.NH3 + NSEC.Effluent.NO3 + NSEC.Effluent.Flow",0.0105597484366453,0.120592706320317,"3,2"
"15711","Secondary.Effluent.Flow + N..Basin.Outfall + CODto..mg.L. + NSEC.Effluent.NH3 + NSEC.Effluent.OP + NSEC.Effluent.TSS",0.242642384826864,0.672244763541999,"3,2"
"15712","Secondary.Effluent.Flow + N..Basin.Outfall + CODto..mg.L. + NSEC.Effluent.NH3 + NSEC.Effluent.OP + NSEC.Effluent.NO5",0.195602648637347,0.467568460423324,"3,2"
"15713","Secondary.Effluent.Flow + N..Basin.Outfall + CODto..mg.L. + NSEC.Effluent.NH3 + NSEC.Effluent.OP + NSEC.Effluent.Flow",0.247320311962651,0.481272844775801,"3,2"
"15714","Secondary.Effluent.Flow + N..Basin.Outfall + CODto..mg.L. + NSEC.Effluent.NH3 + NSEC.Effluent.TSS + NSEC.Effluent.NO5",0.256173937713557,0.584394735115843,"3,2"
"15715","Secondary.Effluent.Flow + N..Basin.Outfall + CODto..mg.L. + NSEC.Effluent.NH3 + NSEC.Effluent.TSS + NSEC.Effluent.Flow",0.106617864075025,0.547442852322779,"3,2"
"15716","Secondary.Effluent.Flow + N..Basin.Outfall + CODto..mg.L. + NSEC.Effluent.NH3 + NSEC.Effluent.NO5 + NSEC.Effluent.Flow",0.028064966744427,0.111068449069131,"3,2"
"15717","Secondary.Effluent.Flow + N..Basin.Outfall + CODto..mg.L. + NSEC.Effluent.NO3 + NSEC.Effluent.OP + NSEC.Effluent.TSS",0.145711158316855,0.621014353811952,"3,2"
"15718","Secondary.Effluent.Flow + N..Basin.Outfall + CODto..mg.L. + NSEC.Effluent.NO3 + NSEC.Effluent.OP + NSEC.Effluent.NO5",0.0907056298568358,0.463108656046139,"3,2"
"15719","Secondary.Effluent.Flow + N..Basin.Outfall + CODto..mg.L. + NSEC.Effluent.NO3 + NSEC.Effluent.OP + NSEC.Effluent.Flow",0.194844545944959,0.100592643658579,"3,2"
"15720","Secondary.Effluent.Flow + N..Basin.Outfall + CODto..mg.L. + NSEC.Effluent.NO3 + NSEC.Effluent.TSS + NSEC.Effluent.NO5",0.113417061206028,0.467425976351235,"3,2"
"15721","Secondary.Effluent.Flow + N..Basin.Outfall + CODto..mg.L. + NSEC.Effluent.NO3 + NSEC.Effluent.TSS + NSEC.Effluent.Flow",0.280362273151807,0.609317559595159,"3,2"
"15722","Secondary.Effluent.Flow + N..Basin.Outfall + CODto..mg.L. + NSEC.Effluent.NO3 + NSEC.Effluent.NO5 + NSEC.Effluent.Flow",0.086740950199705,0.239135644490411,"3,2"
"15723","Secondary.Effluent.Flow + N..Basin.Outfall + CODto..mg.L. + NSEC.Effluent.OP + NSEC.Effluent.TSS + NSEC.Effluent.NO5",0.202026292848439,0.671453919175592,"3,2"
"15724","Secondary.Effluent.Flow + N..Basin.Outfall + CODto..mg.L. + NSEC.Effluent.OP + NSEC.Effluent.TSS + NSEC.Effluent.Flow",0.111719974052701,0.559020272111291,"3,2"
"15725","Secondary.Effluent.Flow + N..Basin.Outfall + CODto..mg.L. + NSEC.Effluent.OP + NSEC.Effluent.NO5 + NSEC.Effluent.Flow",0.0901659992334487,0.265560110012468,"3,2"
"15726","Secondary.Effluent.Flow + N..Basin.Outfall + CODto..mg.L. + NSEC.Effluent.TSS + NSEC.Effluent.NO5 + NSEC.Effluent.Flow",0.334813235253089,0.639376312904757,"3,2"
"15727","Secondary.Effluent.Flow + N..Basin.Outfall + TSS..mg.L. + UVT.... + CODds..mg.L. + SACto..1.m.",0.118397527564801,0.48106542865552,"3,2"
"15728","Secondary.Effluent.Flow + N..Basin.Outfall + TSS..mg.L. + UVT.... + CODds..mg.L. + NSEC.Aerobic.SRT",0.242492572999944,0.78820808290399,"3,2"
"15729","Secondary.Effluent.Flow + N..Basin.Outfall + TSS..mg.L. + UVT.... + CODds..mg.L. + NSEC.Effluent.NH3",0.0883500260762984,0.388299972195507,"3,2"
"15730","Secondary.Effluent.Flow + N..Basin.Outfall + TSS..mg.L. + UVT.... + CODds..mg.L. + NSEC.Effluent.NO3",0.0768084403563218,0.550453225635905,"3,2"
"15731","Secondary.Effluent.Flow + N..Basin.Outfall + TSS..mg.L. + UVT.... + CODds..mg.L. + NSEC.Effluent.OP",0.113969339072656,0.522347398839487,"3,2"
"15732","Secondary.Effluent.Flow + N..Basin.Outfall + TSS..mg.L. + UVT.... + CODds..mg.L. + NSEC.Effluent.TSS",0.176789454525226,0.802010154218058,"3,2"
"15733","Secondary.Effluent.Flow + N..Basin.Outfall + TSS..mg.L. + UVT.... + CODds..mg.L. + NSEC.Effluent.NO5",0.091866044666582,0.554883635412982,"3,2"
"15734","Secondary.Effluent.Flow + N..Basin.Outfall + TSS..mg.L. + UVT.... + CODds..mg.L. + NSEC.Effluent.Flow",0.126733807001564,0.531263110582009,"3,2"
"15735","Secondary.Effluent.Flow + N..Basin.Outfall + TSS..mg.L. + UVT.... + SACto..1.m. + NSEC.Aerobic.SRT",0.0545819381614665,0.748272558512965,"3,2"
"15736","Secondary.Effluent.Flow + N..Basin.Outfall + TSS..mg.L. + UVT.... + SACto..1.m. + NSEC.Effluent.NH3",0.115522002571053,0.463701391272275,"3,2"
"15737","Secondary.Effluent.Flow + N..Basin.Outfall + TSS..mg.L. + UVT.... + SACto..1.m. + NSEC.Effluent.NO3",0.0625487671094758,0.490968997632126,"3,2"
"15738","Secondary.Effluent.Flow + N..Basin.Outfall + TSS..mg.L. + UVT.... + SACto..1.m. + NSEC.Effluent.OP",0.106640957739359,0.506750767842028,"3,2"
"15739","Secondary.Effluent.Flow + N..Basin.Outfall + TSS..mg.L. + UVT.... + SACto..1.m. + NSEC.Effluent.TSS",0.148298471343772,0.734083991542411,"3,2"
"15740","Secondary.Effluent.Flow + N..Basin.Outfall + TSS..mg.L. + UVT.... + SACto..1.m. + NSEC.Effluent.NO5",0.0947287576394225,0.573207755815206,"3,2"
"15741","Secondary.Effluent.Flow + N..Basin.Outfall + TSS..mg.L. + UVT.... + SACto..1.m. + NSEC.Effluent.Flow",0.0936975669564775,0.461094755113962,"3,2"
"15742","Secondary.Effluent.Flow + N..Basin.Outfall + TSS..mg.L. + UVT.... + NSEC.Aerobic.SRT + NSEC.Effluent.NH3",0.0255682672630804,0.420116576972998,"3,2"
"15743","Secondary.Effluent.Flow + N..Basin.Outfall + TSS..mg.L. + UVT.... + NSEC.Aerobic.SRT + NSEC.Effluent.NO3",0.369301165008183,0.771243460888378,"3,2"
"15744","Secondary.Effluent.Flow + N..Basin.Outfall + TSS..mg.L. + UVT.... + NSEC.Aerobic.SRT + NSEC.Effluent.OP",0.0591237873243555,0.765725883325428,"3,2"
"15745","Secondary.Effluent.Flow + N..Basin.Outfall + TSS..mg.L. + UVT.... + NSEC.Aerobic.SRT + NSEC.Effluent.TSS",0.114318591480279,0.677199918538014,"3,2"
"15746","Secondary.Effluent.Flow + N..Basin.Outfall + TSS..mg.L. + UVT.... + NSEC.Aerobic.SRT + NSEC.Effluent.NO5",0.0769984172780562,0.784711965907764,"3,2"
"15747","Secondary.Effluent.Flow + N..Basin.Outfall + TSS..mg.L. + UVT.... + NSEC.Aerobic.SRT + NSEC.Effluent.Flow",0.0255522971716762,0.429809006896961,"3,2"
"15748","Secondary.Effluent.Flow + N..Basin.Outfall + TSS..mg.L. + UVT.... + NSEC.Effluent.NH3 + NSEC.Effluent.NO3",0.15432578427764,0.487387524444868,"3,2"
"15749","Secondary.Effluent.Flow + N..Basin.Outfall + TSS..mg.L. + UVT.... + NSEC.Effluent.NH3 + NSEC.Effluent.OP",0.160823050174588,0.691879603076758,"3,2"
"15750","Secondary.Effluent.Flow + N..Basin.Outfall + TSS..mg.L. + UVT.... + NSEC.Effluent.NH3 + NSEC.Effluent.TSS",0.195009309830306,0.698133501865365,"3,2"
"15751","Secondary.Effluent.Flow + N..Basin.Outfall + TSS..mg.L. + UVT.... + NSEC.Effluent.NH3 + NSEC.Effluent.NO5",0.0980610549075345,0.559515526988725,"3,2"
"15752","Secondary.Effluent.Flow + N..Basin.Outfall + TSS..mg.L. + UVT.... + NSEC.Effluent.NH3 + NSEC.Effluent.Flow",0.150684326586905,0.453280776124545,"3,2"
"15753","Secondary.Effluent.Flow + N..Basin.Outfall + TSS..mg.L. + UVT.... + NSEC.Effluent.NO3 + NSEC.Effluent.OP",0.331207174743229,0.626175665138923,"3,2"
"15754","Secondary.Effluent.Flow + N..Basin.Outfall + TSS..mg.L. + UVT.... + NSEC.Effluent.NO3 + NSEC.Effluent.TSS",0.288164048049577,0.734460511771455,"3,2"
"15755","Secondary.Effluent.Flow + N..Basin.Outfall + TSS..mg.L. + UVT.... + NSEC.Effluent.NO3 + NSEC.Effluent.NO5",0.125810382610522,0.570979308980216,"3,2"
"15756","Secondary.Effluent.Flow + N..Basin.Outfall + TSS..mg.L. + UVT.... + NSEC.Effluent.NO3 + NSEC.Effluent.Flow",0.191768250256213,0.118599274225886,"3,2"
"15757","Secondary.Effluent.Flow + N..Basin.Outfall + TSS..mg.L. + UVT.... + NSEC.Effluent.OP + NSEC.Effluent.TSS",0.183851338073095,0.756922711965934,"3,2"
"15758","Secondary.Effluent.Flow + N..Basin.Outfall + TSS..mg.L. + UVT.... + NSEC.Effluent.OP + NSEC.Effluent.NO5",0.194431540106746,0.0387777871904704,"3,2"
"15759","Secondary.Effluent.Flow + N..Basin.Outfall + TSS..mg.L. + UVT.... + NSEC.Effluent.OP + NSEC.Effluent.Flow",0.07380241695523,0.583163290119045,"3,2"
"15760","Secondary.Effluent.Flow + N..Basin.Outfall + TSS..mg.L. + UVT.... + NSEC.Effluent.TSS + NSEC.Effluent.NO5",0.294403284386432,0.707512979079093,"3,2"
"15761","Secondary.Effluent.Flow + N..Basin.Outfall + TSS..mg.L. + UVT.... + NSEC.Effluent.TSS + NSEC.Effluent.Flow",0.191891426282322,0.764644532654184,"3,2"
"15762","Secondary.Effluent.Flow + N..Basin.Outfall + TSS..mg.L. + UVT.... + NSEC.Effluent.NO5 + NSEC.Effluent.Flow",0.119465262792314,0.620308530475929,"3,2"
"15763","Secondary.Effluent.Flow + N..Basin.Outfall + TSS..mg.L. + CODds..mg.L. + SACto..1.m. + NSEC.Aerobic.SRT",0.106420806430078,0.766369095541593,"3,2"
"15764","Secondary.Effluent.Flow + N..Basin.Outfall + TSS..mg.L. + CODds..mg.L. + SACto..1.m. + NSEC.Effluent.NH3",0.101964417534298,0.523994576836273,"3,2"
"15765","Secondary.Effluent.Flow + N..Basin.Outfall + TSS..mg.L. + CODds..mg.L. + SACto..1.m. + NSEC.Effluent.NO3",0.16944694745264,0.557344032129188,"3,2"
"15766","Secondary.Effluent.Flow + N..Basin.Outfall + TSS..mg.L. + CODds..mg.L. + SACto..1.m. + NSEC.Effluent.OP",0.123577805417287,0.53660446351586,"3,2"
"15767","Secondary.Effluent.Flow + N..Basin.Outfall + TSS..mg.L. + CODds..mg.L. + SACto..1.m. + NSEC.Effluent.TSS",0.195865605480506,0.780179645352659,"3,2"
"15768","Secondary.Effluent.Flow + N..Basin.Outfall + TSS..mg.L. + CODds..mg.L. + SACto..1.m. + NSEC.Effluent.NO5",0.18476859321309,0.493665367235519,"3,2"
"15769","Secondary.Effluent.Flow + N..Basin.Outfall + TSS..mg.L. + CODds..mg.L. + SACto..1.m. + NSEC.Effluent.Flow",0.185421798102677,0.494444999670657,"3,2"
"15770","Secondary.Effluent.Flow + N..Basin.Outfall + TSS..mg.L. + CODds..mg.L. + NSEC.Aerobic.SRT + NSEC.Effluent.NH3",0.144217499126583,0.747170552050691,"3,2"
"15771","Secondary.Effluent.Flow + N..Basin.Outfall + TSS..mg.L. + CODds..mg.L. + NSEC.Aerobic.SRT + NSEC.Effluent.NO3",0.137182833712981,0.716222690179339,"3,2"
"15772","Secondary.Effluent.Flow + N..Basin.Outfall + TSS..mg.L. + CODds..mg.L. + NSEC.Aerobic.SRT + NSEC.Effluent.OP",0.305068745341149,0.702342721594532,"3,2"
"15773","Secondary.Effluent.Flow + N..Basin.Outfall + TSS..mg.L. + CODds..mg.L. + NSEC.Aerobic.SRT + NSEC.Effluent.TSS",0.197302011249296,0.784331289064778,"3,2"
"15774","Secondary.Effluent.Flow + N..Basin.Outfall + TSS..mg.L. + CODds..mg.L. + NSEC.Aerobic.SRT + NSEC.Effluent.NO5",0.191495124169395,0.746004180677748,"3,2"
"15775","Secondary.Effluent.Flow + N..Basin.Outfall + TSS..mg.L. + CODds..mg.L. + NSEC.Aerobic.SRT + NSEC.Effluent.Flow",0.0208325150291053,0.687963333781157,"3,2"
"15776","Secondary.Effluent.Flow + N..Basin.Outfall + TSS..mg.L. + CODds..mg.L. + NSEC.Effluent.NH3 + NSEC.Effluent.NO3",0.183333864388145,0.460196081215064,"3,2"
"15777","Secondary.Effluent.Flow + N..Basin.Outfall + TSS..mg.L. + CODds..mg.L. + NSEC.Effluent.NH3 + NSEC.Effluent.OP",0.0194791150402609,0.477058389315159,"3,2"
"15778","Secondary.Effluent.Flow + N..Basin.Outfall + TSS..mg.L. + CODds..mg.L. + NSEC.Effluent.NH3 + NSEC.Effluent.TSS",0.211541578645865,0.651601087424738,"3,2"
"15779","Secondary.Effluent.Flow + N..Basin.Outfall + TSS..mg.L. + CODds..mg.L. + NSEC.Effluent.NH3 + NSEC.Effluent.NO5",0.146467900818918,0.469490651081592,"3,2"
"15780","Secondary.Effluent.Flow + N..Basin.Outfall + TSS..mg.L. + CODds..mg.L. + NSEC.Effluent.NH3 + NSEC.Effluent.Flow",0.129497144144934,0.460787344027921,"3,2"
"15781","Secondary.Effluent.Flow + N..Basin.Outfall + TSS..mg.L. + CODds..mg.L. + NSEC.Effluent.NO3 + NSEC.Effluent.OP",0.159673346996638,0.488960904432587,"3,2"
"15782","Secondary.Effluent.Flow + N..Basin.Outfall + TSS..mg.L. + CODds..mg.L. + NSEC.Effluent.NO3 + NSEC.Effluent.TSS",0.237200597795826,0.662682356149549,"3,2"
"15783","Secondary.Effluent.Flow + N..Basin.Outfall + TSS..mg.L. + CODds..mg.L. + NSEC.Effluent.NO3 + NSEC.Effluent.NO5",0.0875938250887609,0.508107108071499,"3,2"
"15784","Secondary.Effluent.Flow + N..Basin.Outfall + TSS..mg.L. + CODds..mg.L. + NSEC.Effluent.NO3 + NSEC.Effluent.Flow",0.0837344371880393,0.505783287475047,"3,2"
"15785","Secondary.Effluent.Flow + N..Basin.Outfall + TSS..mg.L. + CODds..mg.L. + NSEC.Effluent.OP + NSEC.Effluent.TSS",0.0653147197953841,0.640217301478667,"3,2"
"15786","Secondary.Effluent.Flow + N..Basin.Outfall + TSS..mg.L. + CODds..mg.L. + NSEC.Effluent.OP + NSEC.Effluent.NO5",0.00378974555898681,0.4956947197549,"3,2"
"15787","Secondary.Effluent.Flow + N..Basin.Outfall + TSS..mg.L. + CODds..mg.L. + NSEC.Effluent.OP + NSEC.Effluent.Flow",0.0536812089405767,0.491969237978869,"3,2"
"15788","Secondary.Effluent.Flow + N..Basin.Outfall + TSS..mg.L. + CODds..mg.L. + NSEC.Effluent.TSS + NSEC.Effluent.NO5",0.220980678473272,0.65147362674928,"3,2"
"15789","Secondary.Effluent.Flow + N..Basin.Outfall + TSS..mg.L. + CODds..mg.L. + NSEC.Effluent.TSS + NSEC.Effluent.Flow",0.148597175405984,0.620278774322472,"3,2"
"15790","Secondary.Effluent.Flow + N..Basin.Outfall + TSS..mg.L. + CODds..mg.L. + NSEC.Effluent.NO5 + NSEC.Effluent.Flow",0.0786486454631796,0.371707940738989,"3,2"
"15791","Secondary.Effluent.Flow + N..Basin.Outfall + TSS..mg.L. + SACto..1.m. + NSEC.Aerobic.SRT + NSEC.Effluent.NH3",0.00509597111666871,0.764300846130523,"3,2"
"15792","Secondary.Effluent.Flow + N..Basin.Outfall + TSS..mg.L. + SACto..1.m. + NSEC.Aerobic.SRT + NSEC.Effluent.NO3",0.16877380374773,0.774627465423867,"3,2"
"15793","Secondary.Effluent.Flow + N..Basin.Outfall + TSS..mg.L. + SACto..1.m. + NSEC.Aerobic.SRT + NSEC.Effluent.OP",0.154683434935312,0.753278557401123,"3,2"
"15794","Secondary.Effluent.Flow + N..Basin.Outfall + TSS..mg.L. + SACto..1.m. + NSEC.Aerobic.SRT + NSEC.Effluent.TSS",0.00490000204961394,0.83355000474086,"3,2"
"15795","Secondary.Effluent.Flow + N..Basin.Outfall + TSS..mg.L. + SACto..1.m. + NSEC.Aerobic.SRT + NSEC.Effluent.NO5",0.0606528836508469,0.753927961973232,"3,2"
"15796","Secondary.Effluent.Flow + N..Basin.Outfall + TSS..mg.L. + SACto..1.m. + NSEC.Aerobic.SRT + NSEC.Effluent.Flow",0.118033787112529,0.782200983792379,"3,2"
"15797","Secondary.Effluent.Flow + N..Basin.Outfall + TSS..mg.L. + SACto..1.m. + NSEC.Effluent.NH3 + NSEC.Effluent.NO3",0.211143378277253,0.595537296960993,"3,2"
"15798","Secondary.Effluent.Flow + N..Basin.Outfall + TSS..mg.L. + SACto..1.m. + NSEC.Effluent.NH3 + NSEC.Effluent.OP",0.225456139419665,0.537894655916498,"3,2"
"15799","Secondary.Effluent.Flow + N..Basin.Outfall + TSS..mg.L. + SACto..1.m. + NSEC.Effluent.NH3 + NSEC.Effluent.TSS",0.225503043827369,0.662038321194164,"3,2"
"15800","Secondary.Effluent.Flow + N..Basin.Outfall + TSS..mg.L. + SACto..1.m. + NSEC.Effluent.NH3 + NSEC.Effluent.NO5",0.369447049815368,0.572152431192126,"3,2"
"15801","Secondary.Effluent.Flow + N..Basin.Outfall + TSS..mg.L. + SACto..1.m. + NSEC.Effluent.NH3 + NSEC.Effluent.Flow",0.0999379200836104,0.463035977035581,"3,2"
"15802","Secondary.Effluent.Flow + N..Basin.Outfall + TSS..mg.L. + SACto..1.m. + NSEC.Effluent.NO3 + NSEC.Effluent.OP",0.130934953949966,0.506032194379566,"3,2"
"15803","Secondary.Effluent.Flow + N..Basin.Outfall + TSS..mg.L. + SACto..1.m. + NSEC.Effluent.NO3 + NSEC.Effluent.TSS",0.301025188380822,0.721394454905658,"3,2"
"15804","Secondary.Effluent.Flow + N..Basin.Outfall + TSS..mg.L. + SACto..1.m. + NSEC.Effluent.NO3 + NSEC.Effluent.NO5",0.107880704786224,0.61303555467966,"3,2"
"15805","Secondary.Effluent.Flow + N..Basin.Outfall + TSS..mg.L. + SACto..1.m. + NSEC.Effluent.NO3 + NSEC.Effluent.Flow",0.187273090426896,0.553053674001855,"3,2"
"15806","Secondary.Effluent.Flow + N..Basin.Outfall + TSS..mg.L. + SACto..1.m. + NSEC.Effluent.OP + NSEC.Effluent.TSS",0.264878607696334,0.709556852542027,"3,2"
"15807","Secondary.Effluent.Flow + N..Basin.Outfall + TSS..mg.L. + SACto..1.m. + NSEC.Effluent.OP + NSEC.Effluent.NO5",0.174453340036483,0.556309308790002,"3,2"
"15808","Secondary.Effluent.Flow + N..Basin.Outfall + TSS..mg.L. + SACto..1.m. + NSEC.Effluent.OP + NSEC.Effluent.Flow",0.151899717055701,0.526859791326898,"3,2"
"15809","Secondary.Effluent.Flow + N..Basin.Outfall + TSS..mg.L. + SACto..1.m. + NSEC.Effluent.TSS + NSEC.Effluent.NO5",0.123170329391582,0.778377438906696,"3,2"
"15810","Secondary.Effluent.Flow + N..Basin.Outfall + TSS..mg.L. + SACto..1.m. + NSEC.Effluent.TSS + NSEC.Effluent.Flow",0.0915192778977705,0.733394385818543,"3,2"
"15811","Secondary.Effluent.Flow + N..Basin.Outfall + TSS..mg.L. + SACto..1.m. + NSEC.Effluent.NO5 + NSEC.Effluent.Flow",0.212946797361839,0.465044609293978,"3,2"
"15812","Secondary.Effluent.Flow + N..Basin.Outfall + TSS..mg.L. + NSEC.Aerobic.SRT + NSEC.Effluent.NH3 + NSEC.Effluent.NO3",0.181706575513658,0.681769400842827,"3,2"
"15813","Secondary.Effluent.Flow + N..Basin.Outfall + TSS..mg.L. + NSEC.Aerobic.SRT + NSEC.Effluent.NH3 + NSEC.Effluent.OP",0.134911723656313,0.656721995511612,"3,2"
"15814","Secondary.Effluent.Flow + N..Basin.Outfall + TSS..mg.L. + NSEC.Aerobic.SRT + NSEC.Effluent.NH3 + NSEC.Effluent.TSS",0.250472584135747,0.729639926373607,"3,2"
"15815","Secondary.Effluent.Flow + N..Basin.Outfall + TSS..mg.L. + NSEC.Aerobic.SRT + NSEC.Effluent.NH3 + NSEC.Effluent.NO5",0.293616459840566,0.709450155507823,"3,2"
"15816","Secondary.Effluent.Flow + N..Basin.Outfall + TSS..mg.L. + NSEC.Aerobic.SRT + NSEC.Effluent.NH3 + NSEC.Effluent.Flow",0.039401721160609,0.395044842847158,"3,2"
"15817","Secondary.Effluent.Flow + N..Basin.Outfall + TSS..mg.L. + NSEC.Aerobic.SRT + NSEC.Effluent.NO3 + NSEC.Effluent.OP",0.0328305097570296,0.598694518839224,"3,2"
"15818","Secondary.Effluent.Flow + N..Basin.Outfall + TSS..mg.L. + NSEC.Aerobic.SRT + NSEC.Effluent.NO3 + NSEC.Effluent.TSS",0.0153248257879603,0.464689587341757,"3,2"
"15819","Secondary.Effluent.Flow + N..Basin.Outfall + TSS..mg.L. + NSEC.Aerobic.SRT + NSEC.Effluent.NO3 + NSEC.Effluent.NO5",0.260397810497074,0.711280984508478,"3,2"
"15820","Secondary.Effluent.Flow + N..Basin.Outfall + TSS..mg.L. + NSEC.Aerobic.SRT + NSEC.Effluent.NO3 + NSEC.Effluent.Flow",0.260678336447989,0.725621923342893,"3,2"
"15821","Secondary.Effluent.Flow + N..Basin.Outfall + TSS..mg.L. + NSEC.Aerobic.SRT + NSEC.Effluent.OP + NSEC.Effluent.TSS",0.0757931792465332,0.725205041427779,"3,2"
"15822","Secondary.Effluent.Flow + N..Basin.Outfall + TSS..mg.L. + NSEC.Aerobic.SRT + NSEC.Effluent.OP + NSEC.Effluent.NO5",0.0288816499023976,0.646071761881627,"3,2"
"15823","Secondary.Effluent.Flow + N..Basin.Outfall + TSS..mg.L. + NSEC.Aerobic.SRT + NSEC.Effluent.OP + NSEC.Effluent.Flow",0.0420561492837739,0.568845381167457,"3,2"
"15824","Secondary.Effluent.Flow + N..Basin.Outfall + TSS..mg.L. + NSEC.Aerobic.SRT + NSEC.Effluent.TSS + NSEC.Effluent.NO5",0.0142312997214,0.44865223539813,"3,2"
"15825","Secondary.Effluent.Flow + N..Basin.Outfall + TSS..mg.L. + NSEC.Aerobic.SRT + NSEC.Effluent.TSS + NSEC.Effluent.Flow",0.216117913929911,0.750071634981454,"3,2"
"15826","Secondary.Effluent.Flow + N..Basin.Outfall + TSS..mg.L. + NSEC.Aerobic.SRT + NSEC.Effluent.NO5 + NSEC.Effluent.Flow",0.265639279655363,0.718867661169131,"3,2"
"15827","Secondary.Effluent.Flow + N..Basin.Outfall + TSS..mg.L. + NSEC.Effluent.NH3 + NSEC.Effluent.NO3 + NSEC.Effluent.OP",0.141161759962908,0.431794261096764,"3,2"
"15828","Secondary.Effluent.Flow + N..Basin.Outfall + TSS..mg.L. + NSEC.Effluent.NH3 + NSEC.Effluent.NO3 + NSEC.Effluent.TSS",0.316680493125409,0.700196295618879,"3,2"
"15829","Secondary.Effluent.Flow + N..Basin.Outfall + TSS..mg.L. + NSEC.Effluent.NH3 + NSEC.Effluent.NO3 + NSEC.Effluent.NO5",0.103268228127287,0.0630950426678054,"3,2"
"15830","Secondary.Effluent.Flow + N..Basin.Outfall + TSS..mg.L. + NSEC.Effluent.NH3 + NSEC.Effluent.NO3 + NSEC.Effluent.Flow",0.0951643502658617,0.0646146522560275,"3,2"
"15831","Secondary.Effluent.Flow + N..Basin.Outfall + TSS..mg.L. + NSEC.Effluent.NH3 + NSEC.Effluent.OP + NSEC.Effluent.TSS",0.0945368988535318,0.577846804219688,"3,2"
"15832","Secondary.Effluent.Flow + N..Basin.Outfall + TSS..mg.L. + NSEC.Effluent.NH3 + NSEC.Effluent.OP + NSEC.Effluent.NO5",0.111765128223467,0.231155030279079,"3,2"
"15833","Secondary.Effluent.Flow + N..Basin.Outfall + TSS..mg.L. + NSEC.Effluent.NH3 + NSEC.Effluent.OP + NSEC.Effluent.Flow",0.0966110986602673,0.246416068735268,"3,2"
"15834","Secondary.Effluent.Flow + N..Basin.Outfall + TSS..mg.L. + NSEC.Effluent.NH3 + NSEC.Effluent.TSS + NSEC.Effluent.NO5",0.413040676123001,0.550590687398251,"3,2"
"15835","Secondary.Effluent.Flow + N..Basin.Outfall + TSS..mg.L. + NSEC.Effluent.NH3 + NSEC.Effluent.TSS + NSEC.Effluent.Flow",0.0242485843076961,0.490288491132571,"3,2"
"15836","Secondary.Effluent.Flow + N..Basin.Outfall + TSS..mg.L. + NSEC.Effluent.NH3 + NSEC.Effluent.NO5 + NSEC.Effluent.Flow",0.112685790526405,0.0578927068218831,"3,2"
"15837","Secondary.Effluent.Flow + N..Basin.Outfall + TSS..mg.L. + NSEC.Effluent.NO3 + NSEC.Effluent.OP + NSEC.Effluent.TSS",0.0584767961190191,0.591486159380583,"3,2"
"15838","Secondary.Effluent.Flow + N..Basin.Outfall + TSS..mg.L. + NSEC.Effluent.NO3 + NSEC.Effluent.OP + NSEC.Effluent.NO5",0.0718724615520066,0.397331454738053,"3,2"
"15839","Secondary.Effluent.Flow + N..Basin.Outfall + TSS..mg.L. + NSEC.Effluent.NO3 + NSEC.Effluent.OP + NSEC.Effluent.Flow",0.128086854413198,0.241348607388858,"3,2"
"15840","Secondary.Effluent.Flow + N..Basin.Outfall + TSS..mg.L. + NSEC.Effluent.NO3 + NSEC.Effluent.TSS + NSEC.Effluent.NO5",0.0336517478350697,0.541078935024669,"3,2"
"15841","Secondary.Effluent.Flow + N..Basin.Outfall + TSS..mg.L. + NSEC.Effluent.NO3 + NSEC.Effluent.TSS + NSEC.Effluent.Flow",0.0801883734362225,0.408034044047317,"3,2"
"15842","Secondary.Effluent.Flow + N..Basin.Outfall + TSS..mg.L. + NSEC.Effluent.NO3 + NSEC.Effluent.NO5 + NSEC.Effluent.Flow",0.10623754815518,0.0632054344170131,"3,2"
"15843","Secondary.Effluent.Flow + N..Basin.Outfall + TSS..mg.L. + NSEC.Effluent.OP + NSEC.Effluent.TSS + NSEC.Effluent.NO5",0.0281900723464381,0.513192826374036,"3,2"
"15844","Secondary.Effluent.Flow + N..Basin.Outfall + TSS..mg.L. + NSEC.Effluent.OP + NSEC.Effluent.TSS + NSEC.Effluent.Flow",0.0539158706005591,0.552276396125897,"3,2"
"15845","Secondary.Effluent.Flow + N..Basin.Outfall + TSS..mg.L. + NSEC.Effluent.OP + NSEC.Effluent.NO5 + NSEC.Effluent.Flow",0.165690191584001,0.244283637879354,"3,2"
"15846","Secondary.Effluent.Flow + N..Basin.Outfall + TSS..mg.L. + NSEC.Effluent.TSS + NSEC.Effluent.NO5 + NSEC.Effluent.Flow",0.0698824450753153,0.533441201011824,"3,2"
"15847","Secondary.Effluent.Flow + N..Basin.Outfall + UVT.... + CODds..mg.L. + SACto..1.m. + NSEC.Aerobic.SRT",0.0815263924564524,0.721631693606348,"3,2"
"15848","Secondary.Effluent.Flow + N..Basin.Outfall + UVT.... + CODds..mg.L. + SACto..1.m. + NSEC.Effluent.NH3",0.103739109242175,0.517739718142275,"3,2"
"15849","Secondary.Effluent.Flow + N..Basin.Outfall + UVT.... + CODds..mg.L. + SACto..1.m. + NSEC.Effluent.NO3",0.0933268872510193,0.511340621717242,"3,2"
"15850","Secondary.Effluent.Flow + N..Basin.Outfall + UVT.... + CODds..mg.L. + SACto..1.m. + NSEC.Effluent.OP",0.145451233508701,0.527206537019146,"3,2"
"15851","Secondary.Effluent.Flow + N..Basin.Outfall + UVT.... + CODds..mg.L. + SACto..1.m. + NSEC.Effluent.TSS",0.0717309251326295,0.740594094626823,"3,2"
"15852","Secondary.Effluent.Flow + N..Basin.Outfall + UVT.... + CODds..mg.L. + SACto..1.m. + NSEC.Effluent.NO5",0.0937950331562356,0.516159046930804,"3,2"
"15853","Secondary.Effluent.Flow + N..Basin.Outfall + UVT.... + CODds..mg.L. + SACto..1.m. + NSEC.Effluent.Flow",0.111750354872141,0.48264162210901,"3,2"
"15854","Secondary.Effluent.Flow + N..Basin.Outfall + UVT.... + CODds..mg.L. + NSEC.Aerobic.SRT + NSEC.Effluent.NH3",0.062609149853468,0.734609491178865,"3,2"
"15855","Secondary.Effluent.Flow + N..Basin.Outfall + UVT.... + CODds..mg.L. + NSEC.Aerobic.SRT + NSEC.Effluent.NO3",0.298974584995206,0.805795930036081,"3,2"
"15856","Secondary.Effluent.Flow + N..Basin.Outfall + UVT.... + CODds..mg.L. + NSEC.Aerobic.SRT + NSEC.Effluent.OP",0.101762647859677,0.626112192335286,"3,2"
"15857","Secondary.Effluent.Flow + N..Basin.Outfall + UVT.... + CODds..mg.L. + NSEC.Aerobic.SRT + NSEC.Effluent.TSS",0.0225501025308217,0.766908365608132,"3,2"
"15858","Secondary.Effluent.Flow + N..Basin.Outfall + UVT.... + CODds..mg.L. + NSEC.Aerobic.SRT + NSEC.Effluent.NO5",0.0696352067568362,0.408525173632769,"3,2"
"15859","Secondary.Effluent.Flow + N..Basin.Outfall + UVT.... + CODds..mg.L. + NSEC.Aerobic.SRT + NSEC.Effluent.Flow",0.0128286508773621,0.762668290584329,"3,2"
"15860","Secondary.Effluent.Flow + N..Basin.Outfall + UVT.... + CODds..mg.L. + NSEC.Effluent.NH3 + NSEC.Effluent.NO3",0.0715691486819106,0.573967876540516,"3,2"
"15861","Secondary.Effluent.Flow + N..Basin.Outfall + UVT.... + CODds..mg.L. + NSEC.Effluent.NH3 + NSEC.Effluent.OP",0.0424164367726316,0.55655295048403,"3,2"
"15862","Secondary.Effluent.Flow + N..Basin.Outfall + UVT.... + CODds..mg.L. + NSEC.Effluent.NH3 + NSEC.Effluent.TSS",0.234579666146239,0.617728410132672,"3,2"
"15863","Secondary.Effluent.Flow + N..Basin.Outfall + UVT.... + CODds..mg.L. + NSEC.Effluent.NH3 + NSEC.Effluent.NO5",0.0582078001057234,0.397192880429764,"3,2"
"15864","Secondary.Effluent.Flow + N..Basin.Outfall + UVT.... + CODds..mg.L. + NSEC.Effluent.NH3 + NSEC.Effluent.Flow",0.130379672177394,0.513652846197925,"3,2"
"15865","Secondary.Effluent.Flow + N..Basin.Outfall + UVT.... + CODds..mg.L. + NSEC.Effluent.NO3 + NSEC.Effluent.OP",0.205577408488929,0.525414881887641,"3,2"
"15866","Secondary.Effluent.Flow + N..Basin.Outfall + UVT.... + CODds..mg.L. + NSEC.Effluent.NO3 + NSEC.Effluent.TSS",0.29330753537256,0.73294817540859,"3,2"
"15867","Secondary.Effluent.Flow + N..Basin.Outfall + UVT.... + CODds..mg.L. + NSEC.Effluent.NO3 + NSEC.Effluent.NO5",0.168800816024203,0.546866674618032,"3,2"
"15868","Secondary.Effluent.Flow + N..Basin.Outfall + UVT.... + CODds..mg.L. + NSEC.Effluent.NO3 + NSEC.Effluent.Flow",0.166649093351969,0.491776844388898,"3,2"
"15869","Secondary.Effluent.Flow + N..Basin.Outfall + UVT.... + CODds..mg.L. + NSEC.Effluent.OP + NSEC.Effluent.TSS",0.201058903539088,0.66498840339197,"3,2"
"15870","Secondary.Effluent.Flow + N..Basin.Outfall + UVT.... + CODds..mg.L. + NSEC.Effluent.OP + NSEC.Effluent.NO5",0.15790575982989,0.60539205694738,"3,2"
"15871","Secondary.Effluent.Flow + N..Basin.Outfall + UVT.... + CODds..mg.L. + NSEC.Effluent.OP + NSEC.Effluent.Flow",0.0619657791762638,0.552949430655713,"3,2"
"15872","Secondary.Effluent.Flow + N..Basin.Outfall + UVT.... + CODds..mg.L. + NSEC.Effluent.TSS + NSEC.Effluent.NO5",0.241729493686106,0.756750076664902,"3,2"
"15873","Secondary.Effluent.Flow + N..Basin.Outfall + UVT.... + CODds..mg.L. + NSEC.Effluent.TSS + NSEC.Effluent.Flow",0.194981992278458,0.674023025441226,"3,2"
"15874","Secondary.Effluent.Flow + N..Basin.Outfall + UVT.... + CODds..mg.L. + NSEC.Effluent.NO5 + NSEC.Effluent.Flow",0.179696084140882,0.46039199440417,"3,2"
"15875","Secondary.Effluent.Flow + N..Basin.Outfall + UVT.... + SACto..1.m. + NSEC.Aerobic.SRT + NSEC.Effluent.NH3",0.0174035598366205,0.453447802273771,"3,2"
"15876","Secondary.Effluent.Flow + N..Basin.Outfall + UVT.... + SACto..1.m. + NSEC.Aerobic.SRT + NSEC.Effluent.NO3",0.0522755802283204,0.684906910416481,"3,2"
"15877","Secondary.Effluent.Flow + N..Basin.Outfall + UVT.... + SACto..1.m. + NSEC.Aerobic.SRT + NSEC.Effluent.OP",0.187370372273825,0.71076082000954,"3,2"
"15878","Secondary.Effluent.Flow + N..Basin.Outfall + UVT.... + SACto..1.m. + NSEC.Aerobic.SRT + NSEC.Effluent.TSS",0.15845944305026,0.604993337088879,"3,2"
"15879","Secondary.Effluent.Flow + N..Basin.Outfall + UVT.... + SACto..1.m. + NSEC.Aerobic.SRT + NSEC.Effluent.NO5",0.103623253880759,0.531201473891714,"3,2"
"15880","Secondary.Effluent.Flow + N..Basin.Outfall + UVT.... + SACto..1.m. + NSEC.Aerobic.SRT + NSEC.Effluent.Flow",0.195060328290182,0.685369905227828,"3,2"
"15881","Secondary.Effluent.Flow + N..Basin.Outfall + UVT.... + SACto..1.m. + NSEC.Effluent.NH3 + NSEC.Effluent.NO3",0.0182603435839999,0.151860256768996,"3,2"
"15882","Secondary.Effluent.Flow + N..Basin.Outfall + UVT.... + SACto..1.m. + NSEC.Effluent.NH3 + NSEC.Effluent.OP",0.0395181147490384,0.330786546686279,"3,2"
"15883","Secondary.Effluent.Flow + N..Basin.Outfall + UVT.... + SACto..1.m. + NSEC.Effluent.NH3 + NSEC.Effluent.TSS",0.0428921789185801,0.473295059709878,"3,2"
"15884","Secondary.Effluent.Flow + N..Basin.Outfall + UVT.... + SACto..1.m. + NSEC.Effluent.NH3 + NSEC.Effluent.NO5",0.0731366947189516,0.359418332485582,"3,2"
"15885","Secondary.Effluent.Flow + N..Basin.Outfall + UVT.... + SACto..1.m. + NSEC.Effluent.NH3 + NSEC.Effluent.Flow",0.0105044098288676,0.161027175851343,"3,2"
"15886","Secondary.Effluent.Flow + N..Basin.Outfall + UVT.... + SACto..1.m. + NSEC.Effluent.NO3 + NSEC.Effluent.OP",0.038989150434444,0.413167450630076,"3,2"
"15887","Secondary.Effluent.Flow + N..Basin.Outfall + UVT.... + SACto..1.m. + NSEC.Effluent.NO3 + NSEC.Effluent.TSS",0.0829372165240347,0.623962395624516,"3,2"
"15888","Secondary.Effluent.Flow + N..Basin.Outfall + UVT.... + SACto..1.m. + NSEC.Effluent.NO3 + NSEC.Effluent.NO5",0.128459603187848,0.284478408769234,"3,2"
"15889","Secondary.Effluent.Flow + N..Basin.Outfall + UVT.... + SACto..1.m. + NSEC.Effluent.NO3 + NSEC.Effluent.Flow",0.027727772850358,0.153737783452067,"3,2"
"15890","Secondary.Effluent.Flow + N..Basin.Outfall + UVT.... + SACto..1.m. + NSEC.Effluent.OP + NSEC.Effluent.TSS",0.178576489657077,0.625019836211242,"3,2"
"15891","Secondary.Effluent.Flow + N..Basin.Outfall + UVT.... + SACto..1.m. + NSEC.Effluent.OP + NSEC.Effluent.NO5",0.0298883130405085,0.432085456726461,"3,2"
"15892","Secondary.Effluent.Flow + N..Basin.Outfall + UVT.... + SACto..1.m. + NSEC.Effluent.OP + NSEC.Effluent.Flow",0.00775137772379497,0.327643258856728,"3,2"
"15893","Secondary.Effluent.Flow + N..Basin.Outfall + UVT.... + SACto..1.m. + NSEC.Effluent.TSS + NSEC.Effluent.NO5",0.153184341714991,0.508144508983803,"3,2"
"15894","Secondary.Effluent.Flow + N..Basin.Outfall + UVT.... + SACto..1.m. + NSEC.Effluent.TSS + NSEC.Effluent.Flow",0.250655462889589,0.610983155612454,"3,2"
"15895","Secondary.Effluent.Flow + N..Basin.Outfall + UVT.... + SACto..1.m. + NSEC.Effluent.NO5 + NSEC.Effluent.Flow",0.0340958465157297,0.170183526877042,"3,2"
"15896","Secondary.Effluent.Flow + N..Basin.Outfall + UVT.... + NSEC.Aerobic.SRT + NSEC.Effluent.NH3 + NSEC.Effluent.NO3",0.0117833984471338,0.684573704250012,"3,2"
"15897","Secondary.Effluent.Flow + N..Basin.Outfall + UVT.... + NSEC.Aerobic.SRT + NSEC.Effluent.NH3 + NSEC.Effluent.OP",0.0380051036132678,0.521989131557005,"3,2"
"15898","Secondary.Effluent.Flow + N..Basin.Outfall + UVT.... + NSEC.Aerobic.SRT + NSEC.Effluent.NH3 + NSEC.Effluent.TSS",0.119876473131795,0.681782834080149,"3,2"
"15899","Secondary.Effluent.Flow + N..Basin.Outfall + UVT.... + NSEC.Aerobic.SRT + NSEC.Effluent.NH3 + NSEC.Effluent.NO5",0.319145417524882,0.714871885726642,"3,2"
"15900","Secondary.Effluent.Flow + N..Basin.Outfall + UVT.... + NSEC.Aerobic.SRT + NSEC.Effluent.NH3 + NSEC.Effluent.Flow",0.195958471988966,0.55879623688227,"3,2"
"15901","Secondary.Effluent.Flow + N..Basin.Outfall + UVT.... + NSEC.Aerobic.SRT + NSEC.Effluent.NO3 + NSEC.Effluent.OP",0.152429702192054,0.706185263293444,"3,2"
"15902","Secondary.Effluent.Flow + N..Basin.Outfall + UVT.... + NSEC.Aerobic.SRT + NSEC.Effluent.NO3 + NSEC.Effluent.TSS",0.298708327449318,0.728569998874633,"3,2"
"15903","Secondary.Effluent.Flow + N..Basin.Outfall + UVT.... + NSEC.Aerobic.SRT + NSEC.Effluent.NO3 + NSEC.Effluent.NO5",0.0859436742587358,0.732645707266397,"3,2"
"15904","Secondary.Effluent.Flow + N..Basin.Outfall + UVT.... + NSEC.Aerobic.SRT + NSEC.Effluent.NO3 + NSEC.Effluent.Flow",0.0103260339539073,0.654573272412928,"3,2"
"15905","Secondary.Effluent.Flow + N..Basin.Outfall + UVT.... + NSEC.Aerobic.SRT + NSEC.Effluent.OP + NSEC.Effluent.TSS",0.0687212966979109,0.709391978488299,"3,2"
"15906","Secondary.Effluent.Flow + N..Basin.Outfall + UVT.... + NSEC.Aerobic.SRT + NSEC.Effluent.OP + NSEC.Effluent.NO5",0.0318341737448455,0.750895495460967,"3,2"
"15907","Secondary.Effluent.Flow + N..Basin.Outfall + UVT.... + NSEC.Aerobic.SRT + NSEC.Effluent.OP + NSEC.Effluent.Flow",0.191110801434522,0.686846206055179,"3,2"
"15908","Secondary.Effluent.Flow + N..Basin.Outfall + UVT.... + NSEC.Aerobic.SRT + NSEC.Effluent.TSS + NSEC.Effluent.NO5",0.247751351840862,0.748236848911233,"3,2"
"15909","Secondary.Effluent.Flow + N..Basin.Outfall + UVT.... + NSEC.Aerobic.SRT + NSEC.Effluent.TSS + NSEC.Effluent.Flow",0.0659001708659135,0.681149355634519,"3,2"
"15910","Secondary.Effluent.Flow + N..Basin.Outfall + UVT.... + NSEC.Aerobic.SRT + NSEC.Effluent.NO5 + NSEC.Effluent.Flow",0.093832371754937,0.745299227556615,"3,2"
"15911","Secondary.Effluent.Flow + N..Basin.Outfall + UVT.... + NSEC.Effluent.NH3 + NSEC.Effluent.NO3 + NSEC.Effluent.OP",2.46710374658399e-05,0.470173810236984,"3,2"
"15912","Secondary.Effluent.Flow + N..Basin.Outfall + UVT.... + NSEC.Effluent.NH3 + NSEC.Effluent.NO3 + NSEC.Effluent.TSS",0.0296524646628313,0.71520411853938,"3,2"
"15913","Secondary.Effluent.Flow + N..Basin.Outfall + UVT.... + NSEC.Effluent.NH3 + NSEC.Effluent.NO3 + NSEC.Effluent.NO5",0.116265925857212,0.403404053511361,"3,2"
"15914","Secondary.Effluent.Flow + N..Basin.Outfall + UVT.... + NSEC.Effluent.NH3 + NSEC.Effluent.NO3 + NSEC.Effluent.Flow",0.141449394492368,0.403408227788552,"3,2"
"15915","Secondary.Effluent.Flow + N..Basin.Outfall + UVT.... + NSEC.Effluent.NH3 + NSEC.Effluent.OP + NSEC.Effluent.TSS",0.194652437222674,0.0186933848068022,"3,2"
"15916","Secondary.Effluent.Flow + N..Basin.Outfall + UVT.... + NSEC.Effluent.NH3 + NSEC.Effluent.OP + NSEC.Effluent.NO5",0.00223874817006786,0.498081863829916,"3,2"
"15917","Secondary.Effluent.Flow + N..Basin.Outfall + UVT.... + NSEC.Effluent.NH3 + NSEC.Effluent.OP + NSEC.Effluent.Flow",0.0255528106478859,0.43280643241173,"3,2"
"15918","Secondary.Effluent.Flow + N..Basin.Outfall + UVT.... + NSEC.Effluent.NH3 + NSEC.Effluent.TSS + NSEC.Effluent.NO5",0.141646965279436,0.549013053989594,"3,2"
"15919","Secondary.Effluent.Flow + N..Basin.Outfall + UVT.... + NSEC.Effluent.NH3 + NSEC.Effluent.TSS + NSEC.Effluent.Flow",0.319835174643032,0.589770698058697,"3,2"
"15920","Secondary.Effluent.Flow + N..Basin.Outfall + UVT.... + NSEC.Effluent.NH3 + NSEC.Effluent.NO5 + NSEC.Effluent.Flow",0.00594261731157975,0.175779357359646,"3,2"
"15921","Secondary.Effluent.Flow + N..Basin.Outfall + UVT.... + NSEC.Effluent.NO3 + NSEC.Effluent.OP + NSEC.Effluent.TSS",0.0992551389017908,0.7139776976753,"3,2"
"15922","Secondary.Effluent.Flow + N..Basin.Outfall + UVT.... + NSEC.Effluent.NO3 + NSEC.Effluent.OP + NSEC.Effluent.NO5",0.17138378090476,0.444045001001611,"3,2"
"15923","Secondary.Effluent.Flow + N..Basin.Outfall + UVT.... + NSEC.Effluent.NO3 + NSEC.Effluent.OP + NSEC.Effluent.Flow",0.165442182690604,0.385242777348856,"3,2"
"15924","Secondary.Effluent.Flow + N..Basin.Outfall + UVT.... + NSEC.Effluent.NO3 + NSEC.Effluent.TSS + NSEC.Effluent.NO5",0.100063878162285,0.620593462021075,"3,2"
"15925","Secondary.Effluent.Flow + N..Basin.Outfall + UVT.... + NSEC.Effluent.NO3 + NSEC.Effluent.TSS + NSEC.Effluent.Flow",0.291363603001605,0.63990256625528,"3,2"
"15926","Secondary.Effluent.Flow + N..Basin.Outfall + UVT.... + NSEC.Effluent.NO3 + NSEC.Effluent.NO5 + NSEC.Effluent.Flow",0.139339583052841,0.360604956015913,"3,2"
"15927","Secondary.Effluent.Flow + N..Basin.Outfall + UVT.... + NSEC.Effluent.OP + NSEC.Effluent.TSS + NSEC.Effluent.NO5",0.162557780582255,0.680783717227962,"3,2"
"15928","Secondary.Effluent.Flow + N..Basin.Outfall + UVT.... + NSEC.Effluent.OP + NSEC.Effluent.TSS + NSEC.Effluent.Flow",0.185380331328153,0.678973105082257,"3,2"
"15929","Secondary.Effluent.Flow + N..Basin.Outfall + UVT.... + NSEC.Effluent.OP + NSEC.Effluent.NO5 + NSEC.Effluent.Flow",0.0682684197267722,0.569453867073369,"3,2"
"15930","Secondary.Effluent.Flow + N..Basin.Outfall + UVT.... + NSEC.Effluent.TSS + NSEC.Effluent.NO5 + NSEC.Effluent.Flow",0.0404675601490638,0.592000671645085,"3,2"
"15931","Secondary.Effluent.Flow + N..Basin.Outfall + CODds..mg.L. + SACto..1.m. + NSEC.Aerobic.SRT + NSEC.Effluent.NH3",0.14159227462469,0.721494037979494,"3,2"
"15932","Secondary.Effluent.Flow + N..Basin.Outfall + CODds..mg.L. + SACto..1.m. + NSEC.Aerobic.SRT + NSEC.Effluent.NO3",0.216433828406224,0.57912596619077,"3,2"
"15933","Secondary.Effluent.Flow + N..Basin.Outfall + CODds..mg.L. + SACto..1.m. + NSEC.Aerobic.SRT + NSEC.Effluent.OP",0.236413234231206,0.663238636242425,"3,2"
"15934","Secondary.Effluent.Flow + N..Basin.Outfall + CODds..mg.L. + SACto..1.m. + NSEC.Aerobic.SRT + NSEC.Effluent.TSS",0.0367100925461341,0.776229167166005,"3,2"
"15935","Secondary.Effluent.Flow + N..Basin.Outfall + CODds..mg.L. + SACto..1.m. + NSEC.Aerobic.SRT + NSEC.Effluent.NO5",0.137947675806991,0.755511339586056,"3,2"
"15936","Secondary.Effluent.Flow + N..Basin.Outfall + CODds..mg.L. + SACto..1.m. + NSEC.Aerobic.SRT + NSEC.Effluent.Flow",0.07592223650839,0.81346060928532,"3,2"
"15937","Secondary.Effluent.Flow + N..Basin.Outfall + CODds..mg.L. + SACto..1.m. + NSEC.Effluent.NH3 + NSEC.Effluent.NO3",0.177639313412221,0.53893669445096,"3,2"
"15938","Secondary.Effluent.Flow + N..Basin.Outfall + CODds..mg.L. + SACto..1.m. + NSEC.Effluent.NH3 + NSEC.Effluent.OP",0.149774726970461,0.528578780536269,"3,2"
"15939","Secondary.Effluent.Flow + N..Basin.Outfall + CODds..mg.L. + SACto..1.m. + NSEC.Effluent.NH3 + NSEC.Effluent.TSS",0.236862025158581,0.727525180862297,"3,2"
"15940","Secondary.Effluent.Flow + N..Basin.Outfall + CODds..mg.L. + SACto..1.m. + NSEC.Effluent.NH3 + NSEC.Effluent.NO5",0.162954334663937,0.493302771755217,"3,2"
"15941","Secondary.Effluent.Flow + N..Basin.Outfall + CODds..mg.L. + SACto..1.m. + NSEC.Effluent.NH3 + NSEC.Effluent.Flow",0.139109805819507,0.563063982806248,"3,2"
"15942","Secondary.Effluent.Flow + N..Basin.Outfall + CODds..mg.L. + SACto..1.m. + NSEC.Effluent.NO3 + NSEC.Effluent.OP",0.0987108882148164,0.516545938196261,"3,2"
"15943","Secondary.Effluent.Flow + N..Basin.Outfall + CODds..mg.L. + SACto..1.m. + NSEC.Effluent.NO3 + NSEC.Effluent.TSS",0.188948590224061,0.565037300878778,"3,2"
"15944","Secondary.Effluent.Flow + N..Basin.Outfall + CODds..mg.L. + SACto..1.m. + NSEC.Effluent.NO3 + NSEC.Effluent.NO5",0.144433170152512,0.532069942197499,"3,2"
"15945","Secondary.Effluent.Flow + N..Basin.Outfall + CODds..mg.L. + SACto..1.m. + NSEC.Effluent.NO3 + NSEC.Effluent.Flow",0.087484521823135,0.644200445828718,"3,2"
"15946","Secondary.Effluent.Flow + N..Basin.Outfall + CODds..mg.L. + SACto..1.m. + NSEC.Effluent.OP + NSEC.Effluent.TSS",0.234443275299623,0.734863157507803,"3,2"
"15947","Secondary.Effluent.Flow + N..Basin.Outfall + CODds..mg.L. + SACto..1.m. + NSEC.Effluent.OP + NSEC.Effluent.NO5",0.117833748079759,0.523920707427315,"3,2"
"15948","Secondary.Effluent.Flow + N..Basin.Outfall + CODds..mg.L. + SACto..1.m. + NSEC.Effluent.OP + NSEC.Effluent.Flow",0.174286761641182,0.555876202774454,"3,2"
"15949","Secondary.Effluent.Flow + N..Basin.Outfall + CODds..mg.L. + SACto..1.m. + NSEC.Effluent.TSS + NSEC.Effluent.NO5",0.230932537924134,0.727879329583899,"3,2"
"15950","Secondary.Effluent.Flow + N..Basin.Outfall + CODds..mg.L. + SACto..1.m. + NSEC.Effluent.TSS + NSEC.Effluent.Flow",0.203265691547359,0.751298329089523,"3,2"
"15951","Secondary.Effluent.Flow + N..Basin.Outfall + CODds..mg.L. + SACto..1.m. + NSEC.Effluent.NO5 + NSEC.Effluent.Flow",0.0723286927697866,0.557855168038935,"3,2"
"15952","Secondary.Effluent.Flow + N..Basin.Outfall + CODds..mg.L. + NSEC.Aerobic.SRT + NSEC.Effluent.NH3 + NSEC.Effluent.NO3",0.0774188486756697,0.720734938641446,"3,2"
"15953","Secondary.Effluent.Flow + N..Basin.Outfall + CODds..mg.L. + NSEC.Aerobic.SRT + NSEC.Effluent.NH3 + NSEC.Effluent.OP",0.222075916152638,0.797715852811357,"3,2"
"15954","Secondary.Effluent.Flow + N..Basin.Outfall + CODds..mg.L. + NSEC.Aerobic.SRT + NSEC.Effluent.NH3 + NSEC.Effluent.TSS",0.243665124916976,0.699671605766741,"3,2"
"15955","Secondary.Effluent.Flow + N..Basin.Outfall + CODds..mg.L. + NSEC.Aerobic.SRT + NSEC.Effluent.NH3 + NSEC.Effluent.NO5",0.116362044481192,0.711636823020204,"3,2"
"15956","Secondary.Effluent.Flow + N..Basin.Outfall + CODds..mg.L. + NSEC.Aerobic.SRT + NSEC.Effluent.NH3 + NSEC.Effluent.Flow",0.0872140250808737,0.682824113973876,"3,2"
"15957","Secondary.Effluent.Flow + N..Basin.Outfall + CODds..mg.L. + NSEC.Aerobic.SRT + NSEC.Effluent.NO3 + NSEC.Effluent.OP",0.183743040597104,0.65768050061329,"3,2"
"15958","Secondary.Effluent.Flow + N..Basin.Outfall + CODds..mg.L. + NSEC.Aerobic.SRT + NSEC.Effluent.NO3 + NSEC.Effluent.TSS",0.281369745641842,0.749010126781125,"3,2"
"15959","Secondary.Effluent.Flow + N..Basin.Outfall + CODds..mg.L. + NSEC.Aerobic.SRT + NSEC.Effluent.NO3 + NSEC.Effluent.NO5",0.0902316811289008,0.696357682687239,"3,2"
"15960","Secondary.Effluent.Flow + N..Basin.Outfall + CODds..mg.L. + NSEC.Aerobic.SRT + NSEC.Effluent.NO3 + NSEC.Effluent.Flow",0.0406676102159391,0.559938046117007,"3,2"
"15961","Secondary.Effluent.Flow + N..Basin.Outfall + CODds..mg.L. + NSEC.Aerobic.SRT + NSEC.Effluent.OP + NSEC.Effluent.TSS",0.214129706735033,0.760477218658048,"3,2"
"15962","Secondary.Effluent.Flow + N..Basin.Outfall + CODds..mg.L. + NSEC.Aerobic.SRT + NSEC.Effluent.OP + NSEC.Effluent.NO5",0.0927791411779624,0.764950946895749,"3,2"
"15963","Secondary.Effluent.Flow + N..Basin.Outfall + CODds..mg.L. + NSEC.Aerobic.SRT + NSEC.Effluent.OP + NSEC.Effluent.Flow",0.204168638900495,0.746432943772359,"3,2"
"15964","Secondary.Effluent.Flow + N..Basin.Outfall + CODds..mg.L. + NSEC.Aerobic.SRT + NSEC.Effluent.TSS + NSEC.Effluent.NO5",0.0254910857834068,0.715630561328597,"3,2"
"15965","Secondary.Effluent.Flow + N..Basin.Outfall + CODds..mg.L. + NSEC.Aerobic.SRT + NSEC.Effluent.TSS + NSEC.Effluent.Flow",0.111740441102701,0.721976819968664,"3,2"
"15966","Secondary.Effluent.Flow + N..Basin.Outfall + CODds..mg.L. + NSEC.Aerobic.SRT + NSEC.Effluent.NO5 + NSEC.Effluent.Flow",0.1941871488284,0.715183561078556,"3,2"
"15967","Secondary.Effluent.Flow + N..Basin.Outfall + CODds..mg.L. + NSEC.Effluent.NH3 + NSEC.Effluent.NO3 + NSEC.Effluent.OP",0.0055614701744644,0.46188163773114,"3,2"
"15968","Secondary.Effluent.Flow + N..Basin.Outfall + CODds..mg.L. + NSEC.Effluent.NH3 + NSEC.Effluent.NO3 + NSEC.Effluent.TSS",0.215966814843155,0.629244057687208,"3,2"
"15969","Secondary.Effluent.Flow + N..Basin.Outfall + CODds..mg.L. + NSEC.Effluent.NH3 + NSEC.Effluent.NO3 + NSEC.Effluent.NO5",0.10093491387729,0.490389623224167,"3,2"
"15970","Secondary.Effluent.Flow + N..Basin.Outfall + CODds..mg.L. + NSEC.Effluent.NH3 + NSEC.Effluent.NO3 + NSEC.Effluent.Flow",0.0208261540599297,0.276721260783774,"3,2"
"15971","Secondary.Effluent.Flow + N..Basin.Outfall + CODds..mg.L. + NSEC.Effluent.NH3 + NSEC.Effluent.OP + NSEC.Effluent.TSS",0.105811765345634,0.649205523001604,"3,2"
"15972","Secondary.Effluent.Flow + N..Basin.Outfall + CODds..mg.L. + NSEC.Effluent.NH3 + NSEC.Effluent.OP + NSEC.Effluent.NO5",0.0569433419719596,0.372357616936886,"3,2"
"15973","Secondary.Effluent.Flow + N..Basin.Outfall + CODds..mg.L. + NSEC.Effluent.NH3 + NSEC.Effluent.OP + NSEC.Effluent.Flow",0.19183484559516,0.027604400531255,"3,2"
"15974","Secondary.Effluent.Flow + N..Basin.Outfall + CODds..mg.L. + NSEC.Effluent.NH3 + NSEC.Effluent.TSS + NSEC.Effluent.NO5",0.193029139069992,0.217874382027042,"3,2"
"15975","Secondary.Effluent.Flow + N..Basin.Outfall + CODds..mg.L. + NSEC.Effluent.NH3 + NSEC.Effluent.TSS + NSEC.Effluent.Flow",0.0843621521046165,0.592124581153109,"3,2"
"15976","Secondary.Effluent.Flow + N..Basin.Outfall + CODds..mg.L. + NSEC.Effluent.NH3 + NSEC.Effluent.NO5 + NSEC.Effluent.Flow",0.0671595013512836,0.446023181431519,"3,2"
"15977","Secondary.Effluent.Flow + N..Basin.Outfall + CODds..mg.L. + NSEC.Effluent.NO3 + NSEC.Effluent.OP + NSEC.Effluent.TSS",0.125209317375742,0.660877978672581,"3,2"
"15978","Secondary.Effluent.Flow + N..Basin.Outfall + CODds..mg.L. + NSEC.Effluent.NO3 + NSEC.Effluent.OP + NSEC.Effluent.NO5",0.0816375171274313,0.530508764889834,"3,2"
"15979","Secondary.Effluent.Flow + N..Basin.Outfall + CODds..mg.L. + NSEC.Effluent.NO3 + NSEC.Effluent.OP + NSEC.Effluent.Flow",0.104353725367423,0.492570824727228,"3,2"
"15980","Secondary.Effluent.Flow + N..Basin.Outfall + CODds..mg.L. + NSEC.Effluent.NO3 + NSEC.Effluent.TSS + NSEC.Effluent.NO5",0.167136017293726,0.602305491288908,"3,2"
"15981","Secondary.Effluent.Flow + N..Basin.Outfall + CODds..mg.L. + NSEC.Effluent.NO3 + NSEC.Effluent.TSS + NSEC.Effluent.Flow",0.136556955716855,0.596310072412904,"3,2"
"15982","Secondary.Effluent.Flow + N..Basin.Outfall + CODds..mg.L. + NSEC.Effluent.NO3 + NSEC.Effluent.NO5 + NSEC.Effluent.Flow",0.138308619203261,0.528493123478948,"3,2"
"15983","Secondary.Effluent.Flow + N..Basin.Outfall + CODds..mg.L. + NSEC.Effluent.OP + NSEC.Effluent.TSS + NSEC.Effluent.NO5",0.00292779014301336,0.664300159161861,"3,2"
"15984","Secondary.Effluent.Flow + N..Basin.Outfall + CODds..mg.L. + NSEC.Effluent.OP + NSEC.Effluent.TSS + NSEC.Effluent.Flow",0.0258974890699584,0.656887531000718,"3,2"
"15985","Secondary.Effluent.Flow + N..Basin.Outfall + CODds..mg.L. + NSEC.Effluent.OP + NSEC.Effluent.NO5 + NSEC.Effluent.Flow",0.101746227537082,0.386131652026099,"3,2"
"15986","Secondary.Effluent.Flow + N..Basin.Outfall + CODds..mg.L. + NSEC.Effluent.TSS + NSEC.Effluent.NO5 + NSEC.Effluent.Flow",0.0831193804249373,0.579465912523892,"3,2"
"15987","Secondary.Effluent.Flow + N..Basin.Outfall + SACto..1.m. + NSEC.Aerobic.SRT + NSEC.Effluent.NH3 + NSEC.Effluent.NO3",0.0186065893370939,0.750407555975517,"3,2"
"15988","Secondary.Effluent.Flow + N..Basin.Outfall + SACto..1.m. + NSEC.Aerobic.SRT + NSEC.Effluent.NH3 + NSEC.Effluent.OP",0.161376497163208,0.617034895811188,"3,2"
"15989","Secondary.Effluent.Flow + N..Basin.Outfall + SACto..1.m. + NSEC.Aerobic.SRT + NSEC.Effluent.NH3 + NSEC.Effluent.TSS",0.123826006329216,0.741778561780528,"3,2"
"15990","Secondary.Effluent.Flow + N..Basin.Outfall + SACto..1.m. + NSEC.Aerobic.SRT + NSEC.Effluent.NH3 + NSEC.Effluent.NO5",0.0186318439123085,0.703645481551011,"3,2"
"15991","Secondary.Effluent.Flow + N..Basin.Outfall + SACto..1.m. + NSEC.Aerobic.SRT + NSEC.Effluent.NH3 + NSEC.Effluent.Flow",0.175515988296836,0.705828067677911,"3,2"
"15992","Secondary.Effluent.Flow + N..Basin.Outfall + SACto..1.m. + NSEC.Aerobic.SRT + NSEC.Effluent.NO3 + NSEC.Effluent.OP",0.125386636164688,0.556034391693717,"3,2"
"15993","Secondary.Effluent.Flow + N..Basin.Outfall + SACto..1.m. + NSEC.Aerobic.SRT + NSEC.Effluent.NO3 + NSEC.Effluent.TSS",0.0106148088646658,0.609411672732515,"3,2"
"15994","Secondary.Effluent.Flow + N..Basin.Outfall + SACto..1.m. + NSEC.Aerobic.SRT + NSEC.Effluent.NO3 + NSEC.Effluent.NO5",0.106746062443372,0.645187071835499,"3,2"
"15995","Secondary.Effluent.Flow + N..Basin.Outfall + SACto..1.m. + NSEC.Aerobic.SRT + NSEC.Effluent.NO3 + NSEC.Effluent.Flow",0.0272387050476872,0.300428527483169,"3,2"
"15996","Secondary.Effluent.Flow + N..Basin.Outfall + SACto..1.m. + NSEC.Aerobic.SRT + NSEC.Effluent.OP + NSEC.Effluent.TSS",0.0410916826772803,0.719425500081034,"3,2"
"15997","Secondary.Effluent.Flow + N..Basin.Outfall + SACto..1.m. + NSEC.Aerobic.SRT + NSEC.Effluent.OP + NSEC.Effluent.NO5",0.070169015300563,0.489640169056479,"3,2"
"15998","Secondary.Effluent.Flow + N..Basin.Outfall + SACto..1.m. + NSEC.Aerobic.SRT + NSEC.Effluent.OP + NSEC.Effluent.Flow",0.0737435767935153,0.605369601138929,"3,2"
"15999","Secondary.Effluent.Flow + N..Basin.Outfall + SACto..1.m. + NSEC.Aerobic.SRT + NSEC.Effluent.TSS + NSEC.Effluent.NO5",0.0313929486196107,0.776968794504697,"3,2"
"16000","Secondary.Effluent.Flow + N..Basin.Outfall + SACto..1.m. + NSEC.Aerobic.SRT + NSEC.Effluent.TSS + NSEC.Effluent.Flow",0.0263197714757737,0.705598565411271,"3,2"
"16001","Secondary.Effluent.Flow + N..Basin.Outfall + SACto..1.m. + NSEC.Aerobic.SRT + NSEC.Effluent.NO5 + NSEC.Effluent.Flow",0.0443190247598615,0.652771591295556,"3,2"
"16002","Secondary.Effluent.Flow + N..Basin.Outfall + SACto..1.m. + NSEC.Effluent.NH3 + NSEC.Effluent.NO3 + NSEC.Effluent.OP",0.0311125247678541,0.338450389109508,"3,2"
"16003","Secondary.Effluent.Flow + N..Basin.Outfall + SACto..1.m. + NSEC.Effluent.NH3 + NSEC.Effluent.NO3 + NSEC.Effluent.TSS",0.106385233311212,0.611624973090793,"3,2"
"16004","Secondary.Effluent.Flow + N..Basin.Outfall + SACto..1.m. + NSEC.Effluent.NH3 + NSEC.Effluent.NO3 + NSEC.Effluent.NO5",0.0274054918552529,0.38271747730453,"3,2"
"16005","Secondary.Effluent.Flow + N..Basin.Outfall + SACto..1.m. + NSEC.Effluent.NH3 + NSEC.Effluent.NO3 + NSEC.Effluent.Flow",0.0630424390884752,0.150750224937008,"3,2"
"16006","Secondary.Effluent.Flow + N..Basin.Outfall + SACto..1.m. + NSEC.Effluent.NH3 + NSEC.Effluent.OP + NSEC.Effluent.TSS",0.0704287373707193,0.650839066350645,"3,2"
"16007","Secondary.Effluent.Flow + N..Basin.Outfall + SACto..1.m. + NSEC.Effluent.NH3 + NSEC.Effluent.OP + NSEC.Effluent.NO5",0.0112029148016619,0.411518626032504,"3,2"
"16008","Secondary.Effluent.Flow + N..Basin.Outfall + SACto..1.m. + NSEC.Effluent.NH3 + NSEC.Effluent.OP + NSEC.Effluent.Flow",0.0233535571784445,0.304060813275517,"3,2"
"16009","Secondary.Effluent.Flow + N..Basin.Outfall + SACto..1.m. + NSEC.Effluent.NH3 + NSEC.Effluent.TSS + NSEC.Effluent.NO5",0.0947708538506982,0.487866754026343,"3,2"
"16010","Secondary.Effluent.Flow + N..Basin.Outfall + SACto..1.m. + NSEC.Effluent.NH3 + NSEC.Effluent.TSS + NSEC.Effluent.Flow",0.165781803380037,0.631169739859055,"3,2"
"16011","Secondary.Effluent.Flow + N..Basin.Outfall + SACto..1.m. + NSEC.Effluent.NH3 + NSEC.Effluent.NO5 + NSEC.Effluent.Flow",0.0387751130789677,0.16404308239568,"3,2"
"16012","Secondary.Effluent.Flow + N..Basin.Outfall + SACto..1.m. + NSEC.Effluent.NO3 + NSEC.Effluent.OP + NSEC.Effluent.TSS",0.228041386015921,0.675225856802908,"3,2"
"16013","Secondary.Effluent.Flow + N..Basin.Outfall + SACto..1.m. + NSEC.Effluent.NO3 + NSEC.Effluent.OP + NSEC.Effluent.NO5",0.0345952426383012,0.589093732937514,"3,2"
"16014","Secondary.Effluent.Flow + N..Basin.Outfall + SACto..1.m. + NSEC.Effluent.NO3 + NSEC.Effluent.OP + NSEC.Effluent.Flow",0.00372000030394282,0.527482943451548,"3,2"
"16015","Secondary.Effluent.Flow + N..Basin.Outfall + SACto..1.m. + NSEC.Effluent.NO3 + NSEC.Effluent.TSS + NSEC.Effluent.NO5",0.087355518568482,0.58834641543463,"3,2"
"16016","Secondary.Effluent.Flow + N..Basin.Outfall + SACto..1.m. + NSEC.Effluent.NO3 + NSEC.Effluent.TSS + NSEC.Effluent.Flow",0.0724613572809703,0.501003920718537,"3,2"
"16017","Secondary.Effluent.Flow + N..Basin.Outfall + SACto..1.m. + NSEC.Effluent.NO3 + NSEC.Effluent.NO5 + NSEC.Effluent.Flow",0.148367636342464,0.255112752752068,"3,2"
"16018","Secondary.Effluent.Flow + N..Basin.Outfall + SACto..1.m. + NSEC.Effluent.OP + NSEC.Effluent.TSS + NSEC.Effluent.NO5",0.225038968748623,0.707657662632545,"3,2"
"16019","Secondary.Effluent.Flow + N..Basin.Outfall + SACto..1.m. + NSEC.Effluent.OP + NSEC.Effluent.TSS + NSEC.Effluent.Flow",0.165834309370603,0.711709578010886,"3,2"
"16020","Secondary.Effluent.Flow + N..Basin.Outfall + SACto..1.m. + NSEC.Effluent.OP + NSEC.Effluent.NO5 + NSEC.Effluent.Flow",0.0521652679975566,0.438706636921954,"3,2"
"16021","Secondary.Effluent.Flow + N..Basin.Outfall + SACto..1.m. + NSEC.Effluent.TSS + NSEC.Effluent.NO5 + NSEC.Effluent.Flow",0.125160002367322,0.626372916140984,"3,2"
"16022","Secondary.Effluent.Flow + N..Basin.Outfall + NSEC.Aerobic.SRT + NSEC.Effluent.NH3 + NSEC.Effluent.NO3 + NSEC.Effluent.OP",0.204330929501668,0.68774226279626,"3,2"
"16023","Secondary.Effluent.Flow + N..Basin.Outfall + NSEC.Aerobic.SRT + NSEC.Effluent.NH3 + NSEC.Effluent.NO3 + NSEC.Effluent.TSS",0.316112303467599,0.635566476936773,"3,2"
"16024","Secondary.Effluent.Flow + N..Basin.Outfall + NSEC.Aerobic.SRT + NSEC.Effluent.NH3 + NSEC.Effluent.NO3 + NSEC.Effluent.NO5",0.149455149829116,0.69095803720332,"3,2"
"16025","Secondary.Effluent.Flow + N..Basin.Outfall + NSEC.Aerobic.SRT + NSEC.Effluent.NH3 + NSEC.Effluent.NO3 + NSEC.Effluent.Flow",0.176913427061697,0.577045572935877,"3,2"
"16026","Secondary.Effluent.Flow + N..Basin.Outfall + NSEC.Aerobic.SRT + NSEC.Effluent.NH3 + NSEC.Effluent.OP + NSEC.Effluent.TSS",0.0442847435955589,0.606460219809666,"3,2"
"16027","Secondary.Effluent.Flow + N..Basin.Outfall + NSEC.Aerobic.SRT + NSEC.Effluent.NH3 + NSEC.Effluent.OP + NSEC.Effluent.NO5",0.195582860741132,8.4427374504066e-05,"3,2"
"16028","Secondary.Effluent.Flow + N..Basin.Outfall + NSEC.Aerobic.SRT + NSEC.Effluent.NH3 + NSEC.Effluent.OP + NSEC.Effluent.Flow",0.0568545841982842,0.530946104124898,"3,2"
"16029","Secondary.Effluent.Flow + N..Basin.Outfall + NSEC.Aerobic.SRT + NSEC.Effluent.NH3 + NSEC.Effluent.TSS + NSEC.Effluent.NO5",0.142408293838914,0.707304964873151,"3,2"
"16030","Secondary.Effluent.Flow + N..Basin.Outfall + NSEC.Aerobic.SRT + NSEC.Effluent.NH3 + NSEC.Effluent.TSS + NSEC.Effluent.Flow",0.166362836363128,0.616190059440469,"3,2"
"16031","Secondary.Effluent.Flow + N..Basin.Outfall + NSEC.Aerobic.SRT + NSEC.Effluent.NH3 + NSEC.Effluent.NO5 + NSEC.Effluent.Flow",0.0222577269105761,0.392192641187635,"3,2"
"16032","Secondary.Effluent.Flow + N..Basin.Outfall + NSEC.Aerobic.SRT + NSEC.Effluent.NO3 + NSEC.Effluent.OP + NSEC.Effluent.TSS",0.389944210497657,0.736594159399612,"3,2"
"16033","Secondary.Effluent.Flow + N..Basin.Outfall + NSEC.Aerobic.SRT + NSEC.Effluent.NO3 + NSEC.Effluent.OP + NSEC.Effluent.NO5",0.132542316036817,0.766900290599303,"3,2"
"16034","Secondary.Effluent.Flow + N..Basin.Outfall + NSEC.Aerobic.SRT + NSEC.Effluent.NO3 + NSEC.Effluent.OP + NSEC.Effluent.Flow",0.141710662124958,0.685857951347053,"3,2"
"16035","Secondary.Effluent.Flow + N..Basin.Outfall + NSEC.Aerobic.SRT + NSEC.Effluent.NO3 + NSEC.Effluent.TSS + NSEC.Effluent.NO5",0.202708893369181,0.631507155177805,"3,2"
"16036","Secondary.Effluent.Flow + N..Basin.Outfall + NSEC.Aerobic.SRT + NSEC.Effluent.NO3 + NSEC.Effluent.TSS + NSEC.Effluent.Flow",0.147403051991695,0.631979945401135,"3,2"
"16037","Secondary.Effluent.Flow + N..Basin.Outfall + NSEC.Aerobic.SRT + NSEC.Effluent.NO3 + NSEC.Effluent.NO5 + NSEC.Effluent.Flow",0.172058346703534,0.601220128134456,"3,2"
"16038","Secondary.Effluent.Flow + N..Basin.Outfall + NSEC.Aerobic.SRT + NSEC.Effluent.OP + NSEC.Effluent.TSS + NSEC.Effluent.NO5",0.0163679194733617,0.448287286484791,"3,2"
"16039","Secondary.Effluent.Flow + N..Basin.Outfall + NSEC.Aerobic.SRT + NSEC.Effluent.OP + NSEC.Effluent.TSS + NSEC.Effluent.Flow",0.374677611688278,0.675203821185969,"3,2"
"16040","Secondary.Effluent.Flow + N..Basin.Outfall + NSEC.Aerobic.SRT + NSEC.Effluent.OP + NSEC.Effluent.NO5 + NSEC.Effluent.Flow",0.0609141417219483,0.681252370449645,"3,2"
"16041","Secondary.Effluent.Flow + N..Basin.Outfall + NSEC.Aerobic.SRT + NSEC.Effluent.TSS + NSEC.Effluent.NO5 + NSEC.Effluent.Flow",0.000447032724081753,0.436393717310814,"3,2"
"16042","Secondary.Effluent.Flow + N..Basin.Outfall + NSEC.Effluent.NH3 + NSEC.Effluent.NO3 + NSEC.Effluent.OP + NSEC.Effluent.TSS",0.0918959967585149,0.591732949761487,"3,2"
"16043","Secondary.Effluent.Flow + N..Basin.Outfall + NSEC.Effluent.NH3 + NSEC.Effluent.NO3 + NSEC.Effluent.OP + NSEC.Effluent.NO5",0.204973056743299,0.463214508137194,"3,2"
"16044","Secondary.Effluent.Flow + N..Basin.Outfall + NSEC.Effluent.NH3 + NSEC.Effluent.NO3 + NSEC.Effluent.OP + NSEC.Effluent.Flow",0.146532136418868,0.322890655303832,"3,2"
"16045","Secondary.Effluent.Flow + N..Basin.Outfall + NSEC.Effluent.NH3 + NSEC.Effluent.NO3 + NSEC.Effluent.TSS + NSEC.Effluent.NO5",0.0462927353429858,0.47351975287221,"3,2"
"16046","Secondary.Effluent.Flow + N..Basin.Outfall + NSEC.Effluent.NH3 + NSEC.Effluent.NO3 + NSEC.Effluent.TSS + NSEC.Effluent.Flow",0.224568724778889,0.543464247368135,"3,2"
"16047","Secondary.Effluent.Flow + N..Basin.Outfall + NSEC.Effluent.NH3 + NSEC.Effluent.NO3 + NSEC.Effluent.NO5 + NSEC.Effluent.Flow",0.127797636451917,0.0570364819698339,"3,2"
"16048","Secondary.Effluent.Flow + N..Basin.Outfall + NSEC.Effluent.NH3 + NSEC.Effluent.OP + NSEC.Effluent.TSS + NSEC.Effluent.NO5",0.0307523200335593,0.593276213689415,"3,2"
"16049","Secondary.Effluent.Flow + N..Basin.Outfall + NSEC.Effluent.NH3 + NSEC.Effluent.OP + NSEC.Effluent.TSS + NSEC.Effluent.Flow",0.150068634642298,0.531023800980676,"3,2"
"16050","Secondary.Effluent.Flow + N..Basin.Outfall + NSEC.Effluent.NH3 + NSEC.Effluent.OP + NSEC.Effluent.NO5 + NSEC.Effluent.Flow",0.18639368603476,0.410069588246008,"3,2"
"16051","Secondary.Effluent.Flow + N..Basin.Outfall + NSEC.Effluent.NH3 + NSEC.Effluent.TSS + NSEC.Effluent.NO5 + NSEC.Effluent.Flow",0.0263580695351957,0.522676156125458,"3,2"
"16052","Secondary.Effluent.Flow + N..Basin.Outfall + NSEC.Effluent.NO3 + NSEC.Effluent.OP + NSEC.Effluent.TSS + NSEC.Effluent.NO5",0.0996863333955869,0.584792349820206,"3,2"
"16053","Secondary.Effluent.Flow + N..Basin.Outfall + NSEC.Effluent.NO3 + NSEC.Effluent.OP + NSEC.Effluent.TSS + NSEC.Effluent.Flow",0.193638014516398,0.00125975747440034,"3,2"
"16054","Secondary.Effluent.Flow + N..Basin.Outfall + NSEC.Effluent.NO3 + NSEC.Effluent.OP + NSEC.Effluent.NO5 + NSEC.Effluent.Flow",0.028706092474915,0.405968259833122,"3,2"
"16055","Secondary.Effluent.Flow + N..Basin.Outfall + NSEC.Effluent.NO3 + NSEC.Effluent.TSS + NSEC.Effluent.NO5 + NSEC.Effluent.Flow",0.0559379318727753,0.565617367827421,"3,2"
"16056","Secondary.Effluent.Flow + N..Basin.Outfall + NSEC.Effluent.OP + NSEC.Effluent.TSS + NSEC.Effluent.NO5 + NSEC.Effluent.Flow",0.0545874062825231,0.489237572239498,"3,2"
"16057","Secondary.Effluent.Flow + CODto..mg.L. + TSS..mg.L. + UVT.... + CODds..mg.L. + SACto..1.m.",0.0604336020778202,0.489099663220632,"3,2"
"16058","Secondary.Effluent.Flow + CODto..mg.L. + TSS..mg.L. + UVT.... + CODds..mg.L. + NSEC.Aerobic.SRT",0.0282265176792649,0.743682740056093,"3,2"
"16059","Secondary.Effluent.Flow + CODto..mg.L. + TSS..mg.L. + UVT.... + CODds..mg.L. + NSEC.Effluent.NH3",0.0942560088930309,0.523291202962302,"3,2"
"16060","Secondary.Effluent.Flow + CODto..mg.L. + TSS..mg.L. + UVT.... + CODds..mg.L. + NSEC.Effluent.NO3",0.156149611993542,0.512027090585792,"3,2"
"16061","Secondary.Effluent.Flow + CODto..mg.L. + TSS..mg.L. + UVT.... + CODds..mg.L. + NSEC.Effluent.OP",0.225846776374438,0.529468663033123,"3,2"
"16062","Secondary.Effluent.Flow + CODto..mg.L. + TSS..mg.L. + UVT.... + CODds..mg.L. + NSEC.Effluent.TSS",0.187208141475343,0.761485834857837,"3,2"
"16063","Secondary.Effluent.Flow + CODto..mg.L. + TSS..mg.L. + UVT.... + CODds..mg.L. + NSEC.Effluent.NO5",0.160125717378153,0.563522596820061,"3,2"
"16064","Secondary.Effluent.Flow + CODto..mg.L. + TSS..mg.L. + UVT.... + CODds..mg.L. + NSEC.Effluent.Flow",0.124392239874108,0.509901600832249,"3,2"
"16065","Secondary.Effluent.Flow + CODto..mg.L. + TSS..mg.L. + UVT.... + SACto..1.m. + NSEC.Aerobic.SRT",0.19241353580752,0.0616966468225751,"3,2"
"16066","Secondary.Effluent.Flow + CODto..mg.L. + TSS..mg.L. + UVT.... + SACto..1.m. + NSEC.Effluent.NH3",0.143952788519272,0.483648479376923,"3,2"
"16067","Secondary.Effluent.Flow + CODto..mg.L. + TSS..mg.L. + UVT.... + SACto..1.m. + NSEC.Effluent.NO3",0.0440263047110125,0.483802384575762,"3,2"
"16068","Secondary.Effluent.Flow + CODto..mg.L. + TSS..mg.L. + UVT.... + SACto..1.m. + NSEC.Effluent.OP",0.190338424952488,0.573600352813518,"3,2"
"16069","Secondary.Effluent.Flow + CODto..mg.L. + TSS..mg.L. + UVT.... + SACto..1.m. + NSEC.Effluent.TSS",0.256177886742722,0.713518635603799,"3,2"
"16070","Secondary.Effluent.Flow + CODto..mg.L. + TSS..mg.L. + UVT.... + SACto..1.m. + NSEC.Effluent.NO5",0.0990606929272648,0.515428968343296,"3,2"
"16071","Secondary.Effluent.Flow + CODto..mg.L. + TSS..mg.L. + UVT.... + SACto..1.m. + NSEC.Effluent.Flow",0.061956226576565,0.518586974945993,"3,2"
"16072","Secondary.Effluent.Flow + CODto..mg.L. + TSS..mg.L. + UVT.... + NSEC.Aerobic.SRT + NSEC.Effluent.NH3",0.106304947749194,0.57392257148897,"3,2"
"16073","Secondary.Effluent.Flow + CODto..mg.L. + TSS..mg.L. + UVT.... + NSEC.Aerobic.SRT + NSEC.Effluent.NO3",0.0375420782079496,0.739928860679992,"3,2"
"16074","Secondary.Effluent.Flow + CODto..mg.L. + TSS..mg.L. + UVT.... + NSEC.Aerobic.SRT + NSEC.Effluent.OP",0.0515803590748254,0.757509230974593,"3,2"
"16075","Secondary.Effluent.Flow + CODto..mg.L. + TSS..mg.L. + UVT.... + NSEC.Aerobic.SRT + NSEC.Effluent.TSS",0.0764297869910662,0.585718884270877,"3,2"
"16076","Secondary.Effluent.Flow + CODto..mg.L. + TSS..mg.L. + UVT.... + NSEC.Aerobic.SRT + NSEC.Effluent.NO5",0.0110658750908372,0.766176703288666,"3,2"
"16077","Secondary.Effluent.Flow + CODto..mg.L. + TSS..mg.L. + UVT.... + NSEC.Aerobic.SRT + NSEC.Effluent.Flow",0.142323793084711,0.736571527209246,"3,2"
"16078","Secondary.Effluent.Flow + CODto..mg.L. + TSS..mg.L. + UVT.... + NSEC.Effluent.NH3 + NSEC.Effluent.NO3",0.0645144863632776,0.511924923425375,"3,2"
"16079","Secondary.Effluent.Flow + CODto..mg.L. + TSS..mg.L. + UVT.... + NSEC.Effluent.NH3 + NSEC.Effluent.OP",0.188052805265672,0.525872776119729,"3,2"
"16080","Secondary.Effluent.Flow + CODto..mg.L. + TSS..mg.L. + UVT.... + NSEC.Effluent.NH3 + NSEC.Effluent.TSS",0.246700117421472,0.70488422577857,"3,2"
"16081","Secondary.Effluent.Flow + CODto..mg.L. + TSS..mg.L. + UVT.... + NSEC.Effluent.NH3 + NSEC.Effluent.NO5",0.0818303557218825,0.540051218634518,"3,2"
"16082","Secondary.Effluent.Flow + CODto..mg.L. + TSS..mg.L. + UVT.... + NSEC.Effluent.NH3 + NSEC.Effluent.Flow",0.112859379836838,0.511823427996482,"3,2"
"16083","Secondary.Effluent.Flow + CODto..mg.L. + TSS..mg.L. + UVT.... + NSEC.Effluent.NO3 + NSEC.Effluent.OP",0.0857466466550065,0.540532432083709,"3,2"
"16084","Secondary.Effluent.Flow + CODto..mg.L. + TSS..mg.L. + UVT.... + NSEC.Effluent.NO3 + NSEC.Effluent.TSS",0.263276985530136,0.765516115515094,"3,2"
"16085","Secondary.Effluent.Flow + CODto..mg.L. + TSS..mg.L. + UVT.... + NSEC.Effluent.NO3 + NSEC.Effluent.NO5",0.278017630573101,0.556515245792705,"3,2"
"16086","Secondary.Effluent.Flow + CODto..mg.L. + TSS..mg.L. + UVT.... + NSEC.Effluent.NO3 + NSEC.Effluent.Flow",0.0535717488206982,0.492985511455328,"3,2"
"16087","Secondary.Effluent.Flow + CODto..mg.L. + TSS..mg.L. + UVT.... + NSEC.Effluent.OP + NSEC.Effluent.TSS",0.247717328094236,0.765239109815685,"3,2"
"16088","Secondary.Effluent.Flow + CODto..mg.L. + TSS..mg.L. + UVT.... + NSEC.Effluent.OP + NSEC.Effluent.NO5",0.109484649219852,0.652572780174116,"3,2"
"16089","Secondary.Effluent.Flow + CODto..mg.L. + TSS..mg.L. + UVT.... + NSEC.Effluent.OP + NSEC.Effluent.Flow",0.180923070852966,0.554221882262091,"3,2"
"16090","Secondary.Effluent.Flow + CODto..mg.L. + TSS..mg.L. + UVT.... + NSEC.Effluent.TSS + NSEC.Effluent.NO5",0.0754782438302193,0.692220076978398,"3,2"
"16091","Secondary.Effluent.Flow + CODto..mg.L. + TSS..mg.L. + UVT.... + NSEC.Effluent.TSS + NSEC.Effluent.Flow",0.273045019792351,0.699936682406205,"3,2"
"16092","Secondary.Effluent.Flow + CODto..mg.L. + TSS..mg.L. + UVT.... + NSEC.Effluent.NO5 + NSEC.Effluent.Flow",0.134110667473655,0.519081377493699,"3,2"
"16093","Secondary.Effluent.Flow + CODto..mg.L. + TSS..mg.L. + CODds..mg.L. + SACto..1.m. + NSEC.Aerobic.SRT",0.0870150103999781,0.762792457650206,"3,2"
"16094","Secondary.Effluent.Flow + CODto..mg.L. + TSS..mg.L. + CODds..mg.L. + SACto..1.m. + NSEC.Effluent.NH3",0.141131956591658,0.498376041970375,"3,2"
"16095","Secondary.Effluent.Flow + CODto..mg.L. + TSS..mg.L. + CODds..mg.L. + SACto..1.m. + NSEC.Effluent.NO3",0.155133169116691,0.505350768436126,"3,2"
"16096","Secondary.Effluent.Flow + CODto..mg.L. + TSS..mg.L. + CODds..mg.L. + SACto..1.m. + NSEC.Effluent.OP",0.196508254789041,0.517068883785702,"3,2"
"16097","Secondary.Effluent.Flow + CODto..mg.L. + TSS..mg.L. + CODds..mg.L. + SACto..1.m. + NSEC.Effluent.TSS",0.220113073960087,0.715884060907943,"3,2"
"16098","Secondary.Effluent.Flow + CODto..mg.L. + TSS..mg.L. + CODds..mg.L. + SACto..1.m. + NSEC.Effluent.NO5",0.102544088107974,0.569176313311685,"3,2"
"16099","Secondary.Effluent.Flow + CODto..mg.L. + TSS..mg.L. + CODds..mg.L. + SACto..1.m. + NSEC.Effluent.Flow",0.121197826583196,0.500903564305474,"3,2"
"16100","Secondary.Effluent.Flow + CODto..mg.L. + TSS..mg.L. + CODds..mg.L. + NSEC.Aerobic.SRT + NSEC.Effluent.NH3",0.0192706960936919,0.807247297138714,"3,2"
"16101","Secondary.Effluent.Flow + CODto..mg.L. + TSS..mg.L. + CODds..mg.L. + NSEC.Aerobic.SRT + NSEC.Effluent.NO3",0.122654304097664,0.808479158978527,"3,2"
"16102","Secondary.Effluent.Flow + CODto..mg.L. + TSS..mg.L. + CODds..mg.L. + NSEC.Aerobic.SRT + NSEC.Effluent.OP",0.0970706420529748,0.743009323008019,"3,2"
"16103","Secondary.Effluent.Flow + CODto..mg.L. + TSS..mg.L. + CODds..mg.L. + NSEC.Aerobic.SRT + NSEC.Effluent.TSS",0.0344076671956395,0.786092020324195,"3,2"
"16104","Secondary.Effluent.Flow + CODto..mg.L. + TSS..mg.L. + CODds..mg.L. + NSEC.Aerobic.SRT + NSEC.Effluent.NO5",0.0841714496897243,0.758318856990867,"3,2"
"16105","Secondary.Effluent.Flow + CODto..mg.L. + TSS..mg.L. + CODds..mg.L. + NSEC.Aerobic.SRT + NSEC.Effluent.Flow",0.0605638627801945,0.605861985199709,"3,2"
"16106","Secondary.Effluent.Flow + CODto..mg.L. + TSS..mg.L. + CODds..mg.L. + NSEC.Effluent.NH3 + NSEC.Effluent.NO3",0.220208480906684,0.518560124249873,"3,2"
"16107","Secondary.Effluent.Flow + CODto..mg.L. + TSS..mg.L. + CODds..mg.L. + NSEC.Effluent.NH3 + NSEC.Effluent.OP",0.152132165806941,0.543115170835623,"3,2"
"16108","Secondary.Effluent.Flow + CODto..mg.L. + TSS..mg.L. + CODds..mg.L. + NSEC.Effluent.NH3 + NSEC.Effluent.TSS",0.104363159788177,0.566848275317576,"3,2"
"16109","Secondary.Effluent.Flow + CODto..mg.L. + TSS..mg.L. + CODds..mg.L. + NSEC.Effluent.NH3 + NSEC.Effluent.NO5",0.13113552101848,0.474034462442456,"3,2"
"16110","Secondary.Effluent.Flow + CODto..mg.L. + TSS..mg.L. + CODds..mg.L. + NSEC.Effluent.NH3 + NSEC.Effluent.Flow",0.130572738631008,0.53803669875621,"3,2"
"16111","Secondary.Effluent.Flow + CODto..mg.L. + TSS..mg.L. + CODds..mg.L. + NSEC.Effluent.NO3 + NSEC.Effluent.OP",0.160402500208997,0.590754228339647,"3,2"
"16112","Secondary.Effluent.Flow + CODto..mg.L. + TSS..mg.L. + CODds..mg.L. + NSEC.Effluent.NO3 + NSEC.Effluent.TSS",0.229276736480851,0.72041818472095,"3,2"
"16113","Secondary.Effluent.Flow + CODto..mg.L. + TSS..mg.L. + CODds..mg.L. + NSEC.Effluent.NO3 + NSEC.Effluent.NO5",0.153851502849574,0.525109747931481,"3,2"
"16114","Secondary.Effluent.Flow + CODto..mg.L. + TSS..mg.L. + CODds..mg.L. + NSEC.Effluent.NO3 + NSEC.Effluent.Flow",0.193173317717398,0.557932335917432,"3,2"
"16115","Secondary.Effluent.Flow + CODto..mg.L. + TSS..mg.L. + CODds..mg.L. + NSEC.Effluent.OP + NSEC.Effluent.TSS",0.251256426762809,0.767051377876666,"3,2"
"16116","Secondary.Effluent.Flow + CODto..mg.L. + TSS..mg.L. + CODds..mg.L. + NSEC.Effluent.OP + NSEC.Effluent.NO5",0.135165902366893,0.560117959024472,"3,2"
"16117","Secondary.Effluent.Flow + CODto..mg.L. + TSS..mg.L. + CODds..mg.L. + NSEC.Effluent.OP + NSEC.Effluent.Flow",0.167641928969517,0.543082198266033,"3,2"
"16118","Secondary.Effluent.Flow + CODto..mg.L. + TSS..mg.L. + CODds..mg.L. + NSEC.Effluent.TSS + NSEC.Effluent.NO5",0.267684212733489,0.760791221249814,"3,2"
"16119","Secondary.Effluent.Flow + CODto..mg.L. + TSS..mg.L. + CODds..mg.L. + NSEC.Effluent.TSS + NSEC.Effluent.Flow",0.16988890147129,0.691841296144778,"3,2"
"16120","Secondary.Effluent.Flow + CODto..mg.L. + TSS..mg.L. + CODds..mg.L. + NSEC.Effluent.NO5 + NSEC.Effluent.Flow",0.190423348814283,0.565531324580206,"3,2"
"16121","Secondary.Effluent.Flow + CODto..mg.L. + TSS..mg.L. + SACto..1.m. + NSEC.Aerobic.SRT + NSEC.Effluent.NH3",0.0960450983987076,0.716695636020876,"3,2"
"16122","Secondary.Effluent.Flow + CODto..mg.L. + TSS..mg.L. + SACto..1.m. + NSEC.Aerobic.SRT + NSEC.Effluent.NO3",0.0282082763554503,0.759566249168588,"3,2"
"16123","Secondary.Effluent.Flow + CODto..mg.L. + TSS..mg.L. + SACto..1.m. + NSEC.Aerobic.SRT + NSEC.Effluent.OP",0.10075964656168,0.746102505596936,"3,2"
"16124","Secondary.Effluent.Flow + CODto..mg.L. + TSS..mg.L. + SACto..1.m. + NSEC.Aerobic.SRT + NSEC.Effluent.TSS",0.0329455399634684,0.806461739427323,"3,2"
"16125","Secondary.Effluent.Flow + CODto..mg.L. + TSS..mg.L. + SACto..1.m. + NSEC.Aerobic.SRT + NSEC.Effluent.NO5",0.0172984322473069,0.750315482300782,"3,2"
"16126","Secondary.Effluent.Flow + CODto..mg.L. + TSS..mg.L. + SACto..1.m. + NSEC.Aerobic.SRT + NSEC.Effluent.Flow",0.169503777759154,0.763069545019589,"3,2"
"16127","Secondary.Effluent.Flow + CODto..mg.L. + TSS..mg.L. + SACto..1.m. + NSEC.Effluent.NH3 + NSEC.Effluent.NO3",0.0690399336795569,0.473992849844818,"3,2"
"16128","Secondary.Effluent.Flow + CODto..mg.L. + TSS..mg.L. + SACto..1.m. + NSEC.Effluent.NH3 + NSEC.Effluent.OP",0.172247125137207,0.51205639563396,"3,2"
"16129","Secondary.Effluent.Flow + CODto..mg.L. + TSS..mg.L. + SACto..1.m. + NSEC.Effluent.NH3 + NSEC.Effluent.TSS",0.331510020818474,0.703932853049188,"3,2"
"16130","Secondary.Effluent.Flow + CODto..mg.L. + TSS..mg.L. + SACto..1.m. + NSEC.Effluent.NH3 + NSEC.Effluent.NO5",0.169527070966247,0.484718439782093,"3,2"
"16131","Secondary.Effluent.Flow + CODto..mg.L. + TSS..mg.L. + SACto..1.m. + NSEC.Effluent.NH3 + NSEC.Effluent.Flow",0.222781208296035,0.463792669364489,"3,2"
"16132","Secondary.Effluent.Flow + CODto..mg.L. + TSS..mg.L. + SACto..1.m. + NSEC.Effluent.NO3 + NSEC.Effluent.OP",0.211931623100268,0.548084968520655,"3,2"
"16133","Secondary.Effluent.Flow + CODto..mg.L. + TSS..mg.L. + SACto..1.m. + NSEC.Effluent.NO3 + NSEC.Effluent.TSS",0.00824347830330252,0.705077527430951,"3,2"
"16134","Secondary.Effluent.Flow + CODto..mg.L. + TSS..mg.L. + SACto..1.m. + NSEC.Effluent.NO3 + NSEC.Effluent.NO5",0.164491088134773,0.695981444699842,"3,2"
"16135","Secondary.Effluent.Flow + CODto..mg.L. + TSS..mg.L. + SACto..1.m. + NSEC.Effluent.NO3 + NSEC.Effluent.Flow",0.160348063072054,0.459186086112461,"3,2"
"16136","Secondary.Effluent.Flow + CODto..mg.L. + TSS..mg.L. + SACto..1.m. + NSEC.Effluent.OP + NSEC.Effluent.TSS",0.229338678875395,0.807545538737534,"3,2"
"16137","Secondary.Effluent.Flow + CODto..mg.L. + TSS..mg.L. + SACto..1.m. + NSEC.Effluent.OP + NSEC.Effluent.NO5",0.137653512835406,0.491754066972145,"3,2"
"16138","Secondary.Effluent.Flow + CODto..mg.L. + TSS..mg.L. + SACto..1.m. + NSEC.Effluent.OP + NSEC.Effluent.Flow",0.12899482535229,0.515534681965849,"3,2"
"16139","Secondary.Effluent.Flow + CODto..mg.L. + TSS..mg.L. + SACto..1.m. + NSEC.Effluent.TSS + NSEC.Effluent.NO5",0.262963560015747,0.719694582272035,"3,2"
"16140","Secondary.Effluent.Flow + CODto..mg.L. + TSS..mg.L. + SACto..1.m. + NSEC.Effluent.TSS + NSEC.Effluent.Flow",0.0291907563023783,0.716538879555696,"3,2"
"16141","Secondary.Effluent.Flow + CODto..mg.L. + TSS..mg.L. + SACto..1.m. + NSEC.Effluent.NO5 + NSEC.Effluent.Flow",0.139138981330867,0.455361803753163,"3,2"
"16142","Secondary.Effluent.Flow + CODto..mg.L. + TSS..mg.L. + NSEC.Aerobic.SRT + NSEC.Effluent.NH3 + NSEC.Effluent.NO3",0.148196085565841,0.767714537072518,"3,2"
"16143","Secondary.Effluent.Flow + CODto..mg.L. + TSS..mg.L. + NSEC.Aerobic.SRT + NSEC.Effluent.NH3 + NSEC.Effluent.OP",0.054910637708621,0.767656504425905,"3,2"
"16144","Secondary.Effluent.Flow + CODto..mg.L. + TSS..mg.L. + NSEC.Aerobic.SRT + NSEC.Effluent.NH3 + NSEC.Effluent.TSS",0.0461625472557028,0.82120967104582,"3,2"
"16145","Secondary.Effluent.Flow + CODto..mg.L. + TSS..mg.L. + NSEC.Aerobic.SRT + NSEC.Effluent.NH3 + NSEC.Effluent.NO5",0.177914549722558,0.739035029326029,"3,2"
"16146","Secondary.Effluent.Flow + CODto..mg.L. + TSS..mg.L. + NSEC.Aerobic.SRT + NSEC.Effluent.NH3 + NSEC.Effluent.Flow",0.239624426295194,0.816784559460884,"3,2"
"16147","Secondary.Effluent.Flow + CODto..mg.L. + TSS..mg.L. + NSEC.Aerobic.SRT + NSEC.Effluent.NO3 + NSEC.Effluent.OP",0.0366650455822737,0.7581192128923,"3,2"
"16148","Secondary.Effluent.Flow + CODto..mg.L. + TSS..mg.L. + NSEC.Aerobic.SRT + NSEC.Effluent.NO3 + NSEC.Effluent.TSS",0.0106910945690721,0.826179845688331,"3,2"
"16149","Secondary.Effluent.Flow + CODto..mg.L. + TSS..mg.L. + NSEC.Aerobic.SRT + NSEC.Effluent.NO3 + NSEC.Effluent.NO5",0.343096717147733,0.796706850788883,"3,2"
"16150","Secondary.Effluent.Flow + CODto..mg.L. + TSS..mg.L. + NSEC.Aerobic.SRT + NSEC.Effluent.NO3 + NSEC.Effluent.Flow",0.379459214215776,0.802326759195705,"3,2"
"16151","Secondary.Effluent.Flow + CODto..mg.L. + TSS..mg.L. + NSEC.Aerobic.SRT + NSEC.Effluent.OP + NSEC.Effluent.TSS",0.0349499016609012,0.781670005343316,"3,2"
"16152","Secondary.Effluent.Flow + CODto..mg.L. + TSS..mg.L. + NSEC.Aerobic.SRT + NSEC.Effluent.OP + NSEC.Effluent.NO5",0.0849370905967048,0.782728197113599,"3,2"
"16153","Secondary.Effluent.Flow + CODto..mg.L. + TSS..mg.L. + NSEC.Aerobic.SRT + NSEC.Effluent.OP + NSEC.Effluent.Flow",0.169251249962272,0.729680838537347,"3,2"
"16154","Secondary.Effluent.Flow + CODto..mg.L. + TSS..mg.L. + NSEC.Aerobic.SRT + NSEC.Effluent.TSS + NSEC.Effluent.NO5",0.0802912846858996,0.798011618487529,"3,2"
"16155","Secondary.Effluent.Flow + CODto..mg.L. + TSS..mg.L. + NSEC.Aerobic.SRT + NSEC.Effluent.TSS + NSEC.Effluent.Flow",0.208880484034272,0.74318383077539,"3,2"
"16156","Secondary.Effluent.Flow + CODto..mg.L. + TSS..mg.L. + NSEC.Aerobic.SRT + NSEC.Effluent.NO5 + NSEC.Effluent.Flow",0.12752605482204,0.761866703432294,"3,2"
"16157","Secondary.Effluent.Flow + CODto..mg.L. + TSS..mg.L. + NSEC.Effluent.NH3 + NSEC.Effluent.NO3 + NSEC.Effluent.OP",0.0470546662006273,0.633481629600971,"3,2"
"16158","Secondary.Effluent.Flow + CODto..mg.L. + TSS..mg.L. + NSEC.Effluent.NH3 + NSEC.Effluent.NO3 + NSEC.Effluent.TSS",0.273011894071868,0.725271386847403,"3,2"
"16159","Secondary.Effluent.Flow + CODto..mg.L. + TSS..mg.L. + NSEC.Effluent.NH3 + NSEC.Effluent.NO3 + NSEC.Effluent.NO5",0.231850558542702,0.570102932761789,"3,2"
"16160","Secondary.Effluent.Flow + CODto..mg.L. + TSS..mg.L. + NSEC.Effluent.NH3 + NSEC.Effluent.NO3 + NSEC.Effluent.Flow",0.245680999546174,0.520000379624616,"3,2"
"16161","Secondary.Effluent.Flow + CODto..mg.L. + TSS..mg.L. + NSEC.Effluent.NH3 + NSEC.Effluent.OP + NSEC.Effluent.TSS",0.2339923181671,0.776154128722068,"3,2"
"16162","Secondary.Effluent.Flow + CODto..mg.L. + TSS..mg.L. + NSEC.Effluent.NH3 + NSEC.Effluent.OP + NSEC.Effluent.NO5",0.146498531239603,0.56626613221773,"3,2"
"16163","Secondary.Effluent.Flow + CODto..mg.L. + TSS..mg.L. + NSEC.Effluent.NH3 + NSEC.Effluent.OP + NSEC.Effluent.Flow",0.162571261140277,0.545107926232419,"3,2"
"16164","Secondary.Effluent.Flow + CODto..mg.L. + TSS..mg.L. + NSEC.Effluent.NH3 + NSEC.Effluent.TSS + NSEC.Effluent.NO5",0.336396358515196,0.757325693629565,"3,2"
"16165","Secondary.Effluent.Flow + CODto..mg.L. + TSS..mg.L. + NSEC.Effluent.NH3 + NSEC.Effluent.TSS + NSEC.Effluent.Flow",0.148666103827083,0.683589671039284,"3,2"
"16166","Secondary.Effluent.Flow + CODto..mg.L. + TSS..mg.L. + NSEC.Effluent.NH3 + NSEC.Effluent.NO5 + NSEC.Effluent.Flow",0.114841275627557,0.560134342049059,"3,2"
"16167","Secondary.Effluent.Flow + CODto..mg.L. + TSS..mg.L. + NSEC.Effluent.NO3 + NSEC.Effluent.OP + NSEC.Effluent.TSS",0.192488925783737,0.0594371466085249,"3,2"
"16168","Secondary.Effluent.Flow + CODto..mg.L. + TSS..mg.L. + NSEC.Effluent.NO3 + NSEC.Effluent.OP + NSEC.Effluent.NO5",0.0771188134593479,0.614050987302892,"3,2"
"16169","Secondary.Effluent.Flow + CODto..mg.L. + TSS..mg.L. + NSEC.Effluent.NO3 + NSEC.Effluent.OP + NSEC.Effluent.Flow",0.175164655296825,0.568458044521306,"3,2"
"16170","Secondary.Effluent.Flow + CODto..mg.L. + TSS..mg.L. + NSEC.Effluent.NO3 + NSEC.Effluent.TSS + NSEC.Effluent.NO5",0.261072875513632,0.755357456632051,"3,2"
"16171","Secondary.Effluent.Flow + CODto..mg.L. + TSS..mg.L. + NSEC.Effluent.NO3 + NSEC.Effluent.TSS + NSEC.Effluent.Flow",0.275474624316779,0.720086377525535,"3,2"
"16172","Secondary.Effluent.Flow + CODto..mg.L. + TSS..mg.L. + NSEC.Effluent.NO3 + NSEC.Effluent.NO5 + NSEC.Effluent.Flow",0.161790765597807,0.55807387420843,"3,2"
"16173","Secondary.Effluent.Flow + CODto..mg.L. + TSS..mg.L. + NSEC.Effluent.OP + NSEC.Effluent.TSS + NSEC.Effluent.NO5",0.188194900839759,0.774507750303177,"3,2"
"16174","Secondary.Effluent.Flow + CODto..mg.L. + TSS..mg.L. + NSEC.Effluent.OP + NSEC.Effluent.TSS + NSEC.Effluent.Flow",0.161825430742744,0.705188785941828,"3,2"
"16175","Secondary.Effluent.Flow + CODto..mg.L. + TSS..mg.L. + NSEC.Effluent.OP + NSEC.Effluent.NO5 + NSEC.Effluent.Flow",0.262112831715095,0.621318900053943,"3,2"
"16176","Secondary.Effluent.Flow + CODto..mg.L. + TSS..mg.L. + NSEC.Effluent.TSS + NSEC.Effluent.NO5 + NSEC.Effluent.Flow",0.33510115555066,0.72710015165886,"3,2"
"16177","Secondary.Effluent.Flow + CODto..mg.L. + UVT.... + CODds..mg.L. + SACto..1.m. + NSEC.Aerobic.SRT",0.112715571976295,0.743010344513393,"3,2"
"16178","Secondary.Effluent.Flow + CODto..mg.L. + UVT.... + CODds..mg.L. + SACto..1.m. + NSEC.Effluent.NH3",0.106517090411205,0.478535838494585,"3,2"
"16179","Secondary.Effluent.Flow + CODto..mg.L. + UVT.... + CODds..mg.L. + SACto..1.m. + NSEC.Effluent.NO3",0.103796703202481,0.574995263281773,"3,2"
"16180","Secondary.Effluent.Flow + CODto..mg.L. + UVT.... + CODds..mg.L. + SACto..1.m. + NSEC.Effluent.OP",0.0685855134836131,0.528675808435379,"3,2"
"16181","Secondary.Effluent.Flow + CODto..mg.L. + UVT.... + CODds..mg.L. + SACto..1.m. + NSEC.Effluent.TSS",0.211696006732585,0.709400346333095,"3,2"
"16182","Secondary.Effluent.Flow + CODto..mg.L. + UVT.... + CODds..mg.L. + SACto..1.m. + NSEC.Effluent.NO5",0.0279609083260062,0.533837789042348,"3,2"
"16183","Secondary.Effluent.Flow + CODto..mg.L. + UVT.... + CODds..mg.L. + SACto..1.m. + NSEC.Effluent.Flow",0.0942015307559849,0.474219785459222,"3,2"
"16184","Secondary.Effluent.Flow + CODto..mg.L. + UVT.... + CODds..mg.L. + NSEC.Aerobic.SRT + NSEC.Effluent.NH3",0.0465777556136024,0.760479123478855,"3,2"
"16185","Secondary.Effluent.Flow + CODto..mg.L. + UVT.... + CODds..mg.L. + NSEC.Aerobic.SRT + NSEC.Effluent.NO3",0.00898304223095625,0.741494754626155,"3,2"
"16186","Secondary.Effluent.Flow + CODto..mg.L. + UVT.... + CODds..mg.L. + NSEC.Aerobic.SRT + NSEC.Effluent.OP",0.187717706249629,0.71263482836909,"3,2"
"16187","Secondary.Effluent.Flow + CODto..mg.L. + UVT.... + CODds..mg.L. + NSEC.Aerobic.SRT + NSEC.Effluent.TSS",0.161316567561474,0.787141411815914,"3,2"
"16188","Secondary.Effluent.Flow + CODto..mg.L. + UVT.... + CODds..mg.L. + NSEC.Aerobic.SRT + NSEC.Effluent.NO5",0.121167161497116,0.516202653788406,"3,2"
"16189","Secondary.Effluent.Flow + CODto..mg.L. + UVT.... + CODds..mg.L. + NSEC.Aerobic.SRT + NSEC.Effluent.Flow",0.0598839051073075,0.778442455504637,"3,2"
"16190","Secondary.Effluent.Flow + CODto..mg.L. + UVT.... + CODds..mg.L. + NSEC.Effluent.NH3 + NSEC.Effluent.NO3",0.148458872131054,0.484471721940339,"3,2"
"16191","Secondary.Effluent.Flow + CODto..mg.L. + UVT.... + CODds..mg.L. + NSEC.Effluent.NH3 + NSEC.Effluent.OP",0.0203511902230726,0.574131128086007,"3,2"
"16192","Secondary.Effluent.Flow + CODto..mg.L. + UVT.... + CODds..mg.L. + NSEC.Effluent.NH3 + NSEC.Effluent.TSS",0.13083803595177,0.66968439920815,"3,2"
"16193","Secondary.Effluent.Flow + CODto..mg.L. + UVT.... + CODds..mg.L. + NSEC.Effluent.NH3 + NSEC.Effluent.NO5",0.152904192738252,0.560306321863098,"3,2"
"16194","Secondary.Effluent.Flow + CODto..mg.L. + UVT.... + CODds..mg.L. + NSEC.Effluent.NH3 + NSEC.Effluent.Flow",0.0732091821831851,0.481723447489955,"3,2"
"16195","Secondary.Effluent.Flow + CODto..mg.L. + UVT.... + CODds..mg.L. + NSEC.Effluent.NO3 + NSEC.Effluent.OP",0.158745264717845,0.550771486396348,"3,2"
"16196","Secondary.Effluent.Flow + CODto..mg.L. + UVT.... + CODds..mg.L. + NSEC.Effluent.NO3 + NSEC.Effluent.TSS",0.207433091127632,0.64196674230532,"3,2"
"16197","Secondary.Effluent.Flow + CODto..mg.L. + UVT.... + CODds..mg.L. + NSEC.Effluent.NO3 + NSEC.Effluent.NO5",0.118540761759328,0.554563610378277,"3,2"
"16198","Secondary.Effluent.Flow + CODto..mg.L. + UVT.... + CODds..mg.L. + NSEC.Effluent.NO3 + NSEC.Effluent.Flow",0.134447739060376,0.562124567585694,"3,2"
"16199","Secondary.Effluent.Flow + CODto..mg.L. + UVT.... + CODds..mg.L. + NSEC.Effluent.OP + NSEC.Effluent.TSS",0.274989944480914,0.710686374425533,"3,2"
"16200","Secondary.Effluent.Flow + CODto..mg.L. + UVT.... + CODds..mg.L. + NSEC.Effluent.OP + NSEC.Effluent.NO5",0.0297280076501889,0.580793118401892,"3,2"
"16201","Secondary.Effluent.Flow + CODto..mg.L. + UVT.... + CODds..mg.L. + NSEC.Effluent.OP + NSEC.Effluent.Flow",0.027887340857303,0.576616345395503,"3,2"
"16202","Secondary.Effluent.Flow + CODto..mg.L. + UVT.... + CODds..mg.L. + NSEC.Effluent.TSS + NSEC.Effluent.NO5",0.198342386387261,0.73468693237481,"3,2"
"16203","Secondary.Effluent.Flow + CODto..mg.L. + UVT.... + CODds..mg.L. + NSEC.Effluent.TSS + NSEC.Effluent.Flow",0.107574092896124,0.700477094555443,"3,2"
"16204","Secondary.Effluent.Flow + CODto..mg.L. + UVT.... + CODds..mg.L. + NSEC.Effluent.NO5 + NSEC.Effluent.Flow",0.106123375242611,0.556887946596038,"3,2"
"16205","Secondary.Effluent.Flow + CODto..mg.L. + UVT.... + SACto..1.m. + NSEC.Aerobic.SRT + NSEC.Effluent.NH3",0.117153844884458,0.689441819898946,"3,2"
"16206","Secondary.Effluent.Flow + CODto..mg.L. + UVT.... + SACto..1.m. + NSEC.Aerobic.SRT + NSEC.Effluent.NO3",0.108779460218431,0.624751385690426,"3,2"
"16207","Secondary.Effluent.Flow + CODto..mg.L. + UVT.... + SACto..1.m. + NSEC.Aerobic.SRT + NSEC.Effluent.OP",0.017521176304427,0.772319474556052,"3,2"
"16208","Secondary.Effluent.Flow + CODto..mg.L. + UVT.... + SACto..1.m. + NSEC.Aerobic.SRT + NSEC.Effluent.TSS",0.0985955031351693,0.776890650656049,"3,2"
"16209","Secondary.Effluent.Flow + CODto..mg.L. + UVT.... + SACto..1.m. + NSEC.Aerobic.SRT + NSEC.Effluent.NO5",0.203209347776805,0.7804043196349,"3,2"
"16210","Secondary.Effluent.Flow + CODto..mg.L. + UVT.... + SACto..1.m. + NSEC.Aerobic.SRT + NSEC.Effluent.Flow",0.141051619397126,0.739908060825508,"3,2"
"16211","Secondary.Effluent.Flow + CODto..mg.L. + UVT.... + SACto..1.m. + NSEC.Effluent.NH3 + NSEC.Effluent.NO3",0.139198616761136,0.331775859050829,"3,2"
"16212","Secondary.Effluent.Flow + CODto..mg.L. + UVT.... + SACto..1.m. + NSEC.Effluent.NH3 + NSEC.Effluent.OP",0.0244206861099143,0.531516481277726,"3,2"
"16213","Secondary.Effluent.Flow + CODto..mg.L. + UVT.... + SACto..1.m. + NSEC.Effluent.NH3 + NSEC.Effluent.TSS",0.220398044351918,0.720856216394823,"3,2"
"16214","Secondary.Effluent.Flow + CODto..mg.L. + UVT.... + SACto..1.m. + NSEC.Effluent.NH3 + NSEC.Effluent.NO5",0.059851942039524,0.407302958013333,"3,2"
"16215","Secondary.Effluent.Flow + CODto..mg.L. + UVT.... + SACto..1.m. + NSEC.Effluent.NH3 + NSEC.Effluent.Flow",0.0242407085473082,0.29262863245015,"3,2"
"16216","Secondary.Effluent.Flow + CODto..mg.L. + UVT.... + SACto..1.m. + NSEC.Effluent.NO3 + NSEC.Effluent.OP",0.00501722425253925,0.497718512112118,"3,2"
"16217","Secondary.Effluent.Flow + CODto..mg.L. + UVT.... + SACto..1.m. + NSEC.Effluent.NO3 + NSEC.Effluent.TSS",0.154576466874891,0.605290037482333,"3,2"
"16218","Secondary.Effluent.Flow + CODto..mg.L. + UVT.... + SACto..1.m. + NSEC.Effluent.NO3 + NSEC.Effluent.NO5",0.0772983058010257,0.341025432511424,"3,2"
"16219","Secondary.Effluent.Flow + CODto..mg.L. + UVT.... + SACto..1.m. + NSEC.Effluent.NO3 + NSEC.Effluent.Flow",0.193756649246301,0.000301720703622161,"3,2"
"16220","Secondary.Effluent.Flow + CODto..mg.L. + UVT.... + SACto..1.m. + NSEC.Effluent.OP + NSEC.Effluent.TSS",0.192307349913746,0.75502130355513,"3,2"
"16221","Secondary.Effluent.Flow + CODto..mg.L. + UVT.... + SACto..1.m. + NSEC.Effluent.OP + NSEC.Effluent.NO5",0.0205602578387027,0.509315954504205,"3,2"
"16222","Secondary.Effluent.Flow + CODto..mg.L. + UVT.... + SACto..1.m. + NSEC.Effluent.OP + NSEC.Effluent.Flow",0.0511993922869349,0.440575046721975,"3,2"
"16223","Secondary.Effluent.Flow + CODto..mg.L. + UVT.... + SACto..1.m. + NSEC.Effluent.TSS + NSEC.Effluent.NO5",0.257657247816737,0.718515196036469,"3,2"
"16224","Secondary.Effluent.Flow + CODto..mg.L. + UVT.... + SACto..1.m. + NSEC.Effluent.TSS + NSEC.Effluent.Flow",0.254292908787107,0.682041690454664,"3,2"
"16225","Secondary.Effluent.Flow + CODto..mg.L. + UVT.... + SACto..1.m. + NSEC.Effluent.NO5 + NSEC.Effluent.Flow",0.0499999881598385,0.317647272250496,"3,2"
"16226","Secondary.Effluent.Flow + CODto..mg.L. + UVT.... + NSEC.Aerobic.SRT + NSEC.Effluent.NH3 + NSEC.Effluent.NO3",0.101216387588245,0.762206157348411,"3,2"
"16227","Secondary.Effluent.Flow + CODto..mg.L. + UVT.... + NSEC.Aerobic.SRT + NSEC.Effluent.NH3 + NSEC.Effluent.OP",0.116319315738483,0.773581137967345,"3,2"
"16228","Secondary.Effluent.Flow + CODto..mg.L. + UVT.... + NSEC.Aerobic.SRT + NSEC.Effluent.NH3 + NSEC.Effluent.TSS",0.0167305625087399,0.773389765654741,"3,2"
"16229","Secondary.Effluent.Flow + CODto..mg.L. + UVT.... + NSEC.Aerobic.SRT + NSEC.Effluent.NH3 + NSEC.Effluent.NO5",0.233631439888091,0.739956514544959,"3,2"
"16230","Secondary.Effluent.Flow + CODto..mg.L. + UVT.... + NSEC.Aerobic.SRT + NSEC.Effluent.NH3 + NSEC.Effluent.Flow",0.0292267978506997,0.773728339293361,"3,2"
"16231","Secondary.Effluent.Flow + CODto..mg.L. + UVT.... + NSEC.Aerobic.SRT + NSEC.Effluent.NO3 + NSEC.Effluent.OP",0.193659069857642,0.645407856706835,"3,2"
"16232","Secondary.Effluent.Flow + CODto..mg.L. + UVT.... + NSEC.Aerobic.SRT + NSEC.Effluent.NO3 + NSEC.Effluent.TSS",0.0861502886971317,0.784009271135836,"3,2"
"16233","Secondary.Effluent.Flow + CODto..mg.L. + UVT.... + NSEC.Aerobic.SRT + NSEC.Effluent.NO3 + NSEC.Effluent.NO5",0.0814742735591585,0.753152898683799,"3,2"
"16234","Secondary.Effluent.Flow + CODto..mg.L. + UVT.... + NSEC.Aerobic.SRT + NSEC.Effluent.NO3 + NSEC.Effluent.Flow",0.273509389725673,0.743517535924881,"3,2"
"16235","Secondary.Effluent.Flow + CODto..mg.L. + UVT.... + NSEC.Aerobic.SRT + NSEC.Effluent.OP + NSEC.Effluent.TSS",0.128444623939753,0.779943776784347,"3,2"
"16236","Secondary.Effluent.Flow + CODto..mg.L. + UVT.... + NSEC.Aerobic.SRT + NSEC.Effluent.OP + NSEC.Effluent.NO5",0.0962225067803764,0.60963572095756,"3,2"
"16237","Secondary.Effluent.Flow + CODto..mg.L. + UVT.... + NSEC.Aerobic.SRT + NSEC.Effluent.OP + NSEC.Effluent.Flow",0.0433168694133115,0.714714030717457,"3,2"
"16238","Secondary.Effluent.Flow + CODto..mg.L. + UVT.... + NSEC.Aerobic.SRT + NSEC.Effluent.TSS + NSEC.Effluent.NO5",0.147537881424948,0.801491807788295,"3,2"
"16239","Secondary.Effluent.Flow + CODto..mg.L. + UVT.... + NSEC.Aerobic.SRT + NSEC.Effluent.TSS + NSEC.Effluent.Flow",0.178767515684698,0.716040310777656,"3,2"
"16240","Secondary.Effluent.Flow + CODto..mg.L. + UVT.... + NSEC.Aerobic.SRT + NSEC.Effluent.NO5 + NSEC.Effluent.Flow",0.218278417833525,0.77613025238577,"3,2"
"16241","Secondary.Effluent.Flow + CODto..mg.L. + UVT.... + NSEC.Effluent.NH3 + NSEC.Effluent.NO3 + NSEC.Effluent.OP",0.0831971859308829,0.524566822089295,"3,2"
"16242","Secondary.Effluent.Flow + CODto..mg.L. + UVT.... + NSEC.Effluent.NH3 + NSEC.Effluent.NO3 + NSEC.Effluent.TSS",0.255050104899142,0.723131111221085,"3,2"
"16243","Secondary.Effluent.Flow + CODto..mg.L. + UVT.... + NSEC.Effluent.NH3 + NSEC.Effluent.NO3 + NSEC.Effluent.NO5",0.0463673181107254,0.365817569254246,"3,2"
"16244","Secondary.Effluent.Flow + CODto..mg.L. + UVT.... + NSEC.Effluent.NH3 + NSEC.Effluent.NO3 + NSEC.Effluent.Flow",0.0428184424404896,0.412734049412326,"3,2"
"16245","Secondary.Effluent.Flow + CODto..mg.L. + UVT.... + NSEC.Effluent.NH3 + NSEC.Effluent.OP + NSEC.Effluent.TSS",0.192520544820967,0.688432909349441,"3,2"
"16246","Secondary.Effluent.Flow + CODto..mg.L. + UVT.... + NSEC.Effluent.NH3 + NSEC.Effluent.OP + NSEC.Effluent.NO5",0.12983492428366,0.644239314476613,"3,2"
"16247","Secondary.Effluent.Flow + CODto..mg.L. + UVT.... + NSEC.Effluent.NH3 + NSEC.Effluent.OP + NSEC.Effluent.Flow",0.0495996861176833,0.556251368137255,"3,2"
"16248","Secondary.Effluent.Flow + CODto..mg.L. + UVT.... + NSEC.Effluent.NH3 + NSEC.Effluent.TSS + NSEC.Effluent.NO5",0.13394621780156,0.702274025709313,"3,2"
"16249","Secondary.Effluent.Flow + CODto..mg.L. + UVT.... + NSEC.Effluent.NH3 + NSEC.Effluent.TSS + NSEC.Effluent.Flow",0.207956015596067,0.704384023451911,"3,2"
"16250","Secondary.Effluent.Flow + CODto..mg.L. + UVT.... + NSEC.Effluent.NH3 + NSEC.Effluent.NO5 + NSEC.Effluent.Flow",0.123587345268386,0.413526731601705,"3,2"
"16251","Secondary.Effluent.Flow + CODto..mg.L. + UVT.... + NSEC.Effluent.NO3 + NSEC.Effluent.OP + NSEC.Effluent.TSS",0.153059403677872,0.7225006584153,"3,2"
"16252","Secondary.Effluent.Flow + CODto..mg.L. + UVT.... + NSEC.Effluent.NO3 + NSEC.Effluent.OP + NSEC.Effluent.NO5",0.161464907518788,0.57296358824063,"3,2"
"16253","Secondary.Effluent.Flow + CODto..mg.L. + UVT.... + NSEC.Effluent.NO3 + NSEC.Effluent.OP + NSEC.Effluent.Flow",0.181623819535838,0.558594812078496,"3,2"
"16254","Secondary.Effluent.Flow + CODto..mg.L. + UVT.... + NSEC.Effluent.NO3 + NSEC.Effluent.TSS + NSEC.Effluent.NO5",0.14005620497619,0.700820362512132,"3,2"
"16255","Secondary.Effluent.Flow + CODto..mg.L. + UVT.... + NSEC.Effluent.NO3 + NSEC.Effluent.TSS + NSEC.Effluent.Flow",0.183705053369272,0.502153106668767,"3,2"
"16256","Secondary.Effluent.Flow + CODto..mg.L. + UVT.... + NSEC.Effluent.NO3 + NSEC.Effluent.NO5 + NSEC.Effluent.Flow",0.0984801034775609,0.426237147738848,"3,2"
"16257","Secondary.Effluent.Flow + CODto..mg.L. + UVT.... + NSEC.Effluent.OP + NSEC.Effluent.TSS + NSEC.Effluent.NO5",0.0714299895258912,0.717108725991936,"3,2"
"16258","Secondary.Effluent.Flow + CODto..mg.L. + UVT.... + NSEC.Effluent.OP + NSEC.Effluent.TSS + NSEC.Effluent.Flow",0.114044612795783,0.675200902518444,"3,2"
"16259","Secondary.Effluent.Flow + CODto..mg.L. + UVT.... + NSEC.Effluent.OP + NSEC.Effluent.NO5 + NSEC.Effluent.Flow",0.131321279456082,0.497677335343175,"3,2"
"16260","Secondary.Effluent.Flow + CODto..mg.L. + UVT.... + NSEC.Effluent.TSS + NSEC.Effluent.NO5 + NSEC.Effluent.Flow",0.135808166273505,0.600516385137622,"3,2"
"16261","Secondary.Effluent.Flow + CODto..mg.L. + CODds..mg.L. + SACto..1.m. + NSEC.Aerobic.SRT + NSEC.Effluent.NH3",0.0791306924508994,0.686540510349443,"3,2"
"16262","Secondary.Effluent.Flow + CODto..mg.L. + CODds..mg.L. + SACto..1.m. + NSEC.Aerobic.SRT + NSEC.Effluent.NO3",0.0735322774602267,0.72443361062216,"3,2"
"16263","Secondary.Effluent.Flow + CODto..mg.L. + CODds..mg.L. + SACto..1.m. + NSEC.Aerobic.SRT + NSEC.Effluent.OP",0.0052498451880858,0.766456035806491,"3,2"
"16264","Secondary.Effluent.Flow + CODto..mg.L. + CODds..mg.L. + SACto..1.m. + NSEC.Aerobic.SRT + NSEC.Effluent.TSS",0.0663665335329542,0.808429152932378,"3,2"
"16265","Secondary.Effluent.Flow + CODto..mg.L. + CODds..mg.L. + SACto..1.m. + NSEC.Aerobic.SRT + NSEC.Effluent.NO5",0.085195725717234,0.797253267774591,"3,2"
"16266","Secondary.Effluent.Flow + CODto..mg.L. + CODds..mg.L. + SACto..1.m. + NSEC.Aerobic.SRT + NSEC.Effluent.Flow",0.072313208787812,0.780814114834783,"3,2"
"16267","Secondary.Effluent.Flow + CODto..mg.L. + CODds..mg.L. + SACto..1.m. + NSEC.Effluent.NH3 + NSEC.Effluent.NO3",0.203654203328995,0.499449904556448,"3,2"
"16268","Secondary.Effluent.Flow + CODto..mg.L. + CODds..mg.L. + SACto..1.m. + NSEC.Effluent.NH3 + NSEC.Effluent.OP",0.0127642640453551,0.551660408956717,"3,2"
"16269","Secondary.Effluent.Flow + CODto..mg.L. + CODds..mg.L. + SACto..1.m. + NSEC.Effluent.NH3 + NSEC.Effluent.TSS",0.201813644530966,0.688895458986255,"3,2"
"16270","Secondary.Effluent.Flow + CODto..mg.L. + CODds..mg.L. + SACto..1.m. + NSEC.Effluent.NH3 + NSEC.Effluent.NO5",0.115481387517247,0.574163696714914,"3,2"
"16271","Secondary.Effluent.Flow + CODto..mg.L. + CODds..mg.L. + SACto..1.m. + NSEC.Effluent.NH3 + NSEC.Effluent.Flow",0.0911857724824556,0.523153741970361,"3,2"
"16272","Secondary.Effluent.Flow + CODto..mg.L. + CODds..mg.L. + SACto..1.m. + NSEC.Effluent.NO3 + NSEC.Effluent.OP",0.157408911064771,0.541098884620966,"3,2"
"16273","Secondary.Effluent.Flow + CODto..mg.L. + CODds..mg.L. + SACto..1.m. + NSEC.Effluent.NO3 + NSEC.Effluent.TSS",0.221444487392408,0.716917697253992,"3,2"
"16274","Secondary.Effluent.Flow + CODto..mg.L. + CODds..mg.L. + SACto..1.m. + NSEC.Effluent.NO3 + NSEC.Effluent.NO5",0.0873284849176132,0.532078710910765,"3,2"
"16275","Secondary.Effluent.Flow + CODto..mg.L. + CODds..mg.L. + SACto..1.m. + NSEC.Effluent.NO3 + NSEC.Effluent.Flow",0.0587500440746163,0.523518704698496,"3,2"
"16276","Secondary.Effluent.Flow + CODto..mg.L. + CODds..mg.L. + SACto..1.m. + NSEC.Effluent.OP + NSEC.Effluent.TSS",0.0270518533244188,0.765700561958264,"3,2"
"16277","Secondary.Effluent.Flow + CODto..mg.L. + CODds..mg.L. + SACto..1.m. + NSEC.Effluent.OP + NSEC.Effluent.NO5",0.185914147925556,0.518210731667493,"3,2"
"16278","Secondary.Effluent.Flow + CODto..mg.L. + CODds..mg.L. + SACto..1.m. + NSEC.Effluent.OP + NSEC.Effluent.Flow",0.156796688088377,0.530703629118606,"3,2"
"16279","Secondary.Effluent.Flow + CODto..mg.L. + CODds..mg.L. + SACto..1.m. + NSEC.Effluent.TSS + NSEC.Effluent.NO5",0.0418951646773231,0.715843699276852,"3,2"
"16280","Secondary.Effluent.Flow + CODto..mg.L. + CODds..mg.L. + SACto..1.m. + NSEC.Effluent.TSS + NSEC.Effluent.Flow",0.208599583377492,0.716456976462639,"3,2"
"16281","Secondary.Effluent.Flow + CODto..mg.L. + CODds..mg.L. + SACto..1.m. + NSEC.Effluent.NO5 + NSEC.Effluent.Flow",0.110443530318752,0.42067170811254,"3,2"
"16282","Secondary.Effluent.Flow + CODto..mg.L. + CODds..mg.L. + NSEC.Aerobic.SRT + NSEC.Effluent.NH3 + NSEC.Effluent.NO3",0.224461753152092,0.667305894464091,"3,2"
"16283","Secondary.Effluent.Flow + CODto..mg.L. + CODds..mg.L. + NSEC.Aerobic.SRT + NSEC.Effluent.NH3 + NSEC.Effluent.OP",0.0935756189800196,0.74774670642134,"3,2"
"16284","Secondary.Effluent.Flow + CODto..mg.L. + CODds..mg.L. + NSEC.Aerobic.SRT + NSEC.Effluent.NH3 + NSEC.Effluent.TSS",0.112684937235468,0.790966428378959,"3,2"
"16285","Secondary.Effluent.Flow + CODto..mg.L. + CODds..mg.L. + NSEC.Aerobic.SRT + NSEC.Effluent.NH3 + NSEC.Effluent.NO5",0.150422596354445,0.709141572135914,"3,2"
"16286","Secondary.Effluent.Flow + CODto..mg.L. + CODds..mg.L. + NSEC.Aerobic.SRT + NSEC.Effluent.NH3 + NSEC.Effluent.Flow",0.0933635873529939,0.778532517684661,"3,2"
"16287","Secondary.Effluent.Flow + CODto..mg.L. + CODds..mg.L. + NSEC.Aerobic.SRT + NSEC.Effluent.NO3 + NSEC.Effluent.OP",0.191255330081083,0.612773460740597,"3,2"
"16288","Secondary.Effluent.Flow + CODto..mg.L. + CODds..mg.L. + NSEC.Aerobic.SRT + NSEC.Effluent.NO3 + NSEC.Effluent.TSS",0.0409591574115618,0.808436399009087,"3,2"
"16289","Secondary.Effluent.Flow + CODto..mg.L. + CODds..mg.L. + NSEC.Aerobic.SRT + NSEC.Effluent.NO3 + NSEC.Effluent.NO5",0.103758784792155,0.76738639082608,"3,2"
"16290","Secondary.Effluent.Flow + CODto..mg.L. + CODds..mg.L. + NSEC.Aerobic.SRT + NSEC.Effluent.NO3 + NSEC.Effluent.Flow",0.0384751076767578,0.761595685213499,"3,2"
"16291","Secondary.Effluent.Flow + CODto..mg.L. + CODds..mg.L. + NSEC.Aerobic.SRT + NSEC.Effluent.OP + NSEC.Effluent.TSS",0.00572624604056848,0.734443104809108,"3,2"
"16292","Secondary.Effluent.Flow + CODto..mg.L. + CODds..mg.L. + NSEC.Aerobic.SRT + NSEC.Effluent.OP + NSEC.Effluent.NO5",0.244208650119181,0.699858961824576,"3,2"
"16293","Secondary.Effluent.Flow + CODto..mg.L. + CODds..mg.L. + NSEC.Aerobic.SRT + NSEC.Effluent.OP + NSEC.Effluent.Flow",0.222074120148199,0.681950594236333,"3,2"
"16294","Secondary.Effluent.Flow + CODto..mg.L. + CODds..mg.L. + NSEC.Aerobic.SRT + NSEC.Effluent.TSS + NSEC.Effluent.NO5",0.0270297942781463,0.796043942210514,"3,2"
"16295","Secondary.Effluent.Flow + CODto..mg.L. + CODds..mg.L. + NSEC.Aerobic.SRT + NSEC.Effluent.TSS + NSEC.Effluent.Flow",0.0393466177041208,0.783195733771121,"3,2"
"16296","Secondary.Effluent.Flow + CODto..mg.L. + CODds..mg.L. + NSEC.Aerobic.SRT + NSEC.Effluent.NO5 + NSEC.Effluent.Flow",0.055966056005452,0.494975860104639,"3,2"
"16297","Secondary.Effluent.Flow + CODto..mg.L. + CODds..mg.L. + NSEC.Effluent.NH3 + NSEC.Effluent.NO3 + NSEC.Effluent.OP",0.0724795517706642,0.534762813832282,"3,2"
"16298","Secondary.Effluent.Flow + CODto..mg.L. + CODds..mg.L. + NSEC.Effluent.NH3 + NSEC.Effluent.NO3 + NSEC.Effluent.TSS",0.235773848899868,0.679764995082132,"3,2"
"16299","Secondary.Effluent.Flow + CODto..mg.L. + CODds..mg.L. + NSEC.Effluent.NH3 + NSEC.Effluent.NO3 + NSEC.Effluent.NO5",0.191246082116507,0.528045583144952,"3,2"
"16300","Secondary.Effluent.Flow + CODto..mg.L. + CODds..mg.L. + NSEC.Effluent.NH3 + NSEC.Effluent.NO3 + NSEC.Effluent.Flow",0.179644304891621,0.458978140318928,"3,2"
"16301","Secondary.Effluent.Flow + CODto..mg.L. + CODds..mg.L. + NSEC.Effluent.NH3 + NSEC.Effluent.OP + NSEC.Effluent.TSS",0.130410252470555,0.664160823476557,"3,2"
"16302","Secondary.Effluent.Flow + CODto..mg.L. + CODds..mg.L. + NSEC.Effluent.NH3 + NSEC.Effluent.OP + NSEC.Effluent.NO5",0.193848705402212,0.100846223213948,"3,2"
"16303","Secondary.Effluent.Flow + CODto..mg.L. + CODds..mg.L. + NSEC.Effluent.NH3 + NSEC.Effluent.OP + NSEC.Effluent.Flow",0.182017748473239,0.547300970853389,"3,2"
"16304","Secondary.Effluent.Flow + CODto..mg.L. + CODds..mg.L. + NSEC.Effluent.NH3 + NSEC.Effluent.TSS + NSEC.Effluent.NO5",0.101756351743433,0.541785198356768,"3,2"
"16305","Secondary.Effluent.Flow + CODto..mg.L. + CODds..mg.L. + NSEC.Effluent.NH3 + NSEC.Effluent.TSS + NSEC.Effluent.Flow",0.256590745527476,0.637295795960722,"3,2"
"16306","Secondary.Effluent.Flow + CODto..mg.L. + CODds..mg.L. + NSEC.Effluent.NH3 + NSEC.Effluent.NO5 + NSEC.Effluent.Flow",0.0797961600620061,0.563853908463585,"3,2"
"16307","Secondary.Effluent.Flow + CODto..mg.L. + CODds..mg.L. + NSEC.Effluent.NO3 + NSEC.Effluent.OP + NSEC.Effluent.TSS",0.189329899506614,0.752558219623366,"3,2"
"16308","Secondary.Effluent.Flow + CODto..mg.L. + CODds..mg.L. + NSEC.Effluent.NO3 + NSEC.Effluent.OP + NSEC.Effluent.NO5",0.142249627546201,0.591903031230129,"3,2"
"16309","Secondary.Effluent.Flow + CODto..mg.L. + CODds..mg.L. + NSEC.Effluent.NO3 + NSEC.Effluent.OP + NSEC.Effluent.Flow",0.178915639898377,0.599177699154779,"3,2"
"16310","Secondary.Effluent.Flow + CODto..mg.L. + CODds..mg.L. + NSEC.Effluent.NO3 + NSEC.Effluent.TSS + NSEC.Effluent.NO5",0.222101771756578,0.68964040440303,"3,2"
"16311","Secondary.Effluent.Flow + CODto..mg.L. + CODds..mg.L. + NSEC.Effluent.NO3 + NSEC.Effluent.TSS + NSEC.Effluent.Flow",0.239403757929324,0.700944397131471,"3,2"
"16312","Secondary.Effluent.Flow + CODto..mg.L. + CODds..mg.L. + NSEC.Effluent.NO3 + NSEC.Effluent.NO5 + NSEC.Effluent.Flow",0.120241899721278,0.538130443346252,"3,2"
"16313","Secondary.Effluent.Flow + CODto..mg.L. + CODds..mg.L. + NSEC.Effluent.OP + NSEC.Effluent.TSS + NSEC.Effluent.NO5",0.145952488271727,0.635683650695266,"3,2"
"16314","Secondary.Effluent.Flow + CODto..mg.L. + CODds..mg.L. + NSEC.Effluent.OP + NSEC.Effluent.TSS + NSEC.Effluent.Flow",0.0683770508447972,0.694685112610678,"3,2"
"16315","Secondary.Effluent.Flow + CODto..mg.L. + CODds..mg.L. + NSEC.Effluent.OP + NSEC.Effluent.NO5 + NSEC.Effluent.Flow",0.175616222888996,0.615755055619436,"3,2"
"16316","Secondary.Effluent.Flow + CODto..mg.L. + CODds..mg.L. + NSEC.Effluent.TSS + NSEC.Effluent.NO5 + NSEC.Effluent.Flow",0.259565121396222,0.724852599380446,"3,2"
"16317","Secondary.Effluent.Flow + CODto..mg.L. + SACto..1.m. + NSEC.Aerobic.SRT + NSEC.Effluent.NH3 + NSEC.Effluent.NO3",0.0308478092428639,0.766124908739296,"3,2"
"16318","Secondary.Effluent.Flow + CODto..mg.L. + SACto..1.m. + NSEC.Aerobic.SRT + NSEC.Effluent.NH3 + NSEC.Effluent.OP",0.0607528993260669,0.711829200162575,"3,2"
"16319","Secondary.Effluent.Flow + CODto..mg.L. + SACto..1.m. + NSEC.Aerobic.SRT + NSEC.Effluent.NH3 + NSEC.Effluent.TSS",0.058366322537303,0.78240733326274,"3,2"
"16320","Secondary.Effluent.Flow + CODto..mg.L. + SACto..1.m. + NSEC.Aerobic.SRT + NSEC.Effluent.NH3 + NSEC.Effluent.NO5",0.0173018650819974,0.427142162311235,"3,2"
"16321","Secondary.Effluent.Flow + CODto..mg.L. + SACto..1.m. + NSEC.Aerobic.SRT + NSEC.Effluent.NH3 + NSEC.Effluent.Flow",0.0948349642701398,0.584479404393875,"3,2"
"16322","Secondary.Effluent.Flow + CODto..mg.L. + SACto..1.m. + NSEC.Aerobic.SRT + NSEC.Effluent.NO3 + NSEC.Effluent.OP",0.0963198122425553,0.598785183770988,"3,2"
"16323","Secondary.Effluent.Flow + CODto..mg.L. + SACto..1.m. + NSEC.Aerobic.SRT + NSEC.Effluent.NO3 + NSEC.Effluent.TSS",0.0203755972235151,0.754777136627295,"3,2"
"16324","Secondary.Effluent.Flow + CODto..mg.L. + SACto..1.m. + NSEC.Aerobic.SRT + NSEC.Effluent.NO3 + NSEC.Effluent.NO5",0.0941523974516845,0.578631927662701,"3,2"
"16325","Secondary.Effluent.Flow + CODto..mg.L. + SACto..1.m. + NSEC.Aerobic.SRT + NSEC.Effluent.NO3 + NSEC.Effluent.Flow",0.0242792101552745,0.772271859030326,"3,2"
"16326","Secondary.Effluent.Flow + CODto..mg.L. + SACto..1.m. + NSEC.Aerobic.SRT + NSEC.Effluent.OP + NSEC.Effluent.TSS",0.122259872581068,0.792090519132626,"3,2"
"16327","Secondary.Effluent.Flow + CODto..mg.L. + SACto..1.m. + NSEC.Aerobic.SRT + NSEC.Effluent.OP + NSEC.Effluent.NO5",0.192467012065169,0.000563068831684685,"3,2"
"16328","Secondary.Effluent.Flow + CODto..mg.L. + SACto..1.m. + NSEC.Aerobic.SRT + NSEC.Effluent.OP + NSEC.Effluent.Flow",0.160960056130437,0.78580146960479,"3,2"
"16329","Secondary.Effluent.Flow + CODto..mg.L. + SACto..1.m. + NSEC.Aerobic.SRT + NSEC.Effluent.TSS + NSEC.Effluent.NO5",0.060290170641389,0.793179991483227,"3,2"
"16330","Secondary.Effluent.Flow + CODto..mg.L. + SACto..1.m. + NSEC.Aerobic.SRT + NSEC.Effluent.TSS + NSEC.Effluent.Flow",0.249877745353215,0.789716013174396,"3,2"
"16331","Secondary.Effluent.Flow + CODto..mg.L. + SACto..1.m. + NSEC.Aerobic.SRT + NSEC.Effluent.NO5 + NSEC.Effluent.Flow",0.258000564633611,0.755620317166797,"3,2"
"16332","Secondary.Effluent.Flow + CODto..mg.L. + SACto..1.m. + NSEC.Effluent.NH3 + NSEC.Effluent.NO3 + NSEC.Effluent.OP",0.0569103127588781,0.553907344203496,"3,2"
"16333","Secondary.Effluent.Flow + CODto..mg.L. + SACto..1.m. + NSEC.Effluent.NH3 + NSEC.Effluent.NO3 + NSEC.Effluent.TSS",0.239810697975769,0.769143732407375,"3,2"
"16334","Secondary.Effluent.Flow + CODto..mg.L. + SACto..1.m. + NSEC.Effluent.NH3 + NSEC.Effluent.NO3 + NSEC.Effluent.NO5",0.182093964206798,0.45447581265152,"3,2"
"16335","Secondary.Effluent.Flow + CODto..mg.L. + SACto..1.m. + NSEC.Effluent.NH3 + NSEC.Effluent.NO3 + NSEC.Effluent.Flow",0.01407991222796,0.33470456487176,"3,2"
"16336","Secondary.Effluent.Flow + CODto..mg.L. + SACto..1.m. + NSEC.Effluent.NH3 + NSEC.Effluent.OP + NSEC.Effluent.TSS",0.187016286415397,0.761295631253273,"3,2"
"16337","Secondary.Effluent.Flow + CODto..mg.L. + SACto..1.m. + NSEC.Effluent.NH3 + NSEC.Effluent.OP + NSEC.Effluent.NO5",0.136568207084528,0.463166938588216,"3,2"
"16338","Secondary.Effluent.Flow + CODto..mg.L. + SACto..1.m. + NSEC.Effluent.NH3 + NSEC.Effluent.OP + NSEC.Effluent.Flow",0.0873729664750602,0.555287449946872,"3,2"
"16339","Secondary.Effluent.Flow + CODto..mg.L. + SACto..1.m. + NSEC.Effluent.NH3 + NSEC.Effluent.TSS + NSEC.Effluent.NO5",0.174122775803222,0.61016512152691,"3,2"
"16340","Secondary.Effluent.Flow + CODto..mg.L. + SACto..1.m. + NSEC.Effluent.NH3 + NSEC.Effluent.TSS + NSEC.Effluent.Flow",0.151011304302788,0.67212807183055,"3,2"
"16341","Secondary.Effluent.Flow + CODto..mg.L. + SACto..1.m. + NSEC.Effluent.NH3 + NSEC.Effluent.NO5 + NSEC.Effluent.Flow",0.193269609342085,0.0136875873615125,"3,2"
"16342","Secondary.Effluent.Flow + CODto..mg.L. + SACto..1.m. + NSEC.Effluent.NO3 + NSEC.Effluent.OP + NSEC.Effluent.TSS",0.0774120041114337,0.758942856361837,"3,2"
"16343","Secondary.Effluent.Flow + CODto..mg.L. + SACto..1.m. + NSEC.Effluent.NO3 + NSEC.Effluent.OP + NSEC.Effluent.NO5",0.181763679899698,0.495049050879157,"3,2"
"16344","Secondary.Effluent.Flow + CODto..mg.L. + SACto..1.m. + NSEC.Effluent.NO3 + NSEC.Effluent.OP + NSEC.Effluent.Flow",0.119296247222862,0.58338885136779,"3,2"
"16345","Secondary.Effluent.Flow + CODto..mg.L. + SACto..1.m. + NSEC.Effluent.NO3 + NSEC.Effluent.TSS + NSEC.Effluent.NO5",0.152054202102925,0.625276746345412,"3,2"
"16346","Secondary.Effluent.Flow + CODto..mg.L. + SACto..1.m. + NSEC.Effluent.NO3 + NSEC.Effluent.TSS + NSEC.Effluent.Flow",0.17444548855169,0.640209035370392,"3,2"
"16347","Secondary.Effluent.Flow + CODto..mg.L. + SACto..1.m. + NSEC.Effluent.NO3 + NSEC.Effluent.NO5 + NSEC.Effluent.Flow",0.123751812277959,0.346325231357223,"3,2"
"16348","Secondary.Effluent.Flow + CODto..mg.L. + SACto..1.m. + NSEC.Effluent.OP + NSEC.Effluent.TSS + NSEC.Effluent.NO5",0.175542975938434,0.771552274996812,"3,2"
"16349","Secondary.Effluent.Flow + CODto..mg.L. + SACto..1.m. + NSEC.Effluent.OP + NSEC.Effluent.TSS + NSEC.Effluent.Flow",0.147612109549806,0.773759545558078,"3,2"
"16350","Secondary.Effluent.Flow + CODto..mg.L. + SACto..1.m. + NSEC.Effluent.OP + NSEC.Effluent.NO5 + NSEC.Effluent.Flow",0.0708118491376122,0.496233131496743,"3,2"
"16351","Secondary.Effluent.Flow + CODto..mg.L. + SACto..1.m. + NSEC.Effluent.TSS + NSEC.Effluent.NO5 + NSEC.Effluent.Flow",0.244232619124814,0.690922418623334,"3,2"
"16352","Secondary.Effluent.Flow + CODto..mg.L. + NSEC.Aerobic.SRT + NSEC.Effluent.NH3 + NSEC.Effluent.NO3 + NSEC.Effluent.OP",0.0708507115905543,0.706139593759816,"3,2"
"16353","Secondary.Effluent.Flow + CODto..mg.L. + NSEC.Aerobic.SRT + NSEC.Effluent.NH3 + NSEC.Effluent.NO3 + NSEC.Effluent.TSS",0.00103026702347631,0.479358129240234,"3,2"
"16354","Secondary.Effluent.Flow + CODto..mg.L. + NSEC.Aerobic.SRT + NSEC.Effluent.NH3 + NSEC.Effluent.NO3 + NSEC.Effluent.NO5",0.0347049063820415,0.382560755445179,"3,2"
"16355","Secondary.Effluent.Flow + CODto..mg.L. + NSEC.Aerobic.SRT + NSEC.Effluent.NH3 + NSEC.Effluent.NO3 + NSEC.Effluent.Flow",0.0340607168455458,0.36468686194246,"3,2"
"16356","Secondary.Effluent.Flow + CODto..mg.L. + NSEC.Aerobic.SRT + NSEC.Effluent.NH3 + NSEC.Effluent.OP + NSEC.Effluent.TSS",0.213428756616807,0.747113733919841,"3,2"
"16357","Secondary.Effluent.Flow + CODto..mg.L. + NSEC.Aerobic.SRT + NSEC.Effluent.NH3 + NSEC.Effluent.OP + NSEC.Effluent.NO5",0.158781196641726,0.60904055660355,"3,2"
"16358","Secondary.Effluent.Flow + CODto..mg.L. + NSEC.Aerobic.SRT + NSEC.Effluent.NH3 + NSEC.Effluent.OP + NSEC.Effluent.Flow",0.190948529160063,0.753916482368131,"3,2"
"16359","Secondary.Effluent.Flow + CODto..mg.L. + NSEC.Aerobic.SRT + NSEC.Effluent.NH3 + NSEC.Effluent.TSS + NSEC.Effluent.NO5",0.19277636744254,0.00585235232136309,"3,2"
"16360","Secondary.Effluent.Flow + CODto..mg.L. + NSEC.Aerobic.SRT + NSEC.Effluent.NH3 + NSEC.Effluent.TSS + NSEC.Effluent.Flow",0.210867010376665,0.70685054706375,"3,2"
"16361","Secondary.Effluent.Flow + CODto..mg.L. + NSEC.Aerobic.SRT + NSEC.Effluent.NH3 + NSEC.Effluent.NO5 + NSEC.Effluent.Flow",0.250067797368522,0.702277955761424,"3,2"
"16362","Secondary.Effluent.Flow + CODto..mg.L. + NSEC.Aerobic.SRT + NSEC.Effluent.NO3 + NSEC.Effluent.OP + NSEC.Effluent.TSS",0.224500664807193,0.741301728205246,"3,2"
"16363","Secondary.Effluent.Flow + CODto..mg.L. + NSEC.Aerobic.SRT + NSEC.Effluent.NO3 + NSEC.Effluent.OP + NSEC.Effluent.NO5",0.177720547469176,0.778520887663879,"3,2"
"16364","Secondary.Effluent.Flow + CODto..mg.L. + NSEC.Aerobic.SRT + NSEC.Effluent.NO3 + NSEC.Effluent.OP + NSEC.Effluent.Flow",0.182287802969109,0.721201670699041,"3,2"
"16365","Secondary.Effluent.Flow + CODto..mg.L. + NSEC.Aerobic.SRT + NSEC.Effluent.NO3 + NSEC.Effluent.TSS + NSEC.Effluent.NO5",0.0161839069709024,0.502845568987714,"3,2"
"16366","Secondary.Effluent.Flow + CODto..mg.L. + NSEC.Aerobic.SRT + NSEC.Effluent.NO3 + NSEC.Effluent.TSS + NSEC.Effluent.Flow",0.019596969260246,0.738715625870346,"3,2"
"16367","Secondary.Effluent.Flow + CODto..mg.L. + NSEC.Aerobic.SRT + NSEC.Effluent.NO3 + NSEC.Effluent.NO5 + NSEC.Effluent.Flow",0.381788747667529,0.747937487368489,"3,2"
"16368","Secondary.Effluent.Flow + CODto..mg.L. + NSEC.Aerobic.SRT + NSEC.Effluent.OP + NSEC.Effluent.TSS + NSEC.Effluent.NO5",0.22944485540111,0.747261356795954,"3,2"
"16369","Secondary.Effluent.Flow + CODto..mg.L. + NSEC.Aerobic.SRT + NSEC.Effluent.OP + NSEC.Effluent.TSS + NSEC.Effluent.Flow",0.0123576145129269,0.646014238820401,"3,2"
"16370","Secondary.Effluent.Flow + CODto..mg.L. + NSEC.Aerobic.SRT + NSEC.Effluent.OP + NSEC.Effluent.NO5 + NSEC.Effluent.Flow",0.0522738083361305,0.688637653730845,"3,2"
"16371","Secondary.Effluent.Flow + CODto..mg.L. + NSEC.Aerobic.SRT + NSEC.Effluent.TSS + NSEC.Effluent.NO5 + NSEC.Effluent.Flow",0.0883940668076999,0.80009999462776,"3,2"
"16372","Secondary.Effluent.Flow + CODto..mg.L. + NSEC.Effluent.NH3 + NSEC.Effluent.NO3 + NSEC.Effluent.OP + NSEC.Effluent.TSS",0.0899760114319395,0.699202504391611,"3,2"
"16373","Secondary.Effluent.Flow + CODto..mg.L. + NSEC.Effluent.NH3 + NSEC.Effluent.NO3 + NSEC.Effluent.OP + NSEC.Effluent.NO5",0.014677034879512,0.425308329316704,"3,2"
"16374","Secondary.Effluent.Flow + CODto..mg.L. + NSEC.Effluent.NH3 + NSEC.Effluent.NO3 + NSEC.Effluent.OP + NSEC.Effluent.Flow",0.137319176732866,0.509797917148659,"3,2"
"16375","Secondary.Effluent.Flow + CODto..mg.L. + NSEC.Effluent.NH3 + NSEC.Effluent.NO3 + NSEC.Effluent.TSS + NSEC.Effluent.NO5",0.150532915608142,0.50463286904597,"3,2"
"16376","Secondary.Effluent.Flow + CODto..mg.L. + NSEC.Effluent.NH3 + NSEC.Effluent.NO3 + NSEC.Effluent.TSS + NSEC.Effluent.Flow",0.186608002800245,0.629680345404566,"3,2"
"16377","Secondary.Effluent.Flow + CODto..mg.L. + NSEC.Effluent.NH3 + NSEC.Effluent.NO3 + NSEC.Effluent.NO5 + NSEC.Effluent.Flow",0.192732232263148,0.0401428034929863,"3,2"
"16378","Secondary.Effluent.Flow + CODto..mg.L. + NSEC.Effluent.NH3 + NSEC.Effluent.OP + NSEC.Effluent.TSS + NSEC.Effluent.NO5",0.274034688993407,0.656716909332674,"3,2"
"16379","Secondary.Effluent.Flow + CODto..mg.L. + NSEC.Effluent.NH3 + NSEC.Effluent.OP + NSEC.Effluent.TSS + NSEC.Effluent.Flow",0.321390917936863,0.678033598344294,"3,2"
"16380","Secondary.Effluent.Flow + CODto..mg.L. + NSEC.Effluent.NH3 + NSEC.Effluent.OP + NSEC.Effluent.NO5 + NSEC.Effluent.Flow",0.245110998161288,0.4378744134,"3,2"
"16381","Secondary.Effluent.Flow + CODto..mg.L. + NSEC.Effluent.NH3 + NSEC.Effluent.TSS + NSEC.Effluent.NO5 + NSEC.Effluent.Flow",0.157742531802322,0.532140848118285,"3,2"
"16382","Secondary.Effluent.Flow + CODto..mg.L. + NSEC.Effluent.NO3 + NSEC.Effluent.OP + NSEC.Effluent.TSS + NSEC.Effluent.NO5",0.146096669260436,0.65154635254729,"3,2"
"16383","Secondary.Effluent.Flow + CODto..mg.L. + NSEC.Effluent.NO3 + NSEC.Effluent.OP + NSEC.Effluent.TSS + NSEC.Effluent.Flow",0.0349872805567295,0.514262018952046,"3,2"
"16384","Secondary.Effluent.Flow + CODto..mg.L. + NSEC.Effluent.NO3 + NSEC.Effluent.OP + NSEC.Effluent.NO5 + NSEC.Effluent.Flow",0.045708691589776,0.489369501743225,"3,2"
"16385","Secondary.Effluent.Flow + CODto..mg.L. + NSEC.Effluent.NO3 + NSEC.Effluent.TSS + NSEC.Effluent.NO5 + NSEC.Effluent.Flow",0.126646073125998,0.518925365025346,"3,2"
"16386","Secondary.Effluent.Flow + CODto..mg.L. + NSEC.Effluent.OP + NSEC.Effluent.TSS + NSEC.Effluent.NO5 + NSEC.Effluent.Flow",0.216549470384862,0.63892499995638,"3,2"
"16387","Secondary.Effluent.Flow + TSS..mg.L. + UVT.... + CODds..mg.L. + SACto..1.m. + NSEC.Aerobic.SRT",0.0493698423768016,0.754572141233951,"3,2"
"16388","Secondary.Effluent.Flow + TSS..mg.L. + UVT.... + CODds..mg.L. + SACto..1.m. + NSEC.Effluent.NH3",0.0976614051242559,0.517554780234775,"3,2"
"16389","Secondary.Effluent.Flow + TSS..mg.L. + UVT.... + CODds..mg.L. + SACto..1.m. + NSEC.Effluent.NO3",0.15178414291617,0.426225956327971,"3,2"
"16390","Secondary.Effluent.Flow + TSS..mg.L. + UVT.... + CODds..mg.L. + SACto..1.m. + NSEC.Effluent.OP",0.106162216099855,0.54499225154433,"3,2"
"16391","Secondary.Effluent.Flow + TSS..mg.L. + UVT.... + CODds..mg.L. + SACto..1.m. + NSEC.Effluent.TSS",0.206005958375729,0.732292186840767,"3,2"
"16392","Secondary.Effluent.Flow + TSS..mg.L. + UVT.... + CODds..mg.L. + SACto..1.m. + NSEC.Effluent.NO5",0.0831264570479129,0.41921830393891,"3,2"
"16393","Secondary.Effluent.Flow + TSS..mg.L. + UVT.... + CODds..mg.L. + SACto..1.m. + NSEC.Effluent.Flow",0.0832766658820536,0.475601284908558,"3,2"
"16394","Secondary.Effluent.Flow + TSS..mg.L. + UVT.... + CODds..mg.L. + NSEC.Aerobic.SRT + NSEC.Effluent.NH3",0.0611643961577308,0.757463141156395,"3,2"
"16395","Secondary.Effluent.Flow + TSS..mg.L. + UVT.... + CODds..mg.L. + NSEC.Aerobic.SRT + NSEC.Effluent.NO3",0.148427846919914,0.79932720943327,"3,2"
"16396","Secondary.Effluent.Flow + TSS..mg.L. + UVT.... + CODds..mg.L. + NSEC.Aerobic.SRT + NSEC.Effluent.OP",0.114436431138277,0.746681775226026,"3,2"
"16397","Secondary.Effluent.Flow + TSS..mg.L. + UVT.... + CODds..mg.L. + NSEC.Aerobic.SRT + NSEC.Effluent.TSS",0.120612354317751,0.828496086615321,"3,2"
"16398","Secondary.Effluent.Flow + TSS..mg.L. + UVT.... + CODds..mg.L. + NSEC.Aerobic.SRT + NSEC.Effluent.NO5",0.0386940029208001,0.774628789803473,"3,2"
"16399","Secondary.Effluent.Flow + TSS..mg.L. + UVT.... + CODds..mg.L. + NSEC.Aerobic.SRT + NSEC.Effluent.Flow",0.0518454603280305,0.49747590387236,"3,2"
"16400","Secondary.Effluent.Flow + TSS..mg.L. + UVT.... + CODds..mg.L. + NSEC.Effluent.NH3 + NSEC.Effluent.NO3",0.0716643809215243,0.546566019560362,"3,2"
"16401","Secondary.Effluent.Flow + TSS..mg.L. + UVT.... + CODds..mg.L. + NSEC.Effluent.NH3 + NSEC.Effluent.OP",0.0862423366432621,0.564279347200242,"3,2"
"16402","Secondary.Effluent.Flow + TSS..mg.L. + UVT.... + CODds..mg.L. + NSEC.Effluent.NH3 + NSEC.Effluent.TSS",0.273193272248677,0.748346485142168,"3,2"
"16403","Secondary.Effluent.Flow + TSS..mg.L. + UVT.... + CODds..mg.L. + NSEC.Effluent.NH3 + NSEC.Effluent.NO5",0.020183844850362,0.53698928752487,"3,2"
"16404","Secondary.Effluent.Flow + TSS..mg.L. + UVT.... + CODds..mg.L. + NSEC.Effluent.NH3 + NSEC.Effluent.Flow",0.116677124434855,0.510720847487506,"3,2"
"16405","Secondary.Effluent.Flow + TSS..mg.L. + UVT.... + CODds..mg.L. + NSEC.Effluent.NO3 + NSEC.Effluent.OP",0.096158422969963,0.584134693786843,"3,2"
"16406","Secondary.Effluent.Flow + TSS..mg.L. + UVT.... + CODds..mg.L. + NSEC.Effluent.NO3 + NSEC.Effluent.TSS",0.204171991305092,0.75792809639184,"3,2"
"16407","Secondary.Effluent.Flow + TSS..mg.L. + UVT.... + CODds..mg.L. + NSEC.Effluent.NO3 + NSEC.Effluent.NO5",0.151472904343746,0.563853218786851,"3,2"
"16408","Secondary.Effluent.Flow + TSS..mg.L. + UVT.... + CODds..mg.L. + NSEC.Effluent.NO3 + NSEC.Effluent.Flow",0.147256250224438,0.418156175689274,"3,2"
"16409","Secondary.Effluent.Flow + TSS..mg.L. + UVT.... + CODds..mg.L. + NSEC.Effluent.OP + NSEC.Effluent.TSS",0.126256073493169,0.761138323667048,"3,2"
"16410","Secondary.Effluent.Flow + TSS..mg.L. + UVT.... + CODds..mg.L. + NSEC.Effluent.OP + NSEC.Effluent.NO5",0.0374420363977492,0.588946274299717,"3,2"
"16411","Secondary.Effluent.Flow + TSS..mg.L. + UVT.... + CODds..mg.L. + NSEC.Effluent.OP + NSEC.Effluent.Flow",0.0610898129396498,0.566819276160779,"3,2"
"16412","Secondary.Effluent.Flow + TSS..mg.L. + UVT.... + CODds..mg.L. + NSEC.Effluent.TSS + NSEC.Effluent.NO5",0.232756212128304,0.724909293125168,"3,2"
"16413","Secondary.Effluent.Flow + TSS..mg.L. + UVT.... + CODds..mg.L. + NSEC.Effluent.TSS + NSEC.Effluent.Flow",0.113244944455347,0.678576397413157,"3,2"
"16414","Secondary.Effluent.Flow + TSS..mg.L. + UVT.... + CODds..mg.L. + NSEC.Effluent.NO5 + NSEC.Effluent.Flow",0.0899828847106297,0.577938602661323,"3,2"
"16415","Secondary.Effluent.Flow + TSS..mg.L. + UVT.... + SACto..1.m. + NSEC.Aerobic.SRT + NSEC.Effluent.NH3",0.213226698354708,0.757583803679089,"3,2"
"16416","Secondary.Effluent.Flow + TSS..mg.L. + UVT.... + SACto..1.m. + NSEC.Aerobic.SRT + NSEC.Effluent.NO3",0.171513541385651,0.783238915722533,"3,2"
"16417","Secondary.Effluent.Flow + TSS..mg.L. + UVT.... + SACto..1.m. + NSEC.Aerobic.SRT + NSEC.Effluent.OP",0.103424393720807,0.780714801898582,"3,2"
"16418","Secondary.Effluent.Flow + TSS..mg.L. + UVT.... + SACto..1.m. + NSEC.Aerobic.SRT + NSEC.Effluent.TSS",0.0692772364268461,0.809506970764027,"3,2"
"16419","Secondary.Effluent.Flow + TSS..mg.L. + UVT.... + SACto..1.m. + NSEC.Aerobic.SRT + NSEC.Effluent.NO5",0.0317479731700248,0.765262814852878,"3,2"
"16420","Secondary.Effluent.Flow + TSS..mg.L. + UVT.... + SACto..1.m. + NSEC.Aerobic.SRT + NSEC.Effluent.Flow",0.0876712644856736,0.808378554013713,"3,2"
"16421","Secondary.Effluent.Flow + TSS..mg.L. + UVT.... + SACto..1.m. + NSEC.Effluent.NH3 + NSEC.Effluent.NO3",0.0561439604280407,0.505206344880502,"3,2"
"16422","Secondary.Effluent.Flow + TSS..mg.L. + UVT.... + SACto..1.m. + NSEC.Effluent.NH3 + NSEC.Effluent.OP",0.149125238101535,0.540322972342749,"3,2"
"16423","Secondary.Effluent.Flow + TSS..mg.L. + UVT.... + SACto..1.m. + NSEC.Effluent.NH3 + NSEC.Effluent.TSS",0.274742794333678,0.690408581675885,"3,2"
"16424","Secondary.Effluent.Flow + TSS..mg.L. + UVT.... + SACto..1.m. + NSEC.Effluent.NH3 + NSEC.Effluent.NO5",0.0593007375745618,0.565639177552662,"3,2"
"16425","Secondary.Effluent.Flow + TSS..mg.L. + UVT.... + SACto..1.m. + NSEC.Effluent.NH3 + NSEC.Effluent.Flow",0.113974200967736,0.5142451600746,"3,2"
"16426","Secondary.Effluent.Flow + TSS..mg.L. + UVT.... + SACto..1.m. + NSEC.Effluent.NO3 + NSEC.Effluent.OP",0.175470162349539,0.595769552273647,"3,2"
"16427","Secondary.Effluent.Flow + TSS..mg.L. + UVT.... + SACto..1.m. + NSEC.Effluent.NO3 + NSEC.Effluent.TSS",0.215804658915462,0.713555797483807,"3,2"
"16428","Secondary.Effluent.Flow + TSS..mg.L. + UVT.... + SACto..1.m. + NSEC.Effluent.NO3 + NSEC.Effluent.NO5",0.0780074768070866,0.578313094548532,"3,2"
"16429","Secondary.Effluent.Flow + TSS..mg.L. + UVT.... + SACto..1.m. + NSEC.Effluent.NO3 + NSEC.Effluent.Flow",0.127638297866118,0.523894429709582,"3,2"
"16430","Secondary.Effluent.Flow + TSS..mg.L. + UVT.... + SACto..1.m. + NSEC.Effluent.OP + NSEC.Effluent.TSS",0.195945082567476,0.758335772904879,"3,2"
"16431","Secondary.Effluent.Flow + TSS..mg.L. + UVT.... + SACto..1.m. + NSEC.Effluent.OP + NSEC.Effluent.NO5",0.146030354779792,0.532878638941114,"3,2"
"16432","Secondary.Effluent.Flow + TSS..mg.L. + UVT.... + SACto..1.m. + NSEC.Effluent.OP + NSEC.Effluent.Flow",0.133133740010988,0.536142370899381,"3,2"
"16433","Secondary.Effluent.Flow + TSS..mg.L. + UVT.... + SACto..1.m. + NSEC.Effluent.TSS + NSEC.Effluent.NO5",0.181635745714152,0.784404175975489,"3,2"
"16434","Secondary.Effluent.Flow + TSS..mg.L. + UVT.... + SACto..1.m. + NSEC.Effluent.TSS + NSEC.Effluent.Flow",0.150087406959207,0.73319184753764,"3,2"
"16435","Secondary.Effluent.Flow + TSS..mg.L. + UVT.... + SACto..1.m. + NSEC.Effluent.NO5 + NSEC.Effluent.Flow",0.00394461942481716,0.502105804595458,"3,2"
"16436","Secondary.Effluent.Flow + TSS..mg.L. + UVT.... + NSEC.Aerobic.SRT + NSEC.Effluent.NH3 + NSEC.Effluent.NO3",0.362751650154751,0.770520587553972,"3,2"
"16437","Secondary.Effluent.Flow + TSS..mg.L. + UVT.... + NSEC.Aerobic.SRT + NSEC.Effluent.NH3 + NSEC.Effluent.OP",0.0269003107559214,0.784800071889077,"3,2"
"16438","Secondary.Effluent.Flow + TSS..mg.L. + UVT.... + NSEC.Aerobic.SRT + NSEC.Effluent.NH3 + NSEC.Effluent.TSS",0.171838379561939,0.703291436183968,"3,2"
"16439","Secondary.Effluent.Flow + TSS..mg.L. + UVT.... + NSEC.Aerobic.SRT + NSEC.Effluent.NH3 + NSEC.Effluent.NO5",0.351020249389592,0.763881707694702,"3,2"
"16440","Secondary.Effluent.Flow + TSS..mg.L. + UVT.... + NSEC.Aerobic.SRT + NSEC.Effluent.NH3 + NSEC.Effluent.Flow",0.0595849842532403,0.777804617553615,"3,2"
"16441","Secondary.Effluent.Flow + TSS..mg.L. + UVT.... + NSEC.Aerobic.SRT + NSEC.Effluent.NO3 + NSEC.Effluent.OP",0.0966916374743236,0.813615378710485,"3,2"
"16442","Secondary.Effluent.Flow + TSS..mg.L. + UVT.... + NSEC.Aerobic.SRT + NSEC.Effluent.NO3 + NSEC.Effluent.TSS",0.132479983718373,0.656580053565914,"3,2"
"16443","Secondary.Effluent.Flow + TSS..mg.L. + UVT.... + NSEC.Aerobic.SRT + NSEC.Effluent.NO3 + NSEC.Effluent.NO5",0.11407278859452,0.696006168974756,"3,2"
"16444","Secondary.Effluent.Flow + TSS..mg.L. + UVT.... + NSEC.Aerobic.SRT + NSEC.Effluent.NO3 + NSEC.Effluent.Flow",0.0399544456226051,0.787171883933936,"3,2"
"16445","Secondary.Effluent.Flow + TSS..mg.L. + UVT.... + NSEC.Aerobic.SRT + NSEC.Effluent.OP + NSEC.Effluent.TSS",0.0228687884364362,0.810100378399073,"3,2"
"16446","Secondary.Effluent.Flow + TSS..mg.L. + UVT.... + NSEC.Aerobic.SRT + NSEC.Effluent.OP + NSEC.Effluent.NO5",0.211548937370309,0.755098359438079,"3,2"
"16447","Secondary.Effluent.Flow + TSS..mg.L. + UVT.... + NSEC.Aerobic.SRT + NSEC.Effluent.OP + NSEC.Effluent.Flow",0.136343227217306,0.738893032354965,"3,2"
"16448","Secondary.Effluent.Flow + TSS..mg.L. + UVT.... + NSEC.Aerobic.SRT + NSEC.Effluent.TSS + NSEC.Effluent.NO5",0.147193744106791,0.69095300762805,"3,2"
"16449","Secondary.Effluent.Flow + TSS..mg.L. + UVT.... + NSEC.Aerobic.SRT + NSEC.Effluent.TSS + NSEC.Effluent.Flow",0.0277574345931257,0.739341941365061,"3,2"
"16450","Secondary.Effluent.Flow + TSS..mg.L. + UVT.... + NSEC.Aerobic.SRT + NSEC.Effluent.NO5 + NSEC.Effluent.Flow",0.112756415057836,0.756194819435019,"3,2"
"16451","Secondary.Effluent.Flow + TSS..mg.L. + UVT.... + NSEC.Effluent.NH3 + NSEC.Effluent.NO3 + NSEC.Effluent.OP",0.171611652102728,0.649516510441229,"3,2"
"16452","Secondary.Effluent.Flow + TSS..mg.L. + UVT.... + NSEC.Effluent.NH3 + NSEC.Effluent.NO3 + NSEC.Effluent.TSS",0.164804526374961,0.731030660063939,"3,2"
"16453","Secondary.Effluent.Flow + TSS..mg.L. + UVT.... + NSEC.Effluent.NH3 + NSEC.Effluent.NO3 + NSEC.Effluent.NO5",0.158584006248436,0.543085968446556,"3,2"
"16454","Secondary.Effluent.Flow + TSS..mg.L. + UVT.... + NSEC.Effluent.NH3 + NSEC.Effluent.NO3 + NSEC.Effluent.Flow",0.146457801139237,0.437245635879512,"3,2"
"16455","Secondary.Effluent.Flow + TSS..mg.L. + UVT.... + NSEC.Effluent.NH3 + NSEC.Effluent.OP + NSEC.Effluent.TSS",0.194600453039547,0.789870432452181,"3,2"
"16456","Secondary.Effluent.Flow + TSS..mg.L. + UVT.... + NSEC.Effluent.NH3 + NSEC.Effluent.OP + NSEC.Effluent.NO5",0.000792453962997763,0.562667672073569,"3,2"
"16457","Secondary.Effluent.Flow + TSS..mg.L. + UVT.... + NSEC.Effluent.NH3 + NSEC.Effluent.OP + NSEC.Effluent.Flow",0.134529706551754,0.532536015088729,"3,2"
"16458","Secondary.Effluent.Flow + TSS..mg.L. + UVT.... + NSEC.Effluent.NH3 + NSEC.Effluent.TSS + NSEC.Effluent.NO5",0.361286401209515,0.724146820748823,"3,2"
"16459","Secondary.Effluent.Flow + TSS..mg.L. + UVT.... + NSEC.Effluent.NH3 + NSEC.Effluent.TSS + NSEC.Effluent.Flow",0.285399481937868,0.706616726269432,"3,2"
"16460","Secondary.Effluent.Flow + TSS..mg.L. + UVT.... + NSEC.Effluent.NH3 + NSEC.Effluent.NO5 + NSEC.Effluent.Flow",0.106725146163784,0.525722961176235,"3,2"
"16461","Secondary.Effluent.Flow + TSS..mg.L. + UVT.... + NSEC.Effluent.NO3 + NSEC.Effluent.OP + NSEC.Effluent.TSS",0.0843501743022093,0.771591847672313,"3,2"
"16462","Secondary.Effluent.Flow + TSS..mg.L. + UVT.... + NSEC.Effluent.NO3 + NSEC.Effluent.OP + NSEC.Effluent.NO5",0.33825091207272,0.634072568137502,"3,2"
"16463","Secondary.Effluent.Flow + TSS..mg.L. + UVT.... + NSEC.Effluent.NO3 + NSEC.Effluent.OP + NSEC.Effluent.Flow",0.160684880495534,0.522250937662783,"3,2"
"16464","Secondary.Effluent.Flow + TSS..mg.L. + UVT.... + NSEC.Effluent.NO3 + NSEC.Effluent.TSS + NSEC.Effluent.NO5",0.241643278601588,0.733579587669693,"3,2"
"16465","Secondary.Effluent.Flow + TSS..mg.L. + UVT.... + NSEC.Effluent.NO3 + NSEC.Effluent.TSS + NSEC.Effluent.Flow",0.275377283886739,0.712222971414734,"3,2"
"16466","Secondary.Effluent.Flow + TSS..mg.L. + UVT.... + NSEC.Effluent.NO3 + NSEC.Effluent.NO5 + NSEC.Effluent.Flow",0.145007399015495,0.534821398339935,"3,2"
"16467","Secondary.Effluent.Flow + TSS..mg.L. + UVT.... + NSEC.Effluent.OP + NSEC.Effluent.TSS + NSEC.Effluent.NO5",0.291140332817653,0.752073247606918,"3,2"
"16468","Secondary.Effluent.Flow + TSS..mg.L. + UVT.... + NSEC.Effluent.OP + NSEC.Effluent.TSS + NSEC.Effluent.Flow",0.233727479036782,0.681307007995538,"3,2"
"16469","Secondary.Effluent.Flow + TSS..mg.L. + UVT.... + NSEC.Effluent.OP + NSEC.Effluent.NO5 + NSEC.Effluent.Flow",0.194732865294341,0.545552784893391,"3,2"
"16470","Secondary.Effluent.Flow + TSS..mg.L. + UVT.... + NSEC.Effluent.TSS + NSEC.Effluent.NO5 + NSEC.Effluent.Flow",0.291833141106166,0.713375398654308,"3,2"
"16471","Secondary.Effluent.Flow + TSS..mg.L. + CODds..mg.L. + SACto..1.m. + NSEC.Aerobic.SRT + NSEC.Effluent.NH3",0.0631649691377287,0.75234433958738,"3,2"
"16472","Secondary.Effluent.Flow + TSS..mg.L. + CODds..mg.L. + SACto..1.m. + NSEC.Aerobic.SRT + NSEC.Effluent.NO3",0.101984961928963,0.792595019796581,"3,2"
"16473","Secondary.Effluent.Flow + TSS..mg.L. + CODds..mg.L. + SACto..1.m. + NSEC.Aerobic.SRT + NSEC.Effluent.OP",0.0447147172309235,0.81263867013341,"3,2"
"16474","Secondary.Effluent.Flow + TSS..mg.L. + CODds..mg.L. + SACto..1.m. + NSEC.Aerobic.SRT + NSEC.Effluent.TSS",0.0259659206215543,0.827441529524669,"3,2"
"16475","Secondary.Effluent.Flow + TSS..mg.L. + CODds..mg.L. + SACto..1.m. + NSEC.Aerobic.SRT + NSEC.Effluent.NO5",0.188739480258997,0.651200721741613,"3,2"
"16476","Secondary.Effluent.Flow + TSS..mg.L. + CODds..mg.L. + SACto..1.m. + NSEC.Aerobic.SRT + NSEC.Effluent.Flow",0.19709856895371,0.00115791589806094,"3,2"
"16477","Secondary.Effluent.Flow + TSS..mg.L. + CODds..mg.L. + SACto..1.m. + NSEC.Effluent.NH3 + NSEC.Effluent.NO3",0.163451364149676,0.513553029168112,"3,2"
"16478","Secondary.Effluent.Flow + TSS..mg.L. + CODds..mg.L. + SACto..1.m. + NSEC.Effluent.NH3 + NSEC.Effluent.OP",0.158751404231822,0.565719765204541,"3,2"
"16479","Secondary.Effluent.Flow + TSS..mg.L. + CODds..mg.L. + SACto..1.m. + NSEC.Effluent.NH3 + NSEC.Effluent.TSS",0.209454305604805,0.724699840597036,"3,2"
"16480","Secondary.Effluent.Flow + TSS..mg.L. + CODds..mg.L. + SACto..1.m. + NSEC.Effluent.NH3 + NSEC.Effluent.NO5",0.147482479024921,0.519371275800747,"3,2"
"16481","Secondary.Effluent.Flow + TSS..mg.L. + CODds..mg.L. + SACto..1.m. + NSEC.Effluent.NH3 + NSEC.Effluent.Flow",0.142610714583289,0.443684948095516,"3,2"
"16482","Secondary.Effluent.Flow + TSS..mg.L. + CODds..mg.L. + SACto..1.m. + NSEC.Effluent.NO3 + NSEC.Effluent.OP",0.186731367572933,0.543151330730926,"3,2"
"16483","Secondary.Effluent.Flow + TSS..mg.L. + CODds..mg.L. + SACto..1.m. + NSEC.Effluent.NO3 + NSEC.Effluent.TSS",0.193385243797235,0.170508927183437,"3,2"
"16484","Secondary.Effluent.Flow + TSS..mg.L. + CODds..mg.L. + SACto..1.m. + NSEC.Effluent.NO3 + NSEC.Effluent.NO5",0.231354052356097,0.531244300959814,"3,2"
"16485","Secondary.Effluent.Flow + TSS..mg.L. + CODds..mg.L. + SACto..1.m. + NSEC.Effluent.NO3 + NSEC.Effluent.Flow",0.207884354885669,0.543603229743155,"3,2"
"16486","Secondary.Effluent.Flow + TSS..mg.L. + CODds..mg.L. + SACto..1.m. + NSEC.Effluent.OP + NSEC.Effluent.TSS",0.110856145535071,0.736194329466818,"3,2"
"16487","Secondary.Effluent.Flow + TSS..mg.L. + CODds..mg.L. + SACto..1.m. + NSEC.Effluent.OP + NSEC.Effluent.NO5",0.153776454939715,0.528876832555306,"3,2"
"16488","Secondary.Effluent.Flow + TSS..mg.L. + CODds..mg.L. + SACto..1.m. + NSEC.Effluent.OP + NSEC.Effluent.Flow",0.163097960601218,0.522969555001672,"3,2"
"16489","Secondary.Effluent.Flow + TSS..mg.L. + CODds..mg.L. + SACto..1.m. + NSEC.Effluent.TSS + NSEC.Effluent.NO5",0.225571194383082,0.741020501262399,"3,2"
"16490","Secondary.Effluent.Flow + TSS..mg.L. + CODds..mg.L. + SACto..1.m. + NSEC.Effluent.TSS + NSEC.Effluent.Flow",0.188865677071955,0.689417572991439,"3,2"
"16491","Secondary.Effluent.Flow + TSS..mg.L. + CODds..mg.L. + SACto..1.m. + NSEC.Effluent.NO5 + NSEC.Effluent.Flow",0.225817078470884,0.529825113705576,"3,2"
"16492","Secondary.Effluent.Flow + TSS..mg.L. + CODds..mg.L. + NSEC.Aerobic.SRT + NSEC.Effluent.NH3 + NSEC.Effluent.NO3",0.256026693156135,0.672849383187148,"3,2"
"16493","Secondary.Effluent.Flow + TSS..mg.L. + CODds..mg.L. + NSEC.Aerobic.SRT + NSEC.Effluent.NH3 + NSEC.Effluent.OP",0.18917864120551,0.663768135651857,"3,2"
"16494","Secondary.Effluent.Flow + TSS..mg.L. + CODds..mg.L. + NSEC.Aerobic.SRT + NSEC.Effluent.NH3 + NSEC.Effluent.TSS",0.0915322039639688,0.719345076048843,"3,2"
"16495","Secondary.Effluent.Flow + TSS..mg.L. + CODds..mg.L. + NSEC.Aerobic.SRT + NSEC.Effluent.NH3 + NSEC.Effluent.NO5",0.0467294659002204,0.67365459555884,"3,2"
"16496","Secondary.Effluent.Flow + TSS..mg.L. + CODds..mg.L. + NSEC.Aerobic.SRT + NSEC.Effluent.NH3 + NSEC.Effluent.Flow",0.193494342856078,0.00414688150553301,"3,2"
"16497","Secondary.Effluent.Flow + TSS..mg.L. + CODds..mg.L. + NSEC.Aerobic.SRT + NSEC.Effluent.NO3 + NSEC.Effluent.OP",0.204764832024123,0.775588945782089,"3,2"
"16498","Secondary.Effluent.Flow + TSS..mg.L. + CODds..mg.L. + NSEC.Aerobic.SRT + NSEC.Effluent.NO3 + NSEC.Effluent.TSS",0.165850225241452,0.782002234786807,"3,2"
"16499","Secondary.Effluent.Flow + TSS..mg.L. + CODds..mg.L. + NSEC.Aerobic.SRT + NSEC.Effluent.NO3 + NSEC.Effluent.NO5",0.0458327231495153,0.755294229120504,"3,2"
"16500","Secondary.Effluent.Flow + TSS..mg.L. + CODds..mg.L. + NSEC.Aerobic.SRT + NSEC.Effluent.NO3 + NSEC.Effluent.Flow",0.269374002551021,0.78953820313714,"3,2"
"16501","Secondary.Effluent.Flow + TSS..mg.L. + CODds..mg.L. + NSEC.Aerobic.SRT + NSEC.Effluent.OP + NSEC.Effluent.TSS",0.321442957048468,0.787131056067555,"3,2"
"16502","Secondary.Effluent.Flow + TSS..mg.L. + CODds..mg.L. + NSEC.Aerobic.SRT + NSEC.Effluent.OP + NSEC.Effluent.NO5",0.0121501579104868,0.751732607152465,"3,2"
"16503","Secondary.Effluent.Flow + TSS..mg.L. + CODds..mg.L. + NSEC.Aerobic.SRT + NSEC.Effluent.OP + NSEC.Effluent.Flow",0.200396473608584,0.773983406888325,"3,2"
"16504","Secondary.Effluent.Flow + TSS..mg.L. + CODds..mg.L. + NSEC.Aerobic.SRT + NSEC.Effluent.TSS + NSEC.Effluent.NO5",0.0987591679090465,0.77368659970109,"3,2"
"16505","Secondary.Effluent.Flow + TSS..mg.L. + CODds..mg.L. + NSEC.Aerobic.SRT + NSEC.Effluent.TSS + NSEC.Effluent.Flow",0.0451681701307525,0.765344430375835,"3,2"
"16506","Secondary.Effluent.Flow + TSS..mg.L. + CODds..mg.L. + NSEC.Aerobic.SRT + NSEC.Effluent.NO5 + NSEC.Effluent.Flow",0.00329006881010363,0.785599599327889,"3,2"
"16507","Secondary.Effluent.Flow + TSS..mg.L. + CODds..mg.L. + NSEC.Effluent.NH3 + NSEC.Effluent.NO3 + NSEC.Effluent.OP",0.0855469857365678,0.537576225342153,"3,2"
"16508","Secondary.Effluent.Flow + TSS..mg.L. + CODds..mg.L. + NSEC.Effluent.NH3 + NSEC.Effluent.NO3 + NSEC.Effluent.TSS",0.235824292019562,0.695444440953013,"3,2"
"16509","Secondary.Effluent.Flow + TSS..mg.L. + CODds..mg.L. + NSEC.Effluent.NH3 + NSEC.Effluent.NO3 + NSEC.Effluent.NO5",0.18480704823598,0.524179944014911,"3,2"
"16510","Secondary.Effluent.Flow + TSS..mg.L. + CODds..mg.L. + NSEC.Effluent.NH3 + NSEC.Effluent.NO3 + NSEC.Effluent.Flow",0.122443837046896,0.422493208531273,"3,2"
"16511","Secondary.Effluent.Flow + TSS..mg.L. + CODds..mg.L. + NSEC.Effluent.NH3 + NSEC.Effluent.OP + NSEC.Effluent.TSS",0.0523280395852788,0.693962848335641,"3,2"
"16512","Secondary.Effluent.Flow + TSS..mg.L. + CODds..mg.L. + NSEC.Effluent.NH3 + NSEC.Effluent.OP + NSEC.Effluent.NO5",0.0545086459321935,0.606947031929117,"3,2"
"16513","Secondary.Effluent.Flow + TSS..mg.L. + CODds..mg.L. + NSEC.Effluent.NH3 + NSEC.Effluent.OP + NSEC.Effluent.Flow",0.0386226442488535,0.545583356722391,"3,2"
"16514","Secondary.Effluent.Flow + TSS..mg.L. + CODds..mg.L. + NSEC.Effluent.NH3 + NSEC.Effluent.TSS + NSEC.Effluent.NO5",0.272029285107275,0.61542422547412,"3,2"
"16515","Secondary.Effluent.Flow + TSS..mg.L. + CODds..mg.L. + NSEC.Effluent.NH3 + NSEC.Effluent.TSS + NSEC.Effluent.Flow",0.117014433967152,0.5920717650471,"3,2"
"16516","Secondary.Effluent.Flow + TSS..mg.L. + CODds..mg.L. + NSEC.Effluent.NH3 + NSEC.Effluent.NO5 + NSEC.Effluent.Flow",0.10735016294241,0.515617046259437,"3,2"
"16517","Secondary.Effluent.Flow + TSS..mg.L. + CODds..mg.L. + NSEC.Effluent.NO3 + NSEC.Effluent.OP + NSEC.Effluent.TSS",0.0652040938327441,0.656811498930986,"3,2"
"16518","Secondary.Effluent.Flow + TSS..mg.L. + CODds..mg.L. + NSEC.Effluent.NO3 + NSEC.Effluent.OP + NSEC.Effluent.NO5",0.00369151785376465,0.598735837241543,"3,2"
"16519","Secondary.Effluent.Flow + TSS..mg.L. + CODds..mg.L. + NSEC.Effluent.NO3 + NSEC.Effluent.OP + NSEC.Effluent.Flow",0.0944054170360253,0.537581994598845,"3,2"
"16520","Secondary.Effluent.Flow + TSS..mg.L. + CODds..mg.L. + NSEC.Effluent.NO3 + NSEC.Effluent.TSS + NSEC.Effluent.NO5",0.27447003985801,0.712739263135801,"3,2"
"16521","Secondary.Effluent.Flow + TSS..mg.L. + CODds..mg.L. + NSEC.Effluent.NO3 + NSEC.Effluent.TSS + NSEC.Effluent.Flow",0.146188780397553,0.612783708619112,"3,2"
"16522","Secondary.Effluent.Flow + TSS..mg.L. + CODds..mg.L. + NSEC.Effluent.NO3 + NSEC.Effluent.NO5 + NSEC.Effluent.Flow",0.234044982471651,0.530816300740239,"3,2"
"16523","Secondary.Effluent.Flow + TSS..mg.L. + CODds..mg.L. + NSEC.Effluent.OP + NSEC.Effluent.TSS + NSEC.Effluent.NO5",0.0579726056901908,0.631080692673615,"3,2"
"16524","Secondary.Effluent.Flow + TSS..mg.L. + CODds..mg.L. + NSEC.Effluent.OP + NSEC.Effluent.TSS + NSEC.Effluent.Flow",0.122514873859903,0.691218133131809,"3,2"
"16525","Secondary.Effluent.Flow + TSS..mg.L. + CODds..mg.L. + NSEC.Effluent.OP + NSEC.Effluent.NO5 + NSEC.Effluent.Flow",0.0504083183330188,0.556487305418901,"3,2"
"16526","Secondary.Effluent.Flow + TSS..mg.L. + CODds..mg.L. + NSEC.Effluent.TSS + NSEC.Effluent.NO5 + NSEC.Effluent.Flow",0.190345567006859,0.684321443505185,"3,2"
"16527","Secondary.Effluent.Flow + TSS..mg.L. + SACto..1.m. + NSEC.Aerobic.SRT + NSEC.Effluent.NH3 + NSEC.Effluent.NO3",0.0306639503014932,0.787472279086961,"3,2"
"16528","Secondary.Effluent.Flow + TSS..mg.L. + SACto..1.m. + NSEC.Aerobic.SRT + NSEC.Effluent.NH3 + NSEC.Effluent.OP",0.115922606659077,0.756395153644363,"3,2"
"16529","Secondary.Effluent.Flow + TSS..mg.L. + SACto..1.m. + NSEC.Aerobic.SRT + NSEC.Effluent.NH3 + NSEC.Effluent.TSS",0.0853349961949381,0.733956890651791,"3,2"
"16530","Secondary.Effluent.Flow + TSS..mg.L. + SACto..1.m. + NSEC.Aerobic.SRT + NSEC.Effluent.NH3 + NSEC.Effluent.NO5",0.17468254778575,0.771878340350525,"3,2"
"16531","Secondary.Effluent.Flow + TSS..mg.L. + SACto..1.m. + NSEC.Aerobic.SRT + NSEC.Effluent.NH3 + NSEC.Effluent.Flow",0.0476497924867698,0.599990805492796,"3,2"
"16532","Secondary.Effluent.Flow + TSS..mg.L. + SACto..1.m. + NSEC.Aerobic.SRT + NSEC.Effluent.NO3 + NSEC.Effluent.OP",0.0926948580021141,0.78067996447841,"3,2"
"16533","Secondary.Effluent.Flow + TSS..mg.L. + SACto..1.m. + NSEC.Aerobic.SRT + NSEC.Effluent.NO3 + NSEC.Effluent.TSS",0.221983141708711,0.767582894289554,"3,2"
"16534","Secondary.Effluent.Flow + TSS..mg.L. + SACto..1.m. + NSEC.Aerobic.SRT + NSEC.Effluent.NO3 + NSEC.Effluent.NO5",0.102256613167229,0.772905994605105,"3,2"
"16535","Secondary.Effluent.Flow + TSS..mg.L. + SACto..1.m. + NSEC.Aerobic.SRT + NSEC.Effluent.NO3 + NSEC.Effluent.Flow",0.0961639095252833,0.682306547059508,"3,2"
"16536","Secondary.Effluent.Flow + TSS..mg.L. + SACto..1.m. + NSEC.Aerobic.SRT + NSEC.Effluent.OP + NSEC.Effluent.TSS",0.0697966018837159,0.792030703538987,"3,2"
"16537","Secondary.Effluent.Flow + TSS..mg.L. + SACto..1.m. + NSEC.Aerobic.SRT + NSEC.Effluent.OP + NSEC.Effluent.NO5",0.137849401012068,0.784762429650484,"3,2"
"16538","Secondary.Effluent.Flow + TSS..mg.L. + SACto..1.m. + NSEC.Aerobic.SRT + NSEC.Effluent.OP + NSEC.Effluent.Flow",0.0279918277918696,0.748826072904994,"3,2"
"16539","Secondary.Effluent.Flow + TSS..mg.L. + SACto..1.m. + NSEC.Aerobic.SRT + NSEC.Effluent.TSS + NSEC.Effluent.NO5",0.0742536389139528,0.779291218867749,"3,2"
"16540","Secondary.Effluent.Flow + TSS..mg.L. + SACto..1.m. + NSEC.Aerobic.SRT + NSEC.Effluent.TSS + NSEC.Effluent.Flow",0.0458204278352206,0.807211276726493,"3,2"
"16541","Secondary.Effluent.Flow + TSS..mg.L. + SACto..1.m. + NSEC.Aerobic.SRT + NSEC.Effluent.NO5 + NSEC.Effluent.Flow",0.00457471551087218,0.600747887721758,"3,2"
"16542","Secondary.Effluent.Flow + TSS..mg.L. + SACto..1.m. + NSEC.Effluent.NH3 + NSEC.Effluent.NO3 + NSEC.Effluent.OP",0.198920255575357,0.497250362379505,"3,2"
"16543","Secondary.Effluent.Flow + TSS..mg.L. + SACto..1.m. + NSEC.Effluent.NH3 + NSEC.Effluent.NO3 + NSEC.Effluent.TSS",0.227253610315987,0.721075422440594,"3,2"
"16544","Secondary.Effluent.Flow + TSS..mg.L. + SACto..1.m. + NSEC.Effluent.NH3 + NSEC.Effluent.NO3 + NSEC.Effluent.NO5",0.155981094670841,0.569959734584751,"3,2"
"16545","Secondary.Effluent.Flow + TSS..mg.L. + SACto..1.m. + NSEC.Effluent.NH3 + NSEC.Effluent.NO3 + NSEC.Effluent.Flow",0.137013414280453,0.486902844974138,"3,2"
"16546","Secondary.Effluent.Flow + TSS..mg.L. + SACto..1.m. + NSEC.Effluent.NH3 + NSEC.Effluent.OP + NSEC.Effluent.TSS",0.23879726151853,0.789931811162484,"3,2"
"16547","Secondary.Effluent.Flow + TSS..mg.L. + SACto..1.m. + NSEC.Effluent.NH3 + NSEC.Effluent.OP + NSEC.Effluent.NO5",0.167354714293809,0.569238924933526,"3,2"
"16548","Secondary.Effluent.Flow + TSS..mg.L. + SACto..1.m. + NSEC.Effluent.NH3 + NSEC.Effluent.OP + NSEC.Effluent.Flow",0.0968627253462913,0.536863927413693,"3,2"
"16549","Secondary.Effluent.Flow + TSS..mg.L. + SACto..1.m. + NSEC.Effluent.NH3 + NSEC.Effluent.TSS + NSEC.Effluent.NO5",0.317089907656476,0.742618937471728,"3,2"
"16550","Secondary.Effluent.Flow + TSS..mg.L. + SACto..1.m. + NSEC.Effluent.NH3 + NSEC.Effluent.TSS + NSEC.Effluent.Flow",0.14439326977272,0.74329136582256,"3,2"
"16551","Secondary.Effluent.Flow + TSS..mg.L. + SACto..1.m. + NSEC.Effluent.NH3 + NSEC.Effluent.NO5 + NSEC.Effluent.Flow",0.107099567869341,0.562657066033762,"3,2"
"16552","Secondary.Effluent.Flow + TSS..mg.L. + SACto..1.m. + NSEC.Effluent.NO3 + NSEC.Effluent.OP + NSEC.Effluent.TSS",0.219837830270482,0.806302380679751,"3,2"
"16553","Secondary.Effluent.Flow + TSS..mg.L. + SACto..1.m. + NSEC.Effluent.NO3 + NSEC.Effluent.OP + NSEC.Effluent.NO5",0.185400686051299,0.538009651607912,"3,2"
"16554","Secondary.Effluent.Flow + TSS..mg.L. + SACto..1.m. + NSEC.Effluent.NO3 + NSEC.Effluent.OP + NSEC.Effluent.Flow",0.203733578196827,0.527437697320056,"3,2"
"16555","Secondary.Effluent.Flow + TSS..mg.L. + SACto..1.m. + NSEC.Effluent.NO3 + NSEC.Effluent.TSS + NSEC.Effluent.NO5",0.180837608985615,0.722356720509746,"3,2"
"16556","Secondary.Effluent.Flow + TSS..mg.L. + SACto..1.m. + NSEC.Effluent.NO3 + NSEC.Effluent.TSS + NSEC.Effluent.Flow",0.104060443473419,0.664944160725139,"3,2"
"16557","Secondary.Effluent.Flow + TSS..mg.L. + SACto..1.m. + NSEC.Effluent.NO3 + NSEC.Effluent.NO5 + NSEC.Effluent.Flow",0.109119260089999,0.557759068680856,"3,2"
"16558","Secondary.Effluent.Flow + TSS..mg.L. + SACto..1.m. + NSEC.Effluent.OP + NSEC.Effluent.TSS + NSEC.Effluent.NO5",0.189597004311301,0.781898629717365,"3,2"
"16559","Secondary.Effluent.Flow + TSS..mg.L. + SACto..1.m. + NSEC.Effluent.OP + NSEC.Effluent.TSS + NSEC.Effluent.Flow",0.235502909949395,0.735201679009648,"3,2"
"16560","Secondary.Effluent.Flow + TSS..mg.L. + SACto..1.m. + NSEC.Effluent.OP + NSEC.Effluent.NO5 + NSEC.Effluent.Flow",0.115788318498803,0.548305212558261,"3,2"
"16561","Secondary.Effluent.Flow + TSS..mg.L. + SACto..1.m. + NSEC.Effluent.TSS + NSEC.Effluent.NO5 + NSEC.Effluent.Flow",0.23817448576064,0.71356188176697,"3,2"
"16562","Secondary.Effluent.Flow + TSS..mg.L. + NSEC.Aerobic.SRT + NSEC.Effluent.NH3 + NSEC.Effluent.NO3 + NSEC.Effluent.OP",0.135036067844385,0.688627494578198,"3,2"
"16563","Secondary.Effluent.Flow + TSS..mg.L. + NSEC.Aerobic.SRT + NSEC.Effluent.NH3 + NSEC.Effluent.NO3 + NSEC.Effluent.TSS",0.170087793555148,0.645386882607632,"3,2"
"16564","Secondary.Effluent.Flow + TSS..mg.L. + NSEC.Aerobic.SRT + NSEC.Effluent.NH3 + NSEC.Effluent.NO3 + NSEC.Effluent.NO5",0.230794622930536,0.684523075094499,"3,2"
"16565","Secondary.Effluent.Flow + TSS..mg.L. + NSEC.Aerobic.SRT + NSEC.Effluent.NH3 + NSEC.Effluent.NO3 + NSEC.Effluent.Flow",0.196820529406455,0.578867746071983,"3,2"
"16566","Secondary.Effluent.Flow + TSS..mg.L. + NSEC.Aerobic.SRT + NSEC.Effluent.NH3 + NSEC.Effluent.OP + NSEC.Effluent.TSS",0.105358717680262,0.714158689501855,"3,2"
"16567","Secondary.Effluent.Flow + TSS..mg.L. + NSEC.Aerobic.SRT + NSEC.Effluent.NH3 + NSEC.Effluent.OP + NSEC.Effluent.NO5",0.201565733338477,0.729256333637409,"3,2"
"16568","Secondary.Effluent.Flow + TSS..mg.L. + NSEC.Aerobic.SRT + NSEC.Effluent.NH3 + NSEC.Effluent.OP + NSEC.Effluent.Flow",0.133008013776658,0.717474560472451,"3,2"
"16569","Secondary.Effluent.Flow + TSS..mg.L. + NSEC.Aerobic.SRT + NSEC.Effluent.NH3 + NSEC.Effluent.TSS + NSEC.Effluent.NO5",0.0206785454764393,0.463963372798579,"3,2"
"16570","Secondary.Effluent.Flow + TSS..mg.L. + NSEC.Aerobic.SRT + NSEC.Effluent.NH3 + NSEC.Effluent.TSS + NSEC.Effluent.Flow",0.27253414303243,0.73060303826839,"3,2"
"16571","Secondary.Effluent.Flow + TSS..mg.L. + NSEC.Aerobic.SRT + NSEC.Effluent.NH3 + NSEC.Effluent.NO5 + NSEC.Effluent.Flow",0.0224463229245244,0.457365839502567,"3,2"
"16572","Secondary.Effluent.Flow + TSS..mg.L. + NSEC.Aerobic.SRT + NSEC.Effluent.NO3 + NSEC.Effluent.OP + NSEC.Effluent.TSS",0.11590631826931,0.757302746580406,"3,2"
"16573","Secondary.Effluent.Flow + TSS..mg.L. + NSEC.Aerobic.SRT + NSEC.Effluent.NO3 + NSEC.Effluent.OP + NSEC.Effluent.NO5",0.0268178012713909,0.58877232941982,"3,2"
"16574","Secondary.Effluent.Flow + TSS..mg.L. + NSEC.Aerobic.SRT + NSEC.Effluent.NO3 + NSEC.Effluent.OP + NSEC.Effluent.Flow",0.189235312904583,0.718549148352554,"3,2"
"16575","Secondary.Effluent.Flow + TSS..mg.L. + NSEC.Aerobic.SRT + NSEC.Effluent.NO3 + NSEC.Effluent.TSS + NSEC.Effluent.NO5",0.0170385948729672,0.445815739446351,"3,2"
"16576","Secondary.Effluent.Flow + TSS..mg.L. + NSEC.Aerobic.SRT + NSEC.Effluent.NO3 + NSEC.Effluent.TSS + NSEC.Effluent.Flow",0.148300944325531,0.661710100374853,"3,2"
"16577","Secondary.Effluent.Flow + TSS..mg.L. + NSEC.Aerobic.SRT + NSEC.Effluent.NO3 + NSEC.Effluent.NO5 + NSEC.Effluent.Flow",0.24178276537362,0.687892016827623,"3,2"
"16578","Secondary.Effluent.Flow + TSS..mg.L. + NSEC.Aerobic.SRT + NSEC.Effluent.OP + NSEC.Effluent.TSS + NSEC.Effluent.NO5",0.00268037205336746,0.478394067311527,"3,2"
"16579","Secondary.Effluent.Flow + TSS..mg.L. + NSEC.Aerobic.SRT + NSEC.Effluent.OP + NSEC.Effluent.TSS + NSEC.Effluent.Flow",0.141295449710774,0.706806129612029,"3,2"
"16580","Secondary.Effluent.Flow + TSS..mg.L. + NSEC.Aerobic.SRT + NSEC.Effluent.OP + NSEC.Effluent.NO5 + NSEC.Effluent.Flow",0.198805765530344,0.778416999664797,"3,2"
"16581","Secondary.Effluent.Flow + TSS..mg.L. + NSEC.Aerobic.SRT + NSEC.Effluent.TSS + NSEC.Effluent.NO5 + NSEC.Effluent.Flow",0.267586162548795,0.747942752453416,"3,2"
"16582","Secondary.Effluent.Flow + TSS..mg.L. + NSEC.Effluent.NH3 + NSEC.Effluent.NO3 + NSEC.Effluent.OP + NSEC.Effluent.TSS",0.183466005042755,0.655502440379545,"3,2"
"16583","Secondary.Effluent.Flow + TSS..mg.L. + NSEC.Effluent.NH3 + NSEC.Effluent.NO3 + NSEC.Effluent.OP + NSEC.Effluent.NO5",0.00674945554531425,0.430196511274002,"3,2"
"16584","Secondary.Effluent.Flow + TSS..mg.L. + NSEC.Effluent.NH3 + NSEC.Effluent.NO3 + NSEC.Effluent.OP + NSEC.Effluent.Flow",0.10718694052555,0.45435898722084,"3,2"
"16585","Secondary.Effluent.Flow + TSS..mg.L. + NSEC.Effluent.NH3 + NSEC.Effluent.NO3 + NSEC.Effluent.TSS + NSEC.Effluent.NO5",0.0292939066546649,0.429802666430272,"3,2"
"16586","Secondary.Effluent.Flow + TSS..mg.L. + NSEC.Effluent.NH3 + NSEC.Effluent.NO3 + NSEC.Effluent.TSS + NSEC.Effluent.Flow",0.154524426458972,0.616362972071666,"3,2"
"16587","Secondary.Effluent.Flow + TSS..mg.L. + NSEC.Effluent.NH3 + NSEC.Effluent.NO3 + NSEC.Effluent.NO5 + NSEC.Effluent.Flow",0.493951406921588,0.495495290201041,"3,2"
"16588","Secondary.Effluent.Flow + TSS..mg.L. + NSEC.Effluent.NH3 + NSEC.Effluent.OP + NSEC.Effluent.TSS + NSEC.Effluent.NO5",0.148899966790593,0.729386051723472,"3,2"
"16589","Secondary.Effluent.Flow + TSS..mg.L. + NSEC.Effluent.NH3 + NSEC.Effluent.OP + NSEC.Effluent.TSS + NSEC.Effluent.Flow",0.210608218379884,0.598596508634511,"3,2"
"16590","Secondary.Effluent.Flow + TSS..mg.L. + NSEC.Effluent.NH3 + NSEC.Effluent.OP + NSEC.Effluent.NO5 + NSEC.Effluent.Flow",0.139539601217228,0.536032463576388,"3,2"
"16591","Secondary.Effluent.Flow + TSS..mg.L. + NSEC.Effluent.NH3 + NSEC.Effluent.TSS + NSEC.Effluent.NO5 + NSEC.Effluent.Flow",0.0903595855991393,0.569397241980103,"3,2"
"16592","Secondary.Effluent.Flow + TSS..mg.L. + NSEC.Effluent.NO3 + NSEC.Effluent.OP + NSEC.Effluent.TSS + NSEC.Effluent.NO5",0.234120456046546,0.718814908948039,"3,2"
"16593","Secondary.Effluent.Flow + TSS..mg.L. + NSEC.Effluent.NO3 + NSEC.Effluent.OP + NSEC.Effluent.TSS + NSEC.Effluent.Flow",0.0161466157520109,0.701726533574836,"3,2"
"16594","Secondary.Effluent.Flow + TSS..mg.L. + NSEC.Effluent.NO3 + NSEC.Effluent.OP + NSEC.Effluent.NO5 + NSEC.Effluent.Flow",0.0711104973869543,0.408750362946246,"3,2"
"16595","Secondary.Effluent.Flow + TSS..mg.L. + NSEC.Effluent.NO3 + NSEC.Effluent.TSS + NSEC.Effluent.NO5 + NSEC.Effluent.Flow",0.0352239794381823,0.58915181102548,"3,2"
"16596","Secondary.Effluent.Flow + TSS..mg.L. + NSEC.Effluent.OP + NSEC.Effluent.TSS + NSEC.Effluent.NO5 + NSEC.Effluent.Flow",0.0234007462214096,0.571880978518638,"3,2"
"16597","Secondary.Effluent.Flow + UVT.... + CODds..mg.L. + SACto..1.m. + NSEC.Aerobic.SRT + NSEC.Effluent.NH3",0.0735476348868569,0.760801245647292,"3,2"
"16598","Secondary.Effluent.Flow + UVT.... + CODds..mg.L. + SACto..1.m. + NSEC.Aerobic.SRT + NSEC.Effluent.NO3",0.0176937092504161,0.714726409139322,"3,2"
"16599","Secondary.Effluent.Flow + UVT.... + CODds..mg.L. + SACto..1.m. + NSEC.Aerobic.SRT + NSEC.Effluent.OP",0.232240053501091,0.724603763576856,"3,2"
"16600","Secondary.Effluent.Flow + UVT.... + CODds..mg.L. + SACto..1.m. + NSEC.Aerobic.SRT + NSEC.Effluent.TSS",0.011406688499874,0.78689710663533,"3,2"
"16601","Secondary.Effluent.Flow + UVT.... + CODds..mg.L. + SACto..1.m. + NSEC.Aerobic.SRT + NSEC.Effluent.NO5",0.00914649085189256,0.763896481432486,"3,2"
"16602","Secondary.Effluent.Flow + UVT.... + CODds..mg.L. + SACto..1.m. + NSEC.Aerobic.SRT + NSEC.Effluent.Flow",0.181669623044323,0.749537087910365,"3,2"
"16603","Secondary.Effluent.Flow + UVT.... + CODds..mg.L. + SACto..1.m. + NSEC.Effluent.NH3 + NSEC.Effluent.NO3",0.177516529784499,0.461134967323744,"3,2"
"16604","Secondary.Effluent.Flow + UVT.... + CODds..mg.L. + SACto..1.m. + NSEC.Effluent.NH3 + NSEC.Effluent.OP",0.177038583080451,0.517563202470399,"3,2"
"16605","Secondary.Effluent.Flow + UVT.... + CODds..mg.L. + SACto..1.m. + NSEC.Effluent.NH3 + NSEC.Effluent.TSS",0.10433152868131,0.735339485562303,"3,2"
"16606","Secondary.Effluent.Flow + UVT.... + CODds..mg.L. + SACto..1.m. + NSEC.Effluent.NH3 + NSEC.Effluent.NO5",0.121969342248018,0.470294602793616,"3,2"
"16607","Secondary.Effluent.Flow + UVT.... + CODds..mg.L. + SACto..1.m. + NSEC.Effluent.NH3 + NSEC.Effluent.Flow",0.0646594933105391,0.554308456461473,"3,2"
"16608","Secondary.Effluent.Flow + UVT.... + CODds..mg.L. + SACto..1.m. + NSEC.Effluent.NO3 + NSEC.Effluent.OP",0.118984769214546,0.548601536214844,"3,2"
"16609","Secondary.Effluent.Flow + UVT.... + CODds..mg.L. + SACto..1.m. + NSEC.Effluent.NO3 + NSEC.Effluent.TSS",0.0424526255663276,0.694029901079081,"3,2"
"16610","Secondary.Effluent.Flow + UVT.... + CODds..mg.L. + SACto..1.m. + NSEC.Effluent.NO3 + NSEC.Effluent.NO5",0.125940932382303,0.546210212407388,"3,2"
"16611","Secondary.Effluent.Flow + UVT.... + CODds..mg.L. + SACto..1.m. + NSEC.Effluent.NO3 + NSEC.Effluent.Flow",0.0995262648542909,0.512349571822763,"3,2"
"16612","Secondary.Effluent.Flow + UVT.... + CODds..mg.L. + SACto..1.m. + NSEC.Effluent.OP + NSEC.Effluent.TSS",0.107361690233387,0.671027071491198,"3,2"
"16613","Secondary.Effluent.Flow + UVT.... + CODds..mg.L. + SACto..1.m. + NSEC.Effluent.OP + NSEC.Effluent.NO5",0.0274280032692404,0.56826150722744,"3,2"
"16614","Secondary.Effluent.Flow + UVT.... + CODds..mg.L. + SACto..1.m. + NSEC.Effluent.OP + NSEC.Effluent.Flow",0.11013260492614,0.560281731711253,"3,2"
"16615","Secondary.Effluent.Flow + UVT.... + CODds..mg.L. + SACto..1.m. + NSEC.Effluent.TSS + NSEC.Effluent.NO5",0.238340500709464,0.755296605903034,"3,2"
"16616","Secondary.Effluent.Flow + UVT.... + CODds..mg.L. + SACto..1.m. + NSEC.Effluent.TSS + NSEC.Effluent.Flow",0.196258581455695,0.7334667527476,"3,2"
"16617","Secondary.Effluent.Flow + UVT.... + CODds..mg.L. + SACto..1.m. + NSEC.Effluent.NO5 + NSEC.Effluent.Flow",0.0928813473391337,0.619186389851951,"3,2"
"16618","Secondary.Effluent.Flow + UVT.... + CODds..mg.L. + NSEC.Aerobic.SRT + NSEC.Effluent.NH3 + NSEC.Effluent.NO3",0.0225581408199029,0.748155389664359,"3,2"
"16619","Secondary.Effluent.Flow + UVT.... + CODds..mg.L. + NSEC.Aerobic.SRT + NSEC.Effluent.NH3 + NSEC.Effluent.OP",0.270209541773312,0.762186184223784,"3,2"
"16620","Secondary.Effluent.Flow + UVT.... + CODds..mg.L. + NSEC.Aerobic.SRT + NSEC.Effluent.NH3 + NSEC.Effluent.TSS",0.0272562810080901,0.789891104768807,"3,2"
"16621","Secondary.Effluent.Flow + UVT.... + CODds..mg.L. + NSEC.Aerobic.SRT + NSEC.Effluent.NH3 + NSEC.Effluent.NO5",0.265359544065863,0.701040927616023,"3,2"
"16622","Secondary.Effluent.Flow + UVT.... + CODds..mg.L. + NSEC.Aerobic.SRT + NSEC.Effluent.NH3 + NSEC.Effluent.Flow",0.136660867952391,0.603774772748964,"3,2"
"16623","Secondary.Effluent.Flow + UVT.... + CODds..mg.L. + NSEC.Aerobic.SRT + NSEC.Effluent.NO3 + NSEC.Effluent.OP",0.0125044888439221,0.772355945497205,"3,2"
"16624","Secondary.Effluent.Flow + UVT.... + CODds..mg.L. + NSEC.Aerobic.SRT + NSEC.Effluent.NO3 + NSEC.Effluent.TSS",0.029465512385177,0.821902162505815,"3,2"
"16625","Secondary.Effluent.Flow + UVT.... + CODds..mg.L. + NSEC.Aerobic.SRT + NSEC.Effluent.NO3 + NSEC.Effluent.NO5",0.218536969308994,0.741942451067336,"3,2"
"16626","Secondary.Effluent.Flow + UVT.... + CODds..mg.L. + NSEC.Aerobic.SRT + NSEC.Effluent.NO3 + NSEC.Effluent.Flow",0.212164808679121,0.54400100150227,"3,2"
"16627","Secondary.Effluent.Flow + UVT.... + CODds..mg.L. + NSEC.Aerobic.SRT + NSEC.Effluent.OP + NSEC.Effluent.TSS",0.228906867694272,0.774318000754802,"3,2"
"16628","Secondary.Effluent.Flow + UVT.... + CODds..mg.L. + NSEC.Aerobic.SRT + NSEC.Effluent.OP + NSEC.Effluent.NO5",0.107751995849187,0.767876152026999,"3,2"
"16629","Secondary.Effluent.Flow + UVT.... + CODds..mg.L. + NSEC.Aerobic.SRT + NSEC.Effluent.OP + NSEC.Effluent.Flow",0.2626543734353,0.712352675995832,"3,2"
"16630","Secondary.Effluent.Flow + UVT.... + CODds..mg.L. + NSEC.Aerobic.SRT + NSEC.Effluent.TSS + NSEC.Effluent.NO5",0.0636174022668548,0.709228669024452,"3,2"
"16631","Secondary.Effluent.Flow + UVT.... + CODds..mg.L. + NSEC.Aerobic.SRT + NSEC.Effluent.TSS + NSEC.Effluent.Flow",0.17564180066895,0.637087634661533,"3,2"
"16632","Secondary.Effluent.Flow + UVT.... + CODds..mg.L. + NSEC.Aerobic.SRT + NSEC.Effluent.NO5 + NSEC.Effluent.Flow",0.191671391705853,0.74009219620516,"3,2"
"16633","Secondary.Effluent.Flow + UVT.... + CODds..mg.L. + NSEC.Effluent.NH3 + NSEC.Effluent.NO3 + NSEC.Effluent.OP",0.102639240714977,0.608840955509746,"3,2"
"16634","Secondary.Effluent.Flow + UVT.... + CODds..mg.L. + NSEC.Effluent.NH3 + NSEC.Effluent.NO3 + NSEC.Effluent.TSS",0.203299134931507,0.75872222895522,"3,2"
"16635","Secondary.Effluent.Flow + UVT.... + CODds..mg.L. + NSEC.Effluent.NH3 + NSEC.Effluent.NO3 + NSEC.Effluent.NO5",0.188661404372795,0.558296265998175,"3,2"
"16636","Secondary.Effluent.Flow + UVT.... + CODds..mg.L. + NSEC.Effluent.NH3 + NSEC.Effluent.NO3 + NSEC.Effluent.Flow",0.0888307102877277,0.502480086172994,"3,2"
"16637","Secondary.Effluent.Flow + UVT.... + CODds..mg.L. + NSEC.Effluent.NH3 + NSEC.Effluent.OP + NSEC.Effluent.TSS",0.264556236488703,0.715472066902296,"3,2"
"16638","Secondary.Effluent.Flow + UVT.... + CODds..mg.L. + NSEC.Effluent.NH3 + NSEC.Effluent.OP + NSEC.Effluent.NO5",0.198754984741235,0.52410132324721,"3,2"
"16639","Secondary.Effluent.Flow + UVT.... + CODds..mg.L. + NSEC.Effluent.NH3 + NSEC.Effluent.OP + NSEC.Effluent.Flow",0.0588118332873631,0.564389486204267,"3,2"
"16640","Secondary.Effluent.Flow + UVT.... + CODds..mg.L. + NSEC.Effluent.NH3 + NSEC.Effluent.TSS + NSEC.Effluent.NO5",0.241999914928603,0.68728422402102,"3,2"
"16641","Secondary.Effluent.Flow + UVT.... + CODds..mg.L. + NSEC.Effluent.NH3 + NSEC.Effluent.TSS + NSEC.Effluent.Flow",0.214947756501751,0.74908426948716,"3,2"
"16642","Secondary.Effluent.Flow + UVT.... + CODds..mg.L. + NSEC.Effluent.NH3 + NSEC.Effluent.NO5 + NSEC.Effluent.Flow",0.152692546272916,0.629064519087494,"3,2"
"16643","Secondary.Effluent.Flow + UVT.... + CODds..mg.L. + NSEC.Effluent.NO3 + NSEC.Effluent.OP + NSEC.Effluent.TSS",0.0937802056657415,0.66073859973121,"3,2"
"16644","Secondary.Effluent.Flow + UVT.... + CODds..mg.L. + NSEC.Effluent.NO3 + NSEC.Effluent.OP + NSEC.Effluent.NO5",0.177502390438908,0.5991864188902,"3,2"
"16645","Secondary.Effluent.Flow + UVT.... + CODds..mg.L. + NSEC.Effluent.NO3 + NSEC.Effluent.OP + NSEC.Effluent.Flow",0.201848221284376,0.519317448176352,"3,2"
"16646","Secondary.Effluent.Flow + UVT.... + CODds..mg.L. + NSEC.Effluent.NO3 + NSEC.Effluent.TSS + NSEC.Effluent.NO5",0.144922424410106,0.751477064026075,"3,2"
"16647","Secondary.Effluent.Flow + UVT.... + CODds..mg.L. + NSEC.Effluent.NO3 + NSEC.Effluent.TSS + NSEC.Effluent.Flow",0.221718192318682,0.701984748882883,"3,2"
"16648","Secondary.Effluent.Flow + UVT.... + CODds..mg.L. + NSEC.Effluent.NO3 + NSEC.Effluent.NO5 + NSEC.Effluent.Flow",0.150911870998957,0.523218089852226,"3,2"
"16649","Secondary.Effluent.Flow + UVT.... + CODds..mg.L. + NSEC.Effluent.OP + NSEC.Effluent.TSS + NSEC.Effluent.NO5",0.0585265944977083,0.613778773008885,"3,2"
"16650","Secondary.Effluent.Flow + UVT.... + CODds..mg.L. + NSEC.Effluent.OP + NSEC.Effluent.TSS + NSEC.Effluent.Flow",0.0879739570984728,0.677278938339277,"3,2"
"16651","Secondary.Effluent.Flow + UVT.... + CODds..mg.L. + NSEC.Effluent.OP + NSEC.Effluent.NO5 + NSEC.Effluent.Flow",0.0592866971816042,0.652186971114046,"3,2"
"16652","Secondary.Effluent.Flow + UVT.... + CODds..mg.L. + NSEC.Effluent.TSS + NSEC.Effluent.NO5 + NSEC.Effluent.Flow",0.196146171803624,0.739778828683402,"3,2"
"16653","Secondary.Effluent.Flow + UVT.... + SACto..1.m. + NSEC.Aerobic.SRT + NSEC.Effluent.NH3 + NSEC.Effluent.NO3",0.151097106899364,0.522211998625933,"3,2"
"16654","Secondary.Effluent.Flow + UVT.... + SACto..1.m. + NSEC.Aerobic.SRT + NSEC.Effluent.NH3 + NSEC.Effluent.OP",0.00688385343174547,0.725663769854416,"3,2"
"16655","Secondary.Effluent.Flow + UVT.... + SACto..1.m. + NSEC.Aerobic.SRT + NSEC.Effluent.NH3 + NSEC.Effluent.TSS",0.0567474240931078,0.641837363794059,"3,2"
"16656","Secondary.Effluent.Flow + UVT.... + SACto..1.m. + NSEC.Aerobic.SRT + NSEC.Effluent.NH3 + NSEC.Effluent.NO5",0.0393077137213451,0.605048444762156,"3,2"
"16657","Secondary.Effluent.Flow + UVT.... + SACto..1.m. + NSEC.Aerobic.SRT + NSEC.Effluent.NH3 + NSEC.Effluent.Flow",0.0140652361820504,0.580590469473899,"3,2"
"16658","Secondary.Effluent.Flow + UVT.... + SACto..1.m. + NSEC.Aerobic.SRT + NSEC.Effluent.NO3 + NSEC.Effluent.OP",0.0256956266680737,0.574707907096492,"3,2"
"16659","Secondary.Effluent.Flow + UVT.... + SACto..1.m. + NSEC.Aerobic.SRT + NSEC.Effluent.NO3 + NSEC.Effluent.TSS",0.0181277073875383,0.688432425942064,"3,2"
"16660","Secondary.Effluent.Flow + UVT.... + SACto..1.m. + NSEC.Aerobic.SRT + NSEC.Effluent.NO3 + NSEC.Effluent.NO5",0.0962568533833745,0.723074476257816,"3,2"
"16661","Secondary.Effluent.Flow + UVT.... + SACto..1.m. + NSEC.Aerobic.SRT + NSEC.Effluent.NO3 + NSEC.Effluent.Flow",0.107090925384417,0.598609477181302,"3,2"
"16662","Secondary.Effluent.Flow + UVT.... + SACto..1.m. + NSEC.Aerobic.SRT + NSEC.Effluent.OP + NSEC.Effluent.TSS",0.11290581549719,0.75451477670482,"3,2"
"16663","Secondary.Effluent.Flow + UVT.... + SACto..1.m. + NSEC.Aerobic.SRT + NSEC.Effluent.OP + NSEC.Effluent.NO5",0.107140557323557,0.719901101355917,"3,2"
"16664","Secondary.Effluent.Flow + UVT.... + SACto..1.m. + NSEC.Aerobic.SRT + NSEC.Effluent.OP + NSEC.Effluent.Flow",0.0110934613942137,0.729858294887693,"3,2"
"16665","Secondary.Effluent.Flow + UVT.... + SACto..1.m. + NSEC.Aerobic.SRT + NSEC.Effluent.TSS + NSEC.Effluent.NO5",0.0956044020375635,0.575478448230635,"3,2"
"16666","Secondary.Effluent.Flow + UVT.... + SACto..1.m. + NSEC.Aerobic.SRT + NSEC.Effluent.TSS + NSEC.Effluent.Flow",0.136853412064956,0.761892789621376,"3,2"
"16667","Secondary.Effluent.Flow + UVT.... + SACto..1.m. + NSEC.Aerobic.SRT + NSEC.Effluent.NO5 + NSEC.Effluent.Flow",0.100916419204528,0.538642251491418,"3,2"
"16668","Secondary.Effluent.Flow + UVT.... + SACto..1.m. + NSEC.Effluent.NH3 + NSEC.Effluent.NO3 + NSEC.Effluent.OP",0.112387106135687,0.481523621825135,"3,2"
"16669","Secondary.Effluent.Flow + UVT.... + SACto..1.m. + NSEC.Effluent.NH3 + NSEC.Effluent.NO3 + NSEC.Effluent.TSS",0.151048084519124,0.554107649329616,"3,2"
"16670","Secondary.Effluent.Flow + UVT.... + SACto..1.m. + NSEC.Effluent.NH3 + NSEC.Effluent.NO3 + NSEC.Effluent.NO5",0.110127207716473,0.393057271056498,"3,2"
"16671","Secondary.Effluent.Flow + UVT.... + SACto..1.m. + NSEC.Effluent.NH3 + NSEC.Effluent.NO3 + NSEC.Effluent.Flow",0.0713103202347631,0.19883222392881,"3,2"
"16672","Secondary.Effluent.Flow + UVT.... + SACto..1.m. + NSEC.Effluent.NH3 + NSEC.Effluent.OP + NSEC.Effluent.TSS",0.0819920180825739,0.557170992510475,"3,2"
"16673","Secondary.Effluent.Flow + UVT.... + SACto..1.m. + NSEC.Effluent.NH3 + NSEC.Effluent.OP + NSEC.Effluent.NO5",0.0314139403582212,0.455198952243009,"3,2"
"16674","Secondary.Effluent.Flow + UVT.... + SACto..1.m. + NSEC.Effluent.NH3 + NSEC.Effluent.OP + NSEC.Effluent.Flow",0.0203926063392794,0.324383170508301,"3,2"
"16675","Secondary.Effluent.Flow + UVT.... + SACto..1.m. + NSEC.Effluent.NH3 + NSEC.Effluent.TSS + NSEC.Effluent.NO5",0.0623937325952024,0.559338503364761,"3,2"
"16676","Secondary.Effluent.Flow + UVT.... + SACto..1.m. + NSEC.Effluent.NH3 + NSEC.Effluent.TSS + NSEC.Effluent.Flow",0.132072037305064,0.623888172459753,"3,2"
"16677","Secondary.Effluent.Flow + UVT.... + SACto..1.m. + NSEC.Effluent.NH3 + NSEC.Effluent.NO5 + NSEC.Effluent.Flow",0.0219211546607885,0.162221018305022,"3,2"
"16678","Secondary.Effluent.Flow + UVT.... + SACto..1.m. + NSEC.Effluent.NO3 + NSEC.Effluent.OP + NSEC.Effluent.TSS",0.109254083974545,0.650349109189276,"3,2"
"16679","Secondary.Effluent.Flow + UVT.... + SACto..1.m. + NSEC.Effluent.NO3 + NSEC.Effluent.OP + NSEC.Effluent.NO5",0.140594668493489,0.505180929966863,"3,2"
"16680","Secondary.Effluent.Flow + UVT.... + SACto..1.m. + NSEC.Effluent.NO3 + NSEC.Effluent.OP + NSEC.Effluent.Flow",0.130059905087708,0.419176212121252,"3,2"
"16681","Secondary.Effluent.Flow + UVT.... + SACto..1.m. + NSEC.Effluent.NO3 + NSEC.Effluent.TSS + NSEC.Effluent.NO5",0.204712626475624,0.634556266325253,"3,2"
"16682","Secondary.Effluent.Flow + UVT.... + SACto..1.m. + NSEC.Effluent.NO3 + NSEC.Effluent.TSS + NSEC.Effluent.Flow",0.242308061824493,0.49605795204459,"3,2"
"16683","Secondary.Effluent.Flow + UVT.... + SACto..1.m. + NSEC.Effluent.NO3 + NSEC.Effluent.NO5 + NSEC.Effluent.Flow",0.0919714487500318,0.294841825492656,"3,2"
"16684","Secondary.Effluent.Flow + UVT.... + SACto..1.m. + NSEC.Effluent.OP + NSEC.Effluent.TSS + NSEC.Effluent.NO5",0.181979212425947,0.617571122992224,"3,2"
"16685","Secondary.Effluent.Flow + UVT.... + SACto..1.m. + NSEC.Effluent.OP + NSEC.Effluent.TSS + NSEC.Effluent.Flow",0.082871715377705,0.596805896745701,"3,2"
"16686","Secondary.Effluent.Flow + UVT.... + SACto..1.m. + NSEC.Effluent.OP + NSEC.Effluent.NO5 + NSEC.Effluent.Flow",0.00392669321341477,0.357680499575607,"3,2"
"16687","Secondary.Effluent.Flow + UVT.... + SACto..1.m. + NSEC.Effluent.TSS + NSEC.Effluent.NO5 + NSEC.Effluent.Flow",0.149949702130921,0.505174738287142,"3,2"
"16688","Secondary.Effluent.Flow + UVT.... + NSEC.Aerobic.SRT + NSEC.Effluent.NH3 + NSEC.Effluent.NO3 + NSEC.Effluent.OP",0.182537220247223,0.670560845494272,"3,2"
"16689","Secondary.Effluent.Flow + UVT.... + NSEC.Aerobic.SRT + NSEC.Effluent.NH3 + NSEC.Effluent.NO3 + NSEC.Effluent.TSS",0.140946087690201,0.690313032726328,"3,2"
"16690","Secondary.Effluent.Flow + UVT.... + NSEC.Aerobic.SRT + NSEC.Effluent.NH3 + NSEC.Effluent.NO3 + NSEC.Effluent.NO5",0.118569059257711,0.651284391227215,"3,2"
"16691","Secondary.Effluent.Flow + UVT.... + NSEC.Aerobic.SRT + NSEC.Effluent.NH3 + NSEC.Effluent.NO3 + NSEC.Effluent.Flow",0.122365701550734,0.711708025363344,"3,2"
"16692","Secondary.Effluent.Flow + UVT.... + NSEC.Aerobic.SRT + NSEC.Effluent.NH3 + NSEC.Effluent.OP + NSEC.Effluent.TSS",0.0691884406743264,0.738442483040592,"3,2"
"16693","Secondary.Effluent.Flow + UVT.... + NSEC.Aerobic.SRT + NSEC.Effluent.NH3 + NSEC.Effluent.OP + NSEC.Effluent.NO5",0.0211147426036544,0.728167742963799,"3,2"
"16694","Secondary.Effluent.Flow + UVT.... + NSEC.Aerobic.SRT + NSEC.Effluent.NH3 + NSEC.Effluent.OP + NSEC.Effluent.Flow",0.153602678108464,0.725873039399321,"3,2"
"16695","Secondary.Effluent.Flow + UVT.... + NSEC.Aerobic.SRT + NSEC.Effluent.NH3 + NSEC.Effluent.TSS + NSEC.Effluent.NO5",0.00588837522018881,0.4452616352037,"3,2"
"16696","Secondary.Effluent.Flow + UVT.... + NSEC.Aerobic.SRT + NSEC.Effluent.NH3 + NSEC.Effluent.TSS + NSEC.Effluent.Flow",0.0115898299597441,0.4798047390556,"3,2"
"16697","Secondary.Effluent.Flow + UVT.... + NSEC.Aerobic.SRT + NSEC.Effluent.NH3 + NSEC.Effluent.NO5 + NSEC.Effluent.Flow",0.108907451510041,0.655337814458318,"3,2"
"16698","Secondary.Effluent.Flow + UVT.... + NSEC.Aerobic.SRT + NSEC.Effluent.NO3 + NSEC.Effluent.OP + NSEC.Effluent.TSS",0.129334792975463,0.743139783288705,"3,2"
"16699","Secondary.Effluent.Flow + UVT.... + NSEC.Aerobic.SRT + NSEC.Effluent.NO3 + NSEC.Effluent.OP + NSEC.Effluent.NO5",0.0216560005194935,0.76704911775454,"3,2"
"16700","Secondary.Effluent.Flow + UVT.... + NSEC.Aerobic.SRT + NSEC.Effluent.NO3 + NSEC.Effluent.OP + NSEC.Effluent.Flow",0.160857763994883,0.727396251350391,"3,2"
"16701","Secondary.Effluent.Flow + UVT.... + NSEC.Aerobic.SRT + NSEC.Effluent.NO3 + NSEC.Effluent.TSS + NSEC.Effluent.NO5",0.0641825363628366,0.799327181287824,"3,2"
"16702","Secondary.Effluent.Flow + UVT.... + NSEC.Aerobic.SRT + NSEC.Effluent.NO3 + NSEC.Effluent.TSS + NSEC.Effluent.Flow",0.146748414719669,0.745902255163586,"3,2"
"16703","Secondary.Effluent.Flow + UVT.... + NSEC.Aerobic.SRT + NSEC.Effluent.NO3 + NSEC.Effluent.NO5 + NSEC.Effluent.Flow",0.117434007854909,0.774644899225354,"3,2"
"16704","Secondary.Effluent.Flow + UVT.... + NSEC.Aerobic.SRT + NSEC.Effluent.OP + NSEC.Effluent.TSS + NSEC.Effluent.NO5",0.228578432901795,0.709967706707199,"3,2"
"16705","Secondary.Effluent.Flow + UVT.... + NSEC.Aerobic.SRT + NSEC.Effluent.OP + NSEC.Effluent.TSS + NSEC.Effluent.Flow",0.404039985690926,0.765168908383008,"3,2"
"16706","Secondary.Effluent.Flow + UVT.... + NSEC.Aerobic.SRT + NSEC.Effluent.OP + NSEC.Effluent.NO5 + NSEC.Effluent.Flow",0.1523282815615,0.684038222273434,"3,2"
"16707","Secondary.Effluent.Flow + UVT.... + NSEC.Aerobic.SRT + NSEC.Effluent.TSS + NSEC.Effluent.NO5 + NSEC.Effluent.Flow",0.00286905339347543,0.446191647429098,"3,2"
"16708","Secondary.Effluent.Flow + UVT.... + NSEC.Effluent.NH3 + NSEC.Effluent.NO3 + NSEC.Effluent.OP + NSEC.Effluent.TSS",0.0353503422787034,0.599057947321175,"3,2"
"16709","Secondary.Effluent.Flow + UVT.... + NSEC.Effluent.NH3 + NSEC.Effluent.NO3 + NSEC.Effluent.OP + NSEC.Effluent.NO5",0.104828102742113,0.51329942944988,"3,2"
"16710","Secondary.Effluent.Flow + UVT.... + NSEC.Effluent.NH3 + NSEC.Effluent.NO3 + NSEC.Effluent.OP + NSEC.Effluent.Flow",0.0869233280841386,0.54133055083921,"3,2"
"16711","Secondary.Effluent.Flow + UVT.... + NSEC.Effluent.NH3 + NSEC.Effluent.NO3 + NSEC.Effluent.TSS + NSEC.Effluent.NO5",0.120870610298615,0.665484269350548,"3,2"
"16712","Secondary.Effluent.Flow + UVT.... + NSEC.Effluent.NH3 + NSEC.Effluent.NO3 + NSEC.Effluent.TSS + NSEC.Effluent.Flow",0.220426400970064,0.638428802601632,"3,2"
"16713","Secondary.Effluent.Flow + UVT.... + NSEC.Effluent.NH3 + NSEC.Effluent.NO3 + NSEC.Effluent.NO5 + NSEC.Effluent.Flow",0.0367567849923827,0.348204737834277,"3,2"
"16714","Secondary.Effluent.Flow + UVT.... + NSEC.Effluent.NH3 + NSEC.Effluent.OP + NSEC.Effluent.TSS + NSEC.Effluent.NO5",0.0996106994892654,0.701960970718658,"3,2"
"16715","Secondary.Effluent.Flow + UVT.... + NSEC.Effluent.NH3 + NSEC.Effluent.OP + NSEC.Effluent.TSS + NSEC.Effluent.Flow",0.204137359503473,0.655417684282908,"3,2"
"16716","Secondary.Effluent.Flow + UVT.... + NSEC.Effluent.NH3 + NSEC.Effluent.OP + NSEC.Effluent.NO5 + NSEC.Effluent.Flow",0.0439695441850627,0.341083178663946,"3,2"
"16717","Secondary.Effluent.Flow + UVT.... + NSEC.Effluent.NH3 + NSEC.Effluent.TSS + NSEC.Effluent.NO5 + NSEC.Effluent.Flow",0.0270261950137192,0.657261193533866,"3,2"
"16718","Secondary.Effluent.Flow + UVT.... + NSEC.Effluent.NO3 + NSEC.Effluent.OP + NSEC.Effluent.TSS + NSEC.Effluent.NO5",0.0393337298746825,0.634742733312288,"3,2"
"16719","Secondary.Effluent.Flow + UVT.... + NSEC.Effluent.NO3 + NSEC.Effluent.OP + NSEC.Effluent.TSS + NSEC.Effluent.Flow",0.0313996820487485,0.654408583745679,"3,2"
"16720","Secondary.Effluent.Flow + UVT.... + NSEC.Effluent.NO3 + NSEC.Effluent.OP + NSEC.Effluent.NO5 + NSEC.Effluent.Flow",0.178265333019989,0.481923767994297,"3,2"
"16721","Secondary.Effluent.Flow + UVT.... + NSEC.Effluent.NO3 + NSEC.Effluent.TSS + NSEC.Effluent.NO5 + NSEC.Effluent.Flow",0.0240848581528585,0.571202050380674,"3,2"
"16722","Secondary.Effluent.Flow + UVT.... + NSEC.Effluent.OP + NSEC.Effluent.TSS + NSEC.Effluent.NO5 + NSEC.Effluent.Flow",0.0492770877008266,0.523228914587257,"3,2"
"16723","Secondary.Effluent.Flow + CODds..mg.L. + SACto..1.m. + NSEC.Aerobic.SRT + NSEC.Effluent.NH3 + NSEC.Effluent.NO3",0.107315013545612,0.741733989262732,"3,2"
"16724","Secondary.Effluent.Flow + CODds..mg.L. + SACto..1.m. + NSEC.Aerobic.SRT + NSEC.Effluent.NH3 + NSEC.Effluent.OP",0.112816881456844,0.790744460355148,"3,2"
"16725","Secondary.Effluent.Flow + CODds..mg.L. + SACto..1.m. + NSEC.Aerobic.SRT + NSEC.Effluent.NH3 + NSEC.Effluent.TSS",0.0621810732751924,0.821789322033112,"3,2"
"16726","Secondary.Effluent.Flow + CODds..mg.L. + SACto..1.m. + NSEC.Aerobic.SRT + NSEC.Effluent.NH3 + NSEC.Effluent.NO5",0.192930518817523,0.00133964191976093,"3,2"
"16727","Secondary.Effluent.Flow + CODds..mg.L. + SACto..1.m. + NSEC.Aerobic.SRT + NSEC.Effluent.NH3 + NSEC.Effluent.Flow",0.263280429651662,0.575843852471572,"3,2"
"16728","Secondary.Effluent.Flow + CODds..mg.L. + SACto..1.m. + NSEC.Aerobic.SRT + NSEC.Effluent.NO3 + NSEC.Effluent.OP",0.112540582839646,0.747566644638029,"3,2"
"16729","Secondary.Effluent.Flow + CODds..mg.L. + SACto..1.m. + NSEC.Aerobic.SRT + NSEC.Effluent.NO3 + NSEC.Effluent.TSS",0.0798011392047915,0.828500392162659,"3,2"
"16730","Secondary.Effluent.Flow + CODds..mg.L. + SACto..1.m. + NSEC.Aerobic.SRT + NSEC.Effluent.NO3 + NSEC.Effluent.NO5",0.0933357312453718,0.775877953716992,"3,2"
"16731","Secondary.Effluent.Flow + CODds..mg.L. + SACto..1.m. + NSEC.Aerobic.SRT + NSEC.Effluent.NO3 + NSEC.Effluent.Flow",0.152090601569475,0.809028933201767,"3,2"
"16732","Secondary.Effluent.Flow + CODds..mg.L. + SACto..1.m. + NSEC.Aerobic.SRT + NSEC.Effluent.OP + NSEC.Effluent.TSS",0.0943784641077594,0.824004816211168,"3,2"
"16733","Secondary.Effluent.Flow + CODds..mg.L. + SACto..1.m. + NSEC.Aerobic.SRT + NSEC.Effluent.OP + NSEC.Effluent.NO5",0.000260033313946195,0.724339532721512,"3,2"
"16734","Secondary.Effluent.Flow + CODds..mg.L. + SACto..1.m. + NSEC.Aerobic.SRT + NSEC.Effluent.OP + NSEC.Effluent.Flow",0.272419101813758,0.721734275149429,"3,2"
"16735","Secondary.Effluent.Flow + CODds..mg.L. + SACto..1.m. + NSEC.Aerobic.SRT + NSEC.Effluent.TSS + NSEC.Effluent.NO5",0.0417856596913402,0.789572863353593,"3,2"
"16736","Secondary.Effluent.Flow + CODds..mg.L. + SACto..1.m. + NSEC.Aerobic.SRT + NSEC.Effluent.TSS + NSEC.Effluent.Flow",0.0289451196930282,0.798072497066339,"3,2"
"16737","Secondary.Effluent.Flow + CODds..mg.L. + SACto..1.m. + NSEC.Aerobic.SRT + NSEC.Effluent.NO5 + NSEC.Effluent.Flow",0.22940420706185,0.536615299157446,"3,2"
"16738","Secondary.Effluent.Flow + CODds..mg.L. + SACto..1.m. + NSEC.Effluent.NH3 + NSEC.Effluent.NO3 + NSEC.Effluent.OP",0.169665759835572,0.548314771891845,"3,2"
"16739","Secondary.Effluent.Flow + CODds..mg.L. + SACto..1.m. + NSEC.Effluent.NH3 + NSEC.Effluent.NO3 + NSEC.Effluent.TSS",0.166359218954768,0.731781731927806,"3,2"
"16740","Secondary.Effluent.Flow + CODds..mg.L. + SACto..1.m. + NSEC.Effluent.NH3 + NSEC.Effluent.NO3 + NSEC.Effluent.NO5",0.144938113782208,0.587089718095829,"3,2"
"16741","Secondary.Effluent.Flow + CODds..mg.L. + SACto..1.m. + NSEC.Effluent.NH3 + NSEC.Effluent.NO3 + NSEC.Effluent.Flow",0.185933902920241,0.467595433975952,"3,2"
"16742","Secondary.Effluent.Flow + CODds..mg.L. + SACto..1.m. + NSEC.Effluent.NH3 + NSEC.Effluent.OP + NSEC.Effluent.TSS",0.0276980026511144,0.768797238331472,"3,2"
"16743","Secondary.Effluent.Flow + CODds..mg.L. + SACto..1.m. + NSEC.Effluent.NH3 + NSEC.Effluent.OP + NSEC.Effluent.NO5",0.143415637127606,0.636311445184154,"3,2"
"16744","Secondary.Effluent.Flow + CODds..mg.L. + SACto..1.m. + NSEC.Effluent.NH3 + NSEC.Effluent.OP + NSEC.Effluent.Flow",0.135002380747389,0.573041881969715,"3,2"
"16745","Secondary.Effluent.Flow + CODds..mg.L. + SACto..1.m. + NSEC.Effluent.NH3 + NSEC.Effluent.TSS + NSEC.Effluent.NO5",0.175900788365283,0.750821999040185,"3,2"
"16746","Secondary.Effluent.Flow + CODds..mg.L. + SACto..1.m. + NSEC.Effluent.NH3 + NSEC.Effluent.TSS + NSEC.Effluent.Flow",0.1975704973236,0.718685729045116,"3,2"
"16747","Secondary.Effluent.Flow + CODds..mg.L. + SACto..1.m. + NSEC.Effluent.NH3 + NSEC.Effluent.NO5 + NSEC.Effluent.Flow",0.169160866442958,0.47260513965221,"3,2"
"16748","Secondary.Effluent.Flow + CODds..mg.L. + SACto..1.m. + NSEC.Effluent.NO3 + NSEC.Effluent.OP + NSEC.Effluent.TSS",0.153472449148338,0.670346441918272,"3,2"
"16749","Secondary.Effluent.Flow + CODds..mg.L. + SACto..1.m. + NSEC.Effluent.NO3 + NSEC.Effluent.OP + NSEC.Effluent.NO5",0.290595310978001,0.607043153387551,"3,2"
"16750","Secondary.Effluent.Flow + CODds..mg.L. + SACto..1.m. + NSEC.Effluent.NO3 + NSEC.Effluent.OP + NSEC.Effluent.Flow",0.0677486642805674,0.611155881062395,"3,2"
"16751","Secondary.Effluent.Flow + CODds..mg.L. + SACto..1.m. + NSEC.Effluent.NO3 + NSEC.Effluent.TSS + NSEC.Effluent.NO5",0.249566482112559,0.699118618448007,"3,2"
"16752","Secondary.Effluent.Flow + CODds..mg.L. + SACto..1.m. + NSEC.Effluent.NO3 + NSEC.Effluent.TSS + NSEC.Effluent.Flow",0.173871661531757,0.740732965349132,"3,2"
"16753","Secondary.Effluent.Flow + CODds..mg.L. + SACto..1.m. + NSEC.Effluent.NO3 + NSEC.Effluent.NO5 + NSEC.Effluent.Flow",0.247293538240588,0.567418698618671,"3,2"
"16754","Secondary.Effluent.Flow + CODds..mg.L. + SACto..1.m. + NSEC.Effluent.OP + NSEC.Effluent.TSS + NSEC.Effluent.NO5",0.209929465955739,0.775965784989254,"3,2"
"16755","Secondary.Effluent.Flow + CODds..mg.L. + SACto..1.m. + NSEC.Effluent.OP + NSEC.Effluent.TSS + NSEC.Effluent.Flow",0.202418123092248,0.687163523743191,"3,2"
"16756","Secondary.Effluent.Flow + CODds..mg.L. + SACto..1.m. + NSEC.Effluent.OP + NSEC.Effluent.NO5 + NSEC.Effluent.Flow",0.0383491292095508,0.620858189125135,"3,2"
"16757","Secondary.Effluent.Flow + CODds..mg.L. + SACto..1.m. + NSEC.Effluent.TSS + NSEC.Effluent.NO5 + NSEC.Effluent.Flow",0.20623104723233,0.701891957976295,"3,2"
"16758","Secondary.Effluent.Flow + CODds..mg.L. + NSEC.Aerobic.SRT + NSEC.Effluent.NH3 + NSEC.Effluent.NO3 + NSEC.Effluent.OP",0.161258726841663,0.784457732724735,"3,2"
"16759","Secondary.Effluent.Flow + CODds..mg.L. + NSEC.Aerobic.SRT + NSEC.Effluent.NH3 + NSEC.Effluent.NO3 + NSEC.Effluent.TSS",0.193316179402196,0.789376112688252,"3,2"
"16760","Secondary.Effluent.Flow + CODds..mg.L. + NSEC.Aerobic.SRT + NSEC.Effluent.NH3 + NSEC.Effluent.NO3 + NSEC.Effluent.NO5",0.288138476456615,0.787822388777183,"3,2"
"16761","Secondary.Effluent.Flow + CODds..mg.L. + NSEC.Aerobic.SRT + NSEC.Effluent.NH3 + NSEC.Effluent.NO3 + NSEC.Effluent.Flow",0.0401674281296427,0.562200459141878,"3,2"
"16762","Secondary.Effluent.Flow + CODds..mg.L. + NSEC.Aerobic.SRT + NSEC.Effluent.NH3 + NSEC.Effluent.OP + NSEC.Effluent.TSS",0.0636418958516174,0.601393207088383,"3,2"
"16763","Secondary.Effluent.Flow + CODds..mg.L. + NSEC.Aerobic.SRT + NSEC.Effluent.NH3 + NSEC.Effluent.OP + NSEC.Effluent.NO5",0.204828499907963,0.796345921621191,"3,2"
"16764","Secondary.Effluent.Flow + CODds..mg.L. + NSEC.Aerobic.SRT + NSEC.Effluent.NH3 + NSEC.Effluent.OP + NSEC.Effluent.Flow",0.165865216812336,0.776252750261555,"3,2"
"16765","Secondary.Effluent.Flow + CODds..mg.L. + NSEC.Aerobic.SRT + NSEC.Effluent.NH3 + NSEC.Effluent.TSS + NSEC.Effluent.NO5",0.420142020419161,0.750875826684254,"3,2"
"16766","Secondary.Effluent.Flow + CODds..mg.L. + NSEC.Aerobic.SRT + NSEC.Effluent.NH3 + NSEC.Effluent.TSS + NSEC.Effluent.Flow",0.14265358375212,0.722509213799396,"3,2"
"16767","Secondary.Effluent.Flow + CODds..mg.L. + NSEC.Aerobic.SRT + NSEC.Effluent.NH3 + NSEC.Effluent.NO5 + NSEC.Effluent.Flow",0.039010136501604,0.500746921817061,"3,2"
"16768","Secondary.Effluent.Flow + CODds..mg.L. + NSEC.Aerobic.SRT + NSEC.Effluent.NO3 + NSEC.Effluent.OP + NSEC.Effluent.TSS",0.21643480570294,0.753051521267682,"3,2"
"16769","Secondary.Effluent.Flow + CODds..mg.L. + NSEC.Aerobic.SRT + NSEC.Effluent.NO3 + NSEC.Effluent.OP + NSEC.Effluent.NO5",0.236913118756616,0.764531484707144,"3,2"
"16770","Secondary.Effluent.Flow + CODds..mg.L. + NSEC.Aerobic.SRT + NSEC.Effluent.NO3 + NSEC.Effluent.OP + NSEC.Effluent.Flow",0.13602264537526,0.610805091522402,"3,2"
"16771","Secondary.Effluent.Flow + CODds..mg.L. + NSEC.Aerobic.SRT + NSEC.Effluent.NO3 + NSEC.Effluent.TSS + NSEC.Effluent.NO5",0.203878460143123,0.582260037488509,"3,2"
"16772","Secondary.Effluent.Flow + CODds..mg.L. + NSEC.Aerobic.SRT + NSEC.Effluent.NO3 + NSEC.Effluent.TSS + NSEC.Effluent.Flow",0.0942123455683985,0.769032616957911,"3,2"
"16773","Secondary.Effluent.Flow + CODds..mg.L. + NSEC.Aerobic.SRT + NSEC.Effluent.NO3 + NSEC.Effluent.NO5 + NSEC.Effluent.Flow",0.0471792023741504,0.536214087875087,"3,2"
"16774","Secondary.Effluent.Flow + CODds..mg.L. + NSEC.Aerobic.SRT + NSEC.Effluent.OP + NSEC.Effluent.TSS + NSEC.Effluent.NO5",0.405774333699996,0.785666394723567,"3,2"
"16775","Secondary.Effluent.Flow + CODds..mg.L. + NSEC.Aerobic.SRT + NSEC.Effluent.OP + NSEC.Effluent.TSS + NSEC.Effluent.Flow",0.228759626170004,0.799498483013646,"3,2"
"16776","Secondary.Effluent.Flow + CODds..mg.L. + NSEC.Aerobic.SRT + NSEC.Effluent.OP + NSEC.Effluent.NO5 + NSEC.Effluent.Flow",0.166789248696884,0.773772412032098,"3,2"
"16777","Secondary.Effluent.Flow + CODds..mg.L. + NSEC.Aerobic.SRT + NSEC.Effluent.TSS + NSEC.Effluent.NO5 + NSEC.Effluent.Flow",0.105626386248219,0.753996410012122,"3,2"
"16778","Secondary.Effluent.Flow + CODds..mg.L. + NSEC.Effluent.NH3 + NSEC.Effluent.NO3 + NSEC.Effluent.OP + NSEC.Effluent.TSS",0.10057916601114,0.664509919736132,"3,2"
"16779","Secondary.Effluent.Flow + CODds..mg.L. + NSEC.Effluent.NH3 + NSEC.Effluent.NO3 + NSEC.Effluent.OP + NSEC.Effluent.NO5",0.0568285502929426,0.570608532804831,"3,2"
"16780","Secondary.Effluent.Flow + CODds..mg.L. + NSEC.Effluent.NH3 + NSEC.Effluent.NO3 + NSEC.Effluent.OP + NSEC.Effluent.Flow",0.0184249360525908,0.366913931629034,"3,2"
"16781","Secondary.Effluent.Flow + CODds..mg.L. + NSEC.Effluent.NH3 + NSEC.Effluent.NO3 + NSEC.Effluent.TSS + NSEC.Effluent.NO5",0.235585727577904,0.645818375790101,"3,2"
"16782","Secondary.Effluent.Flow + CODds..mg.L. + NSEC.Effluent.NH3 + NSEC.Effluent.NO3 + NSEC.Effluent.TSS + NSEC.Effluent.Flow",0.0807268131605712,0.678813884803345,"3,2"
"16783","Secondary.Effluent.Flow + CODds..mg.L. + NSEC.Effluent.NH3 + NSEC.Effluent.NO3 + NSEC.Effluent.NO5 + NSEC.Effluent.Flow",0.225122613105482,0.546832473347048,"3,2"
"16784","Secondary.Effluent.Flow + CODds..mg.L. + NSEC.Effluent.NH3 + NSEC.Effluent.OP + NSEC.Effluent.TSS + NSEC.Effluent.NO5",0.0948015561336746,0.664082082338984,"3,2"
"16785","Secondary.Effluent.Flow + CODds..mg.L. + NSEC.Effluent.NH3 + NSEC.Effluent.OP + NSEC.Effluent.TSS + NSEC.Effluent.Flow",0.0200958740861226,0.651185573503313,"3,2"
"16786","Secondary.Effluent.Flow + CODds..mg.L. + NSEC.Effluent.NH3 + NSEC.Effluent.OP + NSEC.Effluent.NO5 + NSEC.Effluent.Flow",0.164355124418231,0.464479355438167,"3,2"
"16787","Secondary.Effluent.Flow + CODds..mg.L. + NSEC.Effluent.NH3 + NSEC.Effluent.TSS + NSEC.Effluent.NO5 + NSEC.Effluent.Flow",0.156000493760796,0.612340373293016,"3,2"
"16788","Secondary.Effluent.Flow + CODds..mg.L. + NSEC.Effluent.NO3 + NSEC.Effluent.OP + NSEC.Effluent.TSS + NSEC.Effluent.NO5",0.0622332819097902,0.705970324020093,"3,2"
"16789","Secondary.Effluent.Flow + CODds..mg.L. + NSEC.Effluent.NO3 + NSEC.Effluent.OP + NSEC.Effluent.TSS + NSEC.Effluent.Flow",0.0236575100079492,0.669630996943541,"3,2"
"16790","Secondary.Effluent.Flow + CODds..mg.L. + NSEC.Effluent.NO3 + NSEC.Effluent.OP + NSEC.Effluent.NO5 + NSEC.Effluent.Flow",0.0627956043088265,0.577280999519724,"3,2"
"16791","Secondary.Effluent.Flow + CODds..mg.L. + NSEC.Effluent.NO3 + NSEC.Effluent.TSS + NSEC.Effluent.NO5 + NSEC.Effluent.Flow",0.157818695430642,0.607792964831265,"3,2"
"16792","Secondary.Effluent.Flow + CODds..mg.L. + NSEC.Effluent.OP + NSEC.Effluent.TSS + NSEC.Effluent.NO5 + NSEC.Effluent.Flow",0.0368323656192182,0.673299498651529,"3,2"
"16793","Secondary.Effluent.Flow + SACto..1.m. + NSEC.Aerobic.SRT + NSEC.Effluent.NH3 + NSEC.Effluent.NO3 + NSEC.Effluent.OP",0.0129412298039977,0.704056765543312,"3,2"
"16794","Secondary.Effluent.Flow + SACto..1.m. + NSEC.Aerobic.SRT + NSEC.Effluent.NH3 + NSEC.Effluent.NO3 + NSEC.Effluent.TSS",0.0220390706535731,0.721213714392635,"3,2"
"16795","Secondary.Effluent.Flow + SACto..1.m. + NSEC.Aerobic.SRT + NSEC.Effluent.NH3 + NSEC.Effluent.NO3 + NSEC.Effluent.NO5",0.116133595075973,0.778582485884207,"3,2"
"16796","Secondary.Effluent.Flow + SACto..1.m. + NSEC.Aerobic.SRT + NSEC.Effluent.NH3 + NSEC.Effluent.NO3 + NSEC.Effluent.Flow",0.0963978970408501,0.717451939969063,"3,2"
"16797","Secondary.Effluent.Flow + SACto..1.m. + NSEC.Aerobic.SRT + NSEC.Effluent.NH3 + NSEC.Effluent.OP + NSEC.Effluent.TSS",0.0664682716405252,0.673892792224386,"3,2"
"16798","Secondary.Effluent.Flow + SACto..1.m. + NSEC.Aerobic.SRT + NSEC.Effluent.NH3 + NSEC.Effluent.OP + NSEC.Effluent.NO5",0.191118062741836,0.698382261024317,"3,2"
"16799","Secondary.Effluent.Flow + SACto..1.m. + NSEC.Aerobic.SRT + NSEC.Effluent.NH3 + NSEC.Effluent.OP + NSEC.Effluent.Flow",0.151677602952632,0.684513086634048,"3,2"
"16800","Secondary.Effluent.Flow + SACto..1.m. + NSEC.Aerobic.SRT + NSEC.Effluent.NH3 + NSEC.Effluent.TSS + NSEC.Effluent.NO5",0.210560702161712,0.742444752388898,"3,2"
"16801","Secondary.Effluent.Flow + SACto..1.m. + NSEC.Aerobic.SRT + NSEC.Effluent.NH3 + NSEC.Effluent.TSS + NSEC.Effluent.Flow",0.169848306359055,0.734094023892475,"3,2"
"16802","Secondary.Effluent.Flow + SACto..1.m. + NSEC.Aerobic.SRT + NSEC.Effluent.NH3 + NSEC.Effluent.NO5 + NSEC.Effluent.Flow",0.235019696140486,0.647707142118365,"3,2"
"16803","Secondary.Effluent.Flow + SACto..1.m. + NSEC.Aerobic.SRT + NSEC.Effluent.NO3 + NSEC.Effluent.OP + NSEC.Effluent.TSS",0.0348211164169103,0.650627667591494,"3,2"
"16804","Secondary.Effluent.Flow + SACto..1.m. + NSEC.Aerobic.SRT + NSEC.Effluent.NO3 + NSEC.Effluent.OP + NSEC.Effluent.NO5",0.0825941710648279,0.796887051465279,"3,2"
"16805","Secondary.Effluent.Flow + SACto..1.m. + NSEC.Aerobic.SRT + NSEC.Effluent.NO3 + NSEC.Effluent.OP + NSEC.Effluent.Flow",0.167952854235128,0.75560949606653,"3,2"
"16806","Secondary.Effluent.Flow + SACto..1.m. + NSEC.Aerobic.SRT + NSEC.Effluent.NO3 + NSEC.Effluent.TSS + NSEC.Effluent.NO5",0.0846129615661362,0.596617721624912,"3,2"
"16807","Secondary.Effluent.Flow + SACto..1.m. + NSEC.Aerobic.SRT + NSEC.Effluent.NO3 + NSEC.Effluent.TSS + NSEC.Effluent.Flow",0.195702603591543,0.81041838093442,"3,2"
"16808","Secondary.Effluent.Flow + SACto..1.m. + NSEC.Aerobic.SRT + NSEC.Effluent.NO3 + NSEC.Effluent.NO5 + NSEC.Effluent.Flow",0.23595896950117,0.686803747667649,"3,2"
"16809","Secondary.Effluent.Flow + SACto..1.m. + NSEC.Aerobic.SRT + NSEC.Effluent.OP + NSEC.Effluent.TSS + NSEC.Effluent.NO5",0.166016570657373,0.741505538429067,"3,2"
"16810","Secondary.Effluent.Flow + SACto..1.m. + NSEC.Aerobic.SRT + NSEC.Effluent.OP + NSEC.Effluent.TSS + NSEC.Effluent.Flow",0.224828450230473,0.760266431826143,"3,2"
"16811","Secondary.Effluent.Flow + SACto..1.m. + NSEC.Aerobic.SRT + NSEC.Effluent.OP + NSEC.Effluent.NO5 + NSEC.Effluent.Flow",0.0798969830881791,0.78496300976706,"3,2"
"16812","Secondary.Effluent.Flow + SACto..1.m. + NSEC.Aerobic.SRT + NSEC.Effluent.TSS + NSEC.Effluent.NO5 + NSEC.Effluent.Flow",0.0722386013863239,0.517660403978276,"3,2"
"16813","Secondary.Effluent.Flow + SACto..1.m. + NSEC.Effluent.NH3 + NSEC.Effluent.NO3 + NSEC.Effluent.OP + NSEC.Effluent.TSS",0.131739394186908,0.759890411042833,"3,2"
"16814","Secondary.Effluent.Flow + SACto..1.m. + NSEC.Effluent.NH3 + NSEC.Effluent.NO3 + NSEC.Effluent.OP + NSEC.Effluent.NO5",0.0850237351921748,0.571641248507981,"3,2"
"16815","Secondary.Effluent.Flow + SACto..1.m. + NSEC.Effluent.NH3 + NSEC.Effluent.NO3 + NSEC.Effluent.OP + NSEC.Effluent.Flow",0.094673349098426,0.38196197023067,"3,2"
"16816","Secondary.Effluent.Flow + SACto..1.m. + NSEC.Effluent.NH3 + NSEC.Effluent.NO3 + NSEC.Effluent.TSS + NSEC.Effluent.NO5",0.120915003959347,0.623406376716857,"3,2"
"16817","Secondary.Effluent.Flow + SACto..1.m. + NSEC.Effluent.NH3 + NSEC.Effluent.NO3 + NSEC.Effluent.TSS + NSEC.Effluent.Flow",0.255910898572069,0.531187255655194,"3,2"
"16818","Secondary.Effluent.Flow + SACto..1.m. + NSEC.Effluent.NH3 + NSEC.Effluent.NO3 + NSEC.Effluent.NO5 + NSEC.Effluent.Flow",0.0818072942323609,0.221579459492802,"3,2"
"16819","Secondary.Effluent.Flow + SACto..1.m. + NSEC.Effluent.NH3 + NSEC.Effluent.OP + NSEC.Effluent.TSS + NSEC.Effluent.NO5",0.458509909640097,0.659292909113722,"3,2"
"16820","Secondary.Effluent.Flow + SACto..1.m. + NSEC.Effluent.NH3 + NSEC.Effluent.OP + NSEC.Effluent.TSS + NSEC.Effluent.Flow",0.165864004569335,0.649650810002478,"3,2"
"16821","Secondary.Effluent.Flow + SACto..1.m. + NSEC.Effluent.NH3 + NSEC.Effluent.OP + NSEC.Effluent.NO5 + NSEC.Effluent.Flow",0.0552843963296561,0.52834553855301,"3,2"
"16822","Secondary.Effluent.Flow + SACto..1.m. + NSEC.Effluent.NH3 + NSEC.Effluent.TSS + NSEC.Effluent.NO5 + NSEC.Effluent.Flow",0.300347936154942,0.581767065809155,"3,2"
"16823","Secondary.Effluent.Flow + SACto..1.m. + NSEC.Effluent.NO3 + NSEC.Effluent.OP + NSEC.Effluent.TSS + NSEC.Effluent.NO5",0.139354010288046,0.661495186198826,"3,2"
"16824","Secondary.Effluent.Flow + SACto..1.m. + NSEC.Effluent.NO3 + NSEC.Effluent.OP + NSEC.Effluent.TSS + NSEC.Effluent.Flow",0.0990231642109283,0.697368425908787,"3,2"
"16825","Secondary.Effluent.Flow + SACto..1.m. + NSEC.Effluent.NO3 + NSEC.Effluent.OP + NSEC.Effluent.NO5 + NSEC.Effluent.Flow",0.0933649156878225,0.414047375912346,"3,2"
"16826","Secondary.Effluent.Flow + SACto..1.m. + NSEC.Effluent.NO3 + NSEC.Effluent.TSS + NSEC.Effluent.NO5 + NSEC.Effluent.Flow",0.0760862138540017,0.535495999104361,"3,2"
"16827","Secondary.Effluent.Flow + SACto..1.m. + NSEC.Effluent.OP + NSEC.Effluent.TSS + NSEC.Effluent.NO5 + NSEC.Effluent.Flow",0.212142499696555,0.666273631045382,"3,2"
"16828","Secondary.Effluent.Flow + NSEC.Aerobic.SRT + NSEC.Effluent.NH3 + NSEC.Effluent.NO3 + NSEC.Effluent.OP + NSEC.Effluent.TSS",0.275759240656108,0.77195371416382,"3,2"
"16829","Secondary.Effluent.Flow + NSEC.Aerobic.SRT + NSEC.Effluent.NH3 + NSEC.Effluent.NO3 + NSEC.Effluent.OP + NSEC.Effluent.NO5",0.00150649346526266,0.750315080692049,"3,2"
"16830","Secondary.Effluent.Flow + NSEC.Aerobic.SRT + NSEC.Effluent.NH3 + NSEC.Effluent.NO3 + NSEC.Effluent.OP + NSEC.Effluent.Flow",0.176447885577519,0.695381060523087,"3,2"
"16831","Secondary.Effluent.Flow + NSEC.Aerobic.SRT + NSEC.Effluent.NH3 + NSEC.Effluent.NO3 + NSEC.Effluent.TSS + NSEC.Effluent.NO5",0.304612472854321,0.651667500854624,"3,2"
"16832","Secondary.Effluent.Flow + NSEC.Aerobic.SRT + NSEC.Effluent.NH3 + NSEC.Effluent.NO3 + NSEC.Effluent.TSS + NSEC.Effluent.Flow",0.00459504386345877,0.430703679544013,"3,2"
"16833","Secondary.Effluent.Flow + NSEC.Aerobic.SRT + NSEC.Effluent.NH3 + NSEC.Effluent.NO3 + NSEC.Effluent.NO5 + NSEC.Effluent.Flow",0.288144462282212,0.698842748788844,"3,2"
"16834","Secondary.Effluent.Flow + NSEC.Aerobic.SRT + NSEC.Effluent.NH3 + NSEC.Effluent.OP + NSEC.Effluent.TSS + NSEC.Effluent.NO5",0.403855853058731,0.722608194187581,"3,2"
"16835","Secondary.Effluent.Flow + NSEC.Aerobic.SRT + NSEC.Effluent.NH3 + NSEC.Effluent.OP + NSEC.Effluent.TSS + NSEC.Effluent.Flow",0.405594121670495,0.715690653085197,"3,2"
"16836","Secondary.Effluent.Flow + NSEC.Aerobic.SRT + NSEC.Effluent.NH3 + NSEC.Effluent.OP + NSEC.Effluent.NO5 + NSEC.Effluent.Flow",0.113332417132956,0.795691763758183,"3,2"
"16837","Secondary.Effluent.Flow + NSEC.Aerobic.SRT + NSEC.Effluent.NH3 + NSEC.Effluent.TSS + NSEC.Effluent.NO5 + NSEC.Effluent.Flow",0.0048870575549409,0.432675889175688,"3,2"
"16838","Secondary.Effluent.Flow + NSEC.Aerobic.SRT + NSEC.Effluent.NO3 + NSEC.Effluent.OP + NSEC.Effluent.TSS + NSEC.Effluent.NO5",0.267071664966324,0.76826773773503,"3,2"
"16839","Secondary.Effluent.Flow + NSEC.Aerobic.SRT + NSEC.Effluent.NO3 + NSEC.Effluent.OP + NSEC.Effluent.TSS + NSEC.Effluent.Flow",0.25388801261688,0.741361198708729,"3,2"
"16840","Secondary.Effluent.Flow + NSEC.Aerobic.SRT + NSEC.Effluent.NO3 + NSEC.Effluent.OP + NSEC.Effluent.NO5 + NSEC.Effluent.Flow",0.140880237319184,0.720644818205531,"3,2"
"16841","Secondary.Effluent.Flow + NSEC.Aerobic.SRT + NSEC.Effluent.NO3 + NSEC.Effluent.TSS + NSEC.Effluent.NO5 + NSEC.Effluent.Flow",0.298287630340341,0.654188658685407,"3,2"
"16842","Secondary.Effluent.Flow + NSEC.Aerobic.SRT + NSEC.Effluent.OP + NSEC.Effluent.TSS + NSEC.Effluent.NO5 + NSEC.Effluent.Flow",0.0435869520476464,0.563843320628705,"3,2"
"16843","Secondary.Effluent.Flow + NSEC.Effluent.NH3 + NSEC.Effluent.NO3 + NSEC.Effluent.OP + NSEC.Effluent.TSS + NSEC.Effluent.NO5",0.00793967716822364,0.540347748231903,"3,2"
"16844","Secondary.Effluent.Flow + NSEC.Effluent.NH3 + NSEC.Effluent.NO3 + NSEC.Effluent.OP + NSEC.Effluent.TSS + NSEC.Effluent.Flow",0.0773881629678783,0.591925583878662,"3,2"
"16845","Secondary.Effluent.Flow + NSEC.Effluent.NH3 + NSEC.Effluent.NO3 + NSEC.Effluent.OP + NSEC.Effluent.NO5 + NSEC.Effluent.Flow",0.0230544956320109,0.491576676518438,"3,2"
"16846","Secondary.Effluent.Flow + NSEC.Effluent.NH3 + NSEC.Effluent.NO3 + NSEC.Effluent.TSS + NSEC.Effluent.NO5 + NSEC.Effluent.Flow",0.102237279522959,0.478484211845539,"3,2"
"16847","Secondary.Effluent.Flow + NSEC.Effluent.NH3 + NSEC.Effluent.OP + NSEC.Effluent.TSS + NSEC.Effluent.NO5 + NSEC.Effluent.Flow",0.0692544688896173,0.527043628838146,"3,2"
"16848","Secondary.Effluent.Flow + NSEC.Effluent.NO3 + NSEC.Effluent.OP + NSEC.Effluent.TSS + NSEC.Effluent.NO5 + NSEC.Effluent.Flow",0.164378372073961,0.633799243805062,"3,2"
"16849","N..Basin.Outfall + CODto..mg.L. + TSS..mg.L. + UVT.... + CODds..mg.L. + SACto..1.m.",0.0823019305464201,0.488246995751757,"3,2"
"16850","N..Basin.Outfall + CODto..mg.L. + TSS..mg.L. + UVT.... + CODds..mg.L. + NSEC.Aerobic.SRT",0.100232008480979,0.774451057623244,"3,2"
"16851","N..Basin.Outfall + CODto..mg.L. + TSS..mg.L. + UVT.... + CODds..mg.L. + NSEC.Effluent.NH3",0.0861281685575839,0.556776892966978,"3,2"
"16852","N..Basin.Outfall + CODto..mg.L. + TSS..mg.L. + UVT.... + CODds..mg.L. + NSEC.Effluent.NO3",0.139720242485763,0.549890273159763,"3,2"
"16853","N..Basin.Outfall + CODto..mg.L. + TSS..mg.L. + UVT.... + CODds..mg.L. + NSEC.Effluent.OP",0.203063072085594,0.528434504230118,"3,2"
"16854","N..Basin.Outfall + CODto..mg.L. + TSS..mg.L. + UVT.... + CODds..mg.L. + NSEC.Effluent.TSS",0.262263138728365,0.709759511980034,"3,2"
"16855","N..Basin.Outfall + CODto..mg.L. + TSS..mg.L. + UVT.... + CODds..mg.L. + NSEC.Effluent.NO5",0.0370903757191381,0.544054934025146,"3,2"
"16856","N..Basin.Outfall + CODto..mg.L. + TSS..mg.L. + UVT.... + CODds..mg.L. + NSEC.Effluent.Flow",0.127525852765694,0.545354095168631,"3,2"
"16857","N..Basin.Outfall + CODto..mg.L. + TSS..mg.L. + UVT.... + SACto..1.m. + NSEC.Aerobic.SRT",0.0931393181046434,0.734975850766312,"3,2"
"16858","N..Basin.Outfall + CODto..mg.L. + TSS..mg.L. + UVT.... + SACto..1.m. + NSEC.Effluent.NH3",0.145274671942909,0.539391913928239,"3,2"
"16859","N..Basin.Outfall + CODto..mg.L. + TSS..mg.L. + UVT.... + SACto..1.m. + NSEC.Effluent.NO3",0.125817253660264,0.491617756242188,"3,2"
"16860","N..Basin.Outfall + CODto..mg.L. + TSS..mg.L. + UVT.... + SACto..1.m. + NSEC.Effluent.OP",0.162408517935609,0.521380928507349,"3,2"
"16861","N..Basin.Outfall + CODto..mg.L. + TSS..mg.L. + UVT.... + SACto..1.m. + NSEC.Effluent.TSS",0.0975954710686415,0.702159717570707,"3,2"
"16862","N..Basin.Outfall + CODto..mg.L. + TSS..mg.L. + UVT.... + SACto..1.m. + NSEC.Effluent.NO5",0.134162287800081,0.555212430320917,"3,2"
"16863","N..Basin.Outfall + CODto..mg.L. + TSS..mg.L. + UVT.... + SACto..1.m. + NSEC.Effluent.Flow",0.131609794295422,0.460724376863659,"3,2"
"16864","N..Basin.Outfall + CODto..mg.L. + TSS..mg.L. + UVT.... + NSEC.Aerobic.SRT + NSEC.Effluent.NH3",0.00920559890364081,0.739570139512975,"3,2"
"16865","N..Basin.Outfall + CODto..mg.L. + TSS..mg.L. + UVT.... + NSEC.Aerobic.SRT + NSEC.Effluent.NO3",0.120770522251826,0.777758467982071,"3,2"
"16866","N..Basin.Outfall + CODto..mg.L. + TSS..mg.L. + UVT.... + NSEC.Aerobic.SRT + NSEC.Effluent.OP",0.0840687962013362,0.783833338067752,"3,2"
"16867","N..Basin.Outfall + CODto..mg.L. + TSS..mg.L. + UVT.... + NSEC.Aerobic.SRT + NSEC.Effluent.TSS",0.00662428170116613,0.467248682756604,"3,2"
"16868","N..Basin.Outfall + CODto..mg.L. + TSS..mg.L. + UVT.... + NSEC.Aerobic.SRT + NSEC.Effluent.NO5",0.234522002552456,0.786120048885034,"3,2"
"16869","N..Basin.Outfall + CODto..mg.L. + TSS..mg.L. + UVT.... + NSEC.Aerobic.SRT + NSEC.Effluent.Flow",0.069201039831527,0.777398049775075,"3,2"
"16870","N..Basin.Outfall + CODto..mg.L. + TSS..mg.L. + UVT.... + NSEC.Effluent.NH3 + NSEC.Effluent.NO3",0.053586356107941,0.620118625689532,"3,2"
"16871","N..Basin.Outfall + CODto..mg.L. + TSS..mg.L. + UVT.... + NSEC.Effluent.NH3 + NSEC.Effluent.OP",0.131788346540114,0.521763344290673,"3,2"
"16872","N..Basin.Outfall + CODto..mg.L. + TSS..mg.L. + UVT.... + NSEC.Effluent.NH3 + NSEC.Effluent.TSS",0.250991381106164,0.721742331691628,"3,2"
"16873","N..Basin.Outfall + CODto..mg.L. + TSS..mg.L. + UVT.... + NSEC.Effluent.NH3 + NSEC.Effluent.NO5",0.0732326215977377,0.530146830784183,"3,2"
"16874","N..Basin.Outfall + CODto..mg.L. + TSS..mg.L. + UVT.... + NSEC.Effluent.NH3 + NSEC.Effluent.Flow",0.130540529498132,0.480053716190992,"3,2"
"16875","N..Basin.Outfall + CODto..mg.L. + TSS..mg.L. + UVT.... + NSEC.Effluent.NO3 + NSEC.Effluent.OP",0.193652319001652,0.00191483952126844,"3,2"
"16876","N..Basin.Outfall + CODto..mg.L. + TSS..mg.L. + UVT.... + NSEC.Effluent.NO3 + NSEC.Effluent.TSS",0.225030786349906,0.736660480785986,"3,2"
"16877","N..Basin.Outfall + CODto..mg.L. + TSS..mg.L. + UVT.... + NSEC.Effluent.NO3 + NSEC.Effluent.NO5",0.133123561947446,0.564992066108295,"3,2"
"16878","N..Basin.Outfall + CODto..mg.L. + TSS..mg.L. + UVT.... + NSEC.Effluent.NO3 + NSEC.Effluent.Flow",0.106506375688754,0.576737672973666,"3,2"
"16879","N..Basin.Outfall + CODto..mg.L. + TSS..mg.L. + UVT.... + NSEC.Effluent.OP + NSEC.Effluent.TSS",0.196921482227927,0.772027126200283,"3,2"
"16880","N..Basin.Outfall + CODto..mg.L. + TSS..mg.L. + UVT.... + NSEC.Effluent.OP + NSEC.Effluent.NO5",0.168672838906811,0.613719453835188,"3,2"
"16881","N..Basin.Outfall + CODto..mg.L. + TSS..mg.L. + UVT.... + NSEC.Effluent.OP + NSEC.Effluent.Flow",0.192858806746531,0.0353765382838306,"3,2"
"16882","N..Basin.Outfall + CODto..mg.L. + TSS..mg.L. + UVT.... + NSEC.Effluent.TSS + NSEC.Effluent.NO5",0.321715664283864,0.691260709731767,"3,2"
"16883","N..Basin.Outfall + CODto..mg.L. + TSS..mg.L. + UVT.... + NSEC.Effluent.TSS + NSEC.Effluent.Flow",0.217547296317827,0.715302509518321,"3,2"
"16884","N..Basin.Outfall + CODto..mg.L. + TSS..mg.L. + UVT.... + NSEC.Effluent.NO5 + NSEC.Effluent.Flow",0.0821227365145289,0.556587191702068,"3,2"
"16885","N..Basin.Outfall + CODto..mg.L. + TSS..mg.L. + CODds..mg.L. + SACto..1.m. + NSEC.Aerobic.SRT",0.059636985434794,0.797875139119928,"3,2"
"16886","N..Basin.Outfall + CODto..mg.L. + TSS..mg.L. + CODds..mg.L. + SACto..1.m. + NSEC.Effluent.NH3",0.13772106672674,0.459307310011091,"3,2"
"16887","N..Basin.Outfall + CODto..mg.L. + TSS..mg.L. + CODds..mg.L. + SACto..1.m. + NSEC.Effluent.NO3",0.167656317697637,0.553842998237461,"3,2"
"16888","N..Basin.Outfall + CODto..mg.L. + TSS..mg.L. + CODds..mg.L. + SACto..1.m. + NSEC.Effluent.OP",0.117424506027256,0.527431615895308,"3,2"
"16889","N..Basin.Outfall + CODto..mg.L. + TSS..mg.L. + CODds..mg.L. + SACto..1.m. + NSEC.Effluent.TSS",0.228424316397614,0.734531329763724,"3,2"
"16890","N..Basin.Outfall + CODto..mg.L. + TSS..mg.L. + CODds..mg.L. + SACto..1.m. + NSEC.Effluent.NO5",0.173931355602683,0.50946570234469,"3,2"
"16891","N..Basin.Outfall + CODto..mg.L. + TSS..mg.L. + CODds..mg.L. + SACto..1.m. + NSEC.Effluent.Flow",0.140024828871767,0.471158620844579,"3,2"
"16892","N..Basin.Outfall + CODto..mg.L. + TSS..mg.L. + CODds..mg.L. + NSEC.Aerobic.SRT + NSEC.Effluent.NH3",0.233511683993807,0.706289528465659,"3,2"
"16893","N..Basin.Outfall + CODto..mg.L. + TSS..mg.L. + CODds..mg.L. + NSEC.Aerobic.SRT + NSEC.Effluent.NO3",0.113522693531474,0.723488434077096,"3,2"
"16894","N..Basin.Outfall + CODto..mg.L. + TSS..mg.L. + CODds..mg.L. + NSEC.Aerobic.SRT + NSEC.Effluent.OP",0.0103924352364881,0.782589167816927,"3,2"
"16895","N..Basin.Outfall + CODto..mg.L. + TSS..mg.L. + CODds..mg.L. + NSEC.Aerobic.SRT + NSEC.Effluent.TSS",0.0706713757781487,0.829846498591235,"3,2"
"16896","N..Basin.Outfall + CODto..mg.L. + TSS..mg.L. + CODds..mg.L. + NSEC.Aerobic.SRT + NSEC.Effluent.NO5",0.112850869648045,0.825620549814154,"3,2"
"16897","N..Basin.Outfall + CODto..mg.L. + TSS..mg.L. + CODds..mg.L. + NSEC.Aerobic.SRT + NSEC.Effluent.Flow",0.174266039849312,0.478816622167731,"3,2"
"16898","N..Basin.Outfall + CODto..mg.L. + TSS..mg.L. + CODds..mg.L. + NSEC.Effluent.NH3 + NSEC.Effluent.NO3",0.209391003946222,0.504450750196477,"3,2"
"16899","N..Basin.Outfall + CODto..mg.L. + TSS..mg.L. + CODds..mg.L. + NSEC.Effluent.NH3 + NSEC.Effluent.OP",0.168346360082322,0.628212014183646,"3,2"
"16900","N..Basin.Outfall + CODto..mg.L. + TSS..mg.L. + CODds..mg.L. + NSEC.Effluent.NH3 + NSEC.Effluent.TSS",0.203754949556693,0.777065570776032,"3,2"
"16901","N..Basin.Outfall + CODto..mg.L. + TSS..mg.L. + CODds..mg.L. + NSEC.Effluent.NH3 + NSEC.Effluent.NO5",0.27217619418766,0.560864371374816,"3,2"
"16902","N..Basin.Outfall + CODto..mg.L. + TSS..mg.L. + CODds..mg.L. + NSEC.Effluent.NH3 + NSEC.Effluent.Flow",0.183612826697865,0.456764898381835,"3,2"
"16903","N..Basin.Outfall + CODto..mg.L. + TSS..mg.L. + CODds..mg.L. + NSEC.Effluent.NO3 + NSEC.Effluent.OP",0.173499031787873,0.555618298033314,"3,2"
"16904","N..Basin.Outfall + CODto..mg.L. + TSS..mg.L. + CODds..mg.L. + NSEC.Effluent.NO3 + NSEC.Effluent.TSS",0.220602629756516,0.735124453950301,"3,2"
"16905","N..Basin.Outfall + CODto..mg.L. + TSS..mg.L. + CODds..mg.L. + NSEC.Effluent.NO3 + NSEC.Effluent.NO5",0.232581621035898,0.517371484791625,"3,2"
"16906","N..Basin.Outfall + CODto..mg.L. + TSS..mg.L. + CODds..mg.L. + NSEC.Effluent.NO3 + NSEC.Effluent.Flow",0.163869923974474,0.562204902613191,"3,2"
"16907","N..Basin.Outfall + CODto..mg.L. + TSS..mg.L. + CODds..mg.L. + NSEC.Effluent.OP + NSEC.Effluent.TSS",0.172672855355157,0.7414876494704,"3,2"
"16908","N..Basin.Outfall + CODto..mg.L. + TSS..mg.L. + CODds..mg.L. + NSEC.Effluent.OP + NSEC.Effluent.NO5",0.210002426290385,0.538930400431359,"3,2"
"16909","N..Basin.Outfall + CODto..mg.L. + TSS..mg.L. + CODds..mg.L. + NSEC.Effluent.OP + NSEC.Effluent.Flow",0.129125375609147,0.593280601587831,"3,2"
"16910","N..Basin.Outfall + CODto..mg.L. + TSS..mg.L. + CODds..mg.L. + NSEC.Effluent.TSS + NSEC.Effluent.NO5",0.236263079398503,0.749359619813464,"3,2"
"16911","N..Basin.Outfall + CODto..mg.L. + TSS..mg.L. + CODds..mg.L. + NSEC.Effluent.TSS + NSEC.Effluent.Flow",0.185403982787016,0.768267521776657,"3,2"
"16912","N..Basin.Outfall + CODto..mg.L. + TSS..mg.L. + CODds..mg.L. + NSEC.Effluent.NO5 + NSEC.Effluent.Flow",0.20297705935701,0.560728527061545,"3,2"
"16913","N..Basin.Outfall + CODto..mg.L. + TSS..mg.L. + SACto..1.m. + NSEC.Aerobic.SRT + NSEC.Effluent.NH3",0.0633731932296042,0.775130584334028,"3,2"
"16914","N..Basin.Outfall + CODto..mg.L. + TSS..mg.L. + SACto..1.m. + NSEC.Aerobic.SRT + NSEC.Effluent.NO3",0.074262118649326,0.525827936946451,"3,2"
"16915","N..Basin.Outfall + CODto..mg.L. + TSS..mg.L. + SACto..1.m. + NSEC.Aerobic.SRT + NSEC.Effluent.OP",0.0171165899650774,0.77209768674052,"3,2"
"16916","N..Basin.Outfall + CODto..mg.L. + TSS..mg.L. + SACto..1.m. + NSEC.Aerobic.SRT + NSEC.Effluent.TSS",0.0953883543137743,0.782215712162578,"3,2"
"16917","N..Basin.Outfall + CODto..mg.L. + TSS..mg.L. + SACto..1.m. + NSEC.Aerobic.SRT + NSEC.Effluent.NO5",0.0720274099419782,0.76590781980219,"3,2"
"16918","N..Basin.Outfall + CODto..mg.L. + TSS..mg.L. + SACto..1.m. + NSEC.Aerobic.SRT + NSEC.Effluent.Flow",0.171934793212963,0.780959920102,"3,2"
"16919","N..Basin.Outfall + CODto..mg.L. + TSS..mg.L. + SACto..1.m. + NSEC.Effluent.NH3 + NSEC.Effluent.NO3",0.084451510243192,0.464313324889484,"3,2"
"16920","N..Basin.Outfall + CODto..mg.L. + TSS..mg.L. + SACto..1.m. + NSEC.Effluent.NH3 + NSEC.Effluent.OP",0.198636051029625,0.507500911913099,"3,2"
"16921","N..Basin.Outfall + CODto..mg.L. + TSS..mg.L. + SACto..1.m. + NSEC.Effluent.NH3 + NSEC.Effluent.TSS",0.216578246642925,0.720532709682168,"3,2"
"16922","N..Basin.Outfall + CODto..mg.L. + TSS..mg.L. + SACto..1.m. + NSEC.Effluent.NH3 + NSEC.Effluent.NO5",0.134759883450929,0.523388183636402,"3,2"
"16923","N..Basin.Outfall + CODto..mg.L. + TSS..mg.L. + SACto..1.m. + NSEC.Effluent.NH3 + NSEC.Effluent.Flow",0.0591034276897817,0.478786839851594,"3,2"
"16924","N..Basin.Outfall + CODto..mg.L. + TSS..mg.L. + SACto..1.m. + NSEC.Effluent.NO3 + NSEC.Effluent.OP",0.148791675098463,0.513701406653827,"3,2"
"16925","N..Basin.Outfall + CODto..mg.L. + TSS..mg.L. + SACto..1.m. + NSEC.Effluent.NO3 + NSEC.Effluent.TSS",0.188689375358146,0.657696401371453,"3,2"
"16926","N..Basin.Outfall + CODto..mg.L. + TSS..mg.L. + SACto..1.m. + NSEC.Effluent.NO3 + NSEC.Effluent.NO5",0.105672899616229,0.534994100257241,"3,2"
"16927","N..Basin.Outfall + CODto..mg.L. + TSS..mg.L. + SACto..1.m. + NSEC.Effluent.NO3 + NSEC.Effluent.Flow",0.239584138775589,0.462804536605069,"3,2"
"16928","N..Basin.Outfall + CODto..mg.L. + TSS..mg.L. + SACto..1.m. + NSEC.Effluent.OP + NSEC.Effluent.TSS",0.17525339709027,0.785091301098035,"3,2"
"16929","N..Basin.Outfall + CODto..mg.L. + TSS..mg.L. + SACto..1.m. + NSEC.Effluent.OP + NSEC.Effluent.NO5",0.171467688983784,0.55253294316959,"3,2"
"16930","N..Basin.Outfall + CODto..mg.L. + TSS..mg.L. + SACto..1.m. + NSEC.Effluent.OP + NSEC.Effluent.Flow",0.102696332855859,0.462672263477773,"3,2"
"16931","N..Basin.Outfall + CODto..mg.L. + TSS..mg.L. + SACto..1.m. + NSEC.Effluent.TSS + NSEC.Effluent.NO5",0.173753449951247,0.641095191561039,"3,2"
"16932","N..Basin.Outfall + CODto..mg.L. + TSS..mg.L. + SACto..1.m. + NSEC.Effluent.TSS + NSEC.Effluent.Flow",0.328779299747821,0.685444277959215,"3,2"
"16933","N..Basin.Outfall + CODto..mg.L. + TSS..mg.L. + SACto..1.m. + NSEC.Effluent.NO5 + NSEC.Effluent.Flow",0.204910503949882,0.455235832662482,"3,2"
"16934","N..Basin.Outfall + CODto..mg.L. + TSS..mg.L. + NSEC.Aerobic.SRT + NSEC.Effluent.NH3 + NSEC.Effluent.NO3",0.0910584142975246,0.774207108595142,"3,2"
"16935","N..Basin.Outfall + CODto..mg.L. + TSS..mg.L. + NSEC.Aerobic.SRT + NSEC.Effluent.NH3 + NSEC.Effluent.OP",0.0095875740753073,0.777241717426256,"3,2"
"16936","N..Basin.Outfall + CODto..mg.L. + TSS..mg.L. + NSEC.Aerobic.SRT + NSEC.Effluent.NH3 + NSEC.Effluent.TSS",0.117633100403724,0.779049000625928,"3,2"
"16937","N..Basin.Outfall + CODto..mg.L. + TSS..mg.L. + NSEC.Aerobic.SRT + NSEC.Effluent.NH3 + NSEC.Effluent.NO5",0.0812389224876151,0.557104948690238,"3,2"
"16938","N..Basin.Outfall + CODto..mg.L. + TSS..mg.L. + NSEC.Aerobic.SRT + NSEC.Effluent.NH3 + NSEC.Effluent.Flow",0.0133023474726097,0.47218661040664,"3,2"
"16939","N..Basin.Outfall + CODto..mg.L. + TSS..mg.L. + NSEC.Aerobic.SRT + NSEC.Effluent.NO3 + NSEC.Effluent.OP",0.00281642926066983,0.760902497523262,"3,2"
"16940","N..Basin.Outfall + CODto..mg.L. + TSS..mg.L. + NSEC.Aerobic.SRT + NSEC.Effluent.NO3 + NSEC.Effluent.TSS",0.150626204437879,0.825999963829431,"3,2"
"16941","N..Basin.Outfall + CODto..mg.L. + TSS..mg.L. + NSEC.Aerobic.SRT + NSEC.Effluent.NO3 + NSEC.Effluent.NO5",0.0482605384956312,0.754840178095246,"3,2"
"16942","N..Basin.Outfall + CODto..mg.L. + TSS..mg.L. + NSEC.Aerobic.SRT + NSEC.Effluent.NO3 + NSEC.Effluent.Flow",0.0221853062531099,0.456875342371512,"3,2"
"16943","N..Basin.Outfall + CODto..mg.L. + TSS..mg.L. + NSEC.Aerobic.SRT + NSEC.Effluent.OP + NSEC.Effluent.TSS",0.0122302707603037,0.764910775554451,"3,2"
"16944","N..Basin.Outfall + CODto..mg.L. + TSS..mg.L. + NSEC.Aerobic.SRT + NSEC.Effluent.OP + NSEC.Effluent.NO5",0.0393208298249172,0.788534962822682,"3,2"
"16945","N..Basin.Outfall + CODto..mg.L. + TSS..mg.L. + NSEC.Aerobic.SRT + NSEC.Effluent.OP + NSEC.Effluent.Flow",0.192094003154938,0.778573740361132,"3,2"
"16946","N..Basin.Outfall + CODto..mg.L. + TSS..mg.L. + NSEC.Aerobic.SRT + NSEC.Effluent.TSS + NSEC.Effluent.NO5",0.237712970652666,0.824130545324251,"3,2"
"16947","N..Basin.Outfall + CODto..mg.L. + TSS..mg.L. + NSEC.Aerobic.SRT + NSEC.Effluent.TSS + NSEC.Effluent.Flow",0.123648047696796,0.761659745013287,"3,2"
"16948","N..Basin.Outfall + CODto..mg.L. + TSS..mg.L. + NSEC.Aerobic.SRT + NSEC.Effluent.NO5 + NSEC.Effluent.Flow",0.0614354672266284,0.760932168296403,"3,2"
"16949","N..Basin.Outfall + CODto..mg.L. + TSS..mg.L. + NSEC.Effluent.NH3 + NSEC.Effluent.NO3 + NSEC.Effluent.OP",0.151371047836539,0.551279135390652,"3,2"
"16950","N..Basin.Outfall + CODto..mg.L. + TSS..mg.L. + NSEC.Effluent.NH3 + NSEC.Effluent.NO3 + NSEC.Effluent.TSS",0.26754889530455,0.744272242920271,"3,2"
"16951","N..Basin.Outfall + CODto..mg.L. + TSS..mg.L. + NSEC.Effluent.NH3 + NSEC.Effluent.NO3 + NSEC.Effluent.NO5",0.299453629644275,0.578250420472822,"3,2"
"16952","N..Basin.Outfall + CODto..mg.L. + TSS..mg.L. + NSEC.Effluent.NH3 + NSEC.Effluent.NO3 + NSEC.Effluent.Flow",0.190997664516053,0.00994309684712659,"3,2"
"16953","N..Basin.Outfall + CODto..mg.L. + TSS..mg.L. + NSEC.Effluent.NH3 + NSEC.Effluent.OP + NSEC.Effluent.TSS",0.278759841844756,0.769905026981944,"3,2"
"16954","N..Basin.Outfall + CODto..mg.L. + TSS..mg.L. + NSEC.Effluent.NH3 + NSEC.Effluent.OP + NSEC.Effluent.NO5",0.234671279162104,0.595134041073754,"3,2"
"16955","N..Basin.Outfall + CODto..mg.L. + TSS..mg.L. + NSEC.Effluent.NH3 + NSEC.Effluent.OP + NSEC.Effluent.Flow",0.0972246033128807,0.501978726214153,"3,2"
"16956","N..Basin.Outfall + CODto..mg.L. + TSS..mg.L. + NSEC.Effluent.NH3 + NSEC.Effluent.TSS + NSEC.Effluent.NO5",0.258459261262168,0.757769252962669,"3,2"
"16957","N..Basin.Outfall + CODto..mg.L. + TSS..mg.L. + NSEC.Effluent.NH3 + NSEC.Effluent.TSS + NSEC.Effluent.Flow",0.280041868100437,0.715647569308935,"3,2"
"16958","N..Basin.Outfall + CODto..mg.L. + TSS..mg.L. + NSEC.Effluent.NH3 + NSEC.Effluent.NO5 + NSEC.Effluent.Flow",0.242221519403901,0.546255817362563,"3,2"
"16959","N..Basin.Outfall + CODto..mg.L. + TSS..mg.L. + NSEC.Effluent.NO3 + NSEC.Effluent.OP + NSEC.Effluent.TSS",0.145276673285532,0.766752324857883,"3,2"
"16960","N..Basin.Outfall + CODto..mg.L. + TSS..mg.L. + NSEC.Effluent.NO3 + NSEC.Effluent.OP + NSEC.Effluent.NO5",0.181579591131064,0.560836947542328,"3,2"
"16961","N..Basin.Outfall + CODto..mg.L. + TSS..mg.L. + NSEC.Effluent.NO3 + NSEC.Effluent.OP + NSEC.Effluent.Flow",0.207010212849092,0.518131425851615,"3,2"
"16962","N..Basin.Outfall + CODto..mg.L. + TSS..mg.L. + NSEC.Effluent.NO3 + NSEC.Effluent.TSS + NSEC.Effluent.NO5",0.328986973081478,0.73057790879614,"3,2"
"16963","N..Basin.Outfall + CODto..mg.L. + TSS..mg.L. + NSEC.Effluent.NO3 + NSEC.Effluent.TSS + NSEC.Effluent.Flow",0.34890666278283,0.705816370901098,"3,2"
"16964","N..Basin.Outfall + CODto..mg.L. + TSS..mg.L. + NSEC.Effluent.NO3 + NSEC.Effluent.NO5 + NSEC.Effluent.Flow",0.0421781159606862,0.579843747050889,"3,2"
"16965","N..Basin.Outfall + CODto..mg.L. + TSS..mg.L. + NSEC.Effluent.OP + NSEC.Effluent.TSS + NSEC.Effluent.NO5",0.265258365214589,0.740294637355011,"3,2"
"16966","N..Basin.Outfall + CODto..mg.L. + TSS..mg.L. + NSEC.Effluent.OP + NSEC.Effluent.TSS + NSEC.Effluent.Flow",0.230261189056803,0.678542292254181,"3,2"
"16967","N..Basin.Outfall + CODto..mg.L. + TSS..mg.L. + NSEC.Effluent.OP + NSEC.Effluent.NO5 + NSEC.Effluent.Flow",0.0998866755773808,0.536834567312368,"3,2"
"16968","N..Basin.Outfall + CODto..mg.L. + TSS..mg.L. + NSEC.Effluent.TSS + NSEC.Effluent.NO5 + NSEC.Effluent.Flow",0.31969059034707,0.699235909728133,"3,2"
"16969","N..Basin.Outfall + CODto..mg.L. + UVT.... + CODds..mg.L. + SACto..1.m. + NSEC.Aerobic.SRT",0.0436389716286756,0.764598447486114,"3,2"
"16970","N..Basin.Outfall + CODto..mg.L. + UVT.... + CODds..mg.L. + SACto..1.m. + NSEC.Effluent.NH3",0.117863865232736,0.530207760742895,"3,2"
"16971","N..Basin.Outfall + CODto..mg.L. + UVT.... + CODds..mg.L. + SACto..1.m. + NSEC.Effluent.NO3",0.129655815085381,0.450217876736314,"3,2"
"16972","N..Basin.Outfall + CODto..mg.L. + UVT.... + CODds..mg.L. + SACto..1.m. + NSEC.Effluent.OP",0.0528187667273077,0.55559594096654,"3,2"
"16973","N..Basin.Outfall + CODto..mg.L. + UVT.... + CODds..mg.L. + SACto..1.m. + NSEC.Effluent.TSS",0.1532536947527,0.752867456974169,"3,2"
"16974","N..Basin.Outfall + CODto..mg.L. + UVT.... + CODds..mg.L. + SACto..1.m. + NSEC.Effluent.NO5",0.120417386242096,0.504425134740698,"3,2"
"16975","N..Basin.Outfall + CODto..mg.L. + UVT.... + CODds..mg.L. + SACto..1.m. + NSEC.Effluent.Flow",0.0902911384825256,0.523962203519156,"3,2"
"16976","N..Basin.Outfall + CODto..mg.L. + UVT.... + CODds..mg.L. + NSEC.Aerobic.SRT + NSEC.Effluent.NH3",0.115100250713406,0.70664049023225,"3,2"
"16977","N..Basin.Outfall + CODto..mg.L. + UVT.... + CODds..mg.L. + NSEC.Aerobic.SRT + NSEC.Effluent.NO3",0.194017071047842,0.50609978148888,"3,2"
"16978","N..Basin.Outfall + CODto..mg.L. + UVT.... + CODds..mg.L. + NSEC.Aerobic.SRT + NSEC.Effluent.OP",0.0809886517782279,0.774981883027696,"3,2"
"16979","N..Basin.Outfall + CODto..mg.L. + UVT.... + CODds..mg.L. + NSEC.Aerobic.SRT + NSEC.Effluent.TSS",0.0697243827451057,0.807565892265008,"3,2"
"16980","N..Basin.Outfall + CODto..mg.L. + UVT.... + CODds..mg.L. + NSEC.Aerobic.SRT + NSEC.Effluent.NO5",0.0644601648043086,0.784803426767585,"3,2"
"16981","N..Basin.Outfall + CODto..mg.L. + UVT.... + CODds..mg.L. + NSEC.Aerobic.SRT + NSEC.Effluent.Flow",0.134499711598985,0.752463491848626,"3,2"
"16982","N..Basin.Outfall + CODto..mg.L. + UVT.... + CODds..mg.L. + NSEC.Effluent.NH3 + NSEC.Effluent.NO3",0.0996858424732305,0.583849851818199,"3,2"
"16983","N..Basin.Outfall + CODto..mg.L. + UVT.... + CODds..mg.L. + NSEC.Effluent.NH3 + NSEC.Effluent.OP",0.0468929901665485,0.622016701356276,"3,2"
"16984","N..Basin.Outfall + CODto..mg.L. + UVT.... + CODds..mg.L. + NSEC.Effluent.NH3 + NSEC.Effluent.TSS",0.240265136756277,0.713277531650314,"3,2"
"16985","N..Basin.Outfall + CODto..mg.L. + UVT.... + CODds..mg.L. + NSEC.Effluent.NH3 + NSEC.Effluent.NO5",0.0967966227628336,0.585844238630877,"3,2"
"16986","N..Basin.Outfall + CODto..mg.L. + UVT.... + CODds..mg.L. + NSEC.Effluent.NH3 + NSEC.Effluent.Flow",0.088728271273165,0.406484577014783,"3,2"
"16987","N..Basin.Outfall + CODto..mg.L. + UVT.... + CODds..mg.L. + NSEC.Effluent.NO3 + NSEC.Effluent.OP",0.202242877652843,0.523093653395187,"3,2"
"16988","N..Basin.Outfall + CODto..mg.L. + UVT.... + CODds..mg.L. + NSEC.Effluent.NO3 + NSEC.Effluent.TSS",0.213662779418476,0.738037797070228,"3,2"
"16989","N..Basin.Outfall + CODto..mg.L. + UVT.... + CODds..mg.L. + NSEC.Effluent.NO3 + NSEC.Effluent.NO5",0.114315715209769,0.566767430624005,"3,2"
"16990","N..Basin.Outfall + CODto..mg.L. + UVT.... + CODds..mg.L. + NSEC.Effluent.NO3 + NSEC.Effluent.Flow",0.13117963908244,0.426915340923711,"3,2"
"16991","N..Basin.Outfall + CODto..mg.L. + UVT.... + CODds..mg.L. + NSEC.Effluent.OP + NSEC.Effluent.TSS",0.296158005251808,0.710656446603386,"3,2"
"16992","N..Basin.Outfall + CODto..mg.L. + UVT.... + CODds..mg.L. + NSEC.Effluent.OP + NSEC.Effluent.NO5",0.050042741996954,0.581751589891019,"3,2"
"16993","N..Basin.Outfall + CODto..mg.L. + UVT.... + CODds..mg.L. + NSEC.Effluent.OP + NSEC.Effluent.Flow",0.12923098818059,0.558562859724186,"3,2"
"16994","N..Basin.Outfall + CODto..mg.L. + UVT.... + CODds..mg.L. + NSEC.Effluent.TSS + NSEC.Effluent.NO5",0.218244779621897,0.786269934428399,"3,2"
"16995","N..Basin.Outfall + CODto..mg.L. + UVT.... + CODds..mg.L. + NSEC.Effluent.TSS + NSEC.Effluent.Flow",0.212505302115549,0.69842322458288,"3,2"
"16996","N..Basin.Outfall + CODto..mg.L. + UVT.... + CODds..mg.L. + NSEC.Effluent.NO5 + NSEC.Effluent.Flow",0.000390279483125866,0.565742309050186,"3,2"
"16997","N..Basin.Outfall + CODto..mg.L. + UVT.... + SACto..1.m. + NSEC.Aerobic.SRT + NSEC.Effluent.NH3",0.0519079889364558,0.719764675516168,"3,2"
"16998","N..Basin.Outfall + CODto..mg.L. + UVT.... + SACto..1.m. + NSEC.Aerobic.SRT + NSEC.Effluent.NO3",0.0560655697787689,0.748094458456748,"3,2"
"16999","N..Basin.Outfall + CODto..mg.L. + UVT.... + SACto..1.m. + NSEC.Aerobic.SRT + NSEC.Effluent.OP",0.0429794651778941,0.753408138704095,"3,2"
"17000","N..Basin.Outfall + CODto..mg.L. + UVT.... + SACto..1.m. + NSEC.Aerobic.SRT + NSEC.Effluent.TSS",0.142608910570561,0.77546323670929,"3,2"
"17001","N..Basin.Outfall + CODto..mg.L. + UVT.... + SACto..1.m. + NSEC.Aerobic.SRT + NSEC.Effluent.NO5",0.0745467170092682,0.754809587041317,"3,2"
"17002","N..Basin.Outfall + CODto..mg.L. + UVT.... + SACto..1.m. + NSEC.Aerobic.SRT + NSEC.Effluent.Flow",0.00276173936298152,0.652203573531597,"3,2"
"17003","N..Basin.Outfall + CODto..mg.L. + UVT.... + SACto..1.m. + NSEC.Effluent.NH3 + NSEC.Effluent.NO3",0.0444236055039333,0.296390437417088,"3,2"
"17004","N..Basin.Outfall + CODto..mg.L. + UVT.... + SACto..1.m. + NSEC.Effluent.NH3 + NSEC.Effluent.OP",0.0278859133888021,0.520732574644307,"3,2"
"17005","N..Basin.Outfall + CODto..mg.L. + UVT.... + SACto..1.m. + NSEC.Effluent.NH3 + NSEC.Effluent.TSS",0.162755374164355,0.59982369722588,"3,2"
"17006","N..Basin.Outfall + CODto..mg.L. + UVT.... + SACto..1.m. + NSEC.Effluent.NH3 + NSEC.Effluent.NO5",0.0891696397819817,0.402322775748309,"3,2"
"17007","N..Basin.Outfall + CODto..mg.L. + UVT.... + SACto..1.m. + NSEC.Effluent.NH3 + NSEC.Effluent.Flow",0.0958738359754874,0.44106731183383,"3,2"
"17008","N..Basin.Outfall + CODto..mg.L. + UVT.... + SACto..1.m. + NSEC.Effluent.NO3 + NSEC.Effluent.OP",0.059564345770863,0.516662810441109,"3,2"
"17009","N..Basin.Outfall + CODto..mg.L. + UVT.... + SACto..1.m. + NSEC.Effluent.NO3 + NSEC.Effluent.TSS",0.204071396239052,0.708334355106907,"3,2"
"17010","N..Basin.Outfall + CODto..mg.L. + UVT.... + SACto..1.m. + NSEC.Effluent.NO3 + NSEC.Effluent.NO5",0.120527720937697,0.389635361958167,"3,2"
"17011","N..Basin.Outfall + CODto..mg.L. + UVT.... + SACto..1.m. + NSEC.Effluent.NO3 + NSEC.Effluent.Flow",0.148697312589849,0.344548163486375,"3,2"
"17012","N..Basin.Outfall + CODto..mg.L. + UVT.... + SACto..1.m. + NSEC.Effluent.OP + NSEC.Effluent.TSS",0.145470620542255,0.732165940160269,"3,2"
"17013","N..Basin.Outfall + CODto..mg.L. + UVT.... + SACto..1.m. + NSEC.Effluent.OP + NSEC.Effluent.NO5",0.105879508703342,0.490873253926192,"3,2"
"17014","N..Basin.Outfall + CODto..mg.L. + UVT.... + SACto..1.m. + NSEC.Effluent.OP + NSEC.Effluent.Flow",0.0637036253574577,0.431983446033439,"3,2"
"17015","N..Basin.Outfall + CODto..mg.L. + UVT.... + SACto..1.m. + NSEC.Effluent.TSS + NSEC.Effluent.NO5",0.141478717369761,0.643588277057572,"3,2"
"17016","N..Basin.Outfall + CODto..mg.L. + UVT.... + SACto..1.m. + NSEC.Effluent.TSS + NSEC.Effluent.Flow",0.294483440033785,0.624426938179351,"3,2"
"17017","N..Basin.Outfall + CODto..mg.L. + UVT.... + SACto..1.m. + NSEC.Effluent.NO5 + NSEC.Effluent.Flow",0.0514705711708228,0.33964493137799,"3,2"
"17018","N..Basin.Outfall + CODto..mg.L. + UVT.... + NSEC.Aerobic.SRT + NSEC.Effluent.NH3 + NSEC.Effluent.NO3",0.0359156042634505,0.768212660111192,"3,2"
"17019","N..Basin.Outfall + CODto..mg.L. + UVT.... + NSEC.Aerobic.SRT + NSEC.Effluent.NH3 + NSEC.Effluent.OP",0.00965688413247867,0.784214049856408,"3,2"
"17020","N..Basin.Outfall + CODto..mg.L. + UVT.... + NSEC.Aerobic.SRT + NSEC.Effluent.NH3 + NSEC.Effluent.TSS",0.109134540194949,0.775213601316254,"3,2"
"17021","N..Basin.Outfall + CODto..mg.L. + UVT.... + NSEC.Aerobic.SRT + NSEC.Effluent.NH3 + NSEC.Effluent.NO5",0.0997464155472283,0.766226227209438,"3,2"
"17022","N..Basin.Outfall + CODto..mg.L. + UVT.... + NSEC.Aerobic.SRT + NSEC.Effluent.NH3 + NSEC.Effluent.Flow",0.151684740692245,0.682749021394587,"3,2"
"17023","N..Basin.Outfall + CODto..mg.L. + UVT.... + NSEC.Aerobic.SRT + NSEC.Effluent.NO3 + NSEC.Effluent.OP",0.155153604259199,0.558558890843315,"3,2"
"17024","N..Basin.Outfall + CODto..mg.L. + UVT.... + NSEC.Aerobic.SRT + NSEC.Effluent.NO3 + NSEC.Effluent.TSS",0.206431656075859,0.75648746512692,"3,2"
"17025","N..Basin.Outfall + CODto..mg.L. + UVT.... + NSEC.Aerobic.SRT + NSEC.Effluent.NO3 + NSEC.Effluent.NO5",0.0788108967202881,0.767612245408602,"3,2"
"17026","N..Basin.Outfall + CODto..mg.L. + UVT.... + NSEC.Aerobic.SRT + NSEC.Effluent.NO3 + NSEC.Effluent.Flow",0.0450923499291855,0.767215061258567,"3,2"
"17027","N..Basin.Outfall + CODto..mg.L. + UVT.... + NSEC.Aerobic.SRT + NSEC.Effluent.OP + NSEC.Effluent.TSS",0.0746017393268974,0.808002341475007,"3,2"
"17028","N..Basin.Outfall + CODto..mg.L. + UVT.... + NSEC.Aerobic.SRT + NSEC.Effluent.OP + NSEC.Effluent.NO5",0.0373984736189017,0.645727063364354,"3,2"
"17029","N..Basin.Outfall + CODto..mg.L. + UVT.... + NSEC.Aerobic.SRT + NSEC.Effluent.OP + NSEC.Effluent.Flow",0.132662153070304,0.76098140676963,"3,2"
"17030","N..Basin.Outfall + CODto..mg.L. + UVT.... + NSEC.Aerobic.SRT + NSEC.Effluent.TSS + NSEC.Effluent.NO5",0.0039273035899654,0.824376719227956,"3,2"
"17031","N..Basin.Outfall + CODto..mg.L. + UVT.... + NSEC.Aerobic.SRT + NSEC.Effluent.TSS + NSEC.Effluent.Flow",0.00592360867579833,0.43708552446422,"3,2"
"17032","N..Basin.Outfall + CODto..mg.L. + UVT.... + NSEC.Aerobic.SRT + NSEC.Effluent.NO5 + NSEC.Effluent.Flow",0.178312264375252,0.737076825442094,"3,2"
"17033","N..Basin.Outfall + CODto..mg.L. + UVT.... + NSEC.Effluent.NH3 + NSEC.Effluent.NO3 + NSEC.Effluent.OP",0.108672230929908,0.485845615433405,"3,2"
"17034","N..Basin.Outfall + CODto..mg.L. + UVT.... + NSEC.Effluent.NH3 + NSEC.Effluent.NO3 + NSEC.Effluent.TSS",0.127198211471185,0.613456869981313,"3,2"
"17035","N..Basin.Outfall + CODto..mg.L. + UVT.... + NSEC.Effluent.NH3 + NSEC.Effluent.NO3 + NSEC.Effluent.NO5",0.0148259667913344,0.460007855961383,"3,2"
"17036","N..Basin.Outfall + CODto..mg.L. + UVT.... + NSEC.Effluent.NH3 + NSEC.Effluent.NO3 + NSEC.Effluent.Flow",0.19982497918179,0.392318017088011,"3,2"
"17037","N..Basin.Outfall + CODto..mg.L. + UVT.... + NSEC.Effluent.NH3 + NSEC.Effluent.OP + NSEC.Effluent.TSS",0.17256130182509,0.712656968704132,"3,2"
"17038","N..Basin.Outfall + CODto..mg.L. + UVT.... + NSEC.Effluent.NH3 + NSEC.Effluent.OP + NSEC.Effluent.NO5",0.0857609099108418,0.52209184861466,"3,2"
"17039","N..Basin.Outfall + CODto..mg.L. + UVT.... + NSEC.Effluent.NH3 + NSEC.Effluent.OP + NSEC.Effluent.Flow",0.0522863748571398,0.462218824909989,"3,2"
"17040","N..Basin.Outfall + CODto..mg.L. + UVT.... + NSEC.Effluent.NH3 + NSEC.Effluent.TSS + NSEC.Effluent.NO5",0.000889755688779914,0.586971521462255,"3,2"
"17041","N..Basin.Outfall + CODto..mg.L. + UVT.... + NSEC.Effluent.NH3 + NSEC.Effluent.TSS + NSEC.Effluent.Flow",0.203152708347756,0.687721322389394,"3,2"
"17042","N..Basin.Outfall + CODto..mg.L. + UVT.... + NSEC.Effluent.NH3 + NSEC.Effluent.NO5 + NSEC.Effluent.Flow",0.104822102431362,0.396704168196803,"3,2"
"17043","N..Basin.Outfall + CODto..mg.L. + UVT.... + NSEC.Effluent.NO3 + NSEC.Effluent.OP + NSEC.Effluent.TSS",0.288669270946694,0.706113623849967,"3,2"
"17044","N..Basin.Outfall + CODto..mg.L. + UVT.... + NSEC.Effluent.NO3 + NSEC.Effluent.OP + NSEC.Effluent.NO5",0.0377062999644711,0.563009466931747,"3,2"
"17045","N..Basin.Outfall + CODto..mg.L. + UVT.... + NSEC.Effluent.NO3 + NSEC.Effluent.OP + NSEC.Effluent.Flow",0.0696879516598432,0.576844383987934,"3,2"
"17046","N..Basin.Outfall + CODto..mg.L. + UVT.... + NSEC.Effluent.NO3 + NSEC.Effluent.TSS + NSEC.Effluent.NO5",0.230654161555528,0.614473961136814,"3,2"
"17047","N..Basin.Outfall + CODto..mg.L. + UVT.... + NSEC.Effluent.NO3 + NSEC.Effluent.TSS + NSEC.Effluent.Flow",0.125788872840735,0.665112622784618,"3,2"
"17048","N..Basin.Outfall + CODto..mg.L. + UVT.... + NSEC.Effluent.NO3 + NSEC.Effluent.NO5 + NSEC.Effluent.Flow",0.151605048564479,0.304171751320862,"3,2"
"17049","N..Basin.Outfall + CODto..mg.L. + UVT.... + NSEC.Effluent.OP + NSEC.Effluent.TSS + NSEC.Effluent.NO5",0.0957603352113465,0.718834606083427,"3,2"
"17050","N..Basin.Outfall + CODto..mg.L. + UVT.... + NSEC.Effluent.OP + NSEC.Effluent.TSS + NSEC.Effluent.Flow",0.15171049475647,0.759113393203689,"3,2"
"17051","N..Basin.Outfall + CODto..mg.L. + UVT.... + NSEC.Effluent.OP + NSEC.Effluent.NO5 + NSEC.Effluent.Flow",0.00893553532658053,0.488637376034296,"3,2"
"17052","N..Basin.Outfall + CODto..mg.L. + UVT.... + NSEC.Effluent.TSS + NSEC.Effluent.NO5 + NSEC.Effluent.Flow",0.0820788960644321,0.598355815670318,"3,2"
"17053","N..Basin.Outfall + CODto..mg.L. + CODds..mg.L. + SACto..1.m. + NSEC.Aerobic.SRT + NSEC.Effluent.NH3",0.0445606132099081,0.781736834553207,"3,2"
"17054","N..Basin.Outfall + CODto..mg.L. + CODds..mg.L. + SACto..1.m. + NSEC.Aerobic.SRT + NSEC.Effluent.NO3",0.0847072379207179,0.686288029463683,"3,2"
"17055","N..Basin.Outfall + CODto..mg.L. + CODds..mg.L. + SACto..1.m. + NSEC.Aerobic.SRT + NSEC.Effluent.OP",0.13148880566354,0.778030471686907,"3,2"
"17056","N..Basin.Outfall + CODto..mg.L. + CODds..mg.L. + SACto..1.m. + NSEC.Aerobic.SRT + NSEC.Effluent.TSS",0.0923656369726062,0.788780794083434,"3,2"
"17057","N..Basin.Outfall + CODto..mg.L. + CODds..mg.L. + SACto..1.m. + NSEC.Aerobic.SRT + NSEC.Effluent.NO5",0.0744121553321553,0.770977303000179,"3,2"
"17058","N..Basin.Outfall + CODto..mg.L. + CODds..mg.L. + SACto..1.m. + NSEC.Aerobic.SRT + NSEC.Effluent.Flow",0.152236474490473,0.784943706584377,"3,2"
"17059","N..Basin.Outfall + CODto..mg.L. + CODds..mg.L. + SACto..1.m. + NSEC.Effluent.NH3 + NSEC.Effluent.NO3",0.157851978619114,0.520528338684462,"3,2"
"17060","N..Basin.Outfall + CODto..mg.L. + CODds..mg.L. + SACto..1.m. + NSEC.Effluent.NH3 + NSEC.Effluent.OP",0.156360990014554,0.536904411011561,"3,2"
"17061","N..Basin.Outfall + CODto..mg.L. + CODds..mg.L. + SACto..1.m. + NSEC.Effluent.NH3 + NSEC.Effluent.TSS",0.228219077332896,0.710656757185117,"3,2"
"17062","N..Basin.Outfall + CODto..mg.L. + CODds..mg.L. + SACto..1.m. + NSEC.Effluent.NH3 + NSEC.Effluent.NO5",0.123390131701512,0.418837712798093,"3,2"
"17063","N..Basin.Outfall + CODto..mg.L. + CODds..mg.L. + SACto..1.m. + NSEC.Effluent.NH3 + NSEC.Effluent.Flow",0.127698432858055,0.413358626800077,"3,2"
"17064","N..Basin.Outfall + CODto..mg.L. + CODds..mg.L. + SACto..1.m. + NSEC.Effluent.NO3 + NSEC.Effluent.OP",0.178415201884819,0.546433991600933,"3,2"
"17065","N..Basin.Outfall + CODto..mg.L. + CODds..mg.L. + SACto..1.m. + NSEC.Effluent.NO3 + NSEC.Effluent.TSS",0.231883253903474,0.774781813581814,"3,2"
"17066","N..Basin.Outfall + CODto..mg.L. + CODds..mg.L. + SACto..1.m. + NSEC.Effluent.NO3 + NSEC.Effluent.NO5",0.128090939174703,0.583414928385167,"3,2"
"17067","N..Basin.Outfall + CODto..mg.L. + CODds..mg.L. + SACto..1.m. + NSEC.Effluent.NO3 + NSEC.Effluent.Flow",0.154770536867288,0.563800995785078,"3,2"
"17068","N..Basin.Outfall + CODto..mg.L. + CODds..mg.L. + SACto..1.m. + NSEC.Effluent.OP + NSEC.Effluent.TSS",0.192238790384096,0.768894782178654,"3,2"
"17069","N..Basin.Outfall + CODto..mg.L. + CODds..mg.L. + SACto..1.m. + NSEC.Effluent.OP + NSEC.Effluent.NO5",0.188065454714252,0.561125717792804,"3,2"
"17070","N..Basin.Outfall + CODto..mg.L. + CODds..mg.L. + SACto..1.m. + NSEC.Effluent.OP + NSEC.Effluent.Flow",0.134021270827176,0.533960541173556,"3,2"
"17071","N..Basin.Outfall + CODto..mg.L. + CODds..mg.L. + SACto..1.m. + NSEC.Effluent.TSS + NSEC.Effluent.NO5",0.244344451415578,0.682733185156253,"3,2"
"17072","N..Basin.Outfall + CODto..mg.L. + CODds..mg.L. + SACto..1.m. + NSEC.Effluent.TSS + NSEC.Effluent.Flow",0.0894793605061461,0.698086365125481,"3,2"
"17073","N..Basin.Outfall + CODto..mg.L. + CODds..mg.L. + SACto..1.m. + NSEC.Effluent.NO5 + NSEC.Effluent.Flow",0.10993749052912,0.417277936692581,"3,2"
"17074","N..Basin.Outfall + CODto..mg.L. + CODds..mg.L. + NSEC.Aerobic.SRT + NSEC.Effluent.NH3 + NSEC.Effluent.NO3",0.0664218582574894,0.775677679595764,"3,2"
"17075","N..Basin.Outfall + CODto..mg.L. + CODds..mg.L. + NSEC.Aerobic.SRT + NSEC.Effluent.NH3 + NSEC.Effluent.OP",0.184257392024678,0.680917550454859,"3,2"
"17076","N..Basin.Outfall + CODto..mg.L. + CODds..mg.L. + NSEC.Aerobic.SRT + NSEC.Effluent.NH3 + NSEC.Effluent.TSS",0.0509622977287916,0.784484822669881,"3,2"
"17077","N..Basin.Outfall + CODto..mg.L. + CODds..mg.L. + NSEC.Aerobic.SRT + NSEC.Effluent.NH3 + NSEC.Effluent.NO5",0.176576078491557,0.535432980508767,"3,2"
"17078","N..Basin.Outfall + CODto..mg.L. + CODds..mg.L. + NSEC.Aerobic.SRT + NSEC.Effluent.NH3 + NSEC.Effluent.Flow",0.107196475536558,0.722746984893392,"3,2"
"17079","N..Basin.Outfall + CODto..mg.L. + CODds..mg.L. + NSEC.Aerobic.SRT + NSEC.Effluent.NO3 + NSEC.Effluent.OP",0.072207800264231,0.72974242404263,"3,2"
"17080","N..Basin.Outfall + CODto..mg.L. + CODds..mg.L. + NSEC.Aerobic.SRT + NSEC.Effluent.NO3 + NSEC.Effluent.TSS",0.187853074133763,0.801965047773532,"3,2"
"17081","N..Basin.Outfall + CODto..mg.L. + CODds..mg.L. + NSEC.Aerobic.SRT + NSEC.Effluent.NO3 + NSEC.Effluent.NO5",0.0535734203466127,0.763832965684271,"3,2"
"17082","N..Basin.Outfall + CODto..mg.L. + CODds..mg.L. + NSEC.Aerobic.SRT + NSEC.Effluent.NO3 + NSEC.Effluent.Flow",0.163668959379796,0.727197685225107,"3,2"
"17083","N..Basin.Outfall + CODto..mg.L. + CODds..mg.L. + NSEC.Aerobic.SRT + NSEC.Effluent.OP + NSEC.Effluent.TSS",0.085608554343829,0.808967129736964,"3,2"
"17084","N..Basin.Outfall + CODto..mg.L. + CODds..mg.L. + NSEC.Aerobic.SRT + NSEC.Effluent.OP + NSEC.Effluent.NO5",0.165868484759616,0.729504991700481,"3,2"
"17085","N..Basin.Outfall + CODto..mg.L. + CODds..mg.L. + NSEC.Aerobic.SRT + NSEC.Effluent.OP + NSEC.Effluent.Flow",0.0120987777633432,0.744183587144798,"3,2"
"17086","N..Basin.Outfall + CODto..mg.L. + CODds..mg.L. + NSEC.Aerobic.SRT + NSEC.Effluent.TSS + NSEC.Effluent.NO5",0.133560090501626,0.815544280699396,"3,2"
"17087","N..Basin.Outfall + CODto..mg.L. + CODds..mg.L. + NSEC.Aerobic.SRT + NSEC.Effluent.TSS + NSEC.Effluent.Flow",0.0688766380283947,0.782519662666646,"3,2"
"17088","N..Basin.Outfall + CODto..mg.L. + CODds..mg.L. + NSEC.Aerobic.SRT + NSEC.Effluent.NO5 + NSEC.Effluent.Flow",0.0469891400763141,0.494191462237608,"3,2"
"17089","N..Basin.Outfall + CODto..mg.L. + CODds..mg.L. + NSEC.Effluent.NH3 + NSEC.Effluent.NO3 + NSEC.Effluent.OP",0.0765081760357371,0.526983909678191,"3,2"
"17090","N..Basin.Outfall + CODto..mg.L. + CODds..mg.L. + NSEC.Effluent.NH3 + NSEC.Effluent.NO3 + NSEC.Effluent.TSS",0.226813043254118,0.718916868640346,"3,2"
"17091","N..Basin.Outfall + CODto..mg.L. + CODds..mg.L. + NSEC.Effluent.NH3 + NSEC.Effluent.NO3 + NSEC.Effluent.NO5",0.186957623027075,0.568630432480204,"3,2"
"17092","N..Basin.Outfall + CODto..mg.L. + CODds..mg.L. + NSEC.Effluent.NH3 + NSEC.Effluent.NO3 + NSEC.Effluent.Flow",0.144279495298259,0.467736341039931,"3,2"
"17093","N..Basin.Outfall + CODto..mg.L. + CODds..mg.L. + NSEC.Effluent.NH3 + NSEC.Effluent.OP + NSEC.Effluent.TSS",0.076571349629549,0.622046728048952,"3,2"
"17094","N..Basin.Outfall + CODto..mg.L. + CODds..mg.L. + NSEC.Effluent.NH3 + NSEC.Effluent.OP + NSEC.Effluent.NO5",0.224246654408854,0.577879798141635,"3,2"
"17095","N..Basin.Outfall + CODto..mg.L. + CODds..mg.L. + NSEC.Effluent.NH3 + NSEC.Effluent.OP + NSEC.Effluent.Flow",0.173254536924031,0.548794799149685,"3,2"
"17096","N..Basin.Outfall + CODto..mg.L. + CODds..mg.L. + NSEC.Effluent.NH3 + NSEC.Effluent.TSS + NSEC.Effluent.NO5",0.141550873029971,0.697574382561706,"3,2"
"17097","N..Basin.Outfall + CODto..mg.L. + CODds..mg.L. + NSEC.Effluent.NH3 + NSEC.Effluent.TSS + NSEC.Effluent.Flow",0.227150134313526,0.66996180101954,"3,2"
"17098","N..Basin.Outfall + CODto..mg.L. + CODds..mg.L. + NSEC.Effluent.NH3 + NSEC.Effluent.NO5 + NSEC.Effluent.Flow",0.110915464818242,0.558682547715574,"3,2"
"17099","N..Basin.Outfall + CODto..mg.L. + CODds..mg.L. + NSEC.Effluent.NO3 + NSEC.Effluent.OP + NSEC.Effluent.TSS",0.0437814193512165,0.684472959614627,"3,2"
"17100","N..Basin.Outfall + CODto..mg.L. + CODds..mg.L. + NSEC.Effluent.NO3 + NSEC.Effluent.OP + NSEC.Effluent.NO5",0.147032769595918,0.592941064644149,"3,2"
"17101","N..Basin.Outfall + CODto..mg.L. + CODds..mg.L. + NSEC.Effluent.NO3 + NSEC.Effluent.OP + NSEC.Effluent.Flow",0.0889158012740605,0.553647963356288,"3,2"
"17102","N..Basin.Outfall + CODto..mg.L. + CODds..mg.L. + NSEC.Effluent.NO3 + NSEC.Effluent.TSS + NSEC.Effluent.NO5",0.23189070528074,0.682101023275959,"3,2"
"17103","N..Basin.Outfall + CODto..mg.L. + CODds..mg.L. + NSEC.Effluent.NO3 + NSEC.Effluent.TSS + NSEC.Effluent.Flow",0.246536781432288,0.750527834430569,"3,2"
"17104","N..Basin.Outfall + CODto..mg.L. + CODds..mg.L. + NSEC.Effluent.NO3 + NSEC.Effluent.NO5 + NSEC.Effluent.Flow",0.152031824579515,0.503424276065989,"3,2"
"17105","N..Basin.Outfall + CODto..mg.L. + CODds..mg.L. + NSEC.Effluent.OP + NSEC.Effluent.TSS + NSEC.Effluent.NO5",0.227432816649929,0.695002952755659,"3,2"
"17106","N..Basin.Outfall + CODto..mg.L. + CODds..mg.L. + NSEC.Effluent.OP + NSEC.Effluent.TSS + NSEC.Effluent.Flow",0.0151988226367683,0.688278606978922,"3,2"
"17107","N..Basin.Outfall + CODto..mg.L. + CODds..mg.L. + NSEC.Effluent.OP + NSEC.Effluent.NO5 + NSEC.Effluent.Flow",0.213234861905716,0.551415665564935,"3,2"
"17108","N..Basin.Outfall + CODto..mg.L. + CODds..mg.L. + NSEC.Effluent.TSS + NSEC.Effluent.NO5 + NSEC.Effluent.Flow",0.246054849429824,0.683389487000702,"3,2"
"17109","N..Basin.Outfall + CODto..mg.L. + SACto..1.m. + NSEC.Aerobic.SRT + NSEC.Effluent.NH3 + NSEC.Effluent.NO3",0.0315237152804309,0.739570250988433,"3,2"
"17110","N..Basin.Outfall + CODto..mg.L. + SACto..1.m. + NSEC.Aerobic.SRT + NSEC.Effluent.NH3 + NSEC.Effluent.OP",0.0661047027686341,0.744091498286849,"3,2"
"17111","N..Basin.Outfall + CODto..mg.L. + SACto..1.m. + NSEC.Aerobic.SRT + NSEC.Effluent.NH3 + NSEC.Effluent.TSS",0.133164907887308,0.77401707712786,"3,2"
"17112","N..Basin.Outfall + CODto..mg.L. + SACto..1.m. + NSEC.Aerobic.SRT + NSEC.Effluent.NH3 + NSEC.Effluent.NO5",0.0279876739846219,0.344915682359712,"3,2"
"17113","N..Basin.Outfall + CODto..mg.L. + SACto..1.m. + NSEC.Aerobic.SRT + NSEC.Effluent.NH3 + NSEC.Effluent.Flow",0.122133071676837,0.714768804885834,"3,2"
"17114","N..Basin.Outfall + CODto..mg.L. + SACto..1.m. + NSEC.Aerobic.SRT + NSEC.Effluent.NO3 + NSEC.Effluent.OP",0.146034941286758,0.763118924635539,"3,2"
"17115","N..Basin.Outfall + CODto..mg.L. + SACto..1.m. + NSEC.Aerobic.SRT + NSEC.Effluent.NO3 + NSEC.Effluent.TSS",0.12139794163572,0.796242329137976,"3,2"
"17116","N..Basin.Outfall + CODto..mg.L. + SACto..1.m. + NSEC.Aerobic.SRT + NSEC.Effluent.NO3 + NSEC.Effluent.NO5",0.0940438884844537,0.57527028413054,"3,2"
"17117","N..Basin.Outfall + CODto..mg.L. + SACto..1.m. + NSEC.Aerobic.SRT + NSEC.Effluent.NO3 + NSEC.Effluent.Flow",0.0954772578872793,0.55568546106221,"3,2"
"17118","N..Basin.Outfall + CODto..mg.L. + SACto..1.m. + NSEC.Aerobic.SRT + NSEC.Effluent.OP + NSEC.Effluent.TSS",0.140581137102347,0.788161303637896,"3,2"
"17119","N..Basin.Outfall + CODto..mg.L. + SACto..1.m. + NSEC.Aerobic.SRT + NSEC.Effluent.OP + NSEC.Effluent.NO5",0.114597858387444,0.769517501849898,"3,2"
"17120","N..Basin.Outfall + CODto..mg.L. + SACto..1.m. + NSEC.Aerobic.SRT + NSEC.Effluent.OP + NSEC.Effluent.Flow",0.0717949533864413,0.678829155139612,"3,2"
"17121","N..Basin.Outfall + CODto..mg.L. + SACto..1.m. + NSEC.Aerobic.SRT + NSEC.Effluent.TSS + NSEC.Effluent.NO5",0.159262450116962,0.799407401147448,"3,2"
"17122","N..Basin.Outfall + CODto..mg.L. + SACto..1.m. + NSEC.Aerobic.SRT + NSEC.Effluent.TSS + NSEC.Effluent.Flow",0.130577750831373,0.602909237519015,"3,2"
"17123","N..Basin.Outfall + CODto..mg.L. + SACto..1.m. + NSEC.Aerobic.SRT + NSEC.Effluent.NO5 + NSEC.Effluent.Flow",0.0414618285643016,0.494248465339251,"3,2"
"17124","N..Basin.Outfall + CODto..mg.L. + SACto..1.m. + NSEC.Effluent.NH3 + NSEC.Effluent.NO3 + NSEC.Effluent.OP",0.0766972929682537,0.517403714527106,"3,2"
"17125","N..Basin.Outfall + CODto..mg.L. + SACto..1.m. + NSEC.Effluent.NH3 + NSEC.Effluent.NO3 + NSEC.Effluent.TSS",0.0680375289887001,0.581924821240255,"3,2"
"17126","N..Basin.Outfall + CODto..mg.L. + SACto..1.m. + NSEC.Effluent.NH3 + NSEC.Effluent.NO3 + NSEC.Effluent.NO5",0.0998839262184577,0.375198518163725,"3,2"
"17127","N..Basin.Outfall + CODto..mg.L. + SACto..1.m. + NSEC.Effluent.NH3 + NSEC.Effluent.NO3 + NSEC.Effluent.Flow",0.0633155088119355,0.334738647936305,"3,2"
"17128","N..Basin.Outfall + CODto..mg.L. + SACto..1.m. + NSEC.Effluent.NH3 + NSEC.Effluent.OP + NSEC.Effluent.TSS",0.091773213521839,0.706082612162937,"3,2"
"17129","N..Basin.Outfall + CODto..mg.L. + SACto..1.m. + NSEC.Effluent.NH3 + NSEC.Effluent.OP + NSEC.Effluent.NO5",0.0214861003953881,0.521714890764341,"3,2"
"17130","N..Basin.Outfall + CODto..mg.L. + SACto..1.m. + NSEC.Effluent.NH3 + NSEC.Effluent.OP + NSEC.Effluent.Flow",0.0453415135829709,0.465968504599181,"3,2"
"17131","N..Basin.Outfall + CODto..mg.L. + SACto..1.m. + NSEC.Effluent.NH3 + NSEC.Effluent.TSS + NSEC.Effluent.NO5",0.0818462805137443,0.645762424635683,"3,2"
"17132","N..Basin.Outfall + CODto..mg.L. + SACto..1.m. + NSEC.Effluent.NH3 + NSEC.Effluent.TSS + NSEC.Effluent.Flow",0.275305122308342,0.622743587653674,"3,2"
"17133","N..Basin.Outfall + CODto..mg.L. + SACto..1.m. + NSEC.Effluent.NH3 + NSEC.Effluent.NO5 + NSEC.Effluent.Flow",0.106075478983739,0.3794492896548,"3,2"
"17134","N..Basin.Outfall + CODto..mg.L. + SACto..1.m. + NSEC.Effluent.NO3 + NSEC.Effluent.OP + NSEC.Effluent.TSS",0.164102559158775,0.729740000970044,"3,2"
"17135","N..Basin.Outfall + CODto..mg.L. + SACto..1.m. + NSEC.Effluent.NO3 + NSEC.Effluent.OP + NSEC.Effluent.NO5",0.0722184080589998,0.578070168870829,"3,2"
"17136","N..Basin.Outfall + CODto..mg.L. + SACto..1.m. + NSEC.Effluent.NO3 + NSEC.Effluent.OP + NSEC.Effluent.Flow",0.10680491287171,0.500332997695195,"3,2"
"17137","N..Basin.Outfall + CODto..mg.L. + SACto..1.m. + NSEC.Effluent.NO3 + NSEC.Effluent.TSS + NSEC.Effluent.NO5",0.122405206853959,0.652454848834529,"3,2"
"17138","N..Basin.Outfall + CODto..mg.L. + SACto..1.m. + NSEC.Effluent.NO3 + NSEC.Effluent.TSS + NSEC.Effluent.Flow",0.247860241792349,0.629510732373584,"3,2"
"17139","N..Basin.Outfall + CODto..mg.L. + SACto..1.m. + NSEC.Effluent.NO3 + NSEC.Effluent.NO5 + NSEC.Effluent.Flow",0.133410133675496,0.423804603341768,"3,2"
"17140","N..Basin.Outfall + CODto..mg.L. + SACto..1.m. + NSEC.Effluent.OP + NSEC.Effluent.TSS + NSEC.Effluent.NO5",0.180366504006268,0.764121099280362,"3,2"
"17141","N..Basin.Outfall + CODto..mg.L. + SACto..1.m. + NSEC.Effluent.OP + NSEC.Effluent.TSS + NSEC.Effluent.Flow",0.17101395564936,0.681366806511228,"3,2"
"17142","N..Basin.Outfall + CODto..mg.L. + SACto..1.m. + NSEC.Effluent.OP + NSEC.Effluent.NO5 + NSEC.Effluent.Flow",0.11398974444725,0.565612476894314,"3,2"
"17143","N..Basin.Outfall + CODto..mg.L. + SACto..1.m. + NSEC.Effluent.TSS + NSEC.Effluent.NO5 + NSEC.Effluent.Flow",0.147231654971948,0.654908585269589,"3,2"
"17144","N..Basin.Outfall + CODto..mg.L. + NSEC.Aerobic.SRT + NSEC.Effluent.NH3 + NSEC.Effluent.NO3 + NSEC.Effluent.OP",0.175182645437897,0.723483393221458,"3,2"
"17145","N..Basin.Outfall + CODto..mg.L. + NSEC.Aerobic.SRT + NSEC.Effluent.NH3 + NSEC.Effluent.NO3 + NSEC.Effluent.TSS",0.24554597012268,0.723102016089558,"3,2"
"17146","N..Basin.Outfall + CODto..mg.L. + NSEC.Aerobic.SRT + NSEC.Effluent.NH3 + NSEC.Effluent.NO3 + NSEC.Effluent.NO5",0.247468152003937,0.707152316778422,"3,2"
"17147","N..Basin.Outfall + CODto..mg.L. + NSEC.Aerobic.SRT + NSEC.Effluent.NH3 + NSEC.Effluent.NO3 + NSEC.Effluent.Flow",0.0353591656913363,0.386146030769598,"3,2"
"17148","N..Basin.Outfall + CODto..mg.L. + NSEC.Aerobic.SRT + NSEC.Effluent.NH3 + NSEC.Effluent.OP + NSEC.Effluent.TSS",0.207659717520424,0.665915809195738,"3,2"
"17149","N..Basin.Outfall + CODto..mg.L. + NSEC.Aerobic.SRT + NSEC.Effluent.NH3 + NSEC.Effluent.OP + NSEC.Effluent.NO5",0.147574509376137,0.737063540591529,"3,2"
"17150","N..Basin.Outfall + CODto..mg.L. + NSEC.Aerobic.SRT + NSEC.Effluent.NH3 + NSEC.Effluent.OP + NSEC.Effluent.Flow",0.188727747095408,0.722332568643582,"3,2"
"17151","N..Basin.Outfall + CODto..mg.L. + NSEC.Aerobic.SRT + NSEC.Effluent.NH3 + NSEC.Effluent.TSS + NSEC.Effluent.NO5",0.0197143266788538,0.767967675022815,"3,2"
"17152","N..Basin.Outfall + CODto..mg.L. + NSEC.Aerobic.SRT + NSEC.Effluent.NH3 + NSEC.Effluent.TSS + NSEC.Effluent.Flow",0.010245582267645,0.454056869652614,"3,2"
"17153","N..Basin.Outfall + CODto..mg.L. + NSEC.Aerobic.SRT + NSEC.Effluent.NH3 + NSEC.Effluent.NO5 + NSEC.Effluent.Flow",0.273885584664654,0.741601238782895,"3,2"
"17154","N..Basin.Outfall + CODto..mg.L. + NSEC.Aerobic.SRT + NSEC.Effluent.NO3 + NSEC.Effluent.OP + NSEC.Effluent.TSS",0.139935040193329,0.723765902331629,"3,2"
"17155","N..Basin.Outfall + CODto..mg.L. + NSEC.Aerobic.SRT + NSEC.Effluent.NO3 + NSEC.Effluent.OP + NSEC.Effluent.NO5",0.0774693897165619,0.782264213168164,"3,2"
"17156","N..Basin.Outfall + CODto..mg.L. + NSEC.Aerobic.SRT + NSEC.Effluent.NO3 + NSEC.Effluent.OP + NSEC.Effluent.Flow",0.0916115791780077,0.60084046009532,"3,2"
"17157","N..Basin.Outfall + CODto..mg.L. + NSEC.Aerobic.SRT + NSEC.Effluent.NO3 + NSEC.Effluent.TSS + NSEC.Effluent.NO5",0.061936741981401,0.788072151212747,"3,2"
"17158","N..Basin.Outfall + CODto..mg.L. + NSEC.Aerobic.SRT + NSEC.Effluent.NO3 + NSEC.Effluent.TSS + NSEC.Effluent.Flow",0.0692695844350411,0.582203868902668,"3,2"
"17159","N..Basin.Outfall + CODto..mg.L. + NSEC.Aerobic.SRT + NSEC.Effluent.NO3 + NSEC.Effluent.NO5 + NSEC.Effluent.Flow",0.340208284628083,0.738895234651493,"3,2"
"17160","N..Basin.Outfall + CODto..mg.L. + NSEC.Aerobic.SRT + NSEC.Effluent.OP + NSEC.Effluent.TSS + NSEC.Effluent.NO5",0.00064626391803424,0.777641348061236,"3,2"
"17161","N..Basin.Outfall + CODto..mg.L. + NSEC.Aerobic.SRT + NSEC.Effluent.OP + NSEC.Effluent.TSS + NSEC.Effluent.Flow",0.0640760794421285,0.562758276180626,"3,2"
"17162","N..Basin.Outfall + CODto..mg.L. + NSEC.Aerobic.SRT + NSEC.Effluent.OP + NSEC.Effluent.NO5 + NSEC.Effluent.Flow",0.178234011522733,0.727059820162155,"3,2"
"17163","N..Basin.Outfall + CODto..mg.L. + NSEC.Aerobic.SRT + NSEC.Effluent.TSS + NSEC.Effluent.NO5 + NSEC.Effluent.Flow",0.0020200449772334,0.457625589175465,"3,2"
"17164","N..Basin.Outfall + CODto..mg.L. + NSEC.Effluent.NH3 + NSEC.Effluent.NO3 + NSEC.Effluent.OP + NSEC.Effluent.TSS",0.0980349536836553,0.665753369646961,"3,2"
"17165","N..Basin.Outfall + CODto..mg.L. + NSEC.Effluent.NH3 + NSEC.Effluent.NO3 + NSEC.Effluent.OP + NSEC.Effluent.NO5",0.184371287123756,0.484804920856231,"3,2"
"17166","N..Basin.Outfall + CODto..mg.L. + NSEC.Effluent.NH3 + NSEC.Effluent.NO3 + NSEC.Effluent.OP + NSEC.Effluent.Flow",0.011401721051816,0.369954238637734,"3,2"
"17167","N..Basin.Outfall + CODto..mg.L. + NSEC.Effluent.NH3 + NSEC.Effluent.NO3 + NSEC.Effluent.TSS + NSEC.Effluent.NO5",0.280467315168159,0.613163061127212,"3,2"
"17168","N..Basin.Outfall + CODto..mg.L. + NSEC.Effluent.NH3 + NSEC.Effluent.NO3 + NSEC.Effluent.TSS + NSEC.Effluent.Flow",0.117864289504831,0.566936581310636,"3,2"
"17169","N..Basin.Outfall + CODto..mg.L. + NSEC.Effluent.NH3 + NSEC.Effluent.NO3 + NSEC.Effluent.NO5 + NSEC.Effluent.Flow",0.0851395352622588,0.376609228138109,"3,2"
"17170","N..Basin.Outfall + CODto..mg.L. + NSEC.Effluent.NH3 + NSEC.Effluent.OP + NSEC.Effluent.TSS + NSEC.Effluent.NO5",0.203837889383574,0.71574535988095,"3,2"
"17171","N..Basin.Outfall + CODto..mg.L. + NSEC.Effluent.NH3 + NSEC.Effluent.OP + NSEC.Effluent.TSS + NSEC.Effluent.Flow",0.00467727165527476,0.591047908668547,"3,2"
"17172","N..Basin.Outfall + CODto..mg.L. + NSEC.Effluent.NH3 + NSEC.Effluent.OP + NSEC.Effluent.NO5 + NSEC.Effluent.Flow",0.0100133100533244,0.38176539956747,"3,2"
"17173","N..Basin.Outfall + CODto..mg.L. + NSEC.Effluent.NH3 + NSEC.Effluent.TSS + NSEC.Effluent.NO5 + NSEC.Effluent.Flow",0.103063862783442,0.535303030548458,"3,2"
"17174","N..Basin.Outfall + CODto..mg.L. + NSEC.Effluent.NO3 + NSEC.Effluent.OP + NSEC.Effluent.TSS + NSEC.Effluent.NO5",0.0279162980563106,0.652520697978357,"3,2"
"17175","N..Basin.Outfall + CODto..mg.L. + NSEC.Effluent.NO3 + NSEC.Effluent.OP + NSEC.Effluent.TSS + NSEC.Effluent.Flow",0.0922434928205713,0.588075072182558,"3,2"
"17176","N..Basin.Outfall + CODto..mg.L. + NSEC.Effluent.NO3 + NSEC.Effluent.OP + NSEC.Effluent.NO5 + NSEC.Effluent.Flow",0.124738697273616,0.413402758937106,"3,2"
"17177","N..Basin.Outfall + CODto..mg.L. + NSEC.Effluent.NO3 + NSEC.Effluent.TSS + NSEC.Effluent.NO5 + NSEC.Effluent.Flow",0.115108827170662,0.460184472921382,"3,2"
"17178","N..Basin.Outfall + CODto..mg.L. + NSEC.Effluent.OP + NSEC.Effluent.TSS + NSEC.Effluent.NO5 + NSEC.Effluent.Flow",0.0679700036481328,0.572832893181334,"3,2"
"17179","N..Basin.Outfall + TSS..mg.L. + UVT.... + CODds..mg.L. + SACto..1.m. + NSEC.Aerobic.SRT",0.0648631606277563,0.732309853979644,"3,2"
"17180","N..Basin.Outfall + TSS..mg.L. + UVT.... + CODds..mg.L. + SACto..1.m. + NSEC.Effluent.NH3",0.0985562352528726,0.540423642293708,"3,2"
"17181","N..Basin.Outfall + TSS..mg.L. + UVT.... + CODds..mg.L. + SACto..1.m. + NSEC.Effluent.NO3",0.130493509110266,0.546442716582058,"3,2"
"17182","N..Basin.Outfall + TSS..mg.L. + UVT.... + CODds..mg.L. + SACto..1.m. + NSEC.Effluent.OP",0.104969809257283,0.559155604391047,"3,2"
"17183","N..Basin.Outfall + TSS..mg.L. + UVT.... + CODds..mg.L. + SACto..1.m. + NSEC.Effluent.TSS",0.158727089451476,0.719151005096478,"3,2"
"17184","N..Basin.Outfall + TSS..mg.L. + UVT.... + CODds..mg.L. + SACto..1.m. + NSEC.Effluent.NO5",0.0793146902854245,0.562292078100462,"3,2"
"17185","N..Basin.Outfall + TSS..mg.L. + UVT.... + CODds..mg.L. + SACto..1.m. + NSEC.Effluent.Flow",0.0999064925476523,0.433377792041637,"3,2"
"17186","N..Basin.Outfall + TSS..mg.L. + UVT.... + CODds..mg.L. + NSEC.Aerobic.SRT + NSEC.Effluent.NH3",0.184060128287357,0.769641502896552,"3,2"
"17187","N..Basin.Outfall + TSS..mg.L. + UVT.... + CODds..mg.L. + NSEC.Aerobic.SRT + NSEC.Effluent.NO3",0.086395882354104,0.745236059971879,"3,2"
"17188","N..Basin.Outfall + TSS..mg.L. + UVT.... + CODds..mg.L. + NSEC.Aerobic.SRT + NSEC.Effluent.OP",0.333588038253759,0.773644891448677,"3,2"
"17189","N..Basin.Outfall + TSS..mg.L. + UVT.... + CODds..mg.L. + NSEC.Aerobic.SRT + NSEC.Effluent.TSS",0.214120018514279,0.778563263308261,"3,2"
"17190","N..Basin.Outfall + TSS..mg.L. + UVT.... + CODds..mg.L. + NSEC.Aerobic.SRT + NSEC.Effluent.NO5",0.414472401004252,0.754069813539912,"3,2"
"17191","N..Basin.Outfall + TSS..mg.L. + UVT.... + CODds..mg.L. + NSEC.Aerobic.SRT + NSEC.Effluent.Flow",0.0325782327152848,0.745526741276285,"3,2"
"17192","N..Basin.Outfall + TSS..mg.L. + UVT.... + CODds..mg.L. + NSEC.Effluent.NH3 + NSEC.Effluent.NO3",0.168675554021161,0.524187409297851,"3,2"
"17193","N..Basin.Outfall + TSS..mg.L. + UVT.... + CODds..mg.L. + NSEC.Effluent.NH3 + NSEC.Effluent.OP",0.0603009360806046,0.581444138537464,"3,2"
"17194","N..Basin.Outfall + TSS..mg.L. + UVT.... + CODds..mg.L. + NSEC.Effluent.NH3 + NSEC.Effluent.TSS",0.211215093749526,0.736924780848549,"3,2"
"17195","N..Basin.Outfall + TSS..mg.L. + UVT.... + CODds..mg.L. + NSEC.Effluent.NH3 + NSEC.Effluent.NO5",0.0799452752566481,0.545004174534894,"3,2"
"17196","N..Basin.Outfall + TSS..mg.L. + UVT.... + CODds..mg.L. + NSEC.Effluent.NH3 + NSEC.Effluent.Flow",0.104894391102698,0.53970755397648,"3,2"
"17197","N..Basin.Outfall + TSS..mg.L. + UVT.... + CODds..mg.L. + NSEC.Effluent.NO3 + NSEC.Effluent.OP",0.00929778695866124,0.51517888679668,"3,2"
"17198","N..Basin.Outfall + TSS..mg.L. + UVT.... + CODds..mg.L. + NSEC.Effluent.NO3 + NSEC.Effluent.TSS",0.28071851688015,0.69273473487806,"3,2"
"17199","N..Basin.Outfall + TSS..mg.L. + UVT.... + CODds..mg.L. + NSEC.Effluent.NO3 + NSEC.Effluent.NO5",0.0798028711500336,0.591119593114689,"3,2"
"17200","N..Basin.Outfall + TSS..mg.L. + UVT.... + CODds..mg.L. + NSEC.Effluent.NO3 + NSEC.Effluent.Flow",0.080080711438085,0.554282695834559,"3,2"
"17201","N..Basin.Outfall + TSS..mg.L. + UVT.... + CODds..mg.L. + NSEC.Effluent.OP + NSEC.Effluent.TSS",0.190980218480344,0.790315858874294,"3,2"
"17202","N..Basin.Outfall + TSS..mg.L. + UVT.... + CODds..mg.L. + NSEC.Effluent.OP + NSEC.Effluent.NO5",0.129153803250727,0.696038483165931,"3,2"
"17203","N..Basin.Outfall + TSS..mg.L. + UVT.... + CODds..mg.L. + NSEC.Effluent.OP + NSEC.Effluent.Flow",0.082010725198959,0.587408677572427,"3,2"
"17204","N..Basin.Outfall + TSS..mg.L. + UVT.... + CODds..mg.L. + NSEC.Effluent.TSS + NSEC.Effluent.NO5",0.122510445642694,0.559168522518781,"3,2"
"17205","N..Basin.Outfall + TSS..mg.L. + UVT.... + CODds..mg.L. + NSEC.Effluent.TSS + NSEC.Effluent.Flow",0.275425821955972,0.715434554372479,"3,2"
"17206","N..Basin.Outfall + TSS..mg.L. + UVT.... + CODds..mg.L. + NSEC.Effluent.NO5 + NSEC.Effluent.Flow",0.133960746397821,0.42712732599881,"3,2"
"17207","N..Basin.Outfall + TSS..mg.L. + UVT.... + SACto..1.m. + NSEC.Aerobic.SRT + NSEC.Effluent.NH3",0.100204126499018,0.812941710715926,"3,2"
"17208","N..Basin.Outfall + TSS..mg.L. + UVT.... + SACto..1.m. + NSEC.Aerobic.SRT + NSEC.Effluent.NO3",0.238882989878089,0.782189812490703,"3,2"
"17209","N..Basin.Outfall + TSS..mg.L. + UVT.... + SACto..1.m. + NSEC.Aerobic.SRT + NSEC.Effluent.OP",0.0827554159761716,0.784976993331339,"3,2"
"17210","N..Basin.Outfall + TSS..mg.L. + UVT.... + SACto..1.m. + NSEC.Aerobic.SRT + NSEC.Effluent.TSS",0.0410623061108932,0.749709475898713,"3,2"
"17211","N..Basin.Outfall + TSS..mg.L. + UVT.... + SACto..1.m. + NSEC.Aerobic.SRT + NSEC.Effluent.NO5",0.101754918650178,0.680476386224127,"3,2"
"17212","N..Basin.Outfall + TSS..mg.L. + UVT.... + SACto..1.m. + NSEC.Aerobic.SRT + NSEC.Effluent.Flow",0.0635770241834861,0.75703413261675,"3,2"
"17213","N..Basin.Outfall + TSS..mg.L. + UVT.... + SACto..1.m. + NSEC.Effluent.NH3 + NSEC.Effluent.NO3",0.0150741177190761,0.504041000642827,"3,2"
"17214","N..Basin.Outfall + TSS..mg.L. + UVT.... + SACto..1.m. + NSEC.Effluent.NH3 + NSEC.Effluent.OP",0.0994053310985836,0.572409969499869,"3,2"
"17215","N..Basin.Outfall + TSS..mg.L. + UVT.... + SACto..1.m. + NSEC.Effluent.NH3 + NSEC.Effluent.TSS",0.303862510962391,0.689179191339235,"3,2"
"17216","N..Basin.Outfall + TSS..mg.L. + UVT.... + SACto..1.m. + NSEC.Effluent.NH3 + NSEC.Effluent.NO5",0.0496603567407621,0.495839714650141,"3,2"
"17217","N..Basin.Outfall + TSS..mg.L. + UVT.... + SACto..1.m. + NSEC.Effluent.NH3 + NSEC.Effluent.Flow",0.148665461791411,0.449162111892891,"3,2"
"17218","N..Basin.Outfall + TSS..mg.L. + UVT.... + SACto..1.m. + NSEC.Effluent.NO3 + NSEC.Effluent.OP",0.0222902695497251,0.547822769125635,"3,2"
"17219","N..Basin.Outfall + TSS..mg.L. + UVT.... + SACto..1.m. + NSEC.Effluent.NO3 + NSEC.Effluent.TSS",0.0213955043530696,0.62811197966525,"3,2"
"17220","N..Basin.Outfall + TSS..mg.L. + UVT.... + SACto..1.m. + NSEC.Effluent.NO3 + NSEC.Effluent.NO5",0.170890963335799,0.543342160228337,"3,2"
"17221","N..Basin.Outfall + TSS..mg.L. + UVT.... + SACto..1.m. + NSEC.Effluent.NO3 + NSEC.Effluent.Flow",0.0738014706402017,0.52312168620142,"3,2"
"17222","N..Basin.Outfall + TSS..mg.L. + UVT.... + SACto..1.m. + NSEC.Effluent.OP + NSEC.Effluent.TSS",0.180473558471193,0.746372097685677,"3,2"
"17223","N..Basin.Outfall + TSS..mg.L. + UVT.... + SACto..1.m. + NSEC.Effluent.OP + NSEC.Effluent.NO5",0.148904847178368,0.535709676427482,"3,2"
"17224","N..Basin.Outfall + TSS..mg.L. + UVT.... + SACto..1.m. + NSEC.Effluent.OP + NSEC.Effluent.Flow",0.155843635326288,0.514120692141991,"3,2"
"17225","N..Basin.Outfall + TSS..mg.L. + UVT.... + SACto..1.m. + NSEC.Effluent.TSS + NSEC.Effluent.NO5",0.279682514007675,0.729315537008255,"3,2"
"17226","N..Basin.Outfall + TSS..mg.L. + UVT.... + SACto..1.m. + NSEC.Effluent.TSS + NSEC.Effluent.Flow",0.257348258466184,0.696928530694204,"3,2"
"17227","N..Basin.Outfall + TSS..mg.L. + UVT.... + SACto..1.m. + NSEC.Effluent.NO5 + NSEC.Effluent.Flow",0.00412354028320405,0.549067789199751,"3,2"
"17228","N..Basin.Outfall + TSS..mg.L. + UVT.... + NSEC.Aerobic.SRT + NSEC.Effluent.NH3 + NSEC.Effluent.NO3",0.0998349328768569,0.666635830039881,"3,2"
"17229","N..Basin.Outfall + TSS..mg.L. + UVT.... + NSEC.Aerobic.SRT + NSEC.Effluent.NH3 + NSEC.Effluent.OP",0.106928970760946,0.758414223482151,"3,2"
"17230","N..Basin.Outfall + TSS..mg.L. + UVT.... + NSEC.Aerobic.SRT + NSEC.Effluent.NH3 + NSEC.Effluent.TSS",0.191861637398641,0.227971332275073,"3,2"
"17231","N..Basin.Outfall + TSS..mg.L. + UVT.... + NSEC.Aerobic.SRT + NSEC.Effluent.NH3 + NSEC.Effluent.NO5",0.00984382917984128,0.471103808770482,"3,2"
"17232","N..Basin.Outfall + TSS..mg.L. + UVT.... + NSEC.Aerobic.SRT + NSEC.Effluent.NH3 + NSEC.Effluent.Flow",0.0977982174047471,0.710163438803718,"3,2"
"17233","N..Basin.Outfall + TSS..mg.L. + UVT.... + NSEC.Aerobic.SRT + NSEC.Effluent.NO3 + NSEC.Effluent.OP",0.114054535465893,0.751032887365705,"3,2"
"17234","N..Basin.Outfall + TSS..mg.L. + UVT.... + NSEC.Aerobic.SRT + NSEC.Effluent.NO3 + NSEC.Effluent.TSS",0.209703075853839,0.757556182885968,"3,2"
"17235","N..Basin.Outfall + TSS..mg.L. + UVT.... + NSEC.Aerobic.SRT + NSEC.Effluent.NO3 + NSEC.Effluent.NO5",0.0197770874473502,0.737456843509317,"3,2"
"17236","N..Basin.Outfall + TSS..mg.L. + UVT.... + NSEC.Aerobic.SRT + NSEC.Effluent.NO3 + NSEC.Effluent.Flow",0.107868655074947,0.655910905853584,"3,2"
"17237","N..Basin.Outfall + TSS..mg.L. + UVT.... + NSEC.Aerobic.SRT + NSEC.Effluent.OP + NSEC.Effluent.TSS",0.132489984327905,0.632637097312332,"3,2"
"17238","N..Basin.Outfall + TSS..mg.L. + UVT.... + NSEC.Aerobic.SRT + NSEC.Effluent.OP + NSEC.Effluent.NO5",0.303890035481491,0.739275559524158,"3,2"
"17239","N..Basin.Outfall + TSS..mg.L. + UVT.... + NSEC.Aerobic.SRT + NSEC.Effluent.OP + NSEC.Effluent.Flow",0.0335612361513311,0.691743087756293,"3,2"
"17240","N..Basin.Outfall + TSS..mg.L. + UVT.... + NSEC.Aerobic.SRT + NSEC.Effluent.TSS + NSEC.Effluent.NO5",0.0856805539864642,0.595163890060664,"3,2"
"17241","N..Basin.Outfall + TSS..mg.L. + UVT.... + NSEC.Aerobic.SRT + NSEC.Effluent.TSS + NSEC.Effluent.Flow",0.171480412438656,0.770240448111661,"3,2"
"17242","N..Basin.Outfall + TSS..mg.L. + UVT.... + NSEC.Aerobic.SRT + NSEC.Effluent.NO5 + NSEC.Effluent.Flow",0.178430747888021,0.754174366750878,"3,2"
"17243","N..Basin.Outfall + TSS..mg.L. + UVT.... + NSEC.Effluent.NH3 + NSEC.Effluent.NO3 + NSEC.Effluent.OP",0.181680566903515,0.540720805617085,"3,2"
"17244","N..Basin.Outfall + TSS..mg.L. + UVT.... + NSEC.Effluent.NH3 + NSEC.Effluent.NO3 + NSEC.Effluent.TSS",0.239617045805267,0.702210660215595,"3,2"
"17245","N..Basin.Outfall + TSS..mg.L. + UVT.... + NSEC.Effluent.NH3 + NSEC.Effluent.NO3 + NSEC.Effluent.NO5",0.120524604783053,0.603024024978955,"3,2"
"17246","N..Basin.Outfall + TSS..mg.L. + UVT.... + NSEC.Effluent.NH3 + NSEC.Effluent.NO3 + NSEC.Effluent.Flow",0.150556184873056,0.480012336652058,"3,2"
"17247","N..Basin.Outfall + TSS..mg.L. + UVT.... + NSEC.Effluent.NH3 + NSEC.Effluent.OP + NSEC.Effluent.TSS",0.287731663723094,0.714567753259562,"3,2"
"17248","N..Basin.Outfall + TSS..mg.L. + UVT.... + NSEC.Effluent.NH3 + NSEC.Effluent.OP + NSEC.Effluent.NO5",0.227334010039574,0.57948830573323,"3,2"
"17249","N..Basin.Outfall + TSS..mg.L. + UVT.... + NSEC.Effluent.NH3 + NSEC.Effluent.OP + NSEC.Effluent.Flow",0.0633835074396849,0.563544378494562,"3,2"
"17250","N..Basin.Outfall + TSS..mg.L. + UVT.... + NSEC.Effluent.NH3 + NSEC.Effluent.TSS + NSEC.Effluent.NO5",0.248607439576256,0.805520258022167,"3,2"
"17251","N..Basin.Outfall + TSS..mg.L. + UVT.... + NSEC.Effluent.NH3 + NSEC.Effluent.TSS + NSEC.Effluent.Flow",0.0855907832013514,0.711758156120219,"3,2"
"17252","N..Basin.Outfall + TSS..mg.L. + UVT.... + NSEC.Effluent.NH3 + NSEC.Effluent.NO5 + NSEC.Effluent.Flow",0.151465901588322,0.505905642808422,"3,2"
"17253","N..Basin.Outfall + TSS..mg.L. + UVT.... + NSEC.Effluent.NO3 + NSEC.Effluent.OP + NSEC.Effluent.TSS",0.359999128501152,0.778947097333709,"3,2"
"17254","N..Basin.Outfall + TSS..mg.L. + UVT.... + NSEC.Effluent.NO3 + NSEC.Effluent.OP + NSEC.Effluent.NO5",0.197281104925739,0.596665743740601,"3,2"
"17255","N..Basin.Outfall + TSS..mg.L. + UVT.... + NSEC.Effluent.NO3 + NSEC.Effluent.OP + NSEC.Effluent.Flow",0.145334099008964,0.619528492066474,"3,2"
"17256","N..Basin.Outfall + TSS..mg.L. + UVT.... + NSEC.Effluent.NO3 + NSEC.Effluent.TSS + NSEC.Effluent.NO5",0.116673844074823,0.685102285398684,"3,2"
"17257","N..Basin.Outfall + TSS..mg.L. + UVT.... + NSEC.Effluent.NO3 + NSEC.Effluent.TSS + NSEC.Effluent.Flow",0.100680934182243,0.71272050733179,"3,2"
"17258","N..Basin.Outfall + TSS..mg.L. + UVT.... + NSEC.Effluent.NO3 + NSEC.Effluent.NO5 + NSEC.Effluent.Flow",0.154102987417799,0.601665403457316,"3,2"
"17259","N..Basin.Outfall + TSS..mg.L. + UVT.... + NSEC.Effluent.OP + NSEC.Effluent.TSS + NSEC.Effluent.NO5",0.140382461771554,0.804733165718211,"3,2"
"17260","N..Basin.Outfall + TSS..mg.L. + UVT.... + NSEC.Effluent.OP + NSEC.Effluent.TSS + NSEC.Effluent.Flow",0.0190922505461573,0.741328804743361,"3,2"
"17261","N..Basin.Outfall + TSS..mg.L. + UVT.... + NSEC.Effluent.OP + NSEC.Effluent.NO5 + NSEC.Effluent.Flow",0.112398364117154,0.541271476382837,"3,2"
"17262","N..Basin.Outfall + TSS..mg.L. + UVT.... + NSEC.Effluent.TSS + NSEC.Effluent.NO5 + NSEC.Effluent.Flow",0.261110844187955,0.755945778640121,"3,2"
"17263","N..Basin.Outfall + TSS..mg.L. + CODds..mg.L. + SACto..1.m. + NSEC.Aerobic.SRT + NSEC.Effluent.NH3",0.0104963913864127,0.75100754290072,"3,2"
"17264","N..Basin.Outfall + TSS..mg.L. + CODds..mg.L. + SACto..1.m. + NSEC.Aerobic.SRT + NSEC.Effluent.NO3",0.00945037561310902,0.707674199897207,"3,2"
"17265","N..Basin.Outfall + TSS..mg.L. + CODds..mg.L. + SACto..1.m. + NSEC.Aerobic.SRT + NSEC.Effluent.OP",0.223560626870052,0.725692336169276,"3,2"
"17266","N..Basin.Outfall + TSS..mg.L. + CODds..mg.L. + SACto..1.m. + NSEC.Aerobic.SRT + NSEC.Effluent.TSS",0.0544483596595673,0.745689813282093,"3,2"
"17267","N..Basin.Outfall + TSS..mg.L. + CODds..mg.L. + SACto..1.m. + NSEC.Aerobic.SRT + NSEC.Effluent.NO5",0.219203442719073,0.621494376867253,"3,2"
"17268","N..Basin.Outfall + TSS..mg.L. + CODds..mg.L. + SACto..1.m. + NSEC.Aerobic.SRT + NSEC.Effluent.Flow",0.203118092991365,0.46936359003804,"3,2"
"17269","N..Basin.Outfall + TSS..mg.L. + CODds..mg.L. + SACto..1.m. + NSEC.Effluent.NH3 + NSEC.Effluent.NO3",0.15611163880026,0.562657989033709,"3,2"
"17270","N..Basin.Outfall + TSS..mg.L. + CODds..mg.L. + SACto..1.m. + NSEC.Effluent.NH3 + NSEC.Effluent.OP",0.170964767492364,0.514573842383427,"3,2"
"17271","N..Basin.Outfall + TSS..mg.L. + CODds..mg.L. + SACto..1.m. + NSEC.Effluent.NH3 + NSEC.Effluent.TSS",0.245856950236147,0.758792391372227,"3,2"
"17272","N..Basin.Outfall + TSS..mg.L. + CODds..mg.L. + SACto..1.m. + NSEC.Effluent.NH3 + NSEC.Effluent.NO5",0.144728735779162,0.620371811693253,"3,2"
"17273","N..Basin.Outfall + TSS..mg.L. + CODds..mg.L. + SACto..1.m. + NSEC.Effluent.NH3 + NSEC.Effluent.Flow",0.176161968090013,0.495241447860503,"3,2"
"17274","N..Basin.Outfall + TSS..mg.L. + CODds..mg.L. + SACto..1.m. + NSEC.Effluent.NO3 + NSEC.Effluent.OP",0.169059882627586,0.533382632048745,"3,2"
"17275","N..Basin.Outfall + TSS..mg.L. + CODds..mg.L. + SACto..1.m. + NSEC.Effluent.NO3 + NSEC.Effluent.TSS",0.251434885482295,0.741948578067619,"3,2"
"17276","N..Basin.Outfall + TSS..mg.L. + CODds..mg.L. + SACto..1.m. + NSEC.Effluent.NO3 + NSEC.Effluent.NO5",0.233577776517799,0.513349157259529,"3,2"
"17277","N..Basin.Outfall + TSS..mg.L. + CODds..mg.L. + SACto..1.m. + NSEC.Effluent.NO3 + NSEC.Effluent.Flow",0.217449277276868,0.548338701317429,"3,2"
"17278","N..Basin.Outfall + TSS..mg.L. + CODds..mg.L. + SACto..1.m. + NSEC.Effluent.OP + NSEC.Effluent.TSS",0.177960684260517,0.779158050288075,"3,2"
"17279","N..Basin.Outfall + TSS..mg.L. + CODds..mg.L. + SACto..1.m. + NSEC.Effluent.OP + NSEC.Effluent.NO5",0.0164799058729785,0.608263979013751,"3,2"
"17280","N..Basin.Outfall + TSS..mg.L. + CODds..mg.L. + SACto..1.m. + NSEC.Effluent.OP + NSEC.Effluent.Flow",0.173976373385466,0.561781896253052,"3,2"
"17281","N..Basin.Outfall + TSS..mg.L. + CODds..mg.L. + SACto..1.m. + NSEC.Effluent.TSS + NSEC.Effluent.NO5",0.220987135586853,0.746284666439886,"3,2"
"17282","N..Basin.Outfall + TSS..mg.L. + CODds..mg.L. + SACto..1.m. + NSEC.Effluent.TSS + NSEC.Effluent.Flow",0.147735414689443,0.700625085616366,"3,2"
"17283","N..Basin.Outfall + TSS..mg.L. + CODds..mg.L. + SACto..1.m. + NSEC.Effluent.NO5 + NSEC.Effluent.Flow",0.111142747318599,0.479376115599966,"3,2"
"17284","N..Basin.Outfall + TSS..mg.L. + CODds..mg.L. + NSEC.Aerobic.SRT + NSEC.Effluent.NH3 + NSEC.Effluent.NO3",0.136166747215891,0.722494692585357,"3,2"
"17285","N..Basin.Outfall + TSS..mg.L. + CODds..mg.L. + NSEC.Aerobic.SRT + NSEC.Effluent.NH3 + NSEC.Effluent.OP",0.0840455116655021,0.737458735263977,"3,2"
"17286","N..Basin.Outfall + TSS..mg.L. + CODds..mg.L. + NSEC.Aerobic.SRT + NSEC.Effluent.NH3 + NSEC.Effluent.TSS",0.16348105524188,0.737320494535305,"3,2"
"17287","N..Basin.Outfall + TSS..mg.L. + CODds..mg.L. + NSEC.Aerobic.SRT + NSEC.Effluent.NH3 + NSEC.Effluent.NO5",0.047746237796952,0.686891176623504,"3,2"
"17288","N..Basin.Outfall + TSS..mg.L. + CODds..mg.L. + NSEC.Aerobic.SRT + NSEC.Effluent.NH3 + NSEC.Effluent.Flow",0.0689411529768627,0.682414565048127,"3,2"
"17289","N..Basin.Outfall + TSS..mg.L. + CODds..mg.L. + NSEC.Aerobic.SRT + NSEC.Effluent.NO3 + NSEC.Effluent.OP",0.05373694243556,0.704861270030878,"3,2"
"17290","N..Basin.Outfall + TSS..mg.L. + CODds..mg.L. + NSEC.Aerobic.SRT + NSEC.Effluent.NO3 + NSEC.Effluent.TSS",0.118860300968761,0.789875467684333,"3,2"
"17291","N..Basin.Outfall + TSS..mg.L. + CODds..mg.L. + NSEC.Aerobic.SRT + NSEC.Effluent.NO3 + NSEC.Effluent.NO5",0.240063327984701,0.760318502104917,"3,2"
"17292","N..Basin.Outfall + TSS..mg.L. + CODds..mg.L. + NSEC.Aerobic.SRT + NSEC.Effluent.NO3 + NSEC.Effluent.Flow",0.0283104811043027,0.660014614304352,"3,2"
"17293","N..Basin.Outfall + TSS..mg.L. + CODds..mg.L. + NSEC.Aerobic.SRT + NSEC.Effluent.OP + NSEC.Effluent.TSS",0.148475567447937,0.776640140755798,"3,2"
"17294","N..Basin.Outfall + TSS..mg.L. + CODds..mg.L. + NSEC.Aerobic.SRT + NSEC.Effluent.OP + NSEC.Effluent.NO5",0.00125840721351356,0.711067379968988,"3,2"
"17295","N..Basin.Outfall + TSS..mg.L. + CODds..mg.L. + NSEC.Aerobic.SRT + NSEC.Effluent.OP + NSEC.Effluent.Flow",0.150408054610097,0.627477006765007,"3,2"
"17296","N..Basin.Outfall + TSS..mg.L. + CODds..mg.L. + NSEC.Aerobic.SRT + NSEC.Effluent.TSS + NSEC.Effluent.NO5",0.181008807829757,0.805661541881269,"3,2"
"17297","N..Basin.Outfall + TSS..mg.L. + CODds..mg.L. + NSEC.Aerobic.SRT + NSEC.Effluent.TSS + NSEC.Effluent.Flow",0.115982126395967,0.816458647097875,"3,2"
"17298","N..Basin.Outfall + TSS..mg.L. + CODds..mg.L. + NSEC.Aerobic.SRT + NSEC.Effluent.NO5 + NSEC.Effluent.Flow",0.123067160681638,0.784660126444792,"3,2"
"17299","N..Basin.Outfall + TSS..mg.L. + CODds..mg.L. + NSEC.Effluent.NH3 + NSEC.Effluent.NO3 + NSEC.Effluent.OP",0.0238034837667467,0.554659763024001,"3,2"
"17300","N..Basin.Outfall + TSS..mg.L. + CODds..mg.L. + NSEC.Effluent.NH3 + NSEC.Effluent.NO3 + NSEC.Effluent.TSS",0.306060162484521,0.635986348616555,"3,2"
"17301","N..Basin.Outfall + TSS..mg.L. + CODds..mg.L. + NSEC.Effluent.NH3 + NSEC.Effluent.NO3 + NSEC.Effluent.NO5",0.178762103537412,0.588771860895051,"3,2"
"17302","N..Basin.Outfall + TSS..mg.L. + CODds..mg.L. + NSEC.Effluent.NH3 + NSEC.Effluent.NO3 + NSEC.Effluent.Flow",0.173996684514475,0.44236241819679,"3,2"
"17303","N..Basin.Outfall + TSS..mg.L. + CODds..mg.L. + NSEC.Effluent.NH3 + NSEC.Effluent.OP + NSEC.Effluent.TSS",0.156933996736687,0.663315891235421,"3,2"
"17304","N..Basin.Outfall + TSS..mg.L. + CODds..mg.L. + NSEC.Effluent.NH3 + NSEC.Effluent.OP + NSEC.Effluent.NO5",0.0963461772337018,0.509116171951068,"3,2"
"17305","N..Basin.Outfall + TSS..mg.L. + CODds..mg.L. + NSEC.Effluent.NH3 + NSEC.Effluent.OP + NSEC.Effluent.Flow",0.102115197800609,0.511829901242307,"3,2"
"17306","N..Basin.Outfall + TSS..mg.L. + CODds..mg.L. + NSEC.Effluent.NH3 + NSEC.Effluent.TSS + NSEC.Effluent.NO5",0.252989216834981,0.677825296632696,"3,2"
"17307","N..Basin.Outfall + TSS..mg.L. + CODds..mg.L. + NSEC.Effluent.NH3 + NSEC.Effluent.TSS + NSEC.Effluent.Flow",0.242797330892313,0.64555458106677,"3,2"
"17308","N..Basin.Outfall + TSS..mg.L. + CODds..mg.L. + NSEC.Effluent.NH3 + NSEC.Effluent.NO5 + NSEC.Effluent.Flow",0.099440476997793,0.376192897148826,"3,2"
"17309","N..Basin.Outfall + TSS..mg.L. + CODds..mg.L. + NSEC.Effluent.NO3 + NSEC.Effluent.OP + NSEC.Effluent.TSS",0.1393206475778,0.685010213491396,"3,2"
"17310","N..Basin.Outfall + TSS..mg.L. + CODds..mg.L. + NSEC.Effluent.NO3 + NSEC.Effluent.OP + NSEC.Effluent.NO5",0.139706086224841,0.561110923453006,"3,2"
"17311","N..Basin.Outfall + TSS..mg.L. + CODds..mg.L. + NSEC.Effluent.NO3 + NSEC.Effluent.OP + NSEC.Effluent.Flow",0.113808397257253,0.539720499458761,"3,2"
"17312","N..Basin.Outfall + TSS..mg.L. + CODds..mg.L. + NSEC.Effluent.NO3 + NSEC.Effluent.TSS + NSEC.Effluent.NO5",0.134668850916357,0.62667593284337,"3,2"
"17313","N..Basin.Outfall + TSS..mg.L. + CODds..mg.L. + NSEC.Effluent.NO3 + NSEC.Effluent.TSS + NSEC.Effluent.Flow",0.25956046013735,0.668340218128542,"3,2"
"17314","N..Basin.Outfall + TSS..mg.L. + CODds..mg.L. + NSEC.Effluent.NO3 + NSEC.Effluent.NO5 + NSEC.Effluent.Flow",0.144832231121663,0.505922414310681,"3,2"
"17315","N..Basin.Outfall + TSS..mg.L. + CODds..mg.L. + NSEC.Effluent.OP + NSEC.Effluent.TSS + NSEC.Effluent.NO5",0.0210555361854845,0.683875829801014,"3,2"
"17316","N..Basin.Outfall + TSS..mg.L. + CODds..mg.L. + NSEC.Effluent.OP + NSEC.Effluent.TSS + NSEC.Effluent.Flow",0.058934342169799,0.662974966627291,"3,2"
"17317","N..Basin.Outfall + TSS..mg.L. + CODds..mg.L. + NSEC.Effluent.OP + NSEC.Effluent.NO5 + NSEC.Effluent.Flow",0.14247401588306,0.497874596248684,"3,2"
"17318","N..Basin.Outfall + TSS..mg.L. + CODds..mg.L. + NSEC.Effluent.TSS + NSEC.Effluent.NO5 + NSEC.Effluent.Flow",0.203063941144699,0.635345020293616,"3,2"
"17319","N..Basin.Outfall + TSS..mg.L. + SACto..1.m. + NSEC.Aerobic.SRT + NSEC.Effluent.NH3 + NSEC.Effluent.NO3",0.115258883379304,0.775296258790367,"3,2"
"17320","N..Basin.Outfall + TSS..mg.L. + SACto..1.m. + NSEC.Aerobic.SRT + NSEC.Effluent.NH3 + NSEC.Effluent.OP",0.0447185093766096,0.748004180041615,"3,2"
"17321","N..Basin.Outfall + TSS..mg.L. + SACto..1.m. + NSEC.Aerobic.SRT + NSEC.Effluent.NH3 + NSEC.Effluent.TSS",0.209270442080063,0.82692598873094,"3,2"
"17322","N..Basin.Outfall + TSS..mg.L. + SACto..1.m. + NSEC.Aerobic.SRT + NSEC.Effluent.NH3 + NSEC.Effluent.NO5",0.0615960785535563,0.761031110084591,"3,2"
"17323","N..Basin.Outfall + TSS..mg.L. + SACto..1.m. + NSEC.Aerobic.SRT + NSEC.Effluent.NH3 + NSEC.Effluent.Flow",0.0781933114322833,0.746330149977862,"3,2"
"17324","N..Basin.Outfall + TSS..mg.L. + SACto..1.m. + NSEC.Aerobic.SRT + NSEC.Effluent.NO3 + NSEC.Effluent.OP",0.11138971521311,0.786063298525375,"3,2"
"17325","N..Basin.Outfall + TSS..mg.L. + SACto..1.m. + NSEC.Aerobic.SRT + NSEC.Effluent.NO3 + NSEC.Effluent.TSS",0.0867006033190039,0.821808622092845,"3,2"
"17326","N..Basin.Outfall + TSS..mg.L. + SACto..1.m. + NSEC.Aerobic.SRT + NSEC.Effluent.NO3 + NSEC.Effluent.NO5",0.229889814399989,0.764645304655741,"3,2"
"17327","N..Basin.Outfall + TSS..mg.L. + SACto..1.m. + NSEC.Aerobic.SRT + NSEC.Effluent.NO3 + NSEC.Effluent.Flow",0.128647125271542,0.751813892186019,"3,2"
"17328","N..Basin.Outfall + TSS..mg.L. + SACto..1.m. + NSEC.Aerobic.SRT + NSEC.Effluent.OP + NSEC.Effluent.TSS",0.0493531389988857,0.84328631145291,"3,2"
"17329","N..Basin.Outfall + TSS..mg.L. + SACto..1.m. + NSEC.Aerobic.SRT + NSEC.Effluent.OP + NSEC.Effluent.NO5",0.0657329708466854,0.575530737244267,"3,2"
"17330","N..Basin.Outfall + TSS..mg.L. + SACto..1.m. + NSEC.Aerobic.SRT + NSEC.Effluent.OP + NSEC.Effluent.Flow",0.157323172105204,0.744346783008127,"3,2"
"17331","N..Basin.Outfall + TSS..mg.L. + SACto..1.m. + NSEC.Aerobic.SRT + NSEC.Effluent.TSS + NSEC.Effluent.NO5",0.170285013954948,0.838671845849461,"3,2"
"17332","N..Basin.Outfall + TSS..mg.L. + SACto..1.m. + NSEC.Aerobic.SRT + NSEC.Effluent.TSS + NSEC.Effluent.Flow",0.119835880598714,0.788513390943645,"3,2"
"17333","N..Basin.Outfall + TSS..mg.L. + SACto..1.m. + NSEC.Aerobic.SRT + NSEC.Effluent.NO5 + NSEC.Effluent.Flow",0.0878573309886135,0.601334920137319,"3,2"
"17334","N..Basin.Outfall + TSS..mg.L. + SACto..1.m. + NSEC.Effluent.NH3 + NSEC.Effluent.NO3 + NSEC.Effluent.OP",0.130498575566109,0.653986812307357,"3,2"
"17335","N..Basin.Outfall + TSS..mg.L. + SACto..1.m. + NSEC.Effluent.NH3 + NSEC.Effluent.NO3 + NSEC.Effluent.TSS",0.270073348391898,0.764142562576625,"3,2"
"17336","N..Basin.Outfall + TSS..mg.L. + SACto..1.m. + NSEC.Effluent.NH3 + NSEC.Effluent.NO3 + NSEC.Effluent.NO5",0.143939690605837,0.594344329039909,"3,2"
"17337","N..Basin.Outfall + TSS..mg.L. + SACto..1.m. + NSEC.Effluent.NH3 + NSEC.Effluent.NO3 + NSEC.Effluent.Flow",0.102456715767043,0.521445599091743,"3,2"
"17338","N..Basin.Outfall + TSS..mg.L. + SACto..1.m. + NSEC.Effluent.NH3 + NSEC.Effluent.OP + NSEC.Effluent.TSS",0.2261845142985,0.765602371954245,"3,2"
"17339","N..Basin.Outfall + TSS..mg.L. + SACto..1.m. + NSEC.Effluent.NH3 + NSEC.Effluent.OP + NSEC.Effluent.NO5",0.094224524731259,0.534196602804533,"3,2"
"17340","N..Basin.Outfall + TSS..mg.L. + SACto..1.m. + NSEC.Effluent.NH3 + NSEC.Effluent.OP + NSEC.Effluent.Flow",0.209607430857746,0.506336723212058,"3,2"
"17341","N..Basin.Outfall + TSS..mg.L. + SACto..1.m. + NSEC.Effluent.NH3 + NSEC.Effluent.TSS + NSEC.Effluent.NO5",0.261543432873752,0.778575164509418,"3,2"
"17342","N..Basin.Outfall + TSS..mg.L. + SACto..1.m. + NSEC.Effluent.NH3 + NSEC.Effluent.TSS + NSEC.Effluent.Flow",0.336622973893917,0.737045101693163,"3,2"
"17343","N..Basin.Outfall + TSS..mg.L. + SACto..1.m. + NSEC.Effluent.NH3 + NSEC.Effluent.NO5 + NSEC.Effluent.Flow",0.103756003119662,0.51342333014163,"3,2"
"17344","N..Basin.Outfall + TSS..mg.L. + SACto..1.m. + NSEC.Effluent.NO3 + NSEC.Effluent.OP + NSEC.Effluent.TSS",0.171711438256093,0.734602915925657,"3,2"
"17345","N..Basin.Outfall + TSS..mg.L. + SACto..1.m. + NSEC.Effluent.NO3 + NSEC.Effluent.OP + NSEC.Effluent.NO5",0.166433962287422,0.545797513121744,"3,2"
"17346","N..Basin.Outfall + TSS..mg.L. + SACto..1.m. + NSEC.Effluent.NO3 + NSEC.Effluent.OP + NSEC.Effluent.Flow",0.166139122795049,0.488560890308833,"3,2"
"17347","N..Basin.Outfall + TSS..mg.L. + SACto..1.m. + NSEC.Effluent.NO3 + NSEC.Effluent.TSS + NSEC.Effluent.NO5",0.241139207389226,0.79081459369528,"3,2"
"17348","N..Basin.Outfall + TSS..mg.L. + SACto..1.m. + NSEC.Effluent.NO3 + NSEC.Effluent.TSS + NSEC.Effluent.Flow",0.118684554229001,0.755828505730131,"3,2"
"17349","N..Basin.Outfall + TSS..mg.L. + SACto..1.m. + NSEC.Effluent.NO3 + NSEC.Effluent.NO5 + NSEC.Effluent.Flow",0.155753905709096,0.49791677614313,"3,2"
"17350","N..Basin.Outfall + TSS..mg.L. + SACto..1.m. + NSEC.Effluent.OP + NSEC.Effluent.TSS + NSEC.Effluent.NO5",0.175915928313551,0.77290952875658,"3,2"
"17351","N..Basin.Outfall + TSS..mg.L. + SACto..1.m. + NSEC.Effluent.OP + NSEC.Effluent.TSS + NSEC.Effluent.Flow",0.21053568126733,0.781091696538154,"3,2"
"17352","N..Basin.Outfall + TSS..mg.L. + SACto..1.m. + NSEC.Effluent.OP + NSEC.Effluent.NO5 + NSEC.Effluent.Flow",0.152967233360882,0.504751391380614,"3,2"
"17353","N..Basin.Outfall + TSS..mg.L. + SACto..1.m. + NSEC.Effluent.TSS + NSEC.Effluent.NO5 + NSEC.Effluent.Flow",0.272930544829228,0.722598240947167,"3,2"
"17354","N..Basin.Outfall + TSS..mg.L. + NSEC.Aerobic.SRT + NSEC.Effluent.NH3 + NSEC.Effluent.NO3 + NSEC.Effluent.OP",0.219719843322209,0.736071705822374,"3,2"
"17355","N..Basin.Outfall + TSS..mg.L. + NSEC.Aerobic.SRT + NSEC.Effluent.NH3 + NSEC.Effluent.NO3 + NSEC.Effluent.TSS",0.0226885813686231,0.395900146317814,"3,2"
"17356","N..Basin.Outfall + TSS..mg.L. + NSEC.Aerobic.SRT + NSEC.Effluent.NH3 + NSEC.Effluent.NO3 + NSEC.Effluent.NO5",0.0291681012056979,0.433547681996056,"3,2"
"17357","N..Basin.Outfall + TSS..mg.L. + NSEC.Aerobic.SRT + NSEC.Effluent.NH3 + NSEC.Effluent.NO3 + NSEC.Effluent.Flow",0.27994213461554,0.691981247862997,"3,2"
"17358","N..Basin.Outfall + TSS..mg.L. + NSEC.Aerobic.SRT + NSEC.Effluent.NH3 + NSEC.Effluent.OP + NSEC.Effluent.TSS",0.255750113063638,0.764256199426114,"3,2"
"17359","N..Basin.Outfall + TSS..mg.L. + NSEC.Aerobic.SRT + NSEC.Effluent.NH3 + NSEC.Effluent.OP + NSEC.Effluent.NO5",0.192571491928102,0.00137817364906715,"3,2"
"17360","N..Basin.Outfall + TSS..mg.L. + NSEC.Aerobic.SRT + NSEC.Effluent.NH3 + NSEC.Effluent.OP + NSEC.Effluent.Flow",0.266230922149665,0.699968500597664,"3,2"
"17361","N..Basin.Outfall + TSS..mg.L. + NSEC.Aerobic.SRT + NSEC.Effluent.NH3 + NSEC.Effluent.TSS + NSEC.Effluent.NO5",0.0243683777524213,0.41243286253487,"3,2"
"17362","N..Basin.Outfall + TSS..mg.L. + NSEC.Aerobic.SRT + NSEC.Effluent.NH3 + NSEC.Effluent.TSS + NSEC.Effluent.Flow",0.00262452877642882,0.48778401726452,"3,2"
"17363","N..Basin.Outfall + TSS..mg.L. + NSEC.Aerobic.SRT + NSEC.Effluent.NH3 + NSEC.Effluent.NO5 + NSEC.Effluent.Flow",0.271240108524169,0.631571967581584,"3,2"
"17364","N..Basin.Outfall + TSS..mg.L. + NSEC.Aerobic.SRT + NSEC.Effluent.NO3 + NSEC.Effluent.OP + NSEC.Effluent.TSS",0.248180748360421,0.758700542452364,"3,2"
"17365","N..Basin.Outfall + TSS..mg.L. + NSEC.Aerobic.SRT + NSEC.Effluent.NO3 + NSEC.Effluent.OP + NSEC.Effluent.NO5",0.0775475130941192,0.740540067207379,"3,2"
"17366","N..Basin.Outfall + TSS..mg.L. + NSEC.Aerobic.SRT + NSEC.Effluent.NO3 + NSEC.Effluent.OP + NSEC.Effluent.Flow",0.0913778767795588,0.701352581520335,"3,2"
"17367","N..Basin.Outfall + TSS..mg.L. + NSEC.Aerobic.SRT + NSEC.Effluent.NO3 + NSEC.Effluent.TSS + NSEC.Effluent.NO5",0.0221063741465382,0.447475054432927,"3,2"
"17368","N..Basin.Outfall + TSS..mg.L. + NSEC.Aerobic.SRT + NSEC.Effluent.NO3 + NSEC.Effluent.TSS + NSEC.Effluent.Flow",0.229177172051654,0.693800896623968,"3,2"
"17369","N..Basin.Outfall + TSS..mg.L. + NSEC.Aerobic.SRT + NSEC.Effluent.NO3 + NSEC.Effluent.NO5 + NSEC.Effluent.Flow",0.263028512920752,0.69839328874579,"3,2"
"17370","N..Basin.Outfall + TSS..mg.L. + NSEC.Aerobic.SRT + NSEC.Effluent.OP + NSEC.Effluent.TSS + NSEC.Effluent.NO5",0.18069008488644,0.71797018098544,"3,2"
"17371","N..Basin.Outfall + TSS..mg.L. + NSEC.Aerobic.SRT + NSEC.Effluent.OP + NSEC.Effluent.TSS + NSEC.Effluent.Flow",0.187194134872211,0.752986320982263,"3,2"
"17372","N..Basin.Outfall + TSS..mg.L. + NSEC.Aerobic.SRT + NSEC.Effluent.OP + NSEC.Effluent.NO5 + NSEC.Effluent.Flow",0.0412379922513244,0.488529961776842,"3,2"
"17373","N..Basin.Outfall + TSS..mg.L. + NSEC.Aerobic.SRT + NSEC.Effluent.TSS + NSEC.Effluent.NO5 + NSEC.Effluent.Flow",0.0322180927886671,0.412445309318914,"3,2"
"17374","N..Basin.Outfall + TSS..mg.L. + NSEC.Effluent.NH3 + NSEC.Effluent.NO3 + NSEC.Effluent.OP + NSEC.Effluent.TSS",0.0616247123455047,0.521021236897338,"3,2"
"17375","N..Basin.Outfall + TSS..mg.L. + NSEC.Effluent.NH3 + NSEC.Effluent.NO3 + NSEC.Effluent.OP + NSEC.Effluent.NO5",0.0784499796087075,0.511864388159535,"3,2"
"17376","N..Basin.Outfall + TSS..mg.L. + NSEC.Effluent.NH3 + NSEC.Effluent.NO3 + NSEC.Effluent.OP + NSEC.Effluent.Flow",0.0739562663165754,0.415009269168951,"3,2"
"17377","N..Basin.Outfall + TSS..mg.L. + NSEC.Effluent.NH3 + NSEC.Effluent.NO3 + NSEC.Effluent.TSS + NSEC.Effluent.NO5",0.341780875665585,0.660725406802765,"3,2"
"17378","N..Basin.Outfall + TSS..mg.L. + NSEC.Effluent.NH3 + NSEC.Effluent.NO3 + NSEC.Effluent.TSS + NSEC.Effluent.Flow",0.0482961194281986,0.433505052976112,"3,2"
"17379","N..Basin.Outfall + TSS..mg.L. + NSEC.Effluent.NH3 + NSEC.Effluent.NO3 + NSEC.Effluent.NO5 + NSEC.Effluent.Flow",0.0126629294771745,0.353831010927768,"3,2"
"17380","N..Basin.Outfall + TSS..mg.L. + NSEC.Effluent.NH3 + NSEC.Effluent.OP + NSEC.Effluent.TSS + NSEC.Effluent.NO5",0.292214241213312,0.726553799206562,"3,2"
"17381","N..Basin.Outfall + TSS..mg.L. + NSEC.Effluent.NH3 + NSEC.Effluent.OP + NSEC.Effluent.TSS + NSEC.Effluent.Flow",0.0461803596823951,0.58613111606229,"3,2"
"17382","N..Basin.Outfall + TSS..mg.L. + NSEC.Effluent.NH3 + NSEC.Effluent.OP + NSEC.Effluent.NO5 + NSEC.Effluent.Flow",0.140369793373141,0.244215991660835,"3,2"
"17383","N..Basin.Outfall + TSS..mg.L. + NSEC.Effluent.NH3 + NSEC.Effluent.TSS + NSEC.Effluent.NO5 + NSEC.Effluent.Flow",0.143142003955027,0.538919636483605,"3,2"
"17384","N..Basin.Outfall + TSS..mg.L. + NSEC.Effluent.NO3 + NSEC.Effluent.OP + NSEC.Effluent.TSS + NSEC.Effluent.NO5",0.114073472048261,0.639096072820462,"3,2"
"17385","N..Basin.Outfall + TSS..mg.L. + NSEC.Effluent.NO3 + NSEC.Effluent.OP + NSEC.Effluent.TSS + NSEC.Effluent.Flow",0.0791077615346429,0.673739982077312,"3,2"
"17386","N..Basin.Outfall + TSS..mg.L. + NSEC.Effluent.NO3 + NSEC.Effluent.OP + NSEC.Effluent.NO5 + NSEC.Effluent.Flow",0.028028695101145,0.436323386522118,"3,2"
"17387","N..Basin.Outfall + TSS..mg.L. + NSEC.Effluent.NO3 + NSEC.Effluent.TSS + NSEC.Effluent.NO5 + NSEC.Effluent.Flow",0.159945523448066,0.625191282809672,"3,2"
"17388","N..Basin.Outfall + TSS..mg.L. + NSEC.Effluent.OP + NSEC.Effluent.TSS + NSEC.Effluent.NO5 + NSEC.Effluent.Flow",0.0195158598842253,0.574076354532088,"3,2"
"17389","N..Basin.Outfall + UVT.... + CODds..mg.L. + SACto..1.m. + NSEC.Aerobic.SRT + NSEC.Effluent.NH3",0.0468072740508241,0.748169265376423,"3,2"
"17390","N..Basin.Outfall + UVT.... + CODds..mg.L. + SACto..1.m. + NSEC.Aerobic.SRT + NSEC.Effluent.NO3",0.195987172575145,0.716706125625123,"3,2"
"17391","N..Basin.Outfall + UVT.... + CODds..mg.L. + SACto..1.m. + NSEC.Aerobic.SRT + NSEC.Effluent.OP",0.109681706506854,0.739348649107504,"3,2"
"17392","N..Basin.Outfall + UVT.... + CODds..mg.L. + SACto..1.m. + NSEC.Aerobic.SRT + NSEC.Effluent.TSS",0.0972100189882008,0.77513444778632,"3,2"
"17393","N..Basin.Outfall + UVT.... + CODds..mg.L. + SACto..1.m. + NSEC.Aerobic.SRT + NSEC.Effluent.NO5",0.10157160699434,0.74308380231081,"3,2"
"17394","N..Basin.Outfall + UVT.... + CODds..mg.L. + SACto..1.m. + NSEC.Aerobic.SRT + NSEC.Effluent.Flow",0.0872205314005638,0.740434226607016,"3,2"
"17395","N..Basin.Outfall + UVT.... + CODds..mg.L. + SACto..1.m. + NSEC.Effluent.NH3 + NSEC.Effluent.NO3",0.140274776272024,0.499277304114367,"3,2"
"17396","N..Basin.Outfall + UVT.... + CODds..mg.L. + SACto..1.m. + NSEC.Effluent.NH3 + NSEC.Effluent.OP",0.185069725127616,0.538766954446115,"3,2"
"17397","N..Basin.Outfall + UVT.... + CODds..mg.L. + SACto..1.m. + NSEC.Effluent.NH3 + NSEC.Effluent.TSS",0.223158005952575,0.728479493302403,"3,2"
"17398","N..Basin.Outfall + UVT.... + CODds..mg.L. + SACto..1.m. + NSEC.Effluent.NH3 + NSEC.Effluent.NO5",0.0678123151125947,0.609071526589506,"3,2"
"17399","N..Basin.Outfall + UVT.... + CODds..mg.L. + SACto..1.m. + NSEC.Effluent.NH3 + NSEC.Effluent.Flow",0.129733319691151,0.502372511404932,"3,2"
"17400","N..Basin.Outfall + UVT.... + CODds..mg.L. + SACto..1.m. + NSEC.Effluent.NO3 + NSEC.Effluent.OP",0.205553975815087,0.555559966798242,"3,2"
"17401","N..Basin.Outfall + UVT.... + CODds..mg.L. + SACto..1.m. + NSEC.Effluent.NO3 + NSEC.Effluent.TSS",0.220767487419357,0.68061488712705,"3,2"
"17402","N..Basin.Outfall + UVT.... + CODds..mg.L. + SACto..1.m. + NSEC.Effluent.NO3 + NSEC.Effluent.NO5",0.114463540569693,0.57223752045113,"3,2"
"17403","N..Basin.Outfall + UVT.... + CODds..mg.L. + SACto..1.m. + NSEC.Effluent.NO3 + NSEC.Effluent.Flow",0.140157791554383,0.508008549080787,"3,2"
"17404","N..Basin.Outfall + UVT.... + CODds..mg.L. + SACto..1.m. + NSEC.Effluent.OP + NSEC.Effluent.TSS",0.228953252809209,0.697280959370456,"3,2"
"17405","N..Basin.Outfall + UVT.... + CODds..mg.L. + SACto..1.m. + NSEC.Effluent.OP + NSEC.Effluent.NO5",0.131921014881022,0.54793247374385,"3,2"
"17406","N..Basin.Outfall + UVT.... + CODds..mg.L. + SACto..1.m. + NSEC.Effluent.OP + NSEC.Effluent.Flow",0.1510389552317,0.573583033046601,"3,2"
"17407","N..Basin.Outfall + UVT.... + CODds..mg.L. + SACto..1.m. + NSEC.Effluent.TSS + NSEC.Effluent.NO5",0.180372337145488,0.544306859671282,"3,2"
"17408","N..Basin.Outfall + UVT.... + CODds..mg.L. + SACto..1.m. + NSEC.Effluent.TSS + NSEC.Effluent.Flow",0.178514613844383,0.648081418475226,"3,2"
"17409","N..Basin.Outfall + UVT.... + CODds..mg.L. + SACto..1.m. + NSEC.Effluent.NO5 + NSEC.Effluent.Flow",0.0779633609717596,0.469432989140159,"3,2"
"17410","N..Basin.Outfall + UVT.... + CODds..mg.L. + NSEC.Aerobic.SRT + NSEC.Effluent.NH3 + NSEC.Effluent.NO3",0.0488594962897428,0.719525977556575,"3,2"
"17411","N..Basin.Outfall + UVT.... + CODds..mg.L. + NSEC.Aerobic.SRT + NSEC.Effluent.NH3 + NSEC.Effluent.OP",0.00400493189497864,0.744305349290392,"3,2"
"17412","N..Basin.Outfall + UVT.... + CODds..mg.L. + NSEC.Aerobic.SRT + NSEC.Effluent.NH3 + NSEC.Effluent.TSS",0.0629552866896115,0.560718070282203,"3,2"
"17413","N..Basin.Outfall + UVT.... + CODds..mg.L. + NSEC.Aerobic.SRT + NSEC.Effluent.NH3 + NSEC.Effluent.NO5",0.0725497210854416,0.77103711074094,"3,2"
"17414","N..Basin.Outfall + UVT.... + CODds..mg.L. + NSEC.Aerobic.SRT + NSEC.Effluent.NH3 + NSEC.Effluent.Flow",0.113872290545055,0.747327070266063,"3,2"
"17415","N..Basin.Outfall + UVT.... + CODds..mg.L. + NSEC.Aerobic.SRT + NSEC.Effluent.NO3 + NSEC.Effluent.OP",0.179351105554348,0.583418677113639,"3,2"
"17416","N..Basin.Outfall + UVT.... + CODds..mg.L. + NSEC.Aerobic.SRT + NSEC.Effluent.NO3 + NSEC.Effluent.TSS",0.130663341163722,0.779266052717616,"3,2"
"17417","N..Basin.Outfall + UVT.... + CODds..mg.L. + NSEC.Aerobic.SRT + NSEC.Effluent.NO3 + NSEC.Effluent.NO5",0.114501919961666,0.617675909205543,"3,2"
"17418","N..Basin.Outfall + UVT.... + CODds..mg.L. + NSEC.Aerobic.SRT + NSEC.Effluent.NO3 + NSEC.Effluent.Flow",0.0920566924925144,0.759485969091705,"3,2"
"17419","N..Basin.Outfall + UVT.... + CODds..mg.L. + NSEC.Aerobic.SRT + NSEC.Effluent.OP + NSEC.Effluent.TSS",0.250487809332145,0.821547899172177,"3,2"
"17420","N..Basin.Outfall + UVT.... + CODds..mg.L. + NSEC.Aerobic.SRT + NSEC.Effluent.OP + NSEC.Effluent.NO5",0.0818060274495602,0.759656177362231,"3,2"
"17421","N..Basin.Outfall + UVT.... + CODds..mg.L. + NSEC.Aerobic.SRT + NSEC.Effluent.OP + NSEC.Effluent.Flow",0.219195167944024,0.680543751868972,"3,2"
"17422","N..Basin.Outfall + UVT.... + CODds..mg.L. + NSEC.Aerobic.SRT + NSEC.Effluent.TSS + NSEC.Effluent.NO5",0.0261033766863044,0.839630774569127,"3,2"
"17423","N..Basin.Outfall + UVT.... + CODds..mg.L. + NSEC.Aerobic.SRT + NSEC.Effluent.TSS + NSEC.Effluent.Flow",0.0202038268619886,0.766923225262377,"3,2"
"17424","N..Basin.Outfall + UVT.... + CODds..mg.L. + NSEC.Aerobic.SRT + NSEC.Effluent.NO5 + NSEC.Effluent.Flow",0.0267874593922099,0.740829124965104,"3,2"
"17425","N..Basin.Outfall + UVT.... + CODds..mg.L. + NSEC.Effluent.NH3 + NSEC.Effluent.NO3 + NSEC.Effluent.OP",0.0462129742961754,0.580434666996612,"3,2"
"17426","N..Basin.Outfall + UVT.... + CODds..mg.L. + NSEC.Effluent.NH3 + NSEC.Effluent.NO3 + NSEC.Effluent.TSS",0.233354701260732,0.731418282913451,"3,2"
"17427","N..Basin.Outfall + UVT.... + CODds..mg.L. + NSEC.Effluent.NH3 + NSEC.Effluent.NO3 + NSEC.Effluent.NO5",0.129503888122926,0.561242115033269,"3,2"
"17428","N..Basin.Outfall + UVT.... + CODds..mg.L. + NSEC.Effluent.NH3 + NSEC.Effluent.NO3 + NSEC.Effluent.Flow",0.120196353908873,0.55875202950738,"3,2"
"17429","N..Basin.Outfall + UVT.... + CODds..mg.L. + NSEC.Effluent.NH3 + NSEC.Effluent.OP + NSEC.Effluent.TSS",0.229604439338118,0.753327612853564,"3,2"
"17430","N..Basin.Outfall + UVT.... + CODds..mg.L. + NSEC.Effluent.NH3 + NSEC.Effluent.OP + NSEC.Effluent.NO5",0.0283211642210199,0.588632957618983,"3,2"
"17431","N..Basin.Outfall + UVT.... + CODds..mg.L. + NSEC.Effluent.NH3 + NSEC.Effluent.OP + NSEC.Effluent.Flow",0.144387388568798,0.504491597062597,"3,2"
"17432","N..Basin.Outfall + UVT.... + CODds..mg.L. + NSEC.Effluent.NH3 + NSEC.Effluent.TSS + NSEC.Effluent.NO5",0.237062673930804,0.703856963121793,"3,2"
"17433","N..Basin.Outfall + UVT.... + CODds..mg.L. + NSEC.Effluent.NH3 + NSEC.Effluent.TSS + NSEC.Effluent.Flow",0.014107734622407,0.67709144657482,"3,2"
"17434","N..Basin.Outfall + UVT.... + CODds..mg.L. + NSEC.Effluent.NH3 + NSEC.Effluent.NO5 + NSEC.Effluent.Flow",0.134939402909525,0.520308875257218,"3,2"
"17435","N..Basin.Outfall + UVT.... + CODds..mg.L. + NSEC.Effluent.NO3 + NSEC.Effluent.OP + NSEC.Effluent.TSS",0.241869707114908,0.635752519059728,"3,2"
"17436","N..Basin.Outfall + UVT.... + CODds..mg.L. + NSEC.Effluent.NO3 + NSEC.Effluent.OP + NSEC.Effluent.NO5",0.238272816209339,0.62363771335097,"3,2"
"17437","N..Basin.Outfall + UVT.... + CODds..mg.L. + NSEC.Effluent.NO3 + NSEC.Effluent.OP + NSEC.Effluent.Flow",0.238308262324656,0.542139338869789,"3,2"
"17438","N..Basin.Outfall + UVT.... + CODds..mg.L. + NSEC.Effluent.NO3 + NSEC.Effluent.TSS + NSEC.Effluent.NO5",0.181821468859406,0.72924211623848,"3,2"
"17439","N..Basin.Outfall + UVT.... + CODds..mg.L. + NSEC.Effluent.NO3 + NSEC.Effluent.TSS + NSEC.Effluent.Flow",0.249047830351623,0.627882243786573,"3,2"
"17440","N..Basin.Outfall + UVT.... + CODds..mg.L. + NSEC.Effluent.NO3 + NSEC.Effluent.NO5 + NSEC.Effluent.Flow",0.130665624923744,0.548141356259215,"3,2"
"17441","N..Basin.Outfall + UVT.... + CODds..mg.L. + NSEC.Effluent.OP + NSEC.Effluent.TSS + NSEC.Effluent.NO5",0.101145187210713,0.759167709194166,"3,2"
"17442","N..Basin.Outfall + UVT.... + CODds..mg.L. + NSEC.Effluent.OP + NSEC.Effluent.TSS + NSEC.Effluent.Flow",0.119891827686109,0.659976446691971,"3,2"
"17443","N..Basin.Outfall + UVT.... + CODds..mg.L. + NSEC.Effluent.OP + NSEC.Effluent.NO5 + NSEC.Effluent.Flow",0.0456963510790631,0.628626812964014,"3,2"
"17444","N..Basin.Outfall + UVT.... + CODds..mg.L. + NSEC.Effluent.TSS + NSEC.Effluent.NO5 + NSEC.Effluent.Flow",0.251480351979889,0.642297798578268,"3,2"
"17445","N..Basin.Outfall + UVT.... + SACto..1.m. + NSEC.Aerobic.SRT + NSEC.Effluent.NH3 + NSEC.Effluent.NO3",0.0223936757189698,0.769654756668893,"3,2"
"17446","N..Basin.Outfall + UVT.... + SACto..1.m. + NSEC.Aerobic.SRT + NSEC.Effluent.NH3 + NSEC.Effluent.OP",0.277756117025144,0.659385994459726,"3,2"
"17447","N..Basin.Outfall + UVT.... + SACto..1.m. + NSEC.Aerobic.SRT + NSEC.Effluent.NH3 + NSEC.Effluent.TSS",0.206377685856665,0.775235761674913,"3,2"
"17448","N..Basin.Outfall + UVT.... + SACto..1.m. + NSEC.Aerobic.SRT + NSEC.Effluent.NH3 + NSEC.Effluent.NO5",0.166028358787106,0.691097649643401,"3,2"
"17449","N..Basin.Outfall + UVT.... + SACto..1.m. + NSEC.Aerobic.SRT + NSEC.Effluent.NH3 + NSEC.Effluent.Flow",0.0904172527008578,0.47244875835267,"3,2"
"17450","N..Basin.Outfall + UVT.... + SACto..1.m. + NSEC.Aerobic.SRT + NSEC.Effluent.NO3 + NSEC.Effluent.OP",0.309559823400743,0.697637224175948,"3,2"
"17451","N..Basin.Outfall + UVT.... + SACto..1.m. + NSEC.Aerobic.SRT + NSEC.Effluent.NO3 + NSEC.Effluent.TSS",0.0873832423368337,0.57055377606198,"3,2"
"17452","N..Basin.Outfall + UVT.... + SACto..1.m. + NSEC.Aerobic.SRT + NSEC.Effluent.NO3 + NSEC.Effluent.NO5",0.112520477688449,0.74304967127024,"3,2"
"17453","N..Basin.Outfall + UVT.... + SACto..1.m. + NSEC.Aerobic.SRT + NSEC.Effluent.NO3 + NSEC.Effluent.Flow",0.486127947925348,0.607200143411748,"3,2"
"17454","N..Basin.Outfall + UVT.... + SACto..1.m. + NSEC.Aerobic.SRT + NSEC.Effluent.OP + NSEC.Effluent.TSS",0.0627033817261573,0.773864683047628,"3,2"
"17455","N..Basin.Outfall + UVT.... + SACto..1.m. + NSEC.Aerobic.SRT + NSEC.Effluent.OP + NSEC.Effluent.NO5",0.118354500152516,0.739687279009166,"3,2"
"17456","N..Basin.Outfall + UVT.... + SACto..1.m. + NSEC.Aerobic.SRT + NSEC.Effluent.OP + NSEC.Effluent.Flow",0.0122779933975019,0.690023679967211,"3,2"
"17457","N..Basin.Outfall + UVT.... + SACto..1.m. + NSEC.Aerobic.SRT + NSEC.Effluent.TSS + NSEC.Effluent.NO5",0.0530515012505426,0.732487586625098,"3,2"
"17458","N..Basin.Outfall + UVT.... + SACto..1.m. + NSEC.Aerobic.SRT + NSEC.Effluent.TSS + NSEC.Effluent.Flow",0.072573461473604,0.721824194146113,"3,2"
"17459","N..Basin.Outfall + UVT.... + SACto..1.m. + NSEC.Aerobic.SRT + NSEC.Effluent.NO5 + NSEC.Effluent.Flow",0.123422493424992,0.702339415055711,"3,2"
"17460","N..Basin.Outfall + UVT.... + SACto..1.m. + NSEC.Effluent.NH3 + NSEC.Effluent.NO3 + NSEC.Effluent.OP",0.0203744613922727,0.429960135521739,"3,2"
"17461","N..Basin.Outfall + UVT.... + SACto..1.m. + NSEC.Effluent.NH3 + NSEC.Effluent.NO3 + NSEC.Effluent.TSS",0.309468791455348,0.683229315189882,"3,2"
"17462","N..Basin.Outfall + UVT.... + SACto..1.m. + NSEC.Effluent.NH3 + NSEC.Effluent.NO3 + NSEC.Effluent.NO5",0.137413082895942,0.339167462453739,"3,2"
"17463","N..Basin.Outfall + UVT.... + SACto..1.m. + NSEC.Effluent.NH3 + NSEC.Effluent.NO3 + NSEC.Effluent.Flow",0.0101315808559774,0.153416447807882,"3,2"
"17464","N..Basin.Outfall + UVT.... + SACto..1.m. + NSEC.Effluent.NH3 + NSEC.Effluent.OP + NSEC.Effluent.TSS",0.0515965411558241,0.594983058180253,"3,2"
"17465","N..Basin.Outfall + UVT.... + SACto..1.m. + NSEC.Effluent.NH3 + NSEC.Effluent.OP + NSEC.Effluent.NO5",0.0649564927257393,0.434254695317625,"3,2"
"17466","N..Basin.Outfall + UVT.... + SACto..1.m. + NSEC.Effluent.NH3 + NSEC.Effluent.OP + NSEC.Effluent.Flow",0.0171879965829365,0.327654461805317,"3,2"
"17467","N..Basin.Outfall + UVT.... + SACto..1.m. + NSEC.Effluent.NH3 + NSEC.Effluent.TSS + NSEC.Effluent.NO5",0.296954090001629,0.604805560447581,"3,2"
"17468","N..Basin.Outfall + UVT.... + SACto..1.m. + NSEC.Effluent.NH3 + NSEC.Effluent.TSS + NSEC.Effluent.Flow",0.319203560804722,0.550362679796639,"3,2"
"17469","N..Basin.Outfall + UVT.... + SACto..1.m. + NSEC.Effluent.NH3 + NSEC.Effluent.NO5 + NSEC.Effluent.Flow",0.173777835412854,0.335712208091466,"3,2"
"17470","N..Basin.Outfall + UVT.... + SACto..1.m. + NSEC.Effluent.NO3 + NSEC.Effluent.OP + NSEC.Effluent.TSS",0.102320269709836,0.597659660469333,"3,2"
"17471","N..Basin.Outfall + UVT.... + SACto..1.m. + NSEC.Effluent.NO3 + NSEC.Effluent.OP + NSEC.Effluent.NO5",0.153745305977249,0.453917266154912,"3,2"
"17472","N..Basin.Outfall + UVT.... + SACto..1.m. + NSEC.Effluent.NO3 + NSEC.Effluent.OP + NSEC.Effluent.Flow",0.0677973239458178,0.525149778913952,"3,2"
"17473","N..Basin.Outfall + UVT.... + SACto..1.m. + NSEC.Effluent.NO3 + NSEC.Effluent.TSS + NSEC.Effluent.NO5",0.233825309156676,0.585368775913527,"3,2"
"17474","N..Basin.Outfall + UVT.... + SACto..1.m. + NSEC.Effluent.NO3 + NSEC.Effluent.TSS + NSEC.Effluent.Flow",0.210854741530554,0.606601586094596,"3,2"
"17475","N..Basin.Outfall + UVT.... + SACto..1.m. + NSEC.Effluent.NO3 + NSEC.Effluent.NO5 + NSEC.Effluent.Flow",0.114645439611177,0.28559109971244,"3,2"
"17476","N..Basin.Outfall + UVT.... + SACto..1.m. + NSEC.Effluent.OP + NSEC.Effluent.TSS + NSEC.Effluent.NO5",0.17925276426013,0.708313443430907,"3,2"
"17477","N..Basin.Outfall + UVT.... + SACto..1.m. + NSEC.Effluent.OP + NSEC.Effluent.TSS + NSEC.Effluent.Flow",0.221760702650546,0.659768457979401,"3,2"
"17478","N..Basin.Outfall + UVT.... + SACto..1.m. + NSEC.Effluent.OP + NSEC.Effluent.NO5 + NSEC.Effluent.Flow",0.123998216078233,0.49614690406056,"3,2"
"17479","N..Basin.Outfall + UVT.... + SACto..1.m. + NSEC.Effluent.TSS + NSEC.Effluent.NO5 + NSEC.Effluent.Flow",0.0147168421300596,0.53552514578625,"3,2"
"17480","N..Basin.Outfall + UVT.... + NSEC.Aerobic.SRT + NSEC.Effluent.NH3 + NSEC.Effluent.NO3 + NSEC.Effluent.OP",0.168272160235167,0.647567535593256,"3,2"
"17481","N..Basin.Outfall + UVT.... + NSEC.Aerobic.SRT + NSEC.Effluent.NH3 + NSEC.Effluent.NO3 + NSEC.Effluent.TSS",0.00473507361444447,0.445901247327607,"3,2"
"17482","N..Basin.Outfall + UVT.... + NSEC.Aerobic.SRT + NSEC.Effluent.NH3 + NSEC.Effluent.NO3 + NSEC.Effluent.NO5",0.0695097071650022,0.751310484211617,"3,2"
"17483","N..Basin.Outfall + UVT.... + NSEC.Aerobic.SRT + NSEC.Effluent.NH3 + NSEC.Effluent.NO3 + NSEC.Effluent.Flow",0.0599414543308083,0.68836632458011,"3,2"
"17484","N..Basin.Outfall + UVT.... + NSEC.Aerobic.SRT + NSEC.Effluent.NH3 + NSEC.Effluent.OP + NSEC.Effluent.TSS",0.175448150732588,0.731467808008732,"3,2"
"17485","N..Basin.Outfall + UVT.... + NSEC.Aerobic.SRT + NSEC.Effluent.NH3 + NSEC.Effluent.OP + NSEC.Effluent.NO5",0.199233683220716,0.707186470670772,"3,2"
"17486","N..Basin.Outfall + UVT.... + NSEC.Aerobic.SRT + NSEC.Effluent.NH3 + NSEC.Effluent.OP + NSEC.Effluent.Flow",0.164130067864504,0.684459375279344,"3,2"
"17487","N..Basin.Outfall + UVT.... + NSEC.Aerobic.SRT + NSEC.Effluent.NH3 + NSEC.Effluent.TSS + NSEC.Effluent.NO5",0.125993848611919,0.62377472065369,"3,2"
"17488","N..Basin.Outfall + UVT.... + NSEC.Aerobic.SRT + NSEC.Effluent.NH3 + NSEC.Effluent.TSS + NSEC.Effluent.Flow",0.0904035946579933,0.691412479835986,"3,2"
"17489","N..Basin.Outfall + UVT.... + NSEC.Aerobic.SRT + NSEC.Effluent.NH3 + NSEC.Effluent.NO5 + NSEC.Effluent.Flow",0.00869180925212731,0.702075277264872,"3,2"
"17490","N..Basin.Outfall + UVT.... + NSEC.Aerobic.SRT + NSEC.Effluent.NO3 + NSEC.Effluent.OP + NSEC.Effluent.TSS",0.116052968523966,0.544220354348376,"3,2"
"17491","N..Basin.Outfall + UVT.... + NSEC.Aerobic.SRT + NSEC.Effluent.NO3 + NSEC.Effluent.OP + NSEC.Effluent.NO5",0.040487741043423,0.775223754945207,"3,2"
"17492","N..Basin.Outfall + UVT.... + NSEC.Aerobic.SRT + NSEC.Effluent.NO3 + NSEC.Effluent.OP + NSEC.Effluent.Flow",0.163969301202373,0.678442633630459,"3,2"
"17493","N..Basin.Outfall + UVT.... + NSEC.Aerobic.SRT + NSEC.Effluent.NO3 + NSEC.Effluent.TSS + NSEC.Effluent.NO5",0.191269614705146,0.733061307439836,"3,2"
"17494","N..Basin.Outfall + UVT.... + NSEC.Aerobic.SRT + NSEC.Effluent.NO3 + NSEC.Effluent.TSS + NSEC.Effluent.Flow",0.129669064849481,0.759614275581513,"3,2"
"17495","N..Basin.Outfall + UVT.... + NSEC.Aerobic.SRT + NSEC.Effluent.NO3 + NSEC.Effluent.NO5 + NSEC.Effluent.Flow",0.192906529013023,0.00396029575244615,"3,2"
"17496","N..Basin.Outfall + UVT.... + NSEC.Aerobic.SRT + NSEC.Effluent.OP + NSEC.Effluent.TSS + NSEC.Effluent.NO5",0.139897557363379,0.783326969898019,"3,2"
"17497","N..Basin.Outfall + UVT.... + NSEC.Aerobic.SRT + NSEC.Effluent.OP + NSEC.Effluent.TSS + NSEC.Effluent.Flow",0.0776874473006222,0.781703774842273,"3,2"
"17498","N..Basin.Outfall + UVT.... + NSEC.Aerobic.SRT + NSEC.Effluent.OP + NSEC.Effluent.NO5 + NSEC.Effluent.Flow",0.174180620039282,0.643083110864464,"3,2"
"17499","N..Basin.Outfall + UVT.... + NSEC.Aerobic.SRT + NSEC.Effluent.TSS + NSEC.Effluent.NO5 + NSEC.Effluent.Flow",0.0105748971444068,0.425025710649424,"3,2"
"17500","N..Basin.Outfall + UVT.... + NSEC.Effluent.NH3 + NSEC.Effluent.NO3 + NSEC.Effluent.OP + NSEC.Effluent.TSS",0.162423166815618,0.67941488179342,"3,2"
"17501","N..Basin.Outfall + UVT.... + NSEC.Effluent.NH3 + NSEC.Effluent.NO3 + NSEC.Effluent.OP + NSEC.Effluent.NO5",0.0663097094535032,0.483223257907664,"3,2"
"17502","N..Basin.Outfall + UVT.... + NSEC.Effluent.NH3 + NSEC.Effluent.NO3 + NSEC.Effluent.OP + NSEC.Effluent.Flow",0.0501977493786439,0.446382340906583,"3,2"
"17503","N..Basin.Outfall + UVT.... + NSEC.Effluent.NH3 + NSEC.Effluent.NO3 + NSEC.Effluent.TSS + NSEC.Effluent.NO5",0.0377010158650726,0.640510643764179,"3,2"
"17504","N..Basin.Outfall + UVT.... + NSEC.Effluent.NH3 + NSEC.Effluent.NO3 + NSEC.Effluent.TSS + NSEC.Effluent.Flow",0.0384733638621513,0.55099866128457,"3,2"
"17505","N..Basin.Outfall + UVT.... + NSEC.Effluent.NH3 + NSEC.Effluent.NO3 + NSEC.Effluent.NO5 + NSEC.Effluent.Flow",0.0251006879753919,0.372776772246635,"3,2"
"17506","N..Basin.Outfall + UVT.... + NSEC.Effluent.NH3 + NSEC.Effluent.OP + NSEC.Effluent.TSS + NSEC.Effluent.NO5",0.049913606052868,0.699607383210996,"3,2"
"17507","N..Basin.Outfall + UVT.... + NSEC.Effluent.NH3 + NSEC.Effluent.OP + NSEC.Effluent.TSS + NSEC.Effluent.Flow",0.206707937407546,0.631498443280061,"3,2"
"17508","N..Basin.Outfall + UVT.... + NSEC.Effluent.NH3 + NSEC.Effluent.OP + NSEC.Effluent.NO5 + NSEC.Effluent.Flow",0.190371004644481,0.111905153001408,"3,2"
"17509","N..Basin.Outfall + UVT.... + NSEC.Effluent.NH3 + NSEC.Effluent.TSS + NSEC.Effluent.NO5 + NSEC.Effluent.Flow",0.255803790365365,0.682074390336776,"3,2"
"17510","N..Basin.Outfall + UVT.... + NSEC.Effluent.NO3 + NSEC.Effluent.OP + NSEC.Effluent.TSS + NSEC.Effluent.NO5",0.12849939758345,0.602644090561757,"3,2"
"17511","N..Basin.Outfall + UVT.... + NSEC.Effluent.NO3 + NSEC.Effluent.OP + NSEC.Effluent.TSS + NSEC.Effluent.Flow",0.130084824362384,0.590275378793965,"3,2"
"17512","N..Basin.Outfall + UVT.... + NSEC.Effluent.NO3 + NSEC.Effluent.OP + NSEC.Effluent.NO5 + NSEC.Effluent.Flow",0.142682028773133,0.455015018149187,"3,2"
"17513","N..Basin.Outfall + UVT.... + NSEC.Effluent.NO3 + NSEC.Effluent.TSS + NSEC.Effluent.NO5 + NSEC.Effluent.Flow",0.143854824509461,0.560052453207662,"3,2"
"17514","N..Basin.Outfall + UVT.... + NSEC.Effluent.OP + NSEC.Effluent.TSS + NSEC.Effluent.NO5 + NSEC.Effluent.Flow",0.130735798275757,0.634685847562009,"3,2"
"17515","N..Basin.Outfall + CODds..mg.L. + SACto..1.m. + NSEC.Aerobic.SRT + NSEC.Effluent.NH3 + NSEC.Effluent.NO3",0.134840084544157,0.764174404262799,"3,2"
"17516","N..Basin.Outfall + CODds..mg.L. + SACto..1.m. + NSEC.Aerobic.SRT + NSEC.Effluent.NH3 + NSEC.Effluent.OP",0.0381201231231172,0.783309526779309,"3,2"
"17517","N..Basin.Outfall + CODds..mg.L. + SACto..1.m. + NSEC.Aerobic.SRT + NSEC.Effluent.NH3 + NSEC.Effluent.TSS",0.196288902983479,0.694691889096357,"3,2"
"17518","N..Basin.Outfall + CODds..mg.L. + SACto..1.m. + NSEC.Aerobic.SRT + NSEC.Effluent.NH3 + NSEC.Effluent.NO5",0.0145401788072279,0.763025443813349,"3,2"
"17519","N..Basin.Outfall + CODds..mg.L. + SACto..1.m. + NSEC.Aerobic.SRT + NSEC.Effluent.NH3 + NSEC.Effluent.Flow",0.127337359532218,0.69697931308854,"3,2"
"17520","N..Basin.Outfall + CODds..mg.L. + SACto..1.m. + NSEC.Aerobic.SRT + NSEC.Effluent.NO3 + NSEC.Effluent.OP",0.188943266339072,0.0235816070849661,"3,2"
"17521","N..Basin.Outfall + CODds..mg.L. + SACto..1.m. + NSEC.Aerobic.SRT + NSEC.Effluent.NO3 + NSEC.Effluent.TSS",0.0147389176286756,0.818559625988821,"3,2"
"17522","N..Basin.Outfall + CODds..mg.L. + SACto..1.m. + NSEC.Aerobic.SRT + NSEC.Effluent.NO3 + NSEC.Effluent.NO5",0.0572028788600973,0.764273084680962,"3,2"
"17523","N..Basin.Outfall + CODds..mg.L. + SACto..1.m. + NSEC.Aerobic.SRT + NSEC.Effluent.NO3 + NSEC.Effluent.Flow",0.0285374698034739,0.772292514604161,"3,2"
"17524","N..Basin.Outfall + CODds..mg.L. + SACto..1.m. + NSEC.Aerobic.SRT + NSEC.Effluent.OP + NSEC.Effluent.TSS",0.0624071126668009,0.793004690074202,"3,2"
"17525","N..Basin.Outfall + CODds..mg.L. + SACto..1.m. + NSEC.Aerobic.SRT + NSEC.Effluent.OP + NSEC.Effluent.NO5",0.0504374844197311,0.764008624316525,"3,2"
"17526","N..Basin.Outfall + CODds..mg.L. + SACto..1.m. + NSEC.Aerobic.SRT + NSEC.Effluent.OP + NSEC.Effluent.Flow",0.151459612630525,0.787757463842274,"3,2"
"17527","N..Basin.Outfall + CODds..mg.L. + SACto..1.m. + NSEC.Aerobic.SRT + NSEC.Effluent.TSS + NSEC.Effluent.NO5",0.0545954658311907,0.805678297186715,"3,2"
"17528","N..Basin.Outfall + CODds..mg.L. + SACto..1.m. + NSEC.Aerobic.SRT + NSEC.Effluent.TSS + NSEC.Effluent.Flow",0.02171225803466,0.817294937275776,"3,2"
"17529","N..Basin.Outfall + CODds..mg.L. + SACto..1.m. + NSEC.Aerobic.SRT + NSEC.Effluent.NO5 + NSEC.Effluent.Flow",0.0368973982095624,0.7564344292732,"3,2"
"17530","N..Basin.Outfall + CODds..mg.L. + SACto..1.m. + NSEC.Effluent.NH3 + NSEC.Effluent.NO3 + NSEC.Effluent.OP",0.161057599148243,0.544749160519855,"3,2"
"17531","N..Basin.Outfall + CODds..mg.L. + SACto..1.m. + NSEC.Effluent.NH3 + NSEC.Effluent.NO3 + NSEC.Effluent.TSS",0.14208917799556,0.717833164458451,"3,2"
"17532","N..Basin.Outfall + CODds..mg.L. + SACto..1.m. + NSEC.Effluent.NH3 + NSEC.Effluent.NO3 + NSEC.Effluent.NO5",0.273971789644632,0.571124392443313,"3,2"
"17533","N..Basin.Outfall + CODds..mg.L. + SACto..1.m. + NSEC.Effluent.NH3 + NSEC.Effluent.NO3 + NSEC.Effluent.Flow",0.168540602772708,0.455914277130464,"3,2"
"17534","N..Basin.Outfall + CODds..mg.L. + SACto..1.m. + NSEC.Effluent.NH3 + NSEC.Effluent.OP + NSEC.Effluent.TSS",0.255933006249932,0.702901059541152,"3,2"
"17535","N..Basin.Outfall + CODds..mg.L. + SACto..1.m. + NSEC.Effluent.NH3 + NSEC.Effluent.OP + NSEC.Effluent.NO5",0.115660643047332,0.531190683774477,"3,2"
"17536","N..Basin.Outfall + CODds..mg.L. + SACto..1.m. + NSEC.Effluent.NH3 + NSEC.Effluent.OP + NSEC.Effluent.Flow",0.0975718229182814,0.559024206519434,"3,2"
"17537","N..Basin.Outfall + CODds..mg.L. + SACto..1.m. + NSEC.Effluent.NH3 + NSEC.Effluent.TSS + NSEC.Effluent.NO5",0.246196690233485,0.717813342947487,"3,2"
"17538","N..Basin.Outfall + CODds..mg.L. + SACto..1.m. + NSEC.Effluent.NH3 + NSEC.Effluent.TSS + NSEC.Effluent.Flow",0.145345539259469,0.739077630658503,"3,2"
"17539","N..Basin.Outfall + CODds..mg.L. + SACto..1.m. + NSEC.Effluent.NH3 + NSEC.Effluent.NO5 + NSEC.Effluent.Flow",0.0941494433075187,0.620831227488044,"3,2"
"17540","N..Basin.Outfall + CODds..mg.L. + SACto..1.m. + NSEC.Effluent.NO3 + NSEC.Effluent.OP + NSEC.Effluent.TSS",0.0187327637463972,0.700078582427376,"3,2"
"17541","N..Basin.Outfall + CODds..mg.L. + SACto..1.m. + NSEC.Effluent.NO3 + NSEC.Effluent.OP + NSEC.Effluent.NO5",0.126826318308194,0.616054800370367,"3,2"
"17542","N..Basin.Outfall + CODds..mg.L. + SACto..1.m. + NSEC.Effluent.NO3 + NSEC.Effluent.OP + NSEC.Effluent.Flow",0.154413562543261,0.588171605301352,"3,2"
"17543","N..Basin.Outfall + CODds..mg.L. + SACto..1.m. + NSEC.Effluent.NO3 + NSEC.Effluent.TSS + NSEC.Effluent.NO5",0.187563809254612,0.744245582969551,"3,2"
"17544","N..Basin.Outfall + CODds..mg.L. + SACto..1.m. + NSEC.Effluent.NO3 + NSEC.Effluent.TSS + NSEC.Effluent.Flow",0.211119377470035,0.701974647246184,"3,2"
"17545","N..Basin.Outfall + CODds..mg.L. + SACto..1.m. + NSEC.Effluent.NO3 + NSEC.Effluent.NO5 + NSEC.Effluent.Flow",0.0787715984055608,0.587116368671004,"3,2"
"17546","N..Basin.Outfall + CODds..mg.L. + SACto..1.m. + NSEC.Effluent.OP + NSEC.Effluent.TSS + NSEC.Effluent.NO5",0.0838901947762638,0.702180509926932,"3,2"
"17547","N..Basin.Outfall + CODds..mg.L. + SACto..1.m. + NSEC.Effluent.OP + NSEC.Effluent.TSS + NSEC.Effluent.Flow",0.215317248545737,0.734277576492093,"3,2"
"17548","N..Basin.Outfall + CODds..mg.L. + SACto..1.m. + NSEC.Effluent.OP + NSEC.Effluent.NO5 + NSEC.Effluent.Flow",0.0812575983162653,0.58814418128419,"3,2"
"17549","N..Basin.Outfall + CODds..mg.L. + SACto..1.m. + NSEC.Effluent.TSS + NSEC.Effluent.NO5 + NSEC.Effluent.Flow",0.234321300583353,0.742468467574046,"3,2"
"17550","N..Basin.Outfall + CODds..mg.L. + NSEC.Aerobic.SRT + NSEC.Effluent.NH3 + NSEC.Effluent.NO3 + NSEC.Effluent.OP",0.0621778444632604,0.650749882835217,"3,2"
"17551","N..Basin.Outfall + CODds..mg.L. + NSEC.Aerobic.SRT + NSEC.Effluent.NH3 + NSEC.Effluent.NO3 + NSEC.Effluent.TSS",0.0999139058779055,0.788042954091939,"3,2"
"17552","N..Basin.Outfall + CODds..mg.L. + NSEC.Aerobic.SRT + NSEC.Effluent.NH3 + NSEC.Effluent.NO3 + NSEC.Effluent.NO5",0.0136157631434537,0.71583221152214,"3,2"
"17553","N..Basin.Outfall + CODds..mg.L. + NSEC.Aerobic.SRT + NSEC.Effluent.NH3 + NSEC.Effluent.NO3 + NSEC.Effluent.Flow",0.122560661346112,0.741246394521046,"3,2"
"17554","N..Basin.Outfall + CODds..mg.L. + NSEC.Aerobic.SRT + NSEC.Effluent.NH3 + NSEC.Effluent.OP + NSEC.Effluent.TSS",0.0241426612604259,0.785843819667307,"3,2"
"17555","N..Basin.Outfall + CODds..mg.L. + NSEC.Aerobic.SRT + NSEC.Effluent.NH3 + NSEC.Effluent.OP + NSEC.Effluent.NO5",0.140423732590195,0.775179347210811,"3,2"
"17556","N..Basin.Outfall + CODds..mg.L. + NSEC.Aerobic.SRT + NSEC.Effluent.NH3 + NSEC.Effluent.OP + NSEC.Effluent.Flow",0.190061891933844,0.764329084281849,"3,2"
"17557","N..Basin.Outfall + CODds..mg.L. + NSEC.Aerobic.SRT + NSEC.Effluent.NH3 + NSEC.Effluent.TSS + NSEC.Effluent.NO5",0.0683576889788673,0.759947814231692,"3,2"
"17558","N..Basin.Outfall + CODds..mg.L. + NSEC.Aerobic.SRT + NSEC.Effluent.NH3 + NSEC.Effluent.TSS + NSEC.Effluent.Flow",0.219907123564285,0.747472804027782,"3,2"
"17559","N..Basin.Outfall + CODds..mg.L. + NSEC.Aerobic.SRT + NSEC.Effluent.NH3 + NSEC.Effluent.NO5 + NSEC.Effluent.Flow",0.114765631130336,0.691999500546266,"3,2"
"17560","N..Basin.Outfall + CODds..mg.L. + NSEC.Aerobic.SRT + NSEC.Effluent.NO3 + NSEC.Effluent.OP + NSEC.Effluent.TSS",0.606781040336581,0.764710391275531,"3,2"
"17561","N..Basin.Outfall + CODds..mg.L. + NSEC.Aerobic.SRT + NSEC.Effluent.NO3 + NSEC.Effluent.OP + NSEC.Effluent.NO5",0.270427537163234,0.72715363564829,"3,2"
"17562","N..Basin.Outfall + CODds..mg.L. + NSEC.Aerobic.SRT + NSEC.Effluent.NO3 + NSEC.Effluent.OP + NSEC.Effluent.Flow",0.193984396193491,0.74009698764846,"3,2"
"17563","N..Basin.Outfall + CODds..mg.L. + NSEC.Aerobic.SRT + NSEC.Effluent.NO3 + NSEC.Effluent.TSS + NSEC.Effluent.NO5",0.280866134635296,0.730052983803357,"3,2"
"17564","N..Basin.Outfall + CODds..mg.L. + NSEC.Aerobic.SRT + NSEC.Effluent.NO3 + NSEC.Effluent.TSS + NSEC.Effluent.Flow",0.173340798424942,0.732127081915399,"3,2"
"17565","N..Basin.Outfall + CODds..mg.L. + NSEC.Aerobic.SRT + NSEC.Effluent.NO3 + NSEC.Effluent.NO5 + NSEC.Effluent.Flow",0.0436614519533376,0.573011776923851,"3,2"
"17566","N..Basin.Outfall + CODds..mg.L. + NSEC.Aerobic.SRT + NSEC.Effluent.OP + NSEC.Effluent.TSS + NSEC.Effluent.NO5",0.383900659149388,0.770086904145216,"3,2"
"17567","N..Basin.Outfall + CODds..mg.L. + NSEC.Aerobic.SRT + NSEC.Effluent.OP + NSEC.Effluent.TSS + NSEC.Effluent.Flow",0.285599198079741,0.789624839917635,"3,2"
"17568","N..Basin.Outfall + CODds..mg.L. + NSEC.Aerobic.SRT + NSEC.Effluent.OP + NSEC.Effluent.NO5 + NSEC.Effluent.Flow",0.0587013622815089,0.580784799674004,"3,2"
"17569","N..Basin.Outfall + CODds..mg.L. + NSEC.Aerobic.SRT + NSEC.Effluent.TSS + NSEC.Effluent.NO5 + NSEC.Effluent.Flow",0.153876233989147,0.705659418384692,"3,2"
"17570","N..Basin.Outfall + CODds..mg.L. + NSEC.Effluent.NH3 + NSEC.Effluent.NO3 + NSEC.Effluent.OP + NSEC.Effluent.TSS",0.206921797634138,0.69716178442704,"3,2"
"17571","N..Basin.Outfall + CODds..mg.L. + NSEC.Effluent.NH3 + NSEC.Effluent.NO3 + NSEC.Effluent.OP + NSEC.Effluent.NO5",0.195661861318095,0.5748862500466,"3,2"
"17572","N..Basin.Outfall + CODds..mg.L. + NSEC.Effluent.NH3 + NSEC.Effluent.NO3 + NSEC.Effluent.OP + NSEC.Effluent.Flow",0.00751322207742167,0.357035129747205,"3,2"
"17573","N..Basin.Outfall + CODds..mg.L. + NSEC.Effluent.NH3 + NSEC.Effluent.NO3 + NSEC.Effluent.TSS + NSEC.Effluent.NO5",0.301624939810366,0.631833848304551,"3,2"
"17574","N..Basin.Outfall + CODds..mg.L. + NSEC.Effluent.NH3 + NSEC.Effluent.NO3 + NSEC.Effluent.TSS + NSEC.Effluent.Flow",0.113582463912147,0.578556259200959,"3,2"
"17575","N..Basin.Outfall + CODds..mg.L. + NSEC.Effluent.NH3 + NSEC.Effluent.NO3 + NSEC.Effluent.NO5 + NSEC.Effluent.Flow",0.179155943768692,0.526802695687949,"3,2"
"17576","N..Basin.Outfall + CODds..mg.L. + NSEC.Effluent.NH3 + NSEC.Effluent.OP + NSEC.Effluent.TSS + NSEC.Effluent.NO5",0.0726661433427629,0.653999418386228,"3,2"
"17577","N..Basin.Outfall + CODds..mg.L. + NSEC.Effluent.NH3 + NSEC.Effluent.OP + NSEC.Effluent.TSS + NSEC.Effluent.Flow",0.0473292372402709,0.666241419031915,"3,2"
"17578","N..Basin.Outfall + CODds..mg.L. + NSEC.Effluent.NH3 + NSEC.Effluent.OP + NSEC.Effluent.NO5 + NSEC.Effluent.Flow",0.0609120558162821,0.397140561464849,"3,2"
"17579","N..Basin.Outfall + CODds..mg.L. + NSEC.Effluent.NH3 + NSEC.Effluent.TSS + NSEC.Effluent.NO5 + NSEC.Effluent.Flow",0.1263988147069,0.582958709722898,"3,2"
"17580","N..Basin.Outfall + CODds..mg.L. + NSEC.Effluent.NO3 + NSEC.Effluent.OP + NSEC.Effluent.TSS + NSEC.Effluent.NO5",0.171006175445258,0.743826073156815,"3,2"
"17581","N..Basin.Outfall + CODds..mg.L. + NSEC.Effluent.NO3 + NSEC.Effluent.OP + NSEC.Effluent.TSS + NSEC.Effluent.Flow",0.0805093397444441,0.628632058388914,"3,2"
"17582","N..Basin.Outfall + CODds..mg.L. + NSEC.Effluent.NO3 + NSEC.Effluent.OP + NSEC.Effluent.NO5 + NSEC.Effluent.Flow",0.0782683856841451,0.596472384139874,"3,2"
"17583","N..Basin.Outfall + CODds..mg.L. + NSEC.Effluent.NO3 + NSEC.Effluent.TSS + NSEC.Effluent.NO5 + NSEC.Effluent.Flow",0.156735056123286,0.603894733055378,"3,2"
"17584","N..Basin.Outfall + CODds..mg.L. + NSEC.Effluent.OP + NSEC.Effluent.TSS + NSEC.Effluent.NO5 + NSEC.Effluent.Flow",0.0470278171846745,0.659349727255369,"3,2"
"17585","N..Basin.Outfall + SACto..1.m. + NSEC.Aerobic.SRT + NSEC.Effluent.NH3 + NSEC.Effluent.NO3 + NSEC.Effluent.OP",0.116183821229873,0.716587669152431,"3,2"
"17586","N..Basin.Outfall + SACto..1.m. + NSEC.Aerobic.SRT + NSEC.Effluent.NH3 + NSEC.Effluent.NO3 + NSEC.Effluent.TSS",0.143055188599985,0.757786426318768,"3,2"
"17587","N..Basin.Outfall + SACto..1.m. + NSEC.Aerobic.SRT + NSEC.Effluent.NH3 + NSEC.Effluent.NO3 + NSEC.Effluent.NO5",0.0903347696618062,0.790208183638527,"3,2"
"17588","N..Basin.Outfall + SACto..1.m. + NSEC.Aerobic.SRT + NSEC.Effluent.NH3 + NSEC.Effluent.NO3 + NSEC.Effluent.Flow",0.21456161975907,0.679058859289353,"3,2"
"17589","N..Basin.Outfall + SACto..1.m. + NSEC.Aerobic.SRT + NSEC.Effluent.NH3 + NSEC.Effluent.OP + NSEC.Effluent.TSS",0.242230746063421,0.727629017679298,"3,2"
"17590","N..Basin.Outfall + SACto..1.m. + NSEC.Aerobic.SRT + NSEC.Effluent.NH3 + NSEC.Effluent.OP + NSEC.Effluent.NO5",0.150834867344397,0.736506537532066,"3,2"
"17591","N..Basin.Outfall + SACto..1.m. + NSEC.Aerobic.SRT + NSEC.Effluent.NH3 + NSEC.Effluent.OP + NSEC.Effluent.Flow",0.0486545915252883,0.71775355466659,"3,2"
"17592","N..Basin.Outfall + SACto..1.m. + NSEC.Aerobic.SRT + NSEC.Effluent.NH3 + NSEC.Effluent.TSS + NSEC.Effluent.NO5",0.0805433862651197,0.551456318361495,"3,2"
"17593","N..Basin.Outfall + SACto..1.m. + NSEC.Aerobic.SRT + NSEC.Effluent.NH3 + NSEC.Effluent.TSS + NSEC.Effluent.Flow",0.135030717910682,0.765242548497569,"3,2"
"17594","N..Basin.Outfall + SACto..1.m. + NSEC.Aerobic.SRT + NSEC.Effluent.NH3 + NSEC.Effluent.NO5 + NSEC.Effluent.Flow",0.0252336645771172,0.387227628663849,"3,2"
"17595","N..Basin.Outfall + SACto..1.m. + NSEC.Aerobic.SRT + NSEC.Effluent.NO3 + NSEC.Effluent.OP + NSEC.Effluent.TSS",0.248430408942161,0.759739168698658,"3,2"
"17596","N..Basin.Outfall + SACto..1.m. + NSEC.Aerobic.SRT + NSEC.Effluent.NO3 + NSEC.Effluent.OP + NSEC.Effluent.NO5",0.0370760094430782,0.775754620008877,"3,2"
"17597","N..Basin.Outfall + SACto..1.m. + NSEC.Aerobic.SRT + NSEC.Effluent.NO3 + NSEC.Effluent.OP + NSEC.Effluent.Flow",0.0617722682317594,0.618324629664578,"3,2"
"17598","N..Basin.Outfall + SACto..1.m. + NSEC.Aerobic.SRT + NSEC.Effluent.NO3 + NSEC.Effluent.TSS + NSEC.Effluent.NO5",0.0682316251775679,0.716568486024911,"3,2"
"17599","N..Basin.Outfall + SACto..1.m. + NSEC.Aerobic.SRT + NSEC.Effluent.NO3 + NSEC.Effluent.TSS + NSEC.Effluent.Flow",0.125571674376025,0.773970634673507,"3,2"
"17600","N..Basin.Outfall + SACto..1.m. + NSEC.Aerobic.SRT + NSEC.Effluent.NO3 + NSEC.Effluent.NO5 + NSEC.Effluent.Flow",0.106287263375982,0.621701669769475,"3,2"
"17601","N..Basin.Outfall + SACto..1.m. + NSEC.Aerobic.SRT + NSEC.Effluent.OP + NSEC.Effluent.TSS + NSEC.Effluent.NO5",0.0650840329462561,0.630702645186462,"3,2"
"17602","N..Basin.Outfall + SACto..1.m. + NSEC.Aerobic.SRT + NSEC.Effluent.OP + NSEC.Effluent.TSS + NSEC.Effluent.Flow",0.112628402589084,0.749041862588692,"3,2"
"17603","N..Basin.Outfall + SACto..1.m. + NSEC.Aerobic.SRT + NSEC.Effluent.OP + NSEC.Effluent.NO5 + NSEC.Effluent.Flow",0.144146918141993,0.727666178513443,"3,2"
"17604","N..Basin.Outfall + SACto..1.m. + NSEC.Aerobic.SRT + NSEC.Effluent.TSS + NSEC.Effluent.NO5 + NSEC.Effluent.Flow",0.142774589451923,0.768931512376469,"3,2"
"17605","N..Basin.Outfall + SACto..1.m. + NSEC.Effluent.NH3 + NSEC.Effluent.NO3 + NSEC.Effluent.OP + NSEC.Effluent.TSS",0.115728002194,0.679805596902249,"3,2"
"17606","N..Basin.Outfall + SACto..1.m. + NSEC.Effluent.NH3 + NSEC.Effluent.NO3 + NSEC.Effluent.OP + NSEC.Effluent.NO5",0.125449235202908,0.510063114490545,"3,2"
"17607","N..Basin.Outfall + SACto..1.m. + NSEC.Effluent.NH3 + NSEC.Effluent.NO3 + NSEC.Effluent.OP + NSEC.Effluent.Flow",0.0183439344532617,0.485199740049506,"3,2"
"17608","N..Basin.Outfall + SACto..1.m. + NSEC.Effluent.NH3 + NSEC.Effluent.NO3 + NSEC.Effluent.TSS + NSEC.Effluent.NO5",0.205819413589081,0.524440498527291,"3,2"
"17609","N..Basin.Outfall + SACto..1.m. + NSEC.Effluent.NH3 + NSEC.Effluent.NO3 + NSEC.Effluent.TSS + NSEC.Effluent.Flow",0.20469671869635,0.538243992669537,"3,2"
"17610","N..Basin.Outfall + SACto..1.m. + NSEC.Effluent.NH3 + NSEC.Effluent.NO3 + NSEC.Effluent.NO5 + NSEC.Effluent.Flow",0.118030808003486,0.353314977106709,"3,2"
"17611","N..Basin.Outfall + SACto..1.m. + NSEC.Effluent.NH3 + NSEC.Effluent.OP + NSEC.Effluent.TSS + NSEC.Effluent.NO5",0.149388129168198,0.741905395296726,"3,2"
"17612","N..Basin.Outfall + SACto..1.m. + NSEC.Effluent.NH3 + NSEC.Effluent.OP + NSEC.Effluent.TSS + NSEC.Effluent.Flow",0.193216971545196,0.129721427101551,"3,2"
"17613","N..Basin.Outfall + SACto..1.m. + NSEC.Effluent.NH3 + NSEC.Effluent.OP + NSEC.Effluent.NO5 + NSEC.Effluent.Flow",0.0473411597134046,0.342441751248385,"3,2"
"17614","N..Basin.Outfall + SACto..1.m. + NSEC.Effluent.NH3 + NSEC.Effluent.TSS + NSEC.Effluent.NO5 + NSEC.Effluent.Flow",0.0698993158554826,0.574560818572819,"3,2"
"17615","N..Basin.Outfall + SACto..1.m. + NSEC.Effluent.NO3 + NSEC.Effluent.OP + NSEC.Effluent.TSS + NSEC.Effluent.NO5",0.146908437843951,0.718431056027353,"3,2"
"17616","N..Basin.Outfall + SACto..1.m. + NSEC.Effluent.NO3 + NSEC.Effluent.OP + NSEC.Effluent.TSS + NSEC.Effluent.Flow",0.184790069769087,0.59331773185594,"3,2"
"17617","N..Basin.Outfall + SACto..1.m. + NSEC.Effluent.NO3 + NSEC.Effluent.OP + NSEC.Effluent.NO5 + NSEC.Effluent.Flow",0.0732783389472191,0.476406305973334,"3,2"
"17618","N..Basin.Outfall + SACto..1.m. + NSEC.Effluent.NO3 + NSEC.Effluent.TSS + NSEC.Effluent.NO5 + NSEC.Effluent.Flow",0.155232152394963,0.601123762467859,"3,2"
"17619","N..Basin.Outfall + SACto..1.m. + NSEC.Effluent.OP + NSEC.Effluent.TSS + NSEC.Effluent.NO5 + NSEC.Effluent.Flow",0.183492317328021,0.710924831041786,"3,2"
"17620","N..Basin.Outfall + NSEC.Aerobic.SRT + NSEC.Effluent.NH3 + NSEC.Effluent.NO3 + NSEC.Effluent.OP + NSEC.Effluent.TSS",0.461460586031401,0.764791372635987,"3,2"
"17621","N..Basin.Outfall + NSEC.Aerobic.SRT + NSEC.Effluent.NH3 + NSEC.Effluent.NO3 + NSEC.Effluent.OP + NSEC.Effluent.NO5",0.165180437627245,0.78271802005225,"3,2"
"17622","N..Basin.Outfall + NSEC.Aerobic.SRT + NSEC.Effluent.NH3 + NSEC.Effluent.NO3 + NSEC.Effluent.OP + NSEC.Effluent.Flow",0.214740646390124,0.637272461035572,"3,2"
"17623","N..Basin.Outfall + NSEC.Aerobic.SRT + NSEC.Effluent.NH3 + NSEC.Effluent.NO3 + NSEC.Effluent.TSS + NSEC.Effluent.NO5",0.181437267897656,0.636417039024173,"3,2"
"17624","N..Basin.Outfall + NSEC.Aerobic.SRT + NSEC.Effluent.NH3 + NSEC.Effluent.NO3 + NSEC.Effluent.TSS + NSEC.Effluent.Flow",0.00512434852887678,0.442552483801261,"3,2"
"17625","N..Basin.Outfall + NSEC.Aerobic.SRT + NSEC.Effluent.NH3 + NSEC.Effluent.NO3 + NSEC.Effluent.NO5 + NSEC.Effluent.Flow",0.245575030244431,0.67236073179719,"3,2"
"17626","N..Basin.Outfall + NSEC.Aerobic.SRT + NSEC.Effluent.NH3 + NSEC.Effluent.OP + NSEC.Effluent.TSS + NSEC.Effluent.NO5",0.191569089709419,0.622618810484856,"3,2"
"17627","N..Basin.Outfall + NSEC.Aerobic.SRT + NSEC.Effluent.NH3 + NSEC.Effluent.OP + NSEC.Effluent.TSS + NSEC.Effluent.Flow",0.108274608259869,0.743715252674354,"3,2"
"17628","N..Basin.Outfall + NSEC.Aerobic.SRT + NSEC.Effluent.NH3 + NSEC.Effluent.OP + NSEC.Effluent.NO5 + NSEC.Effluent.Flow",0.219780364024643,0.695124273886659,"3,2"
"17629","N..Basin.Outfall + NSEC.Aerobic.SRT + NSEC.Effluent.NH3 + NSEC.Effluent.TSS + NSEC.Effluent.NO5 + NSEC.Effluent.Flow",0.172866700476277,0.659297102561725,"3,2"
"17630","N..Basin.Outfall + NSEC.Aerobic.SRT + NSEC.Effluent.NO3 + NSEC.Effluent.OP + NSEC.Effluent.TSS + NSEC.Effluent.NO5",0.0494546172350254,0.788356816227797,"3,2"
"17631","N..Basin.Outfall + NSEC.Aerobic.SRT + NSEC.Effluent.NO3 + NSEC.Effluent.OP + NSEC.Effluent.TSS + NSEC.Effluent.Flow",0.000511606949030519,0.399875986587469,"3,2"
"17632","N..Basin.Outfall + NSEC.Aerobic.SRT + NSEC.Effluent.NO3 + NSEC.Effluent.OP + NSEC.Effluent.NO5 + NSEC.Effluent.Flow",0.187201212417108,0.767111216303344,"3,2"
"17633","N..Basin.Outfall + NSEC.Aerobic.SRT + NSEC.Effluent.NO3 + NSEC.Effluent.TSS + NSEC.Effluent.NO5 + NSEC.Effluent.Flow",0.146201008798933,0.630703679761601,"3,2"
"17634","N..Basin.Outfall + NSEC.Aerobic.SRT + NSEC.Effluent.OP + NSEC.Effluent.TSS + NSEC.Effluent.NO5 + NSEC.Effluent.Flow",0.241252083916325,0.613674024074553,"3,2"
"17635","N..Basin.Outfall + NSEC.Effluent.NH3 + NSEC.Effluent.NO3 + NSEC.Effluent.OP + NSEC.Effluent.TSS + NSEC.Effluent.NO5",0.131434435880498,0.596190711326889,"3,2"
"17636","N..Basin.Outfall + NSEC.Effluent.NH3 + NSEC.Effluent.NO3 + NSEC.Effluent.OP + NSEC.Effluent.TSS + NSEC.Effluent.Flow",0.00602704721782965,0.542769690951712,"3,2"
"17637","N..Basin.Outfall + NSEC.Effluent.NH3 + NSEC.Effluent.NO3 + NSEC.Effluent.OP + NSEC.Effluent.NO5 + NSEC.Effluent.Flow",0.131751461434143,0.474493549343222,"3,2"
"17638","N..Basin.Outfall + NSEC.Effluent.NH3 + NSEC.Effluent.NO3 + NSEC.Effluent.TSS + NSEC.Effluent.NO5 + NSEC.Effluent.Flow",0.234805146063776,0.537644974552434,"3,2"
"17639","N..Basin.Outfall + NSEC.Effluent.NH3 + NSEC.Effluent.OP + NSEC.Effluent.TSS + NSEC.Effluent.NO5 + NSEC.Effluent.Flow",0.036193439767173,0.515615263926313,"3,2"
"17640","N..Basin.Outfall + NSEC.Effluent.NO3 + NSEC.Effluent.OP + NSEC.Effluent.TSS + NSEC.Effluent.NO5 + NSEC.Effluent.Flow",0.0972873406035257,0.607844499360803,"3,2"
"17641","CODto..mg.L. + TSS..mg.L. + UVT.... + CODds..mg.L. + SACto..1.m. + NSEC.Aerobic.SRT",0.11534290508534,0.61396563102865,"3,2"
"17642","CODto..mg.L. + TSS..mg.L. + UVT.... + CODds..mg.L. + SACto..1.m. + NSEC.Effluent.NH3",0.0335215593765752,0.438382580255921,"3,2"
"17643","CODto..mg.L. + TSS..mg.L. + UVT.... + CODds..mg.L. + SACto..1.m. + NSEC.Effluent.NO3",0.125579611443621,0.465529453324721,"3,2"
"17644","CODto..mg.L. + TSS..mg.L. + UVT.... + CODds..mg.L. + SACto..1.m. + NSEC.Effluent.OP",0.0127212519674993,0.409375851957127,"3,2"
"17645","CODto..mg.L. + TSS..mg.L. + UVT.... + CODds..mg.L. + SACto..1.m. + NSEC.Effluent.TSS",0.169682628846218,0.639359581216531,"3,2"
"17646","CODto..mg.L. + TSS..mg.L. + UVT.... + CODds..mg.L. + SACto..1.m. + NSEC.Effluent.NO5",0.0356346826406591,0.40216819660707,"3,2"
"17647","CODto..mg.L. + TSS..mg.L. + UVT.... + CODds..mg.L. + SACto..1.m. + NSEC.Effluent.Flow",0.107424136664932,0.476363281019193,"3,2"
"17648","CODto..mg.L. + TSS..mg.L. + UVT.... + CODds..mg.L. + NSEC.Aerobic.SRT + NSEC.Effluent.NH3",0.143376155117355,0.697337663021014,"3,2"
"17649","CODto..mg.L. + TSS..mg.L. + UVT.... + CODds..mg.L. + NSEC.Aerobic.SRT + NSEC.Effluent.NO3",0.176555934094139,0.724435111060843,"3,2"
"17650","CODto..mg.L. + TSS..mg.L. + UVT.... + CODds..mg.L. + NSEC.Aerobic.SRT + NSEC.Effluent.OP",0.0873101635523335,0.723110069951719,"3,2"
"17651","CODto..mg.L. + TSS..mg.L. + UVT.... + CODds..mg.L. + NSEC.Aerobic.SRT + NSEC.Effluent.TSS",0.124288818414107,0.761500611671974,"3,2"
"17652","CODto..mg.L. + TSS..mg.L. + UVT.... + CODds..mg.L. + NSEC.Aerobic.SRT + NSEC.Effluent.NO5",0.147585131423499,0.710686764145431,"3,2"
"17653","CODto..mg.L. + TSS..mg.L. + UVT.... + CODds..mg.L. + NSEC.Aerobic.SRT + NSEC.Effluent.Flow",0.0565436719310362,0.746723641694891,"3,2"
"17654","CODto..mg.L. + TSS..mg.L. + UVT.... + CODds..mg.L. + NSEC.Effluent.NH3 + NSEC.Effluent.NO3",0.120219365669272,0.466162867357681,"3,2"
"17655","CODto..mg.L. + TSS..mg.L. + UVT.... + CODds..mg.L. + NSEC.Effluent.NH3 + NSEC.Effluent.OP",0.00892869029400289,0.427847492375944,"3,2"
"17656","CODto..mg.L. + TSS..mg.L. + UVT.... + CODds..mg.L. + NSEC.Effluent.NH3 + NSEC.Effluent.TSS",0.158336126700835,0.63129632454421,"3,2"
"17657","CODto..mg.L. + TSS..mg.L. + UVT.... + CODds..mg.L. + NSEC.Effluent.NH3 + NSEC.Effluent.NO5",0.0462267769582931,0.40798646507439,"3,2"
"17658","CODto..mg.L. + TSS..mg.L. + UVT.... + CODds..mg.L. + NSEC.Effluent.NH3 + NSEC.Effluent.Flow",0.0908689588205061,0.52239566546976,"3,2"
"17659","CODto..mg.L. + TSS..mg.L. + UVT.... + CODds..mg.L. + NSEC.Effluent.NO3 + NSEC.Effluent.OP",0.170025476108658,0.572266390271988,"3,2"
"17660","CODto..mg.L. + TSS..mg.L. + UVT.... + CODds..mg.L. + NSEC.Effluent.NO3 + NSEC.Effluent.TSS",0.123620829791226,0.763884170584279,"3,2"
"17661","CODto..mg.L. + TSS..mg.L. + UVT.... + CODds..mg.L. + NSEC.Effluent.NO3 + NSEC.Effluent.NO5",0.129522955801795,0.517410908367901,"3,2"
"17662","CODto..mg.L. + TSS..mg.L. + UVT.... + CODds..mg.L. + NSEC.Effluent.NO3 + NSEC.Effluent.Flow",0.161860729281549,0.457752061636892,"3,2"
"17663","CODto..mg.L. + TSS..mg.L. + UVT.... + CODds..mg.L. + NSEC.Effluent.OP + NSEC.Effluent.TSS",0.115882899653977,0.586303806092251,"3,2"
"17664","CODto..mg.L. + TSS..mg.L. + UVT.... + CODds..mg.L. + NSEC.Effluent.OP + NSEC.Effluent.NO5",0.0607230501184359,0.417906283722096,"3,2"
"17665","CODto..mg.L. + TSS..mg.L. + UVT.... + CODds..mg.L. + NSEC.Effluent.OP + NSEC.Effluent.Flow",0.128858043366624,0.534125165304269,"3,2"
"17666","CODto..mg.L. + TSS..mg.L. + UVT.... + CODds..mg.L. + NSEC.Effluent.TSS + NSEC.Effluent.NO5",0.198128599550289,0.731138022877425,"3,2"
"17667","CODto..mg.L. + TSS..mg.L. + UVT.... + CODds..mg.L. + NSEC.Effluent.TSS + NSEC.Effluent.Flow",0.303646842970508,0.834898321143973,"3,2"
"17668","CODto..mg.L. + TSS..mg.L. + UVT.... + CODds..mg.L. + NSEC.Effluent.NO5 + NSEC.Effluent.Flow",0.1424119853867,0.53054797519839,"3,2"
"17669","CODto..mg.L. + TSS..mg.L. + UVT.... + SACto..1.m. + NSEC.Aerobic.SRT + NSEC.Effluent.NH3",0.125867326040587,0.724887561373075,"3,2"
"17670","CODto..mg.L. + TSS..mg.L. + UVT.... + SACto..1.m. + NSEC.Aerobic.SRT + NSEC.Effluent.NO3",0.232507033810326,0.717957730351253,"3,2"
"17671","CODto..mg.L. + TSS..mg.L. + UVT.... + SACto..1.m. + NSEC.Aerobic.SRT + NSEC.Effluent.OP",0.0797652176543207,0.628412670976473,"3,2"
"17672","CODto..mg.L. + TSS..mg.L. + UVT.... + SACto..1.m. + NSEC.Aerobic.SRT + NSEC.Effluent.TSS",0.230049747090753,0.747005135749616,"3,2"
"17673","CODto..mg.L. + TSS..mg.L. + UVT.... + SACto..1.m. + NSEC.Aerobic.SRT + NSEC.Effluent.NO5",0.106076939618711,0.636232046203417,"3,2"
"17674","CODto..mg.L. + TSS..mg.L. + UVT.... + SACto..1.m. + NSEC.Aerobic.SRT + NSEC.Effluent.Flow",0.000520561743802439,0.788886311271574,"3,2"
"17675","CODto..mg.L. + TSS..mg.L. + UVT.... + SACto..1.m. + NSEC.Effluent.NH3 + NSEC.Effluent.NO3",0.0775049671886801,0.566324789893082,"3,2"
"17676","CODto..mg.L. + TSS..mg.L. + UVT.... + SACto..1.m. + NSEC.Effluent.NH3 + NSEC.Effluent.OP",0.0762521097528732,0.515208187622172,"3,2"
"17677","CODto..mg.L. + TSS..mg.L. + UVT.... + SACto..1.m. + NSEC.Effluent.NH3 + NSEC.Effluent.TSS",0.0205982200172297,0.69666481801395,"3,2"
"17678","CODto..mg.L. + TSS..mg.L. + UVT.... + SACto..1.m. + NSEC.Effluent.NH3 + NSEC.Effluent.NO5",0.118640523798073,0.499606993274868,"3,2"
"17679","CODto..mg.L. + TSS..mg.L. + UVT.... + SACto..1.m. + NSEC.Effluent.NH3 + NSEC.Effluent.Flow",0.11055979010778,0.459968332699884,"3,2"
"17680","CODto..mg.L. + TSS..mg.L. + UVT.... + SACto..1.m. + NSEC.Effluent.NO3 + NSEC.Effluent.OP",0.0366857521981527,0.506930861899377,"3,2"
"17681","CODto..mg.L. + TSS..mg.L. + UVT.... + SACto..1.m. + NSEC.Effluent.NO3 + NSEC.Effluent.TSS",0.168044795206915,0.683895371531131,"3,2"
"17682","CODto..mg.L. + TSS..mg.L. + UVT.... + SACto..1.m. + NSEC.Effluent.NO3 + NSEC.Effluent.NO5",0.0916284309838244,0.492305634363025,"3,2"
"17683","CODto..mg.L. + TSS..mg.L. + UVT.... + SACto..1.m. + NSEC.Effluent.NO3 + NSEC.Effluent.Flow",0.092357198334273,0.475036252736946,"3,2"
"17684","CODto..mg.L. + TSS..mg.L. + UVT.... + SACto..1.m. + NSEC.Effluent.OP + NSEC.Effluent.TSS",0.137312150331704,0.703778013754771,"3,2"
"17685","CODto..mg.L. + TSS..mg.L. + UVT.... + SACto..1.m. + NSEC.Effluent.OP + NSEC.Effluent.NO5",0.138138015085601,0.412066317926865,"3,2"
"17686","CODto..mg.L. + TSS..mg.L. + UVT.... + SACto..1.m. + NSEC.Effluent.OP + NSEC.Effluent.Flow",0.167981035991131,0.566227085036856,"3,2"
"17687","CODto..mg.L. + TSS..mg.L. + UVT.... + SACto..1.m. + NSEC.Effluent.TSS + NSEC.Effluent.NO5",0.148603917719009,0.606014398520738,"3,2"
"17688","CODto..mg.L. + TSS..mg.L. + UVT.... + SACto..1.m. + NSEC.Effluent.TSS + NSEC.Effluent.Flow",0.22958008960116,0.697901006003865,"3,2"
"17689","CODto..mg.L. + TSS..mg.L. + UVT.... + SACto..1.m. + NSEC.Effluent.NO5 + NSEC.Effluent.Flow",0.104878708542453,0.489481970624412,"3,2"
"17690","CODto..mg.L. + TSS..mg.L. + UVT.... + NSEC.Aerobic.SRT + NSEC.Effluent.NH3 + NSEC.Effluent.NO3",0.0175593680114483,0.438581131803403,"3,2"
"17691","CODto..mg.L. + TSS..mg.L. + UVT.... + NSEC.Aerobic.SRT + NSEC.Effluent.NH3 + NSEC.Effluent.OP",0.0109130385377041,0.728247489892489,"3,2"
"17692","CODto..mg.L. + TSS..mg.L. + UVT.... + NSEC.Aerobic.SRT + NSEC.Effluent.NH3 + NSEC.Effluent.TSS",0.110681536651468,0.599268258752444,"3,2"
"17693","CODto..mg.L. + TSS..mg.L. + UVT.... + NSEC.Aerobic.SRT + NSEC.Effluent.NH3 + NSEC.Effluent.NO5",0.222269726196777,0.74279314615006,"3,2"
"17694","CODto..mg.L. + TSS..mg.L. + UVT.... + NSEC.Aerobic.SRT + NSEC.Effluent.NH3 + NSEC.Effluent.Flow",0.0671017287565578,0.715082721169559,"3,2"
"17695","CODto..mg.L. + TSS..mg.L. + UVT.... + NSEC.Aerobic.SRT + NSEC.Effluent.NO3 + NSEC.Effluent.OP",0.00992881394137757,0.704727566575139,"3,2"
"17696","CODto..mg.L. + TSS..mg.L. + UVT.... + NSEC.Aerobic.SRT + NSEC.Effluent.NO3 + NSEC.Effluent.TSS",0.080359334055351,0.704563016235081,"3,2"
"17697","CODto..mg.L. + TSS..mg.L. + UVT.... + NSEC.Aerobic.SRT + NSEC.Effluent.NO3 + NSEC.Effluent.NO5",0.249459614341034,0.698136932585632,"3,2"
"17698","CODto..mg.L. + TSS..mg.L. + UVT.... + NSEC.Aerobic.SRT + NSEC.Effluent.NO3 + NSEC.Effluent.Flow",0.0350154545194963,0.775813910727331,"3,2"
"17699","CODto..mg.L. + TSS..mg.L. + UVT.... + NSEC.Aerobic.SRT + NSEC.Effluent.OP + NSEC.Effluent.TSS",0.177275466629909,0.690936553108661,"3,2"
"17700","CODto..mg.L. + TSS..mg.L. + UVT.... + NSEC.Aerobic.SRT + NSEC.Effluent.OP + NSEC.Effluent.NO5",0.150306670197777,0.744499052636905,"3,2"
"17701","CODto..mg.L. + TSS..mg.L. + UVT.... + NSEC.Aerobic.SRT + NSEC.Effluent.OP + NSEC.Effluent.Flow",0.012382549598682,0.76427585261483,"3,2"
"17702","CODto..mg.L. + TSS..mg.L. + UVT.... + NSEC.Aerobic.SRT + NSEC.Effluent.TSS + NSEC.Effluent.NO5",0.215681724310087,0.770869393158658,"3,2"
"17703","CODto..mg.L. + TSS..mg.L. + UVT.... + NSEC.Aerobic.SRT + NSEC.Effluent.TSS + NSEC.Effluent.Flow",0.103148886241059,0.598205585607394,"3,2"
"17704","CODto..mg.L. + TSS..mg.L. + UVT.... + NSEC.Aerobic.SRT + NSEC.Effluent.NO5 + NSEC.Effluent.Flow",0.139347096497207,0.553657158233283,"3,2"
"17705","CODto..mg.L. + TSS..mg.L. + UVT.... + NSEC.Effluent.NH3 + NSEC.Effluent.NO3 + NSEC.Effluent.OP",0.145774677814865,0.421947679852025,"3,2"
"17706","CODto..mg.L. + TSS..mg.L. + UVT.... + NSEC.Effluent.NH3 + NSEC.Effluent.NO3 + NSEC.Effluent.TSS",0.0492415045367978,0.676655347819321,"3,2"
"17707","CODto..mg.L. + TSS..mg.L. + UVT.... + NSEC.Effluent.NH3 + NSEC.Effluent.NO3 + NSEC.Effluent.NO5",0.103634466458758,0.488139879435977,"3,2"
"17708","CODto..mg.L. + TSS..mg.L. + UVT.... + NSEC.Effluent.NH3 + NSEC.Effluent.NO3 + NSEC.Effluent.Flow",0.165430024253851,0.474565087139646,"3,2"
"17709","CODto..mg.L. + TSS..mg.L. + UVT.... + NSEC.Effluent.NH3 + NSEC.Effluent.OP + NSEC.Effluent.TSS",0.170559030304499,0.659140898880739,"3,2"
"17710","CODto..mg.L. + TSS..mg.L. + UVT.... + NSEC.Effluent.NH3 + NSEC.Effluent.OP + NSEC.Effluent.NO5",0.107476181744057,0.56467022775345,"3,2"
"17711","CODto..mg.L. + TSS..mg.L. + UVT.... + NSEC.Effluent.NH3 + NSEC.Effluent.OP + NSEC.Effluent.Flow",0.208289291393396,0.513758337862018,"3,2"
"17712","CODto..mg.L. + TSS..mg.L. + UVT.... + NSEC.Effluent.NH3 + NSEC.Effluent.TSS + NSEC.Effluent.NO5",0.0586843856300774,0.695863362198815,"3,2"
"17713","CODto..mg.L. + TSS..mg.L. + UVT.... + NSEC.Effluent.NH3 + NSEC.Effluent.TSS + NSEC.Effluent.Flow",0.293396029469352,0.695068585721934,"3,2"
"17714","CODto..mg.L. + TSS..mg.L. + UVT.... + NSEC.Effluent.NH3 + NSEC.Effluent.NO5 + NSEC.Effluent.Flow",0.0838943417590856,0.534503839983586,"3,2"
"17715","CODto..mg.L. + TSS..mg.L. + UVT.... + NSEC.Effluent.NO3 + NSEC.Effluent.OP + NSEC.Effluent.TSS",0.184926387728951,0.745978337046822,"3,2"
"17716","CODto..mg.L. + TSS..mg.L. + UVT.... + NSEC.Effluent.NO3 + NSEC.Effluent.OP + NSEC.Effluent.NO5",0.0339126456485901,0.528091957910893,"3,2"
"17717","CODto..mg.L. + TSS..mg.L. + UVT.... + NSEC.Effluent.NO3 + NSEC.Effluent.OP + NSEC.Effluent.Flow",0.173969177083577,0.560229085003367,"3,2"
"17718","CODto..mg.L. + TSS..mg.L. + UVT.... + NSEC.Effluent.NO3 + NSEC.Effluent.TSS + NSEC.Effluent.NO5",0.188083568531305,0.693419727389019,"3,2"
"17719","CODto..mg.L. + TSS..mg.L. + UVT.... + NSEC.Effluent.NO3 + NSEC.Effluent.TSS + NSEC.Effluent.Flow",0.242445164270165,0.729287262432265,"3,2"
"17720","CODto..mg.L. + TSS..mg.L. + UVT.... + NSEC.Effluent.NO3 + NSEC.Effluent.NO5 + NSEC.Effluent.Flow",0.159768248312161,0.548446190149048,"3,2"
"17721","CODto..mg.L. + TSS..mg.L. + UVT.... + NSEC.Effluent.OP + NSEC.Effluent.TSS + NSEC.Effluent.NO5",0.14393874291351,0.71473149861273,"3,2"
"17722","CODto..mg.L. + TSS..mg.L. + UVT.... + NSEC.Effluent.OP + NSEC.Effluent.TSS + NSEC.Effluent.Flow",0.109208580084108,0.64705445819434,"3,2"
"17723","CODto..mg.L. + TSS..mg.L. + UVT.... + NSEC.Effluent.OP + NSEC.Effluent.NO5 + NSEC.Effluent.Flow",0.171416281361546,0.686615489453495,"3,2"
"17724","CODto..mg.L. + TSS..mg.L. + UVT.... + NSEC.Effluent.TSS + NSEC.Effluent.NO5 + NSEC.Effluent.Flow",0.224372909430978,0.767825798316215,"3,2"
"17725","CODto..mg.L. + TSS..mg.L. + CODds..mg.L. + SACto..1.m. + NSEC.Aerobic.SRT + NSEC.Effluent.NH3",0.0985093220669442,0.715432623881675,"3,2"
"17726","CODto..mg.L. + TSS..mg.L. + CODds..mg.L. + SACto..1.m. + NSEC.Aerobic.SRT + NSEC.Effluent.NO3",0.0599513008247086,0.755278466033901,"3,2"
"17727","CODto..mg.L. + TSS..mg.L. + CODds..mg.L. + SACto..1.m. + NSEC.Aerobic.SRT + NSEC.Effluent.OP",0.157688943670184,0.700895138244575,"3,2"
"17728","CODto..mg.L. + TSS..mg.L. + CODds..mg.L. + SACto..1.m. + NSEC.Aerobic.SRT + NSEC.Effluent.TSS",0.118992355326991,0.724207346715902,"3,2"
"17729","CODto..mg.L. + TSS..mg.L. + CODds..mg.L. + SACto..1.m. + NSEC.Aerobic.SRT + NSEC.Effluent.NO5",0.0998162636123154,0.570998913762508,"3,2"
"17730","CODto..mg.L. + TSS..mg.L. + CODds..mg.L. + SACto..1.m. + NSEC.Aerobic.SRT + NSEC.Effluent.Flow",0.0147001312292079,0.754218807415241,"3,2"
"17731","CODto..mg.L. + TSS..mg.L. + CODds..mg.L. + SACto..1.m. + NSEC.Effluent.NH3 + NSEC.Effluent.NO3",0.16068122258975,0.393521730984824,"3,2"
"17732","CODto..mg.L. + TSS..mg.L. + CODds..mg.L. + SACto..1.m. + NSEC.Effluent.NH3 + NSEC.Effluent.OP",0.0736215167867373,0.382814799824215,"3,2"
"17733","CODto..mg.L. + TSS..mg.L. + CODds..mg.L. + SACto..1.m. + NSEC.Effluent.NH3 + NSEC.Effluent.TSS",0.150591091253509,0.71788367913866,"3,2"
"17734","CODto..mg.L. + TSS..mg.L. + CODds..mg.L. + SACto..1.m. + NSEC.Effluent.NH3 + NSEC.Effluent.NO5",0.118308300460693,0.473829166667283,"3,2"
"17735","CODto..mg.L. + TSS..mg.L. + CODds..mg.L. + SACto..1.m. + NSEC.Effluent.NH3 + NSEC.Effluent.Flow",0.13159996985776,0.451744930021487,"3,2"
"17736","CODto..mg.L. + TSS..mg.L. + CODds..mg.L. + SACto..1.m. + NSEC.Effluent.NO3 + NSEC.Effluent.OP",0.163265179605545,0.441641521182215,"3,2"
"17737","CODto..mg.L. + TSS..mg.L. + CODds..mg.L. + SACto..1.m. + NSEC.Effluent.NO3 + NSEC.Effluent.TSS",0.160435724186456,0.655084484987197,"3,2"
"17738","CODto..mg.L. + TSS..mg.L. + CODds..mg.L. + SACto..1.m. + NSEC.Effluent.NO3 + NSEC.Effluent.NO5",0.17273235262112,0.515618011572519,"3,2"
"17739","CODto..mg.L. + TSS..mg.L. + CODds..mg.L. + SACto..1.m. + NSEC.Effluent.NO3 + NSEC.Effluent.Flow",0.201274722089145,0.482823634946159,"3,2"
"17740","CODto..mg.L. + TSS..mg.L. + CODds..mg.L. + SACto..1.m. + NSEC.Effluent.OP + NSEC.Effluent.TSS",0.0581170932552977,0.674465947871819,"3,2"
"17741","CODto..mg.L. + TSS..mg.L. + CODds..mg.L. + SACto..1.m. + NSEC.Effluent.OP + NSEC.Effluent.NO5",0.145071384679976,0.526256658274965,"3,2"
"17742","CODto..mg.L. + TSS..mg.L. + CODds..mg.L. + SACto..1.m. + NSEC.Effluent.OP + NSEC.Effluent.Flow",0.0681822194084345,0.527753356428015,"3,2"
"17743","CODto..mg.L. + TSS..mg.L. + CODds..mg.L. + SACto..1.m. + NSEC.Effluent.TSS + NSEC.Effluent.NO5",0.17400059433045,0.63296620991897,"3,2"
"17744","CODto..mg.L. + TSS..mg.L. + CODds..mg.L. + SACto..1.m. + NSEC.Effluent.TSS + NSEC.Effluent.Flow",0.16257529758642,0.728335490144287,"3,2"
"17745","CODto..mg.L. + TSS..mg.L. + CODds..mg.L. + SACto..1.m. + NSEC.Effluent.NO5 + NSEC.Effluent.Flow",0.159773097189374,0.562880507167633,"3,2"
"17746","CODto..mg.L. + TSS..mg.L. + CODds..mg.L. + NSEC.Aerobic.SRT + NSEC.Effluent.NH3 + NSEC.Effluent.NO3",0.187399028041675,0.742050922549052,"3,2"
"17747","CODto..mg.L. + TSS..mg.L. + CODds..mg.L. + NSEC.Aerobic.SRT + NSEC.Effluent.NH3 + NSEC.Effluent.OP",0.0211013815547703,0.678707257708481,"3,2"
"17748","CODto..mg.L. + TSS..mg.L. + CODds..mg.L. + NSEC.Aerobic.SRT + NSEC.Effluent.NH3 + NSEC.Effluent.TSS",0.135904782925716,0.697660218398394,"3,2"
"17749","CODto..mg.L. + TSS..mg.L. + CODds..mg.L. + NSEC.Aerobic.SRT + NSEC.Effluent.NH3 + NSEC.Effluent.NO5",0.1340862916027,0.62672813712472,"3,2"
"17750","CODto..mg.L. + TSS..mg.L. + CODds..mg.L. + NSEC.Aerobic.SRT + NSEC.Effluent.NH3 + NSEC.Effluent.Flow",0.17830965512279,0.645447785234312,"3,2"
"17751","CODto..mg.L. + TSS..mg.L. + CODds..mg.L. + NSEC.Aerobic.SRT + NSEC.Effluent.NO3 + NSEC.Effluent.OP",0.151720978503965,0.774641882873227,"3,2"
"17752","CODto..mg.L. + TSS..mg.L. + CODds..mg.L. + NSEC.Aerobic.SRT + NSEC.Effluent.NO3 + NSEC.Effluent.TSS",0.0248668955651705,0.766873929726082,"3,2"
"17753","CODto..mg.L. + TSS..mg.L. + CODds..mg.L. + NSEC.Aerobic.SRT + NSEC.Effluent.NO3 + NSEC.Effluent.NO5",0.116573039569446,0.719686119650766,"3,2"
"17754","CODto..mg.L. + TSS..mg.L. + CODds..mg.L. + NSEC.Aerobic.SRT + NSEC.Effluent.NO3 + NSEC.Effluent.Flow",0.0100153249715449,0.742817452173007,"3,2"
"17755","CODto..mg.L. + TSS..mg.L. + CODds..mg.L. + NSEC.Aerobic.SRT + NSEC.Effluent.OP + NSEC.Effluent.TSS",0.154175213118974,0.681195713839672,"3,2"
"17756","CODto..mg.L. + TSS..mg.L. + CODds..mg.L. + NSEC.Aerobic.SRT + NSEC.Effluent.OP + NSEC.Effluent.NO5",0.0630111577457244,0.53324424230683,"3,2"
"17757","CODto..mg.L. + TSS..mg.L. + CODds..mg.L. + NSEC.Aerobic.SRT + NSEC.Effluent.OP + NSEC.Effluent.Flow",0.0130145258532335,0.729052975409266,"3,2"
"17758","CODto..mg.L. + TSS..mg.L. + CODds..mg.L. + NSEC.Aerobic.SRT + NSEC.Effluent.TSS + NSEC.Effluent.NO5",0.0117231249223455,0.734538177389343,"3,2"
"17759","CODto..mg.L. + TSS..mg.L. + CODds..mg.L. + NSEC.Aerobic.SRT + NSEC.Effluent.TSS + NSEC.Effluent.Flow",0.0680936585763112,0.802128594009558,"3,2"
"17760","CODto..mg.L. + TSS..mg.L. + CODds..mg.L. + NSEC.Aerobic.SRT + NSEC.Effluent.NO5 + NSEC.Effluent.Flow",0.134948929124842,0.641522383591052,"3,2"
"17761","CODto..mg.L. + TSS..mg.L. + CODds..mg.L. + NSEC.Effluent.NH3 + NSEC.Effluent.NO3 + NSEC.Effluent.OP",0.142737958135344,0.53815707686457,"3,2"
"17762","CODto..mg.L. + TSS..mg.L. + CODds..mg.L. + NSEC.Effluent.NH3 + NSEC.Effluent.NO3 + NSEC.Effluent.TSS",0.161401957616134,0.730809110930931,"3,2"
"17763","CODto..mg.L. + TSS..mg.L. + CODds..mg.L. + NSEC.Effluent.NH3 + NSEC.Effluent.NO3 + NSEC.Effluent.NO5",0.18462730985559,0.493853458106068,"3,2"
"17764","CODto..mg.L. + TSS..mg.L. + CODds..mg.L. + NSEC.Effluent.NH3 + NSEC.Effluent.NO3 + NSEC.Effluent.Flow",0.198980412364832,0.506863194898638,"3,2"
"17765","CODto..mg.L. + TSS..mg.L. + CODds..mg.L. + NSEC.Effluent.NH3 + NSEC.Effluent.OP + NSEC.Effluent.TSS",0.173475311254452,0.618584099409117,"3,2"
"17766","CODto..mg.L. + TSS..mg.L. + CODds..mg.L. + NSEC.Effluent.NH3 + NSEC.Effluent.OP + NSEC.Effluent.NO5",0.182013415072007,0.667920757103395,"3,2"
"17767","CODto..mg.L. + TSS..mg.L. + CODds..mg.L. + NSEC.Effluent.NH3 + NSEC.Effluent.OP + NSEC.Effluent.Flow",0.030612911952872,0.564171589339588,"3,2"
"17768","CODto..mg.L. + TSS..mg.L. + CODds..mg.L. + NSEC.Effluent.NH3 + NSEC.Effluent.TSS + NSEC.Effluent.NO5",0.132592199209113,0.629164049072689,"3,2"
"17769","CODto..mg.L. + TSS..mg.L. + CODds..mg.L. + NSEC.Effluent.NH3 + NSEC.Effluent.TSS + NSEC.Effluent.Flow",0.261081431821836,0.767805128208569,"3,2"
"17770","CODto..mg.L. + TSS..mg.L. + CODds..mg.L. + NSEC.Effluent.NH3 + NSEC.Effluent.NO5 + NSEC.Effluent.Flow",0.193792232059202,0.570486615931096,"3,2"
"17771","CODto..mg.L. + TSS..mg.L. + CODds..mg.L. + NSEC.Effluent.NO3 + NSEC.Effluent.OP + NSEC.Effluent.TSS",0.120260310034199,0.635110137096066,"3,2"
"17772","CODto..mg.L. + TSS..mg.L. + CODds..mg.L. + NSEC.Effluent.NO3 + NSEC.Effluent.OP + NSEC.Effluent.NO5",0.218200160147165,0.531221736494317,"3,2"
"17773","CODto..mg.L. + TSS..mg.L. + CODds..mg.L. + NSEC.Effluent.NO3 + NSEC.Effluent.OP + NSEC.Effluent.Flow",0.148404936246582,0.498336550641889,"3,2"
"17774","CODto..mg.L. + TSS..mg.L. + CODds..mg.L. + NSEC.Effluent.NO3 + NSEC.Effluent.TSS + NSEC.Effluent.NO5",0.251643961937498,0.682142472306598,"3,2"
"17775","CODto..mg.L. + TSS..mg.L. + CODds..mg.L. + NSEC.Effluent.NO3 + NSEC.Effluent.TSS + NSEC.Effluent.Flow",0.102554016216218,0.774996653516287,"3,2"
"17776","CODto..mg.L. + TSS..mg.L. + CODds..mg.L. + NSEC.Effluent.NO3 + NSEC.Effluent.NO5 + NSEC.Effluent.Flow",0.261456146858255,0.561525769742943,"3,2"
"17777","CODto..mg.L. + TSS..mg.L. + CODds..mg.L. + NSEC.Effluent.OP + NSEC.Effluent.TSS + NSEC.Effluent.NO5",0.172042184707289,0.681500368116231,"3,2"
"17778","CODto..mg.L. + TSS..mg.L. + CODds..mg.L. + NSEC.Effluent.OP + NSEC.Effluent.TSS + NSEC.Effluent.Flow",0.0981718479688869,0.794889689183022,"3,2"
"17779","CODto..mg.L. + TSS..mg.L. + CODds..mg.L. + NSEC.Effluent.OP + NSEC.Effluent.NO5 + NSEC.Effluent.Flow",0.210225932204377,0.525787145303345,"3,2"
"17780","CODto..mg.L. + TSS..mg.L. + CODds..mg.L. + NSEC.Effluent.TSS + NSEC.Effluent.NO5 + NSEC.Effluent.Flow",0.237857727072306,0.727907914565185,"3,2"
"17781","CODto..mg.L. + TSS..mg.L. + SACto..1.m. + NSEC.Aerobic.SRT + NSEC.Effluent.NH3 + NSEC.Effluent.NO3",0.312122833679413,0.629264474414603,"3,2"
"17782","CODto..mg.L. + TSS..mg.L. + SACto..1.m. + NSEC.Aerobic.SRT + NSEC.Effluent.NH3 + NSEC.Effluent.OP",0.0736715508856665,0.562266588471633,"3,2"
"17783","CODto..mg.L. + TSS..mg.L. + SACto..1.m. + NSEC.Aerobic.SRT + NSEC.Effluent.NH3 + NSEC.Effluent.TSS",0.0696942174301878,0.768532020312838,"3,2"
"17784","CODto..mg.L. + TSS..mg.L. + SACto..1.m. + NSEC.Aerobic.SRT + NSEC.Effluent.NH3 + NSEC.Effluent.NO5",0.109777464454262,0.714501966588413,"3,2"
"17785","CODto..mg.L. + TSS..mg.L. + SACto..1.m. + NSEC.Aerobic.SRT + NSEC.Effluent.NH3 + NSEC.Effluent.Flow",0.0126232525992016,0.75474655752839,"3,2"
"17786","CODto..mg.L. + TSS..mg.L. + SACto..1.m. + NSEC.Aerobic.SRT + NSEC.Effluent.NO3 + NSEC.Effluent.OP",0.0296698639098687,0.65422745110065,"3,2"
"17787","CODto..mg.L. + TSS..mg.L. + SACto..1.m. + NSEC.Aerobic.SRT + NSEC.Effluent.NO3 + NSEC.Effluent.TSS",0.128325484014413,0.687280556268573,"3,2"
"17788","CODto..mg.L. + TSS..mg.L. + SACto..1.m. + NSEC.Aerobic.SRT + NSEC.Effluent.NO3 + NSEC.Effluent.NO5",0.111522400495444,0.706874820252789,"3,2"
"17789","CODto..mg.L. + TSS..mg.L. + SACto..1.m. + NSEC.Aerobic.SRT + NSEC.Effluent.NO3 + NSEC.Effluent.Flow",0.0916990069906212,0.615980212062218,"3,2"
"17790","CODto..mg.L. + TSS..mg.L. + SACto..1.m. + NSEC.Aerobic.SRT + NSEC.Effluent.OP + NSEC.Effluent.TSS",0.0512377754933817,0.722440069864358,"3,2"
"17791","CODto..mg.L. + TSS..mg.L. + SACto..1.m. + NSEC.Aerobic.SRT + NSEC.Effluent.OP + NSEC.Effluent.NO5",0.0999942309660993,0.710130310296635,"3,2"
"17792","CODto..mg.L. + TSS..mg.L. + SACto..1.m. + NSEC.Aerobic.SRT + NSEC.Effluent.OP + NSEC.Effluent.Flow",0.0541382135479818,0.758310125524179,"3,2"
"17793","CODto..mg.L. + TSS..mg.L. + SACto..1.m. + NSEC.Aerobic.SRT + NSEC.Effluent.TSS + NSEC.Effluent.NO5",0.100019792503978,0.705477458850294,"3,2"
"17794","CODto..mg.L. + TSS..mg.L. + SACto..1.m. + NSEC.Aerobic.SRT + NSEC.Effluent.TSS + NSEC.Effluent.Flow",0.082365997145657,0.798576754598595,"3,2"
"17795","CODto..mg.L. + TSS..mg.L. + SACto..1.m. + NSEC.Aerobic.SRT + NSEC.Effluent.NO5 + NSEC.Effluent.Flow",0.217105671859168,0.764409989342375,"3,2"
"17796","CODto..mg.L. + TSS..mg.L. + SACto..1.m. + NSEC.Effluent.NH3 + NSEC.Effluent.NO3 + NSEC.Effluent.OP",0.0440222509350869,0.509622438643863,"3,2"
"17797","CODto..mg.L. + TSS..mg.L. + SACto..1.m. + NSEC.Effluent.NH3 + NSEC.Effluent.NO3 + NSEC.Effluent.TSS",0.16859476712969,0.687238747941665,"3,2"
"17798","CODto..mg.L. + TSS..mg.L. + SACto..1.m. + NSEC.Effluent.NH3 + NSEC.Effluent.NO3 + NSEC.Effluent.NO5",0.20260784114258,0.525401423006108,"3,2"
"17799","CODto..mg.L. + TSS..mg.L. + SACto..1.m. + NSEC.Effluent.NH3 + NSEC.Effluent.NO3 + NSEC.Effluent.Flow",0.175724314535403,0.506810152899638,"3,2"
"17800","CODto..mg.L. + TSS..mg.L. + SACto..1.m. + NSEC.Effluent.NH3 + NSEC.Effluent.OP + NSEC.Effluent.TSS",0.0987248650605772,0.760776898291648,"3,2"
"17801","CODto..mg.L. + TSS..mg.L. + SACto..1.m. + NSEC.Effluent.NH3 + NSEC.Effluent.OP + NSEC.Effluent.NO5",0.00698412436734008,0.602323405727912,"3,2"
"17802","CODto..mg.L. + TSS..mg.L. + SACto..1.m. + NSEC.Effluent.NH3 + NSEC.Effluent.OP + NSEC.Effluent.Flow",0.150150270864526,0.499990576327937,"3,2"
"17803","CODto..mg.L. + TSS..mg.L. + SACto..1.m. + NSEC.Effluent.NH3 + NSEC.Effluent.TSS + NSEC.Effluent.NO5",0.203801569254575,0.551281855555319,"3,2"
"17804","CODto..mg.L. + TSS..mg.L. + SACto..1.m. + NSEC.Effluent.NH3 + NSEC.Effluent.TSS + NSEC.Effluent.Flow",0.232767021893104,0.625827849215,"3,2"
"17805","CODto..mg.L. + TSS..mg.L. + SACto..1.m. + NSEC.Effluent.NH3 + NSEC.Effluent.NO5 + NSEC.Effluent.Flow",0.114866545348779,0.474954898308776,"3,2"
"17806","CODto..mg.L. + TSS..mg.L. + SACto..1.m. + NSEC.Effluent.NO3 + NSEC.Effluent.OP + NSEC.Effluent.TSS",0.139258506352826,0.745453963229675,"3,2"
"17807","CODto..mg.L. + TSS..mg.L. + SACto..1.m. + NSEC.Effluent.NO3 + NSEC.Effluent.OP + NSEC.Effluent.NO5",0.0194966866884285,0.609820793006187,"3,2"
"17808","CODto..mg.L. + TSS..mg.L. + SACto..1.m. + NSEC.Effluent.NO3 + NSEC.Effluent.OP + NSEC.Effluent.Flow",0.189671423998739,0.526283606495468,"3,2"
"17809","CODto..mg.L. + TSS..mg.L. + SACto..1.m. + NSEC.Effluent.NO3 + NSEC.Effluent.TSS + NSEC.Effluent.NO5",0.210272036114482,0.718042345985817,"3,2"
"17810","CODto..mg.L. + TSS..mg.L. + SACto..1.m. + NSEC.Effluent.NO3 + NSEC.Effluent.TSS + NSEC.Effluent.Flow",0.19835326966852,0.751469543858374,"3,2"
"17811","CODto..mg.L. + TSS..mg.L. + SACto..1.m. + NSEC.Effluent.NO3 + NSEC.Effluent.NO5 + NSEC.Effluent.Flow",0.129977211293393,0.522412622443161,"3,2"
"17812","CODto..mg.L. + TSS..mg.L. + SACto..1.m. + NSEC.Effluent.OP + NSEC.Effluent.TSS + NSEC.Effluent.NO5",0.0172526329848222,0.629872253447141,"3,2"
"17813","CODto..mg.L. + TSS..mg.L. + SACto..1.m. + NSEC.Effluent.OP + NSEC.Effluent.TSS + NSEC.Effluent.Flow",0.240851882504655,0.758910922812304,"3,2"
"17814","CODto..mg.L. + TSS..mg.L. + SACto..1.m. + NSEC.Effluent.OP + NSEC.Effluent.NO5 + NSEC.Effluent.Flow",0.117805644204512,0.595330351587771,"3,2"
"17815","CODto..mg.L. + TSS..mg.L. + SACto..1.m. + NSEC.Effluent.TSS + NSEC.Effluent.NO5 + NSEC.Effluent.Flow",0.250120831875169,0.727144369566715,"3,2"
"17816","CODto..mg.L. + TSS..mg.L. + NSEC.Aerobic.SRT + NSEC.Effluent.NH3 + NSEC.Effluent.NO3 + NSEC.Effluent.OP",0.0353392039728444,0.743633992097227,"3,2"
"17817","CODto..mg.L. + TSS..mg.L. + NSEC.Aerobic.SRT + NSEC.Effluent.NH3 + NSEC.Effluent.NO3 + NSEC.Effluent.TSS",0.0377087980659332,0.770448906760582,"3,2"
"17818","CODto..mg.L. + TSS..mg.L. + NSEC.Aerobic.SRT + NSEC.Effluent.NH3 + NSEC.Effluent.NO3 + NSEC.Effluent.NO5",0.0192245799547748,0.721191705308209,"3,2"
"17819","CODto..mg.L. + TSS..mg.L. + NSEC.Aerobic.SRT + NSEC.Effluent.NH3 + NSEC.Effluent.NO3 + NSEC.Effluent.Flow",0.108175336856247,0.66078624282005,"3,2"
"17820","CODto..mg.L. + TSS..mg.L. + NSEC.Aerobic.SRT + NSEC.Effluent.NH3 + NSEC.Effluent.OP + NSEC.Effluent.TSS",0.0973268403898597,0.731432307567008,"3,2"
"17821","CODto..mg.L. + TSS..mg.L. + NSEC.Aerobic.SRT + NSEC.Effluent.NH3 + NSEC.Effluent.OP + NSEC.Effluent.NO5",0.162272078991768,0.706850115482807,"3,2"
"17822","CODto..mg.L. + TSS..mg.L. + NSEC.Aerobic.SRT + NSEC.Effluent.NH3 + NSEC.Effluent.OP + NSEC.Effluent.Flow",0.26819113369997,0.798034389891427,"3,2"
"17823","CODto..mg.L. + TSS..mg.L. + NSEC.Aerobic.SRT + NSEC.Effluent.NH3 + NSEC.Effluent.TSS + NSEC.Effluent.NO5",0.0950300065779102,0.681021048115705,"3,2"
"17824","CODto..mg.L. + TSS..mg.L. + NSEC.Aerobic.SRT + NSEC.Effluent.NH3 + NSEC.Effluent.TSS + NSEC.Effluent.Flow",0.0872605947708742,0.595362599016719,"3,2"
"17825","CODto..mg.L. + TSS..mg.L. + NSEC.Aerobic.SRT + NSEC.Effluent.NH3 + NSEC.Effluent.NO5 + NSEC.Effluent.Flow",0.0475400242366222,0.760533497089113,"3,2"
"17826","CODto..mg.L. + TSS..mg.L. + NSEC.Aerobic.SRT + NSEC.Effluent.NO3 + NSEC.Effluent.OP + NSEC.Effluent.TSS",0.294900235452929,0.786535516729788,"3,2"
"17827","CODto..mg.L. + TSS..mg.L. + NSEC.Aerobic.SRT + NSEC.Effluent.NO3 + NSEC.Effluent.OP + NSEC.Effluent.NO5",0.0200870901432353,0.722119899607308,"3,2"
"17828","CODto..mg.L. + TSS..mg.L. + NSEC.Aerobic.SRT + NSEC.Effluent.NO3 + NSEC.Effluent.OP + NSEC.Effluent.Flow",0.132699660274606,0.790496955046863,"3,2"
"17829","CODto..mg.L. + TSS..mg.L. + NSEC.Aerobic.SRT + NSEC.Effluent.NO3 + NSEC.Effluent.TSS + NSEC.Effluent.NO5",0.0908318700494637,0.565173570043079,"3,2"
"17830","CODto..mg.L. + TSS..mg.L. + NSEC.Aerobic.SRT + NSEC.Effluent.NO3 + NSEC.Effluent.TSS + NSEC.Effluent.Flow",0.0482837204636817,0.810645510009128,"3,2"
"17831","CODto..mg.L. + TSS..mg.L. + NSEC.Aerobic.SRT + NSEC.Effluent.NO3 + NSEC.Effluent.NO5 + NSEC.Effluent.Flow",0.189318073792303,0.787746648146169,"3,2"
"17832","CODto..mg.L. + TSS..mg.L. + NSEC.Aerobic.SRT + NSEC.Effluent.OP + NSEC.Effluent.TSS + NSEC.Effluent.NO5",0.0773937055529474,0.663443732988318,"3,2"
"17833","CODto..mg.L. + TSS..mg.L. + NSEC.Aerobic.SRT + NSEC.Effluent.OP + NSEC.Effluent.TSS + NSEC.Effluent.Flow",0.0794077726532434,0.780539790078614,"3,2"
"17834","CODto..mg.L. + TSS..mg.L. + NSEC.Aerobic.SRT + NSEC.Effluent.OP + NSEC.Effluent.NO5 + NSEC.Effluent.Flow",0.0566026490465741,0.78903410923987,"3,2"
"17835","CODto..mg.L. + TSS..mg.L. + NSEC.Aerobic.SRT + NSEC.Effluent.TSS + NSEC.Effluent.NO5 + NSEC.Effluent.Flow",0.0566887091824524,0.7919973274466,"3,2"
"17836","CODto..mg.L. + TSS..mg.L. + NSEC.Effluent.NH3 + NSEC.Effluent.NO3 + NSEC.Effluent.OP + NSEC.Effluent.TSS",0.0818900141247623,0.694892895662676,"3,2"
"17837","CODto..mg.L. + TSS..mg.L. + NSEC.Effluent.NH3 + NSEC.Effluent.NO3 + NSEC.Effluent.OP + NSEC.Effluent.NO5",0.0333960552819572,0.574584054824614,"3,2"
"17838","CODto..mg.L. + TSS..mg.L. + NSEC.Effluent.NH3 + NSEC.Effluent.NO3 + NSEC.Effluent.OP + NSEC.Effluent.Flow",0.0949474138472035,0.602678122469351,"3,2"
"17839","CODto..mg.L. + TSS..mg.L. + NSEC.Effluent.NH3 + NSEC.Effluent.NO3 + NSEC.Effluent.TSS + NSEC.Effluent.NO5",0.190136547185169,0.639864859936312,"3,2"
"17840","CODto..mg.L. + TSS..mg.L. + NSEC.Effluent.NH3 + NSEC.Effluent.NO3 + NSEC.Effluent.TSS + NSEC.Effluent.Flow",0.396120845159095,0.763365817624746,"3,2"
"17841","CODto..mg.L. + TSS..mg.L. + NSEC.Effluent.NH3 + NSEC.Effluent.NO3 + NSEC.Effluent.NO5 + NSEC.Effluent.Flow",0.0368040668055636,0.603937508006949,"3,2"
"17842","CODto..mg.L. + TSS..mg.L. + NSEC.Effluent.NH3 + NSEC.Effluent.OP + NSEC.Effluent.TSS + NSEC.Effluent.NO5",0.20413464712781,0.682770020647326,"3,2"
"17843","CODto..mg.L. + TSS..mg.L. + NSEC.Effluent.NH3 + NSEC.Effluent.OP + NSEC.Effluent.TSS + NSEC.Effluent.Flow",0.266200479238765,0.74491185156258,"3,2"
"17844","CODto..mg.L. + TSS..mg.L. + NSEC.Effluent.NH3 + NSEC.Effluent.OP + NSEC.Effluent.NO5 + NSEC.Effluent.Flow",0.258231147325524,0.606260965138915,"3,2"
"17845","CODto..mg.L. + TSS..mg.L. + NSEC.Effluent.NH3 + NSEC.Effluent.TSS + NSEC.Effluent.NO5 + NSEC.Effluent.Flow",0.430451128424314,0.76422464326398,"3,2"
"17846","CODto..mg.L. + TSS..mg.L. + NSEC.Effluent.NO3 + NSEC.Effluent.OP + NSEC.Effluent.TSS + NSEC.Effluent.NO5",0.107934364841439,0.699428558766369,"3,2"
"17847","CODto..mg.L. + TSS..mg.L. + NSEC.Effluent.NO3 + NSEC.Effluent.OP + NSEC.Effluent.TSS + NSEC.Effluent.Flow",0.267362040012582,0.751635579539664,"3,2"
"17848","CODto..mg.L. + TSS..mg.L. + NSEC.Effluent.NO3 + NSEC.Effluent.OP + NSEC.Effluent.NO5 + NSEC.Effluent.Flow",0.148918236600649,0.539902805511714,"3,2"
"17849","CODto..mg.L. + TSS..mg.L. + NSEC.Effluent.NO3 + NSEC.Effluent.TSS + NSEC.Effluent.NO5 + NSEC.Effluent.Flow",0.202566799448052,0.672267178386213,"3,2"
"17850","CODto..mg.L. + TSS..mg.L. + NSEC.Effluent.OP + NSEC.Effluent.TSS + NSEC.Effluent.NO5 + NSEC.Effluent.Flow",0.0518762431221522,0.666042894261616,"3,2"
"17851","CODto..mg.L. + UVT.... + CODds..mg.L. + SACto..1.m. + NSEC.Aerobic.SRT + NSEC.Effluent.NH3",0.0118923396124453,0.62501730319437,"3,2"
"17852","CODto..mg.L. + UVT.... + CODds..mg.L. + SACto..1.m. + NSEC.Aerobic.SRT + NSEC.Effluent.NO3",0.177004606897108,0.706967310093153,"3,2"
"17853","CODto..mg.L. + UVT.... + CODds..mg.L. + SACto..1.m. + NSEC.Aerobic.SRT + NSEC.Effluent.OP",0.106494882087363,0.566212738187229,"3,2"
"17854","CODto..mg.L. + UVT.... + CODds..mg.L. + SACto..1.m. + NSEC.Aerobic.SRT + NSEC.Effluent.TSS",0.151588180316727,0.704750359600238,"3,2"
"17855","CODto..mg.L. + UVT.... + CODds..mg.L. + SACto..1.m. + NSEC.Aerobic.SRT + NSEC.Effluent.NO5",0.190458032890895,0.597453420013784,"3,2"
"17856","CODto..mg.L. + UVT.... + CODds..mg.L. + SACto..1.m. + NSEC.Aerobic.SRT + NSEC.Effluent.Flow",0.0226427617707681,0.738350436848165,"3,2"
"17857","CODto..mg.L. + UVT.... + CODds..mg.L. + SACto..1.m. + NSEC.Effluent.NH3 + NSEC.Effluent.NO3",0.0747964217417387,0.428615847480283,"3,2"
"17858","CODto..mg.L. + UVT.... + CODds..mg.L. + SACto..1.m. + NSEC.Effluent.NH3 + NSEC.Effluent.OP",0.0663422954616171,0.36506944559989,"3,2"
"17859","CODto..mg.L. + UVT.... + CODds..mg.L. + SACto..1.m. + NSEC.Effluent.NH3 + NSEC.Effluent.TSS",0.0355590066124924,0.626817624919472,"3,2"
"17860","CODto..mg.L. + UVT.... + CODds..mg.L. + SACto..1.m. + NSEC.Effluent.NH3 + NSEC.Effluent.NO5",0.157168886828042,0.501977183332568,"3,2"
"17861","CODto..mg.L. + UVT.... + CODds..mg.L. + SACto..1.m. + NSEC.Effluent.NH3 + NSEC.Effluent.Flow",0.0987975557211551,0.422825967544263,"3,2"
"17862","CODto..mg.L. + UVT.... + CODds..mg.L. + SACto..1.m. + NSEC.Effluent.NO3 + NSEC.Effluent.OP",0.128693261313091,0.455683606606207,"3,2"
"17863","CODto..mg.L. + UVT.... + CODds..mg.L. + SACto..1.m. + NSEC.Effluent.NO3 + NSEC.Effluent.TSS",0.190327864456977,0.644752876117328,"3,2"
"17864","CODto..mg.L. + UVT.... + CODds..mg.L. + SACto..1.m. + NSEC.Effluent.NO3 + NSEC.Effluent.NO5",0.130771567614923,0.560729592776837,"3,2"
"17865","CODto..mg.L. + UVT.... + CODds..mg.L. + SACto..1.m. + NSEC.Effluent.NO3 + NSEC.Effluent.Flow",0.132048019489233,0.423734054494443,"3,2"
"17866","CODto..mg.L. + UVT.... + CODds..mg.L. + SACto..1.m. + NSEC.Effluent.OP + NSEC.Effluent.TSS",0.0968961496488099,0.71639995016686,"3,2"
"17867","CODto..mg.L. + UVT.... + CODds..mg.L. + SACto..1.m. + NSEC.Effluent.OP + NSEC.Effluent.NO5",0.166987684579496,0.480934938298703,"3,2"
"17868","CODto..mg.L. + UVT.... + CODds..mg.L. + SACto..1.m. + NSEC.Effluent.OP + NSEC.Effluent.Flow",0.141806601575269,0.485566818238875,"3,2"
"17869","CODto..mg.L. + UVT.... + CODds..mg.L. + SACto..1.m. + NSEC.Effluent.TSS + NSEC.Effluent.NO5",0.134969826934225,0.57914846671488,"3,2"
"17870","CODto..mg.L. + UVT.... + CODds..mg.L. + SACto..1.m. + NSEC.Effluent.TSS + NSEC.Effluent.Flow",0.213580976210013,0.635461805001249,"3,2"
"17871","CODto..mg.L. + UVT.... + CODds..mg.L. + SACto..1.m. + NSEC.Effluent.NO5 + NSEC.Effluent.Flow",0.144695283863358,0.574798200689469,"3,2"
"17872","CODto..mg.L. + UVT.... + CODds..mg.L. + NSEC.Aerobic.SRT + NSEC.Effluent.NH3 + NSEC.Effluent.NO3",0.0961470171674721,0.704995273943236,"3,2"
"17873","CODto..mg.L. + UVT.... + CODds..mg.L. + NSEC.Aerobic.SRT + NSEC.Effluent.NH3 + NSEC.Effluent.OP",0.139660973708012,0.700868634436244,"3,2"
"17874","CODto..mg.L. + UVT.... + CODds..mg.L. + NSEC.Aerobic.SRT + NSEC.Effluent.NH3 + NSEC.Effluent.TSS",0.111799754250345,0.721490611827795,"3,2"
"17875","CODto..mg.L. + UVT.... + CODds..mg.L. + NSEC.Aerobic.SRT + NSEC.Effluent.NH3 + NSEC.Effluent.NO5",0.118307553628357,0.587329919124287,"3,2"
"17876","CODto..mg.L. + UVT.... + CODds..mg.L. + NSEC.Aerobic.SRT + NSEC.Effluent.NH3 + NSEC.Effluent.Flow",0.241146743455899,0.747703869179595,"3,2"
"17877","CODto..mg.L. + UVT.... + CODds..mg.L. + NSEC.Aerobic.SRT + NSEC.Effluent.NO3 + NSEC.Effluent.OP",0.121691507222224,0.720682196515672,"3,2"
"17878","CODto..mg.L. + UVT.... + CODds..mg.L. + NSEC.Aerobic.SRT + NSEC.Effluent.NO3 + NSEC.Effluent.TSS",0.303012529945423,0.746098326528145,"3,2"
"17879","CODto..mg.L. + UVT.... + CODds..mg.L. + NSEC.Aerobic.SRT + NSEC.Effluent.NO3 + NSEC.Effluent.NO5",0.0315149989831056,0.537912657349066,"3,2"
"17880","CODto..mg.L. + UVT.... + CODds..mg.L. + NSEC.Aerobic.SRT + NSEC.Effluent.NO3 + NSEC.Effluent.Flow",0.0451377307431393,0.7381684177225,"3,2"
"17881","CODto..mg.L. + UVT.... + CODds..mg.L. + NSEC.Aerobic.SRT + NSEC.Effluent.OP + NSEC.Effluent.TSS",0.0636685523715641,0.748786609175323,"3,2"
"17882","CODto..mg.L. + UVT.... + CODds..mg.L. + NSEC.Aerobic.SRT + NSEC.Effluent.OP + NSEC.Effluent.NO5",0.101091840773862,0.726687286366133,"3,2"
"17883","CODto..mg.L. + UVT.... + CODds..mg.L. + NSEC.Aerobic.SRT + NSEC.Effluent.OP + NSEC.Effluent.Flow",0.0310335090081897,0.717904342088746,"3,2"
"17884","CODto..mg.L. + UVT.... + CODds..mg.L. + NSEC.Aerobic.SRT + NSEC.Effluent.TSS + NSEC.Effluent.NO5",0.173516478172852,0.737435264205065,"3,2"
"17885","CODto..mg.L. + UVT.... + CODds..mg.L. + NSEC.Aerobic.SRT + NSEC.Effluent.TSS + NSEC.Effluent.Flow",0.035389363208854,0.818730407276231,"3,2"
"17886","CODto..mg.L. + UVT.... + CODds..mg.L. + NSEC.Aerobic.SRT + NSEC.Effluent.NO5 + NSEC.Effluent.Flow",0.0679643748421297,0.75171539570179,"3,2"
"17887","CODto..mg.L. + UVT.... + CODds..mg.L. + NSEC.Effluent.NH3 + NSEC.Effluent.NO3 + NSEC.Effluent.OP",0.114051508563473,0.56659343654949,"3,2"
"17888","CODto..mg.L. + UVT.... + CODds..mg.L. + NSEC.Effluent.NH3 + NSEC.Effluent.NO3 + NSEC.Effluent.TSS",0.172371844043862,0.56549379319592,"3,2"
"17889","CODto..mg.L. + UVT.... + CODds..mg.L. + NSEC.Effluent.NH3 + NSEC.Effluent.NO3 + NSEC.Effluent.NO5",0.0294572609289636,0.534022393943824,"3,2"
"17890","CODto..mg.L. + UVT.... + CODds..mg.L. + NSEC.Effluent.NH3 + NSEC.Effluent.NO3 + NSEC.Effluent.Flow",0.117989631474955,0.437027590723868,"3,2"
"17891","CODto..mg.L. + UVT.... + CODds..mg.L. + NSEC.Effluent.NH3 + NSEC.Effluent.OP + NSEC.Effluent.TSS",0.121590562714824,0.578473183371898,"3,2"
"17892","CODto..mg.L. + UVT.... + CODds..mg.L. + NSEC.Effluent.NH3 + NSEC.Effluent.OP + NSEC.Effluent.NO5",0.0179765449695677,0.42809134090635,"3,2"
"17893","CODto..mg.L. + UVT.... + CODds..mg.L. + NSEC.Effluent.NH3 + NSEC.Effluent.OP + NSEC.Effluent.Flow",0.010388505793643,0.570061040637665,"3,2"
"17894","CODto..mg.L. + UVT.... + CODds..mg.L. + NSEC.Effluent.NH3 + NSEC.Effluent.TSS + NSEC.Effluent.NO5",0.107928494197648,0.542464746930928,"3,2"
"17895","CODto..mg.L. + UVT.... + CODds..mg.L. + NSEC.Effluent.NH3 + NSEC.Effluent.TSS + NSEC.Effluent.Flow",0.183666147283424,0.722918050797233,"3,2"
"17896","CODto..mg.L. + UVT.... + CODds..mg.L. + NSEC.Effluent.NH3 + NSEC.Effluent.NO5 + NSEC.Effluent.Flow",0.13486022042441,0.483976336857583,"3,2"
"17897","CODto..mg.L. + UVT.... + CODds..mg.L. + NSEC.Effluent.NO3 + NSEC.Effluent.OP + NSEC.Effluent.TSS",0.124113933141755,0.709849386094442,"3,2"
"17898","CODto..mg.L. + UVT.... + CODds..mg.L. + NSEC.Effluent.NO3 + NSEC.Effluent.OP + NSEC.Effluent.NO5",0.158961286996671,0.530855393361701,"3,2"
"17899","CODto..mg.L. + UVT.... + CODds..mg.L. + NSEC.Effluent.NO3 + NSEC.Effluent.OP + NSEC.Effluent.Flow",0.116970448139683,0.567657003540583,"3,2"
"17900","CODto..mg.L. + UVT.... + CODds..mg.L. + NSEC.Effluent.NO3 + NSEC.Effluent.TSS + NSEC.Effluent.NO5",0.173427905070817,0.640910895134703,"3,2"
"17901","CODto..mg.L. + UVT.... + CODds..mg.L. + NSEC.Effluent.NO3 + NSEC.Effluent.TSS + NSEC.Effluent.Flow",0.239726698729264,0.713488554816767,"3,2"
"17902","CODto..mg.L. + UVT.... + CODds..mg.L. + NSEC.Effluent.NO3 + NSEC.Effluent.NO5 + NSEC.Effluent.Flow",0.124329871127037,0.499007772778816,"3,2"
"17903","CODto..mg.L. + UVT.... + CODds..mg.L. + NSEC.Effluent.OP + NSEC.Effluent.TSS + NSEC.Effluent.NO5",0.139194547116037,0.641782151979083,"3,2"
"17904","CODto..mg.L. + UVT.... + CODds..mg.L. + NSEC.Effluent.OP + NSEC.Effluent.TSS + NSEC.Effluent.Flow",0.225675056393221,0.663796523495944,"3,2"
"17905","CODto..mg.L. + UVT.... + CODds..mg.L. + NSEC.Effluent.OP + NSEC.Effluent.NO5 + NSEC.Effluent.Flow",0.0700553556658994,0.591843918953588,"3,2"
"17906","CODto..mg.L. + UVT.... + CODds..mg.L. + NSEC.Effluent.TSS + NSEC.Effluent.NO5 + NSEC.Effluent.Flow",0.0684742420417785,0.694628254925198,"3,2"
"17907","CODto..mg.L. + UVT.... + SACto..1.m. + NSEC.Aerobic.SRT + NSEC.Effluent.NH3 + NSEC.Effluent.NO3",0.182996244771416,0.652188365953157,"3,2"
"17908","CODto..mg.L. + UVT.... + SACto..1.m. + NSEC.Aerobic.SRT + NSEC.Effluent.NH3 + NSEC.Effluent.OP",0.06007002572548,0.720544810171982,"3,2"
"17909","CODto..mg.L. + UVT.... + SACto..1.m. + NSEC.Aerobic.SRT + NSEC.Effluent.NH3 + NSEC.Effluent.TSS",0.208687007056551,0.723886911454392,"3,2"
"17910","CODto..mg.L. + UVT.... + SACto..1.m. + NSEC.Aerobic.SRT + NSEC.Effluent.NH3 + NSEC.Effluent.NO5",0.285581811960876,0.701579473373069,"3,2"
"17911","CODto..mg.L. + UVT.... + SACto..1.m. + NSEC.Aerobic.SRT + NSEC.Effluent.NH3 + NSEC.Effluent.Flow",0.10994344427788,0.742429587897166,"3,2"
"17912","CODto..mg.L. + UVT.... + SACto..1.m. + NSEC.Aerobic.SRT + NSEC.Effluent.NO3 + NSEC.Effluent.OP",0.194389990296056,0.00975665697214824,"3,2"
"17913","CODto..mg.L. + UVT.... + SACto..1.m. + NSEC.Aerobic.SRT + NSEC.Effluent.NO3 + NSEC.Effluent.TSS",0.155062926033689,0.695436379662304,"3,2"
"17914","CODto..mg.L. + UVT.... + SACto..1.m. + NSEC.Aerobic.SRT + NSEC.Effluent.NO3 + NSEC.Effluent.NO5",0.100217618697519,0.655151578322938,"3,2"
"17915","CODto..mg.L. + UVT.... + SACto..1.m. + NSEC.Aerobic.SRT + NSEC.Effluent.NO3 + NSEC.Effluent.Flow",0.0267145015819543,0.776547460649886,"3,2"
"17916","CODto..mg.L. + UVT.... + SACto..1.m. + NSEC.Aerobic.SRT + NSEC.Effluent.OP + NSEC.Effluent.TSS",0.186222333391733,0.733832843430439,"3,2"
"17917","CODto..mg.L. + UVT.... + SACto..1.m. + NSEC.Aerobic.SRT + NSEC.Effluent.OP + NSEC.Effluent.NO5",0.0951973108814657,0.600976482939384,"3,2"
"17918","CODto..mg.L. + UVT.... + SACto..1.m. + NSEC.Aerobic.SRT + NSEC.Effluent.OP + NSEC.Effluent.Flow",0.0392721760564865,0.741231009644232,"3,2"
"17919","CODto..mg.L. + UVT.... + SACto..1.m. + NSEC.Aerobic.SRT + NSEC.Effluent.TSS + NSEC.Effluent.NO5",0.15000589891055,0.573239288547795,"3,2"
"17920","CODto..mg.L. + UVT.... + SACto..1.m. + NSEC.Aerobic.SRT + NSEC.Effluent.TSS + NSEC.Effluent.Flow",0.193545252357598,0.0414412135283331,"3,2"
"17921","CODto..mg.L. + UVT.... + SACto..1.m. + NSEC.Aerobic.SRT + NSEC.Effluent.NO5 + NSEC.Effluent.Flow",0.0184173150629177,0.793067740090036,"3,2"
"17922","CODto..mg.L. + UVT.... + SACto..1.m. + NSEC.Effluent.NH3 + NSEC.Effluent.NO3 + NSEC.Effluent.OP",0.0567063997305688,0.537642681452278,"3,2"
"17923","CODto..mg.L. + UVT.... + SACto..1.m. + NSEC.Effluent.NH3 + NSEC.Effluent.NO3 + NSEC.Effluent.TSS",0.310539130913357,0.600313490492206,"3,2"
"17924","CODto..mg.L. + UVT.... + SACto..1.m. + NSEC.Effluent.NH3 + NSEC.Effluent.NO3 + NSEC.Effluent.NO5",0.0514167890801329,0.410071164768164,"3,2"
"17925","CODto..mg.L. + UVT.... + SACto..1.m. + NSEC.Effluent.NH3 + NSEC.Effluent.NO3 + NSEC.Effluent.Flow",0.0534174140190524,0.378417678026721,"3,2"
"17926","CODto..mg.L. + UVT.... + SACto..1.m. + NSEC.Effluent.NH3 + NSEC.Effluent.OP + NSEC.Effluent.TSS",0.079179586448467,0.595041386182748,"3,2"
"17927","CODto..mg.L. + UVT.... + SACto..1.m. + NSEC.Effluent.NH3 + NSEC.Effluent.OP + NSEC.Effluent.NO5",0.0183658501777324,0.335300553947984,"3,2"
"17928","CODto..mg.L. + UVT.... + SACto..1.m. + NSEC.Effluent.NH3 + NSEC.Effluent.OP + NSEC.Effluent.Flow",0.0386002237465866,0.451205123404659,"3,2"
"17929","CODto..mg.L. + UVT.... + SACto..1.m. + NSEC.Effluent.NH3 + NSEC.Effluent.TSS + NSEC.Effluent.NO5",0.116237644070886,0.622242529736117,"3,2"
"17930","CODto..mg.L. + UVT.... + SACto..1.m. + NSEC.Effluent.NH3 + NSEC.Effluent.TSS + NSEC.Effluent.Flow",0.222448070854889,0.69275940690567,"3,2"
"17931","CODto..mg.L. + UVT.... + SACto..1.m. + NSEC.Effluent.NH3 + NSEC.Effluent.NO5 + NSEC.Effluent.Flow",0.00626306774663998,0.147886024806829,"3,2"
"17932","CODto..mg.L. + UVT.... + SACto..1.m. + NSEC.Effluent.NO3 + NSEC.Effluent.OP + NSEC.Effluent.TSS",0.102527765276784,0.617815775355193,"3,2"
"17933","CODto..mg.L. + UVT.... + SACto..1.m. + NSEC.Effluent.NO3 + NSEC.Effluent.OP + NSEC.Effluent.NO5",0.0189904646106616,0.527033408003198,"3,2"
"17934","CODto..mg.L. + UVT.... + SACto..1.m. + NSEC.Effluent.NO3 + NSEC.Effluent.OP + NSEC.Effluent.Flow",0.160487858624827,0.646837765089806,"3,2"
"17935","CODto..mg.L. + UVT.... + SACto..1.m. + NSEC.Effluent.NO3 + NSEC.Effluent.TSS + NSEC.Effluent.NO5",0.165001048974621,0.629336604546173,"3,2"
"17936","CODto..mg.L. + UVT.... + SACto..1.m. + NSEC.Effluent.NO3 + NSEC.Effluent.TSS + NSEC.Effluent.Flow",0.0301772602305519,0.556527393035371,"3,2"
"17937","CODto..mg.L. + UVT.... + SACto..1.m. + NSEC.Effluent.NO3 + NSEC.Effluent.NO5 + NSEC.Effluent.Flow",0.0690980543707527,0.5239587761926,"3,2"
"17938","CODto..mg.L. + UVT.... + SACto..1.m. + NSEC.Effluent.OP + NSEC.Effluent.TSS + NSEC.Effluent.NO5",0.135045624584752,0.636928628105714,"3,2"
"17939","CODto..mg.L. + UVT.... + SACto..1.m. + NSEC.Effluent.OP + NSEC.Effluent.TSS + NSEC.Effluent.Flow",0.0165521823102246,0.71009311371072,"3,2"
"17940","CODto..mg.L. + UVT.... + SACto..1.m. + NSEC.Effluent.OP + NSEC.Effluent.NO5 + NSEC.Effluent.Flow",0.00269494129531145,0.454516774700182,"3,2"
"17941","CODto..mg.L. + UVT.... + SACto..1.m. + NSEC.Effluent.TSS + NSEC.Effluent.NO5 + NSEC.Effluent.Flow",0.241702004090269,0.77259870540322,"3,2"
"17942","CODto..mg.L. + UVT.... + NSEC.Aerobic.SRT + NSEC.Effluent.NH3 + NSEC.Effluent.NO3 + NSEC.Effluent.OP",0.0937223864491283,0.570597023002992,"3,2"
"17943","CODto..mg.L. + UVT.... + NSEC.Aerobic.SRT + NSEC.Effluent.NH3 + NSEC.Effluent.NO3 + NSEC.Effluent.TSS",0.116613326741672,0.63575872841376,"3,2"
"17944","CODto..mg.L. + UVT.... + NSEC.Aerobic.SRT + NSEC.Effluent.NH3 + NSEC.Effluent.NO3 + NSEC.Effluent.NO5",0.111945377365013,0.602096384917696,"3,2"
"17945","CODto..mg.L. + UVT.... + NSEC.Aerobic.SRT + NSEC.Effluent.NH3 + NSEC.Effluent.NO3 + NSEC.Effluent.Flow",0.128566981037729,0.765019283504371,"3,2"
"17946","CODto..mg.L. + UVT.... + NSEC.Aerobic.SRT + NSEC.Effluent.NH3 + NSEC.Effluent.OP + NSEC.Effluent.TSS",0.276701740399686,0.758611192292316,"3,2"
"17947","CODto..mg.L. + UVT.... + NSEC.Aerobic.SRT + NSEC.Effluent.NH3 + NSEC.Effluent.OP + NSEC.Effluent.NO5",0.101899009566008,0.651598207579647,"3,2"
"17948","CODto..mg.L. + UVT.... + NSEC.Aerobic.SRT + NSEC.Effluent.NH3 + NSEC.Effluent.OP + NSEC.Effluent.Flow",0.0977182105732357,0.758784024113338,"3,2"
"17949","CODto..mg.L. + UVT.... + NSEC.Aerobic.SRT + NSEC.Effluent.NH3 + NSEC.Effluent.TSS + NSEC.Effluent.NO5",0.0361589467140275,0.741997407265697,"3,2"
"17950","CODto..mg.L. + UVT.... + NSEC.Aerobic.SRT + NSEC.Effluent.NH3 + NSEC.Effluent.TSS + NSEC.Effluent.Flow",0.101651394158614,0.765314796943573,"3,2"
"17951","CODto..mg.L. + UVT.... + NSEC.Aerobic.SRT + NSEC.Effluent.NH3 + NSEC.Effluent.NO5 + NSEC.Effluent.Flow",0.0522224971195646,0.736645993586673,"3,2"
"17952","CODto..mg.L. + UVT.... + NSEC.Aerobic.SRT + NSEC.Effluent.NO3 + NSEC.Effluent.OP + NSEC.Effluent.TSS",0.130490588119326,0.650403828256619,"3,2"
"17953","CODto..mg.L. + UVT.... + NSEC.Aerobic.SRT + NSEC.Effluent.NO3 + NSEC.Effluent.OP + NSEC.Effluent.NO5",0.087993380631588,0.630202370341466,"3,2"
"17954","CODto..mg.L. + UVT.... + NSEC.Aerobic.SRT + NSEC.Effluent.NO3 + NSEC.Effluent.OP + NSEC.Effluent.Flow",0.126245126737453,0.792044994478915,"3,2"
"17955","CODto..mg.L. + UVT.... + NSEC.Aerobic.SRT + NSEC.Effluent.NO3 + NSEC.Effluent.TSS + NSEC.Effluent.NO5",0.00464383280419756,0.398550279906045,"3,2"
"17956","CODto..mg.L. + UVT.... + NSEC.Aerobic.SRT + NSEC.Effluent.NO3 + NSEC.Effluent.TSS + NSEC.Effluent.Flow",0.122977697267774,0.770950143540924,"3,2"
"17957","CODto..mg.L. + UVT.... + NSEC.Aerobic.SRT + NSEC.Effluent.NO3 + NSEC.Effluent.NO5 + NSEC.Effluent.Flow",0.114793391837067,0.687857508907068,"3,2"
"17958","CODto..mg.L. + UVT.... + NSEC.Aerobic.SRT + NSEC.Effluent.OP + NSEC.Effluent.TSS + NSEC.Effluent.NO5",0.167816349767385,0.729995355314756,"3,2"
"17959","CODto..mg.L. + UVT.... + NSEC.Aerobic.SRT + NSEC.Effluent.OP + NSEC.Effluent.TSS + NSEC.Effluent.Flow",0.185219850568705,0.799956672095452,"3,2"
"17960","CODto..mg.L. + UVT.... + NSEC.Aerobic.SRT + NSEC.Effluent.OP + NSEC.Effluent.NO5 + NSEC.Effluent.Flow",0.0980042208891914,0.758760694311835,"3,2"
"17961","CODto..mg.L. + UVT.... + NSEC.Aerobic.SRT + NSEC.Effluent.TSS + NSEC.Effluent.NO5 + NSEC.Effluent.Flow",0.0755267607866585,0.746353221945511,"3,2"
"17962","CODto..mg.L. + UVT.... + NSEC.Effluent.NH3 + NSEC.Effluent.NO3 + NSEC.Effluent.OP + NSEC.Effluent.TSS",0.0751237264262172,0.663880506192195,"3,2"
"17963","CODto..mg.L. + UVT.... + NSEC.Effluent.NH3 + NSEC.Effluent.NO3 + NSEC.Effluent.OP + NSEC.Effluent.NO5",0.0401597301221361,0.50767092970005,"3,2"
"17964","CODto..mg.L. + UVT.... + NSEC.Effluent.NH3 + NSEC.Effluent.NO3 + NSEC.Effluent.OP + NSEC.Effluent.Flow",0.0970883858875951,0.504920292313856,"3,2"
"17965","CODto..mg.L. + UVT.... + NSEC.Effluent.NH3 + NSEC.Effluent.NO3 + NSEC.Effluent.TSS + NSEC.Effluent.NO5",0.0566641316725254,0.626584369929295,"3,2"
"17966","CODto..mg.L. + UVT.... + NSEC.Effluent.NH3 + NSEC.Effluent.NO3 + NSEC.Effluent.TSS + NSEC.Effluent.Flow",0.233679389219278,0.631571470869334,"3,2"
"17967","CODto..mg.L. + UVT.... + NSEC.Effluent.NH3 + NSEC.Effluent.NO3 + NSEC.Effluent.NO5 + NSEC.Effluent.Flow",0.0347874820078442,0.419239801061165,"3,2"
"17968","CODto..mg.L. + UVT.... + NSEC.Effluent.NH3 + NSEC.Effluent.OP + NSEC.Effluent.TSS + NSEC.Effluent.NO5",0.084275910864636,0.755354848793443,"3,2"
"17969","CODto..mg.L. + UVT.... + NSEC.Effluent.NH3 + NSEC.Effluent.OP + NSEC.Effluent.TSS + NSEC.Effluent.Flow",0.265852371769511,0.740858110826241,"3,2"
"17970","CODto..mg.L. + UVT.... + NSEC.Effluent.NH3 + NSEC.Effluent.OP + NSEC.Effluent.NO5 + NSEC.Effluent.Flow",0.00235545819116156,0.424758559423829,"3,2"
"17971","CODto..mg.L. + UVT.... + NSEC.Effluent.NH3 + NSEC.Effluent.TSS + NSEC.Effluent.NO5 + NSEC.Effluent.Flow",0.138802666267081,0.634539621929964,"3,2"
"17972","CODto..mg.L. + UVT.... + NSEC.Effluent.NO3 + NSEC.Effluent.OP + NSEC.Effluent.TSS + NSEC.Effluent.NO5",0.179812484198783,0.737993100417802,"3,2"
"17973","CODto..mg.L. + UVT.... + NSEC.Effluent.NO3 + NSEC.Effluent.OP + NSEC.Effluent.TSS + NSEC.Effluent.Flow",0.286651463530447,0.713084678628489,"3,2"
"17974","CODto..mg.L. + UVT.... + NSEC.Effluent.NO3 + NSEC.Effluent.OP + NSEC.Effluent.NO5 + NSEC.Effluent.Flow",0.0346907164353611,0.681982846764899,"3,2"
"17975","CODto..mg.L. + UVT.... + NSEC.Effluent.NO3 + NSEC.Effluent.TSS + NSEC.Effluent.NO5 + NSEC.Effluent.Flow",0.0263502494500663,0.551428262375214,"3,2"
"17976","CODto..mg.L. + UVT.... + NSEC.Effluent.OP + NSEC.Effluent.TSS + NSEC.Effluent.NO5 + NSEC.Effluent.Flow",0.342770615088189,0.709944842583223,"3,2"
"17977","CODto..mg.L. + CODds..mg.L. + SACto..1.m. + NSEC.Aerobic.SRT + NSEC.Effluent.NH3 + NSEC.Effluent.NO3",0.00948488748101828,0.733511925921119,"3,2"
"17978","CODto..mg.L. + CODds..mg.L. + SACto..1.m. + NSEC.Aerobic.SRT + NSEC.Effluent.NH3 + NSEC.Effluent.OP",0.168099440578101,0.699387498225391,"3,2"
"17979","CODto..mg.L. + CODds..mg.L. + SACto..1.m. + NSEC.Aerobic.SRT + NSEC.Effluent.NH3 + NSEC.Effluent.TSS",0.159970982929769,0.719728411115365,"3,2"
"17980","CODto..mg.L. + CODds..mg.L. + SACto..1.m. + NSEC.Aerobic.SRT + NSEC.Effluent.NH3 + NSEC.Effluent.NO5",0.119014131482214,0.577315697211931,"3,2"
"17981","CODto..mg.L. + CODds..mg.L. + SACto..1.m. + NSEC.Aerobic.SRT + NSEC.Effluent.NH3 + NSEC.Effluent.Flow",0.0282825176551644,0.752905352024285,"3,2"
"17982","CODto..mg.L. + CODds..mg.L. + SACto..1.m. + NSEC.Aerobic.SRT + NSEC.Effluent.NO3 + NSEC.Effluent.OP",0.124753009978159,0.578917533131862,"3,2"
"17983","CODto..mg.L. + CODds..mg.L. + SACto..1.m. + NSEC.Aerobic.SRT + NSEC.Effluent.NO3 + NSEC.Effluent.TSS",0.1833217418366,0.717592773239784,"3,2"
"17984","CODto..mg.L. + CODds..mg.L. + SACto..1.m. + NSEC.Aerobic.SRT + NSEC.Effluent.NO3 + NSEC.Effluent.NO5",0.18631744500015,0.657342699499396,"3,2"
"17985","CODto..mg.L. + CODds..mg.L. + SACto..1.m. + NSEC.Aerobic.SRT + NSEC.Effluent.NO3 + NSEC.Effluent.Flow",0.121333968518893,0.76592546146964,"3,2"
"17986","CODto..mg.L. + CODds..mg.L. + SACto..1.m. + NSEC.Aerobic.SRT + NSEC.Effluent.OP + NSEC.Effluent.TSS",0.121164811708049,0.583637098447565,"3,2"
"17987","CODto..mg.L. + CODds..mg.L. + SACto..1.m. + NSEC.Aerobic.SRT + NSEC.Effluent.OP + NSEC.Effluent.NO5",0.168260132560392,0.695159220079016,"3,2"
"17988","CODto..mg.L. + CODds..mg.L. + SACto..1.m. + NSEC.Aerobic.SRT + NSEC.Effluent.OP + NSEC.Effluent.Flow",0.00384644872530648,0.759970497638783,"3,2"
"17989","CODto..mg.L. + CODds..mg.L. + SACto..1.m. + NSEC.Aerobic.SRT + NSEC.Effluent.TSS + NSEC.Effluent.NO5",0.0236562316285411,0.691011280268446,"3,2"
"17990","CODto..mg.L. + CODds..mg.L. + SACto..1.m. + NSEC.Aerobic.SRT + NSEC.Effluent.TSS + NSEC.Effluent.Flow",0.0264142945606882,0.805890286056744,"3,2"
"17991","CODto..mg.L. + CODds..mg.L. + SACto..1.m. + NSEC.Aerobic.SRT + NSEC.Effluent.NO5 + NSEC.Effluent.Flow",0.00652909325389173,0.72444916763874,"3,2"
"17992","CODto..mg.L. + CODds..mg.L. + SACto..1.m. + NSEC.Effluent.NH3 + NSEC.Effluent.NO3 + NSEC.Effluent.OP",0.101959551705843,0.399264388340051,"3,2"
"17993","CODto..mg.L. + CODds..mg.L. + SACto..1.m. + NSEC.Effluent.NH3 + NSEC.Effluent.NO3 + NSEC.Effluent.TSS",0.107524520493767,0.610573097862784,"3,2"
"17994","CODto..mg.L. + CODds..mg.L. + SACto..1.m. + NSEC.Effluent.NH3 + NSEC.Effluent.NO3 + NSEC.Effluent.NO5",0.0117051319085746,0.555445331119485,"3,2"
"17995","CODto..mg.L. + CODds..mg.L. + SACto..1.m. + NSEC.Effluent.NH3 + NSEC.Effluent.NO3 + NSEC.Effluent.Flow",0.134469660671451,0.553230680795307,"3,2"
"17996","CODto..mg.L. + CODds..mg.L. + SACto..1.m. + NSEC.Effluent.NH3 + NSEC.Effluent.OP + NSEC.Effluent.TSS",0.154669597481483,0.623235799219973,"3,2"
"17997","CODto..mg.L. + CODds..mg.L. + SACto..1.m. + NSEC.Effluent.NH3 + NSEC.Effluent.OP + NSEC.Effluent.NO5",0.132710316155674,0.532205229249967,"3,2"
"17998","CODto..mg.L. + CODds..mg.L. + SACto..1.m. + NSEC.Effluent.NH3 + NSEC.Effluent.OP + NSEC.Effluent.Flow",0.158751044080806,0.498408751719287,"3,2"
"17999","CODto..mg.L. + CODds..mg.L. + SACto..1.m. + NSEC.Effluent.NH3 + NSEC.Effluent.TSS + NSEC.Effluent.NO5",0.253622842875481,0.692881970263406,"3,2"
"18000","CODto..mg.L. + CODds..mg.L. + SACto..1.m. + NSEC.Effluent.NH3 + NSEC.Effluent.TSS + NSEC.Effluent.Flow",0.194575410509568,0.7139094881234,"3,2"
"18001","CODto..mg.L. + CODds..mg.L. + SACto..1.m. + NSEC.Effluent.NH3 + NSEC.Effluent.NO5 + NSEC.Effluent.Flow",0.098772344961551,0.417917334251102,"3,2"
"18002","CODto..mg.L. + CODds..mg.L. + SACto..1.m. + NSEC.Effluent.NO3 + NSEC.Effluent.OP + NSEC.Effluent.TSS",0.0926736423773584,0.568775751483808,"3,2"
"18003","CODto..mg.L. + CODds..mg.L. + SACto..1.m. + NSEC.Effluent.NO3 + NSEC.Effluent.OP + NSEC.Effluent.NO5",0.103826004365689,0.470748119244213,"3,2"
"18004","CODto..mg.L. + CODds..mg.L. + SACto..1.m. + NSEC.Effluent.NO3 + NSEC.Effluent.OP + NSEC.Effluent.Flow",0.192789920552576,0.527731503934864,"3,2"
"18005","CODto..mg.L. + CODds..mg.L. + SACto..1.m. + NSEC.Effluent.NO3 + NSEC.Effluent.TSS + NSEC.Effluent.NO5",0.167844551083807,0.644668649897467,"3,2"
"18006","CODto..mg.L. + CODds..mg.L. + SACto..1.m. + NSEC.Effluent.NO3 + NSEC.Effluent.TSS + NSEC.Effluent.Flow",0.230797194255398,0.685386643538291,"3,2"
"18007","CODto..mg.L. + CODds..mg.L. + SACto..1.m. + NSEC.Effluent.NO3 + NSEC.Effluent.NO5 + NSEC.Effluent.Flow",0.179669098445767,0.492910607497844,"3,2"
"18008","CODto..mg.L. + CODds..mg.L. + SACto..1.m. + NSEC.Effluent.OP + NSEC.Effluent.TSS + NSEC.Effluent.NO5",0.151272870016636,0.637840894853891,"3,2"
"18009","CODto..mg.L. + CODds..mg.L. + SACto..1.m. + NSEC.Effluent.OP + NSEC.Effluent.TSS + NSEC.Effluent.Flow",0.141454134946266,0.747736098960302,"3,2"
"18010","CODto..mg.L. + CODds..mg.L. + SACto..1.m. + NSEC.Effluent.OP + NSEC.Effluent.NO5 + NSEC.Effluent.Flow",0.0758368990669571,0.580305730201974,"3,2"
"18011","CODto..mg.L. + CODds..mg.L. + SACto..1.m. + NSEC.Effluent.TSS + NSEC.Effluent.NO5 + NSEC.Effluent.Flow",0.238196655499483,0.73958396129046,"3,2"
"18012","CODto..mg.L. + CODds..mg.L. + NSEC.Aerobic.SRT + NSEC.Effluent.NH3 + NSEC.Effluent.NO3 + NSEC.Effluent.OP",0.163297498122713,0.663243819041744,"3,2"
"18013","CODto..mg.L. + CODds..mg.L. + NSEC.Aerobic.SRT + NSEC.Effluent.NH3 + NSEC.Effluent.NO3 + NSEC.Effluent.TSS",0.17272193659655,0.724262948723494,"3,2"
"18014","CODto..mg.L. + CODds..mg.L. + NSEC.Aerobic.SRT + NSEC.Effluent.NH3 + NSEC.Effluent.NO3 + NSEC.Effluent.NO5",0.186358718830556,0.727586955755017,"3,2"
"18015","CODto..mg.L. + CODds..mg.L. + NSEC.Aerobic.SRT + NSEC.Effluent.NH3 + NSEC.Effluent.NO3 + NSEC.Effluent.Flow",0.0799318702937133,0.778296988084687,"3,2"
"18016","CODto..mg.L. + CODds..mg.L. + NSEC.Aerobic.SRT + NSEC.Effluent.NH3 + NSEC.Effluent.OP + NSEC.Effluent.TSS",0.069072599801383,0.486135536821317,"3,2"
"18017","CODto..mg.L. + CODds..mg.L. + NSEC.Aerobic.SRT + NSEC.Effluent.NH3 + NSEC.Effluent.OP + NSEC.Effluent.NO5",0.133554752069498,0.683072686968986,"3,2"
"18018","CODto..mg.L. + CODds..mg.L. + NSEC.Aerobic.SRT + NSEC.Effluent.NH3 + NSEC.Effluent.OP + NSEC.Effluent.Flow",0.00797728764453254,0.734751568712719,"3,2"
"18019","CODto..mg.L. + CODds..mg.L. + NSEC.Aerobic.SRT + NSEC.Effluent.NH3 + NSEC.Effluent.TSS + NSEC.Effluent.NO5",0.108445703316261,0.647778971822528,"3,2"
"18020","CODto..mg.L. + CODds..mg.L. + NSEC.Aerobic.SRT + NSEC.Effluent.NH3 + NSEC.Effluent.TSS + NSEC.Effluent.Flow",0.109809966047094,0.790741219851759,"3,2"
"18021","CODto..mg.L. + CODds..mg.L. + NSEC.Aerobic.SRT + NSEC.Effluent.NH3 + NSEC.Effluent.NO5 + NSEC.Effluent.Flow",0.0461037064092795,0.687272893675219,"3,2"
"18022","CODto..mg.L. + CODds..mg.L. + NSEC.Aerobic.SRT + NSEC.Effluent.NO3 + NSEC.Effluent.OP + NSEC.Effluent.TSS",0.194349814405139,0.751270547749851,"3,2"
"18023","CODto..mg.L. + CODds..mg.L. + NSEC.Aerobic.SRT + NSEC.Effluent.NO3 + NSEC.Effluent.OP + NSEC.Effluent.NO5",0.0749791281242975,0.530212970632863,"3,2"
"18024","CODto..mg.L. + CODds..mg.L. + NSEC.Aerobic.SRT + NSEC.Effluent.NO3 + NSEC.Effluent.OP + NSEC.Effluent.Flow",0.0301940753958347,0.723992414617016,"3,2"
"18025","CODto..mg.L. + CODds..mg.L. + NSEC.Aerobic.SRT + NSEC.Effluent.NO3 + NSEC.Effluent.TSS + NSEC.Effluent.NO5",0.213990752143885,0.764159326386606,"3,2"
"18026","CODto..mg.L. + CODds..mg.L. + NSEC.Aerobic.SRT + NSEC.Effluent.NO3 + NSEC.Effluent.TSS + NSEC.Effluent.Flow",0.0421653951894208,0.805190043729418,"3,2"
"18027","CODto..mg.L. + CODds..mg.L. + NSEC.Aerobic.SRT + NSEC.Effluent.NO3 + NSEC.Effluent.NO5 + NSEC.Effluent.Flow",0.00353622817167576,0.802167109272133,"3,2"
"18028","CODto..mg.L. + CODds..mg.L. + NSEC.Aerobic.SRT + NSEC.Effluent.OP + NSEC.Effluent.TSS + NSEC.Effluent.NO5",0.177848934410602,0.644226568641064,"3,2"
"18029","CODto..mg.L. + CODds..mg.L. + NSEC.Aerobic.SRT + NSEC.Effluent.OP + NSEC.Effluent.TSS + NSEC.Effluent.Flow",0.158939708097616,0.786492869914424,"3,2"
"18030","CODto..mg.L. + CODds..mg.L. + NSEC.Aerobic.SRT + NSEC.Effluent.OP + NSEC.Effluent.NO5 + NSEC.Effluent.Flow",0.0191990812338179,0.762505342975802,"3,2"
"18031","CODto..mg.L. + CODds..mg.L. + NSEC.Aerobic.SRT + NSEC.Effluent.TSS + NSEC.Effluent.NO5 + NSEC.Effluent.Flow",0.0543692003914846,0.774601008538288,"3,2"
"18032","CODto..mg.L. + CODds..mg.L. + NSEC.Effluent.NH3 + NSEC.Effluent.NO3 + NSEC.Effluent.OP + NSEC.Effluent.TSS",0.20220645381139,0.619546453817089,"3,2"
"18033","CODto..mg.L. + CODds..mg.L. + NSEC.Effluent.NH3 + NSEC.Effluent.NO3 + NSEC.Effluent.OP + NSEC.Effluent.NO5",0.158777944881976,0.565240961319531,"3,2"
"18034","CODto..mg.L. + CODds..mg.L. + NSEC.Effluent.NH3 + NSEC.Effluent.NO3 + NSEC.Effluent.OP + NSEC.Effluent.Flow",0.213313625207912,0.569086288311814,"3,2"
"18035","CODto..mg.L. + CODds..mg.L. + NSEC.Effluent.NH3 + NSEC.Effluent.NO3 + NSEC.Effluent.TSS + NSEC.Effluent.NO5",0.256802878053422,0.646288759794453,"3,2"
"18036","CODto..mg.L. + CODds..mg.L. + NSEC.Effluent.NH3 + NSEC.Effluent.NO3 + NSEC.Effluent.TSS + NSEC.Effluent.Flow",0.299399875475516,0.71449208822616,"3,2"
"18037","CODto..mg.L. + CODds..mg.L. + NSEC.Effluent.NH3 + NSEC.Effluent.NO3 + NSEC.Effluent.NO5 + NSEC.Effluent.Flow",0.175858917153032,0.594434063995977,"3,2"
"18038","CODto..mg.L. + CODds..mg.L. + NSEC.Effluent.NH3 + NSEC.Effluent.OP + NSEC.Effluent.TSS + NSEC.Effluent.NO5",0.134351012078446,0.609003633781687,"3,2"
"18039","CODto..mg.L. + CODds..mg.L. + NSEC.Effluent.NH3 + NSEC.Effluent.OP + NSEC.Effluent.TSS + NSEC.Effluent.Flow",0.145688089930923,0.659953091097702,"3,2"
"18040","CODto..mg.L. + CODds..mg.L. + NSEC.Effluent.NH3 + NSEC.Effluent.OP + NSEC.Effluent.NO5 + NSEC.Effluent.Flow",0.152811903272232,0.580381976560505,"3,2"
"18041","CODto..mg.L. + CODds..mg.L. + NSEC.Effluent.NH3 + NSEC.Effluent.TSS + NSEC.Effluent.NO5 + NSEC.Effluent.Flow",0.185256896845301,0.678096956223618,"3,2"
"18042","CODto..mg.L. + CODds..mg.L. + NSEC.Effluent.NO3 + NSEC.Effluent.OP + NSEC.Effluent.TSS + NSEC.Effluent.NO5",0.0561065861992529,0.591153126730886,"3,2"
"18043","CODto..mg.L. + CODds..mg.L. + NSEC.Effluent.NO3 + NSEC.Effluent.OP + NSEC.Effluent.TSS + NSEC.Effluent.Flow",0.197485756597084,0.728993719969027,"3,2"
"18044","CODto..mg.L. + CODds..mg.L. + NSEC.Effluent.NO3 + NSEC.Effluent.OP + NSEC.Effluent.NO5 + NSEC.Effluent.Flow",0.202880217499169,0.575680469365736,"3,2"
"18045","CODto..mg.L. + CODds..mg.L. + NSEC.Effluent.NO3 + NSEC.Effluent.TSS + NSEC.Effluent.NO5 + NSEC.Effluent.Flow",0.250213828807734,0.722294446541089,"3,2"
"18046","CODto..mg.L. + CODds..mg.L. + NSEC.Effluent.OP + NSEC.Effluent.TSS + NSEC.Effluent.NO5 + NSEC.Effluent.Flow",0.208343115493804,0.682932769878554,"3,2"
"18047","CODto..mg.L. + SACto..1.m. + NSEC.Aerobic.SRT + NSEC.Effluent.NH3 + NSEC.Effluent.NO3 + NSEC.Effluent.OP",0.0102785328064603,0.695382071753183,"3,2"
"18048","CODto..mg.L. + SACto..1.m. + NSEC.Aerobic.SRT + NSEC.Effluent.NH3 + NSEC.Effluent.NO3 + NSEC.Effluent.TSS",0.169500507587003,0.773283572860224,"3,2"
"18049","CODto..mg.L. + SACto..1.m. + NSEC.Aerobic.SRT + NSEC.Effluent.NH3 + NSEC.Effluent.NO3 + NSEC.Effluent.NO5",0.058591941179051,0.456998868232578,"3,2"
"18050","CODto..mg.L. + SACto..1.m. + NSEC.Aerobic.SRT + NSEC.Effluent.NH3 + NSEC.Effluent.NO3 + NSEC.Effluent.Flow",0.211181559389468,0.752431652156238,"3,2"
"18051","CODto..mg.L. + SACto..1.m. + NSEC.Aerobic.SRT + NSEC.Effluent.NH3 + NSEC.Effluent.OP + NSEC.Effluent.TSS",0.0822766075991079,0.572433273571038,"3,2"
"18052","CODto..mg.L. + SACto..1.m. + NSEC.Aerobic.SRT + NSEC.Effluent.NH3 + NSEC.Effluent.OP + NSEC.Effluent.NO5",0.0901732876007595,0.630696572931783,"3,2"
"18053","CODto..mg.L. + SACto..1.m. + NSEC.Aerobic.SRT + NSEC.Effluent.NH3 + NSEC.Effluent.OP + NSEC.Effluent.Flow",0.058044480144928,0.774337763977116,"3,2"
"18054","CODto..mg.L. + SACto..1.m. + NSEC.Aerobic.SRT + NSEC.Effluent.NH3 + NSEC.Effluent.TSS + NSEC.Effluent.NO5",0.0377792038802498,0.765975742630801,"3,2"
"18055","CODto..mg.L. + SACto..1.m. + NSEC.Aerobic.SRT + NSEC.Effluent.NH3 + NSEC.Effluent.TSS + NSEC.Effluent.Flow",0.0174385864118376,0.657069276471773,"3,2"
"18056","CODto..mg.L. + SACto..1.m. + NSEC.Aerobic.SRT + NSEC.Effluent.NH3 + NSEC.Effluent.NO5 + NSEC.Effluent.Flow",0.156870889486684,0.689924000827251,"3,2"
"18057","CODto..mg.L. + SACto..1.m. + NSEC.Aerobic.SRT + NSEC.Effluent.NO3 + NSEC.Effluent.OP + NSEC.Effluent.TSS",0.0956607444882585,0.633215412903739,"3,2"
"18058","CODto..mg.L. + SACto..1.m. + NSEC.Aerobic.SRT + NSEC.Effluent.NO3 + NSEC.Effluent.OP + NSEC.Effluent.NO5",0.0898646318425242,0.661825543290003,"3,2"
"18059","CODto..mg.L. + SACto..1.m. + NSEC.Aerobic.SRT + NSEC.Effluent.NO3 + NSEC.Effluent.OP + NSEC.Effluent.Flow",0.0200465537544237,0.708137742590306,"3,2"
"18060","CODto..mg.L. + SACto..1.m. + NSEC.Aerobic.SRT + NSEC.Effluent.NO3 + NSEC.Effluent.TSS + NSEC.Effluent.NO5",0.187696202030469,0.731962342255957,"3,2"
"18061","CODto..mg.L. + SACto..1.m. + NSEC.Aerobic.SRT + NSEC.Effluent.NO3 + NSEC.Effluent.TSS + NSEC.Effluent.Flow",0.00100801619160085,0.800113841778858,"3,2"
"18062","CODto..mg.L. + SACto..1.m. + NSEC.Aerobic.SRT + NSEC.Effluent.NO3 + NSEC.Effluent.NO5 + NSEC.Effluent.Flow",0.0975636184738171,0.640098219153147,"3,2"
"18063","CODto..mg.L. + SACto..1.m. + NSEC.Aerobic.SRT + NSEC.Effluent.OP + NSEC.Effluent.TSS + NSEC.Effluent.NO5",0.191891699034066,0.701339876050442,"3,2"
"18064","CODto..mg.L. + SACto..1.m. + NSEC.Aerobic.SRT + NSEC.Effluent.OP + NSEC.Effluent.TSS + NSEC.Effluent.Flow",0.111607961171629,0.805455184527987,"3,2"
"18065","CODto..mg.L. + SACto..1.m. + NSEC.Aerobic.SRT + NSEC.Effluent.OP + NSEC.Effluent.NO5 + NSEC.Effluent.Flow",0.0735770675444898,0.622510177590646,"3,2"
"18066","CODto..mg.L. + SACto..1.m. + NSEC.Aerobic.SRT + NSEC.Effluent.TSS + NSEC.Effluent.NO5 + NSEC.Effluent.Flow",0.161463084956563,0.694457166242584,"3,2"
"18067","CODto..mg.L. + SACto..1.m. + NSEC.Effluent.NH3 + NSEC.Effluent.NO3 + NSEC.Effluent.OP + NSEC.Effluent.TSS",0.106068719797016,0.677895345913517,"3,2"
"18068","CODto..mg.L. + SACto..1.m. + NSEC.Effluent.NH3 + NSEC.Effluent.NO3 + NSEC.Effluent.OP + NSEC.Effluent.NO5",0.0523390875379137,0.631258085107575,"3,2"
"18069","CODto..mg.L. + SACto..1.m. + NSEC.Effluent.NH3 + NSEC.Effluent.NO3 + NSEC.Effluent.OP + NSEC.Effluent.Flow",0.0640883775772718,0.427545340496294,"3,2"
"18070","CODto..mg.L. + SACto..1.m. + NSEC.Effluent.NH3 + NSEC.Effluent.NO3 + NSEC.Effluent.TSS + NSEC.Effluent.NO5",0.0132609459309223,0.665236127260412,"3,2"
"18071","CODto..mg.L. + SACto..1.m. + NSEC.Effluent.NH3 + NSEC.Effluent.NO3 + NSEC.Effluent.TSS + NSEC.Effluent.Flow",0.183151296096742,0.609767348752549,"3,2"
"18072","CODto..mg.L. + SACto..1.m. + NSEC.Effluent.NH3 + NSEC.Effluent.NO3 + NSEC.Effluent.NO5 + NSEC.Effluent.Flow",0.0921351511691113,0.599576850986332,"3,2"
"18073","CODto..mg.L. + SACto..1.m. + NSEC.Effluent.NH3 + NSEC.Effluent.OP + NSEC.Effluent.TSS + NSEC.Effluent.NO5",0.136180740192382,0.569139598640915,"3,2"
"18074","CODto..mg.L. + SACto..1.m. + NSEC.Effluent.NH3 + NSEC.Effluent.OP + NSEC.Effluent.TSS + NSEC.Effluent.Flow",0.219177318028543,0.704834956360637,"3,2"
"18075","CODto..mg.L. + SACto..1.m. + NSEC.Effluent.NH3 + NSEC.Effluent.OP + NSEC.Effluent.NO5 + NSEC.Effluent.Flow",0.0124192303655923,0.397396549765176,"3,2"
"18076","CODto..mg.L. + SACto..1.m. + NSEC.Effluent.NH3 + NSEC.Effluent.TSS + NSEC.Effluent.NO5 + NSEC.Effluent.Flow",0.266196560943599,0.746319296238512,"3,2"
"18077","CODto..mg.L. + SACto..1.m. + NSEC.Effluent.NO3 + NSEC.Effluent.OP + NSEC.Effluent.TSS + NSEC.Effluent.NO5",0.228203482786569,0.659589853328061,"3,2"
"18078","CODto..mg.L. + SACto..1.m. + NSEC.Effluent.NO3 + NSEC.Effluent.OP + NSEC.Effluent.TSS + NSEC.Effluent.Flow",0.184111626708711,0.780744462250182,"3,2"
"18079","CODto..mg.L. + SACto..1.m. + NSEC.Effluent.NO3 + NSEC.Effluent.OP + NSEC.Effluent.NO5 + NSEC.Effluent.Flow",0.193489574317701,0.627948709541127,"3,2"
"18080","CODto..mg.L. + SACto..1.m. + NSEC.Effluent.NO3 + NSEC.Effluent.TSS + NSEC.Effluent.NO5 + NSEC.Effluent.Flow",0.084239618002834,0.590974997822237,"3,2"
"18081","CODto..mg.L. + SACto..1.m. + NSEC.Effluent.OP + NSEC.Effluent.TSS + NSEC.Effluent.NO5 + NSEC.Effluent.Flow",0.193527936167026,0.0101738011693172,"3,2"
"18082","CODto..mg.L. + NSEC.Aerobic.SRT + NSEC.Effluent.NH3 + NSEC.Effluent.NO3 + NSEC.Effluent.OP + NSEC.Effluent.TSS",0.242575026512452,0.596015339544236,"3,2"
"18083","CODto..mg.L. + NSEC.Aerobic.SRT + NSEC.Effluent.NH3 + NSEC.Effluent.NO3 + NSEC.Effluent.OP + NSEC.Effluent.NO5",0.0516095244576229,0.718656085070751,"3,2"
"18084","CODto..mg.L. + NSEC.Aerobic.SRT + NSEC.Effluent.NH3 + NSEC.Effluent.NO3 + NSEC.Effluent.OP + NSEC.Effluent.Flow",0.294956253038995,0.733060602099193,"3,2"
"18085","CODto..mg.L. + NSEC.Aerobic.SRT + NSEC.Effluent.NH3 + NSEC.Effluent.NO3 + NSEC.Effluent.TSS + NSEC.Effluent.NO5",0.144442480908433,0.753391705399231,"3,2"
"18086","CODto..mg.L. + NSEC.Aerobic.SRT + NSEC.Effluent.NH3 + NSEC.Effluent.NO3 + NSEC.Effluent.TSS + NSEC.Effluent.Flow",0.000764506278145838,0.454839184420536,"3,2"
"18087","CODto..mg.L. + NSEC.Aerobic.SRT + NSEC.Effluent.NH3 + NSEC.Effluent.NO3 + NSEC.Effluent.NO5 + NSEC.Effluent.Flow",0.275822220600405,0.724459565909803,"3,2"
"18088","CODto..mg.L. + NSEC.Aerobic.SRT + NSEC.Effluent.NH3 + NSEC.Effluent.OP + NSEC.Effluent.TSS + NSEC.Effluent.NO5",0.12194292215517,0.735034327684502,"3,2"
"18089","CODto..mg.L. + NSEC.Aerobic.SRT + NSEC.Effluent.NH3 + NSEC.Effluent.OP + NSEC.Effluent.TSS + NSEC.Effluent.Flow",0.19347031862272,0.19576806034864,"3,2"
"18090","CODto..mg.L. + NSEC.Aerobic.SRT + NSEC.Effluent.NH3 + NSEC.Effluent.OP + NSEC.Effluent.NO5 + NSEC.Effluent.Flow",0.0846872264516902,0.629155076588616,"3,2"
"18091","CODto..mg.L. + NSEC.Aerobic.SRT + NSEC.Effluent.NH3 + NSEC.Effluent.TSS + NSEC.Effluent.NO5 + NSEC.Effluent.Flow",0.029724594754565,0.782992019012261,"3,2"
"18092","CODto..mg.L. + NSEC.Aerobic.SRT + NSEC.Effluent.NO3 + NSEC.Effluent.OP + NSEC.Effluent.TSS + NSEC.Effluent.NO5",0.177879646843338,0.619388468989043,"3,2"
"18093","CODto..mg.L. + NSEC.Aerobic.SRT + NSEC.Effluent.NO3 + NSEC.Effluent.OP + NSEC.Effluent.TSS + NSEC.Effluent.Flow",0.277171048030399,0.787809699257056,"3,2"
"18094","CODto..mg.L. + NSEC.Aerobic.SRT + NSEC.Effluent.NO3 + NSEC.Effluent.OP + NSEC.Effluent.NO5 + NSEC.Effluent.Flow",0.00076980408820182,0.665387825188389,"3,2"
"18095","CODto..mg.L. + NSEC.Aerobic.SRT + NSEC.Effluent.NO3 + NSEC.Effluent.TSS + NSEC.Effluent.NO5 + NSEC.Effluent.Flow",0.0735152802774508,0.555605103825051,"3,2"
"18096","CODto..mg.L. + NSEC.Aerobic.SRT + NSEC.Effluent.OP + NSEC.Effluent.TSS + NSEC.Effluent.NO5 + NSEC.Effluent.Flow",0.0787527770718937,0.687577490339502,"3,2"
"18097","CODto..mg.L. + NSEC.Effluent.NH3 + NSEC.Effluent.NO3 + NSEC.Effluent.OP + NSEC.Effluent.TSS + NSEC.Effluent.NO5",0.230945063218887,0.578774532490219,"3,2"
"18098","CODto..mg.L. + NSEC.Effluent.NH3 + NSEC.Effluent.NO3 + NSEC.Effluent.OP + NSEC.Effluent.TSS + NSEC.Effluent.Flow",0.0953721271397097,0.660252151049373,"3,2"
"18099","CODto..mg.L. + NSEC.Effluent.NH3 + NSEC.Effluent.NO3 + NSEC.Effluent.OP + NSEC.Effluent.NO5 + NSEC.Effluent.Flow",0.163896197521746,0.531727689569843,"3,2"
"18100","CODto..mg.L. + NSEC.Effluent.NH3 + NSEC.Effluent.NO3 + NSEC.Effluent.TSS + NSEC.Effluent.NO5 + NSEC.Effluent.Flow",0.249770185553756,0.594018192250639,"3,2"
"18101","CODto..mg.L. + NSEC.Effluent.NH3 + NSEC.Effluent.OP + NSEC.Effluent.TSS + NSEC.Effluent.NO5 + NSEC.Effluent.Flow",0.155633641850959,0.589622561339266,"3,2"
"18102","CODto..mg.L. + NSEC.Effluent.NO3 + NSEC.Effluent.OP + NSEC.Effluent.TSS + NSEC.Effluent.NO5 + NSEC.Effluent.Flow",0.0362362178023627,0.657981519059622,"3,2"
"18103","TSS..mg.L. + UVT.... + CODds..mg.L. + SACto..1.m. + NSEC.Aerobic.SRT + NSEC.Effluent.NH3",0.153263837842662,0.684930105067003,"3,2"
"18104","TSS..mg.L. + UVT.... + CODds..mg.L. + SACto..1.m. + NSEC.Aerobic.SRT + NSEC.Effluent.NO3",0.169641681612137,0.519379627783488,"3,2"
"18105","TSS..mg.L. + UVT.... + CODds..mg.L. + SACto..1.m. + NSEC.Aerobic.SRT + NSEC.Effluent.OP",0.304898181582194,0.687212916654147,"3,2"
"18106","TSS..mg.L. + UVT.... + CODds..mg.L. + SACto..1.m. + NSEC.Aerobic.SRT + NSEC.Effluent.TSS",0.155513330196296,0.677733571313524,"3,2"
"18107","TSS..mg.L. + UVT.... + CODds..mg.L. + SACto..1.m. + NSEC.Aerobic.SRT + NSEC.Effluent.NO5",0.12489905480547,0.607551367151237,"3,2"
"18108","TSS..mg.L. + UVT.... + CODds..mg.L. + SACto..1.m. + NSEC.Aerobic.SRT + NSEC.Effluent.Flow",0.202020648151502,0.751153915667822,"3,2"
"18109","TSS..mg.L. + UVT.... + CODds..mg.L. + SACto..1.m. + NSEC.Effluent.NH3 + NSEC.Effluent.NO3",0.113478258136985,0.474934305929571,"3,2"
"18110","TSS..mg.L. + UVT.... + CODds..mg.L. + SACto..1.m. + NSEC.Effluent.NH3 + NSEC.Effluent.OP",0.00428753162062456,0.409308538144005,"3,2"
"18111","TSS..mg.L. + UVT.... + CODds..mg.L. + SACto..1.m. + NSEC.Effluent.NH3 + NSEC.Effluent.TSS",0.121314186123811,0.630741530256403,"3,2"
"18112","TSS..mg.L. + UVT.... + CODds..mg.L. + SACto..1.m. + NSEC.Effluent.NH3 + NSEC.Effluent.NO5",0.236839956588399,0.581788550739063,"3,2"
"18113","TSS..mg.L. + UVT.... + CODds..mg.L. + SACto..1.m. + NSEC.Effluent.NH3 + NSEC.Effluent.Flow",0.0103696117863579,0.496417551837891,"3,2"
"18114","TSS..mg.L. + UVT.... + CODds..mg.L. + SACto..1.m. + NSEC.Effluent.NO3 + NSEC.Effluent.OP",0.0871609479787785,0.622578656929917,"3,2"
"18115","TSS..mg.L. + UVT.... + CODds..mg.L. + SACto..1.m. + NSEC.Effluent.NO3 + NSEC.Effluent.TSS",0.168620394971552,0.725166327567963,"3,2"
"18116","TSS..mg.L. + UVT.... + CODds..mg.L. + SACto..1.m. + NSEC.Effluent.NO3 + NSEC.Effluent.NO5",0.148705742503654,0.530042597378435,"3,2"
"18117","TSS..mg.L. + UVT.... + CODds..mg.L. + SACto..1.m. + NSEC.Effluent.NO3 + NSEC.Effluent.Flow",0.109111236091316,0.474829735383867,"3,2"
"18118","TSS..mg.L. + UVT.... + CODds..mg.L. + SACto..1.m. + NSEC.Effluent.OP + NSEC.Effluent.TSS",0.0580198363712905,0.682528530845426,"3,2"
"18119","TSS..mg.L. + UVT.... + CODds..mg.L. + SACto..1.m. + NSEC.Effluent.OP + NSEC.Effluent.NO5",0.0398795650290924,0.54555484704244,"3,2"
"18120","TSS..mg.L. + UVT.... + CODds..mg.L. + SACto..1.m. + NSEC.Effluent.OP + NSEC.Effluent.Flow",0.149706752078158,0.515510364123163,"3,2"
"18121","TSS..mg.L. + UVT.... + CODds..mg.L. + SACto..1.m. + NSEC.Effluent.TSS + NSEC.Effluent.NO5",0.0845432623319415,0.736524628021999,"3,2"
"18122","TSS..mg.L. + UVT.... + CODds..mg.L. + SACto..1.m. + NSEC.Effluent.TSS + NSEC.Effluent.Flow",0.0213235597775012,0.713747732441137,"3,2"
"18123","TSS..mg.L. + UVT.... + CODds..mg.L. + SACto..1.m. + NSEC.Effluent.NO5 + NSEC.Effluent.Flow",0.295850345188084,0.656580639828384,"3,2"
"18124","TSS..mg.L. + UVT.... + CODds..mg.L. + NSEC.Aerobic.SRT + NSEC.Effluent.NH3 + NSEC.Effluent.NO3",0.174733013161649,0.719768236162422,"3,2"
"18125","TSS..mg.L. + UVT.... + CODds..mg.L. + NSEC.Aerobic.SRT + NSEC.Effluent.NH3 + NSEC.Effluent.OP",0.109250133637772,0.62292404719887,"3,2"
"18126","TSS..mg.L. + UVT.... + CODds..mg.L. + NSEC.Aerobic.SRT + NSEC.Effluent.NH3 + NSEC.Effluent.TSS",0.149623617223984,0.67122517828036,"3,2"
"18127","TSS..mg.L. + UVT.... + CODds..mg.L. + NSEC.Aerobic.SRT + NSEC.Effluent.NH3 + NSEC.Effluent.NO5",0.155429892286818,0.70141850706969,"3,2"
"18128","TSS..mg.L. + UVT.... + CODds..mg.L. + NSEC.Aerobic.SRT + NSEC.Effluent.NH3 + NSEC.Effluent.Flow",0.027250929221911,0.743576824670348,"3,2"
"18129","TSS..mg.L. + UVT.... + CODds..mg.L. + NSEC.Aerobic.SRT + NSEC.Effluent.NO3 + NSEC.Effluent.OP",0.136116777644133,0.746121885165829,"3,2"
"18130","TSS..mg.L. + UVT.... + CODds..mg.L. + NSEC.Aerobic.SRT + NSEC.Effluent.NO3 + NSEC.Effluent.TSS",0.164272906682114,0.682880036860682,"3,2"
"18131","TSS..mg.L. + UVT.... + CODds..mg.L. + NSEC.Aerobic.SRT + NSEC.Effluent.NO3 + NSEC.Effluent.NO5",0.0976223510459278,0.749027985287193,"3,2"
"18132","TSS..mg.L. + UVT.... + CODds..mg.L. + NSEC.Aerobic.SRT + NSEC.Effluent.NO3 + NSEC.Effluent.Flow",0.118632488831417,0.795585342297129,"3,2"
"18133","TSS..mg.L. + UVT.... + CODds..mg.L. + NSEC.Aerobic.SRT + NSEC.Effluent.OP + NSEC.Effluent.TSS",0.134376454633717,0.693492389145139,"3,2"
"18134","TSS..mg.L. + UVT.... + CODds..mg.L. + NSEC.Aerobic.SRT + NSEC.Effluent.OP + NSEC.Effluent.NO5",0.116402640604117,0.625321525659522,"3,2"
"18135","TSS..mg.L. + UVT.... + CODds..mg.L. + NSEC.Aerobic.SRT + NSEC.Effluent.OP + NSEC.Effluent.Flow",0.19183005884469,0.670099908250408,"3,2"
"18136","TSS..mg.L. + UVT.... + CODds..mg.L. + NSEC.Aerobic.SRT + NSEC.Effluent.TSS + NSEC.Effluent.NO5",0.118990943783171,0.609595690519261,"3,2"
"18137","TSS..mg.L. + UVT.... + CODds..mg.L. + NSEC.Aerobic.SRT + NSEC.Effluent.TSS + NSEC.Effluent.Flow",0.0416629450037795,0.8266161467578,"3,2"
"18138","TSS..mg.L. + UVT.... + CODds..mg.L. + NSEC.Aerobic.SRT + NSEC.Effluent.NO5 + NSEC.Effluent.Flow",0.0964083599014989,0.63931899352433,"3,2"
"18139","TSS..mg.L. + UVT.... + CODds..mg.L. + NSEC.Effluent.NH3 + NSEC.Effluent.NO3 + NSEC.Effluent.OP",0.0379665377268323,0.437302817410349,"3,2"
"18140","TSS..mg.L. + UVT.... + CODds..mg.L. + NSEC.Effluent.NH3 + NSEC.Effluent.NO3 + NSEC.Effluent.TSS",0.235248703148757,0.711043195118924,"3,2"
"18141","TSS..mg.L. + UVT.... + CODds..mg.L. + NSEC.Effluent.NH3 + NSEC.Effluent.NO3 + NSEC.Effluent.NO5",0.0213430976526547,0.541957164639912,"3,2"
"18142","TSS..mg.L. + UVT.... + CODds..mg.L. + NSEC.Effluent.NH3 + NSEC.Effluent.NO3 + NSEC.Effluent.Flow",0.162144174541229,0.568747930650906,"3,2"
"18143","TSS..mg.L. + UVT.... + CODds..mg.L. + NSEC.Effluent.NH3 + NSEC.Effluent.OP + NSEC.Effluent.TSS",0.0473705681234993,0.732163986670207,"3,2"
"18144","TSS..mg.L. + UVT.... + CODds..mg.L. + NSEC.Effluent.NH3 + NSEC.Effluent.OP + NSEC.Effluent.NO5",0.0779527857195523,0.516233460868434,"3,2"
"18145","TSS..mg.L. + UVT.... + CODds..mg.L. + NSEC.Effluent.NH3 + NSEC.Effluent.OP + NSEC.Effluent.Flow",0.120817972263819,0.545012878883574,"3,2"
"18146","TSS..mg.L. + UVT.... + CODds..mg.L. + NSEC.Effluent.NH3 + NSEC.Effluent.TSS + NSEC.Effluent.NO5",0.205579075260678,0.693488267958568,"3,2"
"18147","TSS..mg.L. + UVT.... + CODds..mg.L. + NSEC.Effluent.NH3 + NSEC.Effluent.TSS + NSEC.Effluent.Flow",0.223382828097327,0.772810322667562,"3,2"
"18148","TSS..mg.L. + UVT.... + CODds..mg.L. + NSEC.Effluent.NH3 + NSEC.Effluent.NO5 + NSEC.Effluent.Flow",0.0226781735063211,0.52120160985371,"3,2"
"18149","TSS..mg.L. + UVT.... + CODds..mg.L. + NSEC.Effluent.NO3 + NSEC.Effluent.OP + NSEC.Effluent.TSS",0.148907751893149,0.64138825834354,"3,2"
"18150","TSS..mg.L. + UVT.... + CODds..mg.L. + NSEC.Effluent.NO3 + NSEC.Effluent.OP + NSEC.Effluent.NO5",0.0631622479557019,0.507838567032955,"3,2"
"18151","TSS..mg.L. + UVT.... + CODds..mg.L. + NSEC.Effluent.NO3 + NSEC.Effluent.OP + NSEC.Effluent.Flow",0.0137039270149804,0.563563778880711,"3,2"
"18152","TSS..mg.L. + UVT.... + CODds..mg.L. + NSEC.Effluent.NO3 + NSEC.Effluent.TSS + NSEC.Effluent.NO5",0.277789172320241,0.681020722461638,"3,2"
"18153","TSS..mg.L. + UVT.... + CODds..mg.L. + NSEC.Effluent.NO3 + NSEC.Effluent.TSS + NSEC.Effluent.Flow",0.260063473716337,0.651884846951139,"3,2"
"18154","TSS..mg.L. + UVT.... + CODds..mg.L. + NSEC.Effluent.NO3 + NSEC.Effluent.NO5 + NSEC.Effluent.Flow",0.154877170615623,0.527617991365528,"3,2"
"18155","TSS..mg.L. + UVT.... + CODds..mg.L. + NSEC.Effluent.OP + NSEC.Effluent.TSS + NSEC.Effluent.NO5",0.194177312820903,0.754429726952705,"3,2"
"18156","TSS..mg.L. + UVT.... + CODds..mg.L. + NSEC.Effluent.OP + NSEC.Effluent.TSS + NSEC.Effluent.Flow",0.261987398542139,0.694790795396302,"3,2"
"18157","TSS..mg.L. + UVT.... + CODds..mg.L. + NSEC.Effluent.OP + NSEC.Effluent.NO5 + NSEC.Effluent.Flow",0.2195330680611,0.518494193785474,"3,2"
"18158","TSS..mg.L. + UVT.... + CODds..mg.L. + NSEC.Effluent.TSS + NSEC.Effluent.NO5 + NSEC.Effluent.Flow",0.160337869892178,0.715150792748671,"3,2"
"18159","TSS..mg.L. + UVT.... + SACto..1.m. + NSEC.Aerobic.SRT + NSEC.Effluent.NH3 + NSEC.Effluent.NO3",0.102316445699372,0.710634921066399,"3,2"
"18160","TSS..mg.L. + UVT.... + SACto..1.m. + NSEC.Aerobic.SRT + NSEC.Effluent.NH3 + NSEC.Effluent.OP",0.0937220096976743,0.727677743244029,"3,2"
"18161","TSS..mg.L. + UVT.... + SACto..1.m. + NSEC.Aerobic.SRT + NSEC.Effluent.NH3 + NSEC.Effluent.TSS",0.0940968543074834,0.778771383245101,"3,2"
"18162","TSS..mg.L. + UVT.... + SACto..1.m. + NSEC.Aerobic.SRT + NSEC.Effluent.NH3 + NSEC.Effluent.NO5",0.115046877654532,0.719490418257301,"3,2"
"18163","TSS..mg.L. + UVT.... + SACto..1.m. + NSEC.Aerobic.SRT + NSEC.Effluent.NH3 + NSEC.Effluent.Flow",0.103287062738364,0.765335506784169,"3,2"
"18164","TSS..mg.L. + UVT.... + SACto..1.m. + NSEC.Aerobic.SRT + NSEC.Effluent.NO3 + NSEC.Effluent.OP",0.167006565781444,0.747302804502138,"3,2"
"18165","TSS..mg.L. + UVT.... + SACto..1.m. + NSEC.Aerobic.SRT + NSEC.Effluent.NO3 + NSEC.Effluent.TSS",0.139736665885273,0.744549387987098,"3,2"
"18166","TSS..mg.L. + UVT.... + SACto..1.m. + NSEC.Aerobic.SRT + NSEC.Effluent.NO3 + NSEC.Effluent.NO5",0.117895693413763,0.736579352135985,"3,2"
"18167","TSS..mg.L. + UVT.... + SACto..1.m. + NSEC.Aerobic.SRT + NSEC.Effluent.NO3 + NSEC.Effluent.Flow",0.0188735748401496,0.764592970906537,"3,2"
"18168","TSS..mg.L. + UVT.... + SACto..1.m. + NSEC.Aerobic.SRT + NSEC.Effluent.OP + NSEC.Effluent.TSS",0.14560521764243,0.710400737337104,"3,2"
"18169","TSS..mg.L. + UVT.... + SACto..1.m. + NSEC.Aerobic.SRT + NSEC.Effluent.OP + NSEC.Effluent.NO5",0.0765614117490903,0.700837986076836,"3,2"
"18170","TSS..mg.L. + UVT.... + SACto..1.m. + NSEC.Aerobic.SRT + NSEC.Effluent.OP + NSEC.Effluent.Flow",0.0169358950750518,0.76359000445714,"3,2"
"18171","TSS..mg.L. + UVT.... + SACto..1.m. + NSEC.Aerobic.SRT + NSEC.Effluent.TSS + NSEC.Effluent.NO5",0.0897679358982142,0.709495128304848,"3,2"
"18172","TSS..mg.L. + UVT.... + SACto..1.m. + NSEC.Aerobic.SRT + NSEC.Effluent.TSS + NSEC.Effluent.Flow",0.0387232207395898,0.807975184282858,"3,2"
"18173","TSS..mg.L. + UVT.... + SACto..1.m. + NSEC.Aerobic.SRT + NSEC.Effluent.NO5 + NSEC.Effluent.Flow",0.0487025981906464,0.786182139408697,"3,2"
"18174","TSS..mg.L. + UVT.... + SACto..1.m. + NSEC.Effluent.NH3 + NSEC.Effluent.NO3 + NSEC.Effluent.OP",0.0323600089472627,0.538762105373477,"3,2"
"18175","TSS..mg.L. + UVT.... + SACto..1.m. + NSEC.Effluent.NH3 + NSEC.Effluent.NO3 + NSEC.Effluent.TSS",0.17065847994798,0.685928642494138,"3,2"
"18176","TSS..mg.L. + UVT.... + SACto..1.m. + NSEC.Effluent.NH3 + NSEC.Effluent.NO3 + NSEC.Effluent.NO5",0.0676731192744384,0.621940786088768,"3,2"
"18177","TSS..mg.L. + UVT.... + SACto..1.m. + NSEC.Effluent.NH3 + NSEC.Effluent.NO3 + NSEC.Effluent.Flow",0.0925906927744751,0.533982352684526,"3,2"
"18178","TSS..mg.L. + UVT.... + SACto..1.m. + NSEC.Effluent.NH3 + NSEC.Effluent.OP + NSEC.Effluent.TSS",0.09024597699485,0.588816906924778,"3,2"
"18179","TSS..mg.L. + UVT.... + SACto..1.m. + NSEC.Effluent.NH3 + NSEC.Effluent.OP + NSEC.Effluent.NO5",0.242755111889427,0.607355301853489,"3,2"
"18180","TSS..mg.L. + UVT.... + SACto..1.m. + NSEC.Effluent.NH3 + NSEC.Effluent.OP + NSEC.Effluent.Flow",0.140671859712214,0.515631999850527,"3,2"
"18181","TSS..mg.L. + UVT.... + SACto..1.m. + NSEC.Effluent.NH3 + NSEC.Effluent.TSS + NSEC.Effluent.NO5",0.177248118520959,0.68932697195151,"3,2"
"18182","TSS..mg.L. + UVT.... + SACto..1.m. + NSEC.Effluent.NH3 + NSEC.Effluent.TSS + NSEC.Effluent.Flow",0.257710729504046,0.741776839997666,"3,2"
"18183","TSS..mg.L. + UVT.... + SACto..1.m. + NSEC.Effluent.NH3 + NSEC.Effluent.NO5 + NSEC.Effluent.Flow",0.0699706587045812,0.49481769048577,"3,2"
"18184","TSS..mg.L. + UVT.... + SACto..1.m. + NSEC.Effluent.NO3 + NSEC.Effluent.OP + NSEC.Effluent.TSS",0.233501367217233,0.686430552947621,"3,2"
"18185","TSS..mg.L. + UVT.... + SACto..1.m. + NSEC.Effluent.NO3 + NSEC.Effluent.OP + NSEC.Effluent.NO5",0.0512280652519954,0.521244148661488,"3,2"
"18186","TSS..mg.L. + UVT.... + SACto..1.m. + NSEC.Effluent.NO3 + NSEC.Effluent.OP + NSEC.Effluent.Flow",0.214088879667889,0.549157498966726,"3,2"
"18187","TSS..mg.L. + UVT.... + SACto..1.m. + NSEC.Effluent.NO3 + NSEC.Effluent.TSS + NSEC.Effluent.NO5",0.246593034787445,0.735839215972071,"3,2"
"18188","TSS..mg.L. + UVT.... + SACto..1.m. + NSEC.Effluent.NO3 + NSEC.Effluent.TSS + NSEC.Effluent.Flow",0.209286159385882,0.716403300200072,"3,2"
"18189","TSS..mg.L. + UVT.... + SACto..1.m. + NSEC.Effluent.NO3 + NSEC.Effluent.NO5 + NSEC.Effluent.Flow",0.190517200942956,0.531256157803037,"3,2"
"18190","TSS..mg.L. + UVT.... + SACto..1.m. + NSEC.Effluent.OP + NSEC.Effluent.TSS + NSEC.Effluent.NO5",0.0924041619760525,0.67368274861287,"3,2"
"18191","TSS..mg.L. + UVT.... + SACto..1.m. + NSEC.Effluent.OP + NSEC.Effluent.TSS + NSEC.Effluent.Flow",0.0974898054921298,0.756644088506533,"3,2"
"18192","TSS..mg.L. + UVT.... + SACto..1.m. + NSEC.Effluent.OP + NSEC.Effluent.NO5 + NSEC.Effluent.Flow",0.15900737139384,0.525925256061974,"3,2"
"18193","TSS..mg.L. + UVT.... + SACto..1.m. + NSEC.Effluent.TSS + NSEC.Effluent.NO5 + NSEC.Effluent.Flow",0.220929307979303,0.726923144119661,"3,2"
"18194","TSS..mg.L. + UVT.... + NSEC.Aerobic.SRT + NSEC.Effluent.NH3 + NSEC.Effluent.NO3 + NSEC.Effluent.OP",0.0231825808616919,0.632710858310021,"3,2"
"18195","TSS..mg.L. + UVT.... + NSEC.Aerobic.SRT + NSEC.Effluent.NH3 + NSEC.Effluent.NO3 + NSEC.Effluent.TSS",0.206075923701562,0.782857340682926,"3,2"
"18196","TSS..mg.L. + UVT.... + NSEC.Aerobic.SRT + NSEC.Effluent.NH3 + NSEC.Effluent.NO3 + NSEC.Effluent.NO5",0.0761327283797197,0.736458689229835,"3,2"
"18197","TSS..mg.L. + UVT.... + NSEC.Aerobic.SRT + NSEC.Effluent.NH3 + NSEC.Effluent.NO3 + NSEC.Effluent.Flow",0.181423144419225,0.770324293152771,"3,2"
"18198","TSS..mg.L. + UVT.... + NSEC.Aerobic.SRT + NSEC.Effluent.NH3 + NSEC.Effluent.OP + NSEC.Effluent.TSS",0.0626420522716566,0.733832069434228,"3,2"
"18199","TSS..mg.L. + UVT.... + NSEC.Aerobic.SRT + NSEC.Effluent.NH3 + NSEC.Effluent.OP + NSEC.Effluent.NO5",0.107486760624548,0.688020181309168,"3,2"
"18200","TSS..mg.L. + UVT.... + NSEC.Aerobic.SRT + NSEC.Effluent.NH3 + NSEC.Effluent.OP + NSEC.Effluent.Flow",0.142044376563049,0.795693637003819,"3,2"
"18201","TSS..mg.L. + UVT.... + NSEC.Aerobic.SRT + NSEC.Effluent.NH3 + NSEC.Effluent.TSS + NSEC.Effluent.NO5",0.243376196732652,0.708085097027895,"3,2"
"18202","TSS..mg.L. + UVT.... + NSEC.Aerobic.SRT + NSEC.Effluent.NH3 + NSEC.Effluent.TSS + NSEC.Effluent.Flow",0.170508788700463,0.822348771098539,"3,2"
"18203","TSS..mg.L. + UVT.... + NSEC.Aerobic.SRT + NSEC.Effluent.NH3 + NSEC.Effluent.NO5 + NSEC.Effluent.Flow",0.126942440564461,0.75076950164977,"3,2"
"18204","TSS..mg.L. + UVT.... + NSEC.Aerobic.SRT + NSEC.Effluent.NO3 + NSEC.Effluent.OP + NSEC.Effluent.TSS",0.0181819865153843,0.748936913586924,"3,2"
"18205","TSS..mg.L. + UVT.... + NSEC.Aerobic.SRT + NSEC.Effluent.NO3 + NSEC.Effluent.OP + NSEC.Effluent.NO5",0.100980844750584,0.730842236389307,"3,2"
"18206","TSS..mg.L. + UVT.... + NSEC.Aerobic.SRT + NSEC.Effluent.NO3 + NSEC.Effluent.OP + NSEC.Effluent.Flow",0.101597456801857,0.715819195057684,"3,2"
"18207","TSS..mg.L. + UVT.... + NSEC.Aerobic.SRT + NSEC.Effluent.NO3 + NSEC.Effluent.TSS + NSEC.Effluent.NO5",0.102280463362301,0.740918970969105,"3,2"
"18208","TSS..mg.L. + UVT.... + NSEC.Aerobic.SRT + NSEC.Effluent.NO3 + NSEC.Effluent.TSS + NSEC.Effluent.Flow",0.101561917039925,0.816494958537982,"3,2"
"18209","TSS..mg.L. + UVT.... + NSEC.Aerobic.SRT + NSEC.Effluent.NO3 + NSEC.Effluent.NO5 + NSEC.Effluent.Flow",0.022780138167986,0.436034659569708,"3,2"
"18210","TSS..mg.L. + UVT.... + NSEC.Aerobic.SRT + NSEC.Effluent.OP + NSEC.Effluent.TSS + NSEC.Effluent.NO5",0.0416503992363122,0.702019296028547,"3,2"
"18211","TSS..mg.L. + UVT.... + NSEC.Aerobic.SRT + NSEC.Effluent.OP + NSEC.Effluent.TSS + NSEC.Effluent.Flow",0.176635582600429,0.77662316903608,"3,2"
"18212","TSS..mg.L. + UVT.... + NSEC.Aerobic.SRT + NSEC.Effluent.OP + NSEC.Effluent.NO5 + NSEC.Effluent.Flow",0.064263885730947,0.755979919100757,"3,2"
"18213","TSS..mg.L. + UVT.... + NSEC.Aerobic.SRT + NSEC.Effluent.TSS + NSEC.Effluent.NO5 + NSEC.Effluent.Flow",0.0543973861599949,0.791327159575495,"3,2"
"18214","TSS..mg.L. + UVT.... + NSEC.Effluent.NH3 + NSEC.Effluent.NO3 + NSEC.Effluent.OP + NSEC.Effluent.TSS",0.0906760314765782,0.724766266558975,"3,2"
"18215","TSS..mg.L. + UVT.... + NSEC.Effluent.NH3 + NSEC.Effluent.NO3 + NSEC.Effluent.OP + NSEC.Effluent.NO5",0.146362486449089,0.465570879590802,"3,2"
"18216","TSS..mg.L. + UVT.... + NSEC.Effluent.NH3 + NSEC.Effluent.NO3 + NSEC.Effluent.OP + NSEC.Effluent.Flow",0.104570790674416,0.554921355475624,"3,2"
"18217","TSS..mg.L. + UVT.... + NSEC.Effluent.NH3 + NSEC.Effluent.NO3 + NSEC.Effluent.TSS + NSEC.Effluent.NO5",0.169277143722923,0.736519922485818,"3,2"
"18218","TSS..mg.L. + UVT.... + NSEC.Effluent.NH3 + NSEC.Effluent.NO3 + NSEC.Effluent.TSS + NSEC.Effluent.Flow",0.274285283297803,0.782356043518423,"3,2"
"18219","TSS..mg.L. + UVT.... + NSEC.Effluent.NH3 + NSEC.Effluent.NO3 + NSEC.Effluent.NO5 + NSEC.Effluent.Flow",0.217582738681597,0.617943592463551,"3,2"
"18220","TSS..mg.L. + UVT.... + NSEC.Effluent.NH3 + NSEC.Effluent.OP + NSEC.Effluent.TSS + NSEC.Effluent.NO5",0.155141912780978,0.718535166982694,"3,2"
"18221","TSS..mg.L. + UVT.... + NSEC.Effluent.NH3 + NSEC.Effluent.OP + NSEC.Effluent.TSS + NSEC.Effluent.Flow",0.0598027636830625,0.804695002894089,"3,2"
"18222","TSS..mg.L. + UVT.... + NSEC.Effluent.NH3 + NSEC.Effluent.OP + NSEC.Effluent.NO5 + NSEC.Effluent.Flow",0.166490421747506,0.616850516876438,"3,2"
"18223","TSS..mg.L. + UVT.... + NSEC.Effluent.NH3 + NSEC.Effluent.TSS + NSEC.Effluent.NO5 + NSEC.Effluent.Flow",0.163669471750691,0.714920587456039,"3,2"
"18224","TSS..mg.L. + UVT.... + NSEC.Effluent.NO3 + NSEC.Effluent.OP + NSEC.Effluent.TSS + NSEC.Effluent.NO5",0.137506697405547,0.676516282869184,"3,2"
"18225","TSS..mg.L. + UVT.... + NSEC.Effluent.NO3 + NSEC.Effluent.OP + NSEC.Effluent.TSS + NSEC.Effluent.Flow",0.228660493017413,0.788672711920958,"3,2"
"18226","TSS..mg.L. + UVT.... + NSEC.Effluent.NO3 + NSEC.Effluent.OP + NSEC.Effluent.NO5 + NSEC.Effluent.Flow",0.202758336817367,0.653408180414675,"3,2"
"18227","TSS..mg.L. + UVT.... + NSEC.Effluent.NO3 + NSEC.Effluent.TSS + NSEC.Effluent.NO5 + NSEC.Effluent.Flow",0.190415259120175,0.710784847028763,"3,2"
"18228","TSS..mg.L. + UVT.... + NSEC.Effluent.OP + NSEC.Effluent.TSS + NSEC.Effluent.NO5 + NSEC.Effluent.Flow",0.211489730879226,0.764424677049039,"3,2"
"18229","TSS..mg.L. + CODds..mg.L. + SACto..1.m. + NSEC.Aerobic.SRT + NSEC.Effluent.NH3 + NSEC.Effluent.NO3",0.0435410403251031,0.689220141364464,"3,2"
"18230","TSS..mg.L. + CODds..mg.L. + SACto..1.m. + NSEC.Aerobic.SRT + NSEC.Effluent.NH3 + NSEC.Effluent.OP",0.0637333548703771,0.637280867846889,"3,2"
"18231","TSS..mg.L. + CODds..mg.L. + SACto..1.m. + NSEC.Aerobic.SRT + NSEC.Effluent.NH3 + NSEC.Effluent.TSS",0.19109028433256,0.746491120862671,"3,2"
"18232","TSS..mg.L. + CODds..mg.L. + SACto..1.m. + NSEC.Aerobic.SRT + NSEC.Effluent.NH3 + NSEC.Effluent.NO5",0.0668127556144145,0.73986907561962,"3,2"
"18233","TSS..mg.L. + CODds..mg.L. + SACto..1.m. + NSEC.Aerobic.SRT + NSEC.Effluent.NH3 + NSEC.Effluent.Flow",0.106690644466917,0.504806427939235,"3,2"
"18234","TSS..mg.L. + CODds..mg.L. + SACto..1.m. + NSEC.Aerobic.SRT + NSEC.Effluent.NO3 + NSEC.Effluent.OP",0.200028852275067,0.716809215781058,"3,2"
"18235","TSS..mg.L. + CODds..mg.L. + SACto..1.m. + NSEC.Aerobic.SRT + NSEC.Effluent.NO3 + NSEC.Effluent.TSS",0.107360382710474,0.675191962341943,"3,2"
"18236","TSS..mg.L. + CODds..mg.L. + SACto..1.m. + NSEC.Aerobic.SRT + NSEC.Effluent.NO3 + NSEC.Effluent.NO5",0.00788204694797279,0.734320846411849,"3,2"
"18237","TSS..mg.L. + CODds..mg.L. + SACto..1.m. + NSEC.Aerobic.SRT + NSEC.Effluent.NO3 + NSEC.Effluent.Flow",0.1356937118932,0.757779651878503,"3,2"
"18238","TSS..mg.L. + CODds..mg.L. + SACto..1.m. + NSEC.Aerobic.SRT + NSEC.Effluent.OP + NSEC.Effluent.TSS",0.194931278207755,0.755678208187272,"3,2"
"18239","TSS..mg.L. + CODds..mg.L. + SACto..1.m. + NSEC.Aerobic.SRT + NSEC.Effluent.OP + NSEC.Effluent.NO5",0.0232907644302318,0.68388035124672,"3,2"
"18240","TSS..mg.L. + CODds..mg.L. + SACto..1.m. + NSEC.Aerobic.SRT + NSEC.Effluent.OP + NSEC.Effluent.Flow",0.180402593029187,0.73010507664205,"3,2"
"18241","TSS..mg.L. + CODds..mg.L. + SACto..1.m. + NSEC.Aerobic.SRT + NSEC.Effluent.TSS + NSEC.Effluent.NO5",0.016658114556791,0.746505505559937,"3,2"
"18242","TSS..mg.L. + CODds..mg.L. + SACto..1.m. + NSEC.Aerobic.SRT + NSEC.Effluent.TSS + NSEC.Effluent.Flow",0.149223104922761,0.800328745343603,"3,2"
"18243","TSS..mg.L. + CODds..mg.L. + SACto..1.m. + NSEC.Aerobic.SRT + NSEC.Effluent.NO5 + NSEC.Effluent.Flow",0.0400221717296576,0.755626453359983,"3,2"
"18244","TSS..mg.L. + CODds..mg.L. + SACto..1.m. + NSEC.Effluent.NH3 + NSEC.Effluent.NO3 + NSEC.Effluent.OP",0.135084151647188,0.630917347306169,"3,2"
"18245","TSS..mg.L. + CODds..mg.L. + SACto..1.m. + NSEC.Effluent.NH3 + NSEC.Effluent.NO3 + NSEC.Effluent.TSS",0.216096025478704,0.698783198877295,"3,2"
"18246","TSS..mg.L. + CODds..mg.L. + SACto..1.m. + NSEC.Effluent.NH3 + NSEC.Effluent.NO3 + NSEC.Effluent.NO5",0.152962981441363,0.505748470785183,"3,2"
"18247","TSS..mg.L. + CODds..mg.L. + SACto..1.m. + NSEC.Effluent.NH3 + NSEC.Effluent.NO3 + NSEC.Effluent.Flow",0.149869521363013,0.496131023875632,"3,2"
"18248","TSS..mg.L. + CODds..mg.L. + SACto..1.m. + NSEC.Effluent.NH3 + NSEC.Effluent.OP + NSEC.Effluent.TSS",0.221096256595886,0.701087240204293,"3,2"
"18249","TSS..mg.L. + CODds..mg.L. + SACto..1.m. + NSEC.Effluent.NH3 + NSEC.Effluent.OP + NSEC.Effluent.NO5",0.0853452612472207,0.581856716981997,"3,2"
"18250","TSS..mg.L. + CODds..mg.L. + SACto..1.m. + NSEC.Effluent.NH3 + NSEC.Effluent.OP + NSEC.Effluent.Flow",0.145084436227337,0.516523535098279,"3,2"
"18251","TSS..mg.L. + CODds..mg.L. + SACto..1.m. + NSEC.Effluent.NH3 + NSEC.Effluent.TSS + NSEC.Effluent.NO5",0.225129978576007,0.700303477935899,"3,2"
"18252","TSS..mg.L. + CODds..mg.L. + SACto..1.m. + NSEC.Effluent.NH3 + NSEC.Effluent.TSS + NSEC.Effluent.Flow",0.303216760144431,0.764163318777373,"3,2"
"18253","TSS..mg.L. + CODds..mg.L. + SACto..1.m. + NSEC.Effluent.NH3 + NSEC.Effluent.NO5 + NSEC.Effluent.Flow",0.15763900636454,0.473767090858251,"3,2"
"18254","TSS..mg.L. + CODds..mg.L. + SACto..1.m. + NSEC.Effluent.NO3 + NSEC.Effluent.OP + NSEC.Effluent.TSS",0.193376424065931,0.705161002209853,"3,2"
"18255","TSS..mg.L. + CODds..mg.L. + SACto..1.m. + NSEC.Effluent.NO3 + NSEC.Effluent.OP + NSEC.Effluent.NO5",0.206827769643091,0.625249524545517,"3,2"
"18256","TSS..mg.L. + CODds..mg.L. + SACto..1.m. + NSEC.Effluent.NO3 + NSEC.Effluent.OP + NSEC.Effluent.Flow",0.171512510903121,0.554967448737608,"3,2"
"18257","TSS..mg.L. + CODds..mg.L. + SACto..1.m. + NSEC.Effluent.NO3 + NSEC.Effluent.TSS + NSEC.Effluent.NO5",0.210322164808691,0.758972628229009,"3,2"
"18258","TSS..mg.L. + CODds..mg.L. + SACto..1.m. + NSEC.Effluent.NO3 + NSEC.Effluent.TSS + NSEC.Effluent.Flow",0.0482377583063998,0.709433506318649,"3,2"
"18259","TSS..mg.L. + CODds..mg.L. + SACto..1.m. + NSEC.Effluent.NO3 + NSEC.Effluent.NO5 + NSEC.Effluent.Flow",0.13979087872195,0.515292532441268,"3,2"
"18260","TSS..mg.L. + CODds..mg.L. + SACto..1.m. + NSEC.Effluent.OP + NSEC.Effluent.TSS + NSEC.Effluent.NO5",0.0317480369082124,0.600241712386489,"3,2"
"18261","TSS..mg.L. + CODds..mg.L. + SACto..1.m. + NSEC.Effluent.OP + NSEC.Effluent.TSS + NSEC.Effluent.Flow",0.150214906570241,0.752335766464097,"3,2"
"18262","TSS..mg.L. + CODds..mg.L. + SACto..1.m. + NSEC.Effluent.OP + NSEC.Effluent.NO5 + NSEC.Effluent.Flow",0.180733592292004,0.510916987189494,"3,2"
"18263","TSS..mg.L. + CODds..mg.L. + SACto..1.m. + NSEC.Effluent.TSS + NSEC.Effluent.NO5 + NSEC.Effluent.Flow",0.21972718117751,0.719021620413083,"3,2"
"18264","TSS..mg.L. + CODds..mg.L. + NSEC.Aerobic.SRT + NSEC.Effluent.NH3 + NSEC.Effluent.NO3 + NSEC.Effluent.OP",0.22199127453548,0.705255022438212,"3,2"
"18265","TSS..mg.L. + CODds..mg.L. + NSEC.Aerobic.SRT + NSEC.Effluent.NH3 + NSEC.Effluent.NO3 + NSEC.Effluent.TSS",0.183291410315415,0.765876193932508,"3,2"
"18266","TSS..mg.L. + CODds..mg.L. + NSEC.Aerobic.SRT + NSEC.Effluent.NH3 + NSEC.Effluent.NO3 + NSEC.Effluent.NO5",0.16552115346211,0.69724872076335,"3,2"
"18267","TSS..mg.L. + CODds..mg.L. + NSEC.Aerobic.SRT + NSEC.Effluent.NH3 + NSEC.Effluent.NO3 + NSEC.Effluent.Flow",0.217859722104826,0.69707325114466,"3,2"
"18268","TSS..mg.L. + CODds..mg.L. + NSEC.Aerobic.SRT + NSEC.Effluent.NH3 + NSEC.Effluent.OP + NSEC.Effluent.TSS",0.0571312184425135,0.480888377605467,"3,2"
"18269","TSS..mg.L. + CODds..mg.L. + NSEC.Aerobic.SRT + NSEC.Effluent.NH3 + NSEC.Effluent.OP + NSEC.Effluent.NO5",0.102318474331883,0.609827983192148,"3,2"
"18270","TSS..mg.L. + CODds..mg.L. + NSEC.Aerobic.SRT + NSEC.Effluent.NH3 + NSEC.Effluent.OP + NSEC.Effluent.Flow",0.073708592244103,0.726727299488592,"3,2"
"18271","TSS..mg.L. + CODds..mg.L. + NSEC.Aerobic.SRT + NSEC.Effluent.NH3 + NSEC.Effluent.TSS + NSEC.Effluent.NO5",0.140124819002532,0.698247587432793,"3,2"
"18272","TSS..mg.L. + CODds..mg.L. + NSEC.Aerobic.SRT + NSEC.Effluent.NH3 + NSEC.Effluent.TSS + NSEC.Effluent.Flow",0.0829329016655151,0.563747023988868,"3,2"
"18273","TSS..mg.L. + CODds..mg.L. + NSEC.Aerobic.SRT + NSEC.Effluent.NH3 + NSEC.Effluent.NO5 + NSEC.Effluent.Flow",0.16968981893497,0.654519149306212,"3,2"
"18274","TSS..mg.L. + CODds..mg.L. + NSEC.Aerobic.SRT + NSEC.Effluent.NO3 + NSEC.Effluent.OP + NSEC.Effluent.TSS",0.134965911183403,0.734057816968995,"3,2"
"18275","TSS..mg.L. + CODds..mg.L. + NSEC.Aerobic.SRT + NSEC.Effluent.NO3 + NSEC.Effluent.OP + NSEC.Effluent.NO5",0.109325845040708,0.656737991276302,"3,2"
"18276","TSS..mg.L. + CODds..mg.L. + NSEC.Aerobic.SRT + NSEC.Effluent.NO3 + NSEC.Effluent.OP + NSEC.Effluent.Flow",0.145941402400449,0.757229663119869,"3,2"
"18277","TSS..mg.L. + CODds..mg.L. + NSEC.Aerobic.SRT + NSEC.Effluent.NO3 + NSEC.Effluent.TSS + NSEC.Effluent.NO5",0.152209683947514,0.731558627503803,"3,2"
"18278","TSS..mg.L. + CODds..mg.L. + NSEC.Aerobic.SRT + NSEC.Effluent.NO3 + NSEC.Effluent.TSS + NSEC.Effluent.Flow",0.132567145081422,0.750727949932613,"3,2"
"18279","TSS..mg.L. + CODds..mg.L. + NSEC.Aerobic.SRT + NSEC.Effluent.NO3 + NSEC.Effluent.NO5 + NSEC.Effluent.Flow",0.00955097109719905,0.769847979258823,"3,2"
"18280","TSS..mg.L. + CODds..mg.L. + NSEC.Aerobic.SRT + NSEC.Effluent.OP + NSEC.Effluent.TSS + NSEC.Effluent.NO5",0.23827018057509,0.730900687107687,"3,2"
"18281","TSS..mg.L. + CODds..mg.L. + NSEC.Aerobic.SRT + NSEC.Effluent.OP + NSEC.Effluent.TSS + NSEC.Effluent.Flow",0.145038782047083,0.744618818889232,"3,2"
"18282","TSS..mg.L. + CODds..mg.L. + NSEC.Aerobic.SRT + NSEC.Effluent.OP + NSEC.Effluent.NO5 + NSEC.Effluent.Flow",0.0643598858924332,0.725601026674384,"3,2"
"18283","TSS..mg.L. + CODds..mg.L. + NSEC.Aerobic.SRT + NSEC.Effluent.TSS + NSEC.Effluent.NO5 + NSEC.Effluent.Flow",0.242772018004563,0.781593405195596,"3,2"
"18284","TSS..mg.L. + CODds..mg.L. + NSEC.Effluent.NH3 + NSEC.Effluent.NO3 + NSEC.Effluent.OP + NSEC.Effluent.TSS",0.0932685933365398,0.55009800410747,"3,2"
"18285","TSS..mg.L. + CODds..mg.L. + NSEC.Effluent.NH3 + NSEC.Effluent.NO3 + NSEC.Effluent.OP + NSEC.Effluent.NO5",0.243813127486069,0.588268206179452,"3,2"
"18286","TSS..mg.L. + CODds..mg.L. + NSEC.Effluent.NH3 + NSEC.Effluent.NO3 + NSEC.Effluent.OP + NSEC.Effluent.Flow",0.185405728672908,0.527354772834411,"3,2"
"18287","TSS..mg.L. + CODds..mg.L. + NSEC.Effluent.NH3 + NSEC.Effluent.NO3 + NSEC.Effluent.TSS + NSEC.Effluent.NO5",0.265776500652427,0.621783145256626,"3,2"
"18288","TSS..mg.L. + CODds..mg.L. + NSEC.Effluent.NH3 + NSEC.Effluent.NO3 + NSEC.Effluent.TSS + NSEC.Effluent.Flow",0.256359369209487,0.602936105390946,"3,2"
"18289","TSS..mg.L. + CODds..mg.L. + NSEC.Effluent.NH3 + NSEC.Effluent.NO3 + NSEC.Effluent.NO5 + NSEC.Effluent.Flow",0.194709090228633,0.510550962382911,"3,2"
"18290","TSS..mg.L. + CODds..mg.L. + NSEC.Effluent.NH3 + NSEC.Effluent.OP + NSEC.Effluent.TSS + NSEC.Effluent.NO5",0.133913188731791,0.53670152668367,"3,2"
"18291","TSS..mg.L. + CODds..mg.L. + NSEC.Effluent.NH3 + NSEC.Effluent.OP + NSEC.Effluent.TSS + NSEC.Effluent.Flow",0.00712318545458324,0.618193429357413,"3,2"
"18292","TSS..mg.L. + CODds..mg.L. + NSEC.Effluent.NH3 + NSEC.Effluent.OP + NSEC.Effluent.NO5 + NSEC.Effluent.Flow",0.136709332884618,0.479899304691843,"3,2"
"18293","TSS..mg.L. + CODds..mg.L. + NSEC.Effluent.NH3 + NSEC.Effluent.TSS + NSEC.Effluent.NO5 + NSEC.Effluent.Flow",0.237058481841932,0.629004420202307,"3,2"
"18294","TSS..mg.L. + CODds..mg.L. + NSEC.Effluent.NO3 + NSEC.Effluent.OP + NSEC.Effluent.TSS + NSEC.Effluent.NO5",0.211287129166665,0.617018420308755,"3,2"
"18295","TSS..mg.L. + CODds..mg.L. + NSEC.Effluent.NO3 + NSEC.Effluent.OP + NSEC.Effluent.TSS + NSEC.Effluent.Flow",0.0594930143107424,0.662212067071817,"3,2"
"18296","TSS..mg.L. + CODds..mg.L. + NSEC.Effluent.NO3 + NSEC.Effluent.OP + NSEC.Effluent.NO5 + NSEC.Effluent.Flow",0.196245189962465,0.574330346158114,"3,2"
"18297","TSS..mg.L. + CODds..mg.L. + NSEC.Effluent.NO3 + NSEC.Effluent.TSS + NSEC.Effluent.NO5 + NSEC.Effluent.Flow",0.221049121969888,0.604882028061502,"3,2"
"18298","TSS..mg.L. + CODds..mg.L. + NSEC.Effluent.OP + NSEC.Effluent.TSS + NSEC.Effluent.NO5 + NSEC.Effluent.Flow",0.19467225002188,0.68708714394402,"3,2"
"18299","TSS..mg.L. + SACto..1.m. + NSEC.Aerobic.SRT + NSEC.Effluent.NH3 + NSEC.Effluent.NO3 + NSEC.Effluent.OP",0.0917834454326631,0.620317563542613,"3,2"
"18300","TSS..mg.L. + SACto..1.m. + NSEC.Aerobic.SRT + NSEC.Effluent.NH3 + NSEC.Effluent.NO3 + NSEC.Effluent.TSS",0.0017765612882279,0.68183416332419,"3,2"
"18301","TSS..mg.L. + SACto..1.m. + NSEC.Aerobic.SRT + NSEC.Effluent.NH3 + NSEC.Effluent.NO3 + NSEC.Effluent.NO5",0.0875824512739993,0.58210929343387,"3,2"
"18302","TSS..mg.L. + SACto..1.m. + NSEC.Aerobic.SRT + NSEC.Effluent.NH3 + NSEC.Effluent.NO3 + NSEC.Effluent.Flow",0.096613512161507,0.589850982419448,"3,2"
"18303","TSS..mg.L. + SACto..1.m. + NSEC.Aerobic.SRT + NSEC.Effluent.NH3 + NSEC.Effluent.OP + NSEC.Effluent.TSS",0.308135639874415,0.763155156983205,"3,2"
"18304","TSS..mg.L. + SACto..1.m. + NSEC.Aerobic.SRT + NSEC.Effluent.NH3 + NSEC.Effluent.OP + NSEC.Effluent.NO5",0.0815874258359637,0.770250076387819,"3,2"
"18305","TSS..mg.L. + SACto..1.m. + NSEC.Aerobic.SRT + NSEC.Effluent.NH3 + NSEC.Effluent.OP + NSEC.Effluent.Flow",0.0271220838034747,0.759767521200746,"3,2"
"18306","TSS..mg.L. + SACto..1.m. + NSEC.Aerobic.SRT + NSEC.Effluent.NH3 + NSEC.Effluent.TSS + NSEC.Effluent.NO5",0.162063841403677,0.700716856698423,"3,2"
"18307","TSS..mg.L. + SACto..1.m. + NSEC.Aerobic.SRT + NSEC.Effluent.NH3 + NSEC.Effluent.TSS + NSEC.Effluent.Flow",0.089431405356641,0.691057488067693,"3,2"
"18308","TSS..mg.L. + SACto..1.m. + NSEC.Aerobic.SRT + NSEC.Effluent.NH3 + NSEC.Effluent.NO5 + NSEC.Effluent.Flow",0.19457914174834,0.804868475059708,"3,2"
"18309","TSS..mg.L. + SACto..1.m. + NSEC.Aerobic.SRT + NSEC.Effluent.NO3 + NSEC.Effluent.OP + NSEC.Effluent.TSS",0.2370509354176,0.757636383416803,"3,2"
"18310","TSS..mg.L. + SACto..1.m. + NSEC.Aerobic.SRT + NSEC.Effluent.NO3 + NSEC.Effluent.OP + NSEC.Effluent.NO5",0.0747811942922216,0.580902475417749,"3,2"
"18311","TSS..mg.L. + SACto..1.m. + NSEC.Aerobic.SRT + NSEC.Effluent.NO3 + NSEC.Effluent.OP + NSEC.Effluent.Flow",0.163065439491419,0.753777187375616,"3,2"
"18312","TSS..mg.L. + SACto..1.m. + NSEC.Aerobic.SRT + NSEC.Effluent.NO3 + NSEC.Effluent.TSS + NSEC.Effluent.NO5",0.0577377661522247,0.785754745930921,"3,2"
"18313","TSS..mg.L. + SACto..1.m. + NSEC.Aerobic.SRT + NSEC.Effluent.NO3 + NSEC.Effluent.TSS + NSEC.Effluent.Flow",0.0610661245061421,0.829552189316464,"3,2"
"18314","TSS..mg.L. + SACto..1.m. + NSEC.Aerobic.SRT + NSEC.Effluent.NO3 + NSEC.Effluent.NO5 + NSEC.Effluent.Flow",0.0399313517169551,0.746991132860273,"3,2"
"18315","TSS..mg.L. + SACto..1.m. + NSEC.Aerobic.SRT + NSEC.Effluent.OP + NSEC.Effluent.TSS + NSEC.Effluent.NO5",0.0799390773011475,0.773271267155685,"3,2"
"18316","TSS..mg.L. + SACto..1.m. + NSEC.Aerobic.SRT + NSEC.Effluent.OP + NSEC.Effluent.TSS + NSEC.Effluent.Flow",0.0781129938711045,0.781703916213869,"3,2"
"18317","TSS..mg.L. + SACto..1.m. + NSEC.Aerobic.SRT + NSEC.Effluent.OP + NSEC.Effluent.NO5 + NSEC.Effluent.Flow",0.0672525281148202,0.585290152736955,"3,2"
"18318","TSS..mg.L. + SACto..1.m. + NSEC.Aerobic.SRT + NSEC.Effluent.TSS + NSEC.Effluent.NO5 + NSEC.Effluent.Flow",0.0201518500368327,0.831989243613092,"3,2"
"18319","TSS..mg.L. + SACto..1.m. + NSEC.Effluent.NH3 + NSEC.Effluent.NO3 + NSEC.Effluent.OP + NSEC.Effluent.TSS",0.169703121167971,0.720926490891266,"3,2"
"18320","TSS..mg.L. + SACto..1.m. + NSEC.Effluent.NH3 + NSEC.Effluent.NO3 + NSEC.Effluent.OP + NSEC.Effluent.NO5",0.117326018457549,0.528289208931244,"3,2"
"18321","TSS..mg.L. + SACto..1.m. + NSEC.Effluent.NH3 + NSEC.Effluent.NO3 + NSEC.Effluent.OP + NSEC.Effluent.Flow",0.0665798672254065,0.632651867111138,"3,2"
"18322","TSS..mg.L. + SACto..1.m. + NSEC.Effluent.NH3 + NSEC.Effluent.NO3 + NSEC.Effluent.TSS + NSEC.Effluent.NO5",0.192483847430335,0.727764536154202,"3,2"
"18323","TSS..mg.L. + SACto..1.m. + NSEC.Effluent.NH3 + NSEC.Effluent.NO3 + NSEC.Effluent.TSS + NSEC.Effluent.Flow",0.258613042082529,0.735599325918357,"3,2"
"18324","TSS..mg.L. + SACto..1.m. + NSEC.Effluent.NH3 + NSEC.Effluent.NO3 + NSEC.Effluent.NO5 + NSEC.Effluent.Flow",0.112994470100988,0.551677106193848,"3,2"
"18325","TSS..mg.L. + SACto..1.m. + NSEC.Effluent.NH3 + NSEC.Effluent.OP + NSEC.Effluent.TSS + NSEC.Effluent.NO5",0.0494304960491847,0.69918502595377,"3,2"
"18326","TSS..mg.L. + SACto..1.m. + NSEC.Effluent.NH3 + NSEC.Effluent.OP + NSEC.Effluent.TSS + NSEC.Effluent.Flow",0.297451473209411,0.753870063408343,"3,2"
"18327","TSS..mg.L. + SACto..1.m. + NSEC.Effluent.NH3 + NSEC.Effluent.OP + NSEC.Effluent.NO5 + NSEC.Effluent.Flow",0.0504980881715011,0.569713820393154,"3,2"
"18328","TSS..mg.L. + SACto..1.m. + NSEC.Effluent.NH3 + NSEC.Effluent.TSS + NSEC.Effluent.NO5 + NSEC.Effluent.Flow",0.235938618437346,0.725111979267312,"3,2"
"18329","TSS..mg.L. + SACto..1.m. + NSEC.Effluent.NO3 + NSEC.Effluent.OP + NSEC.Effluent.TSS + NSEC.Effluent.NO5",0.122682768725823,0.749423813521295,"3,2"
"18330","TSS..mg.L. + SACto..1.m. + NSEC.Effluent.NO3 + NSEC.Effluent.OP + NSEC.Effluent.TSS + NSEC.Effluent.Flow",0.282092836060632,0.79210047529727,"3,2"
"18331","TSS..mg.L. + SACto..1.m. + NSEC.Effluent.NO3 + NSEC.Effluent.OP + NSEC.Effluent.NO5 + NSEC.Effluent.Flow",0.239845395378878,0.62847273454399,"3,2"
"18332","TSS..mg.L. + SACto..1.m. + NSEC.Effluent.NO3 + NSEC.Effluent.TSS + NSEC.Effluent.NO5 + NSEC.Effluent.Flow",0.231690299888622,0.739835794040308,"3,2"
"18333","TSS..mg.L. + SACto..1.m. + NSEC.Effluent.OP + NSEC.Effluent.TSS + NSEC.Effluent.NO5 + NSEC.Effluent.Flow",0.313118438840897,0.792401495074842,"3,2"
"18334","TSS..mg.L. + NSEC.Aerobic.SRT + NSEC.Effluent.NH3 + NSEC.Effluent.NO3 + NSEC.Effluent.OP + NSEC.Effluent.TSS",0.215046504501538,0.669206322122087,"3,2"
"18335","TSS..mg.L. + NSEC.Aerobic.SRT + NSEC.Effluent.NH3 + NSEC.Effluent.NO3 + NSEC.Effluent.OP + NSEC.Effluent.NO5",0.395845695257187,0.732727651468881,"3,2"
"18336","TSS..mg.L. + NSEC.Aerobic.SRT + NSEC.Effluent.NH3 + NSEC.Effluent.NO3 + NSEC.Effluent.OP + NSEC.Effluent.Flow",0.142749663167249,0.729041578003922,"3,2"
"18337","TSS..mg.L. + NSEC.Aerobic.SRT + NSEC.Effluent.NH3 + NSEC.Effluent.NO3 + NSEC.Effluent.TSS + NSEC.Effluent.NO5",0.165148889016578,0.7069816655989,"3,2"
"18338","TSS..mg.L. + NSEC.Aerobic.SRT + NSEC.Effluent.NH3 + NSEC.Effluent.NO3 + NSEC.Effluent.TSS + NSEC.Effluent.Flow",0.270686993798025,0.718379270219424,"3,2"
"18339","TSS..mg.L. + NSEC.Aerobic.SRT + NSEC.Effluent.NH3 + NSEC.Effluent.NO3 + NSEC.Effluent.NO5 + NSEC.Effluent.Flow",0.239388265630093,0.725215687754589,"3,2"
"18340","TSS..mg.L. + NSEC.Aerobic.SRT + NSEC.Effluent.NH3 + NSEC.Effluent.OP + NSEC.Effluent.TSS + NSEC.Effluent.NO5",0.164596798467499,0.674780336617919,"3,2"
"18341","TSS..mg.L. + NSEC.Aerobic.SRT + NSEC.Effluent.NH3 + NSEC.Effluent.OP + NSEC.Effluent.TSS + NSEC.Effluent.Flow",0.267341091143794,0.725461495734177,"3,2"
"18342","TSS..mg.L. + NSEC.Aerobic.SRT + NSEC.Effluent.NH3 + NSEC.Effluent.OP + NSEC.Effluent.NO5 + NSEC.Effluent.Flow",0.0603363505172778,0.737743927993002,"3,2"
"18343","TSS..mg.L. + NSEC.Aerobic.SRT + NSEC.Effluent.NH3 + NSEC.Effluent.TSS + NSEC.Effluent.NO5 + NSEC.Effluent.Flow",0.0133284035329588,0.459274678765716,"3,2"
"18344","TSS..mg.L. + NSEC.Aerobic.SRT + NSEC.Effluent.NO3 + NSEC.Effluent.OP + NSEC.Effluent.TSS + NSEC.Effluent.NO5",0.197297184204226,0.708636980003517,"3,2"
"18345","TSS..mg.L. + NSEC.Aerobic.SRT + NSEC.Effluent.NO3 + NSEC.Effluent.OP + NSEC.Effluent.TSS + NSEC.Effluent.Flow",0.0273437138770307,0.558211306881453,"3,2"
"18346","TSS..mg.L. + NSEC.Aerobic.SRT + NSEC.Effluent.NO3 + NSEC.Effluent.OP + NSEC.Effluent.NO5 + NSEC.Effluent.Flow",0.178610904675906,0.626541992638009,"3,2"
"18347","TSS..mg.L. + NSEC.Aerobic.SRT + NSEC.Effluent.NO3 + NSEC.Effluent.TSS + NSEC.Effluent.NO5 + NSEC.Effluent.Flow",0.153939203635804,0.650811118030348,"3,2"
"18348","TSS..mg.L. + NSEC.Aerobic.SRT + NSEC.Effluent.OP + NSEC.Effluent.TSS + NSEC.Effluent.NO5 + NSEC.Effluent.Flow",0.0904276617774205,0.609266073063445,"3,2"
"18349","TSS..mg.L. + NSEC.Effluent.NH3 + NSEC.Effluent.NO3 + NSEC.Effluent.OP + NSEC.Effluent.TSS + NSEC.Effluent.NO5",0.0404954840187637,0.61165537483602,"3,2"
"18350","TSS..mg.L. + NSEC.Effluent.NH3 + NSEC.Effluent.NO3 + NSEC.Effluent.OP + NSEC.Effluent.TSS + NSEC.Effluent.Flow",0.128170524373151,0.629567782334537,"3,2"
"18351","TSS..mg.L. + NSEC.Effluent.NH3 + NSEC.Effluent.NO3 + NSEC.Effluent.OP + NSEC.Effluent.NO5 + NSEC.Effluent.Flow",0.0147185630840379,0.426012194947343,"3,2"
"18352","TSS..mg.L. + NSEC.Effluent.NH3 + NSEC.Effluent.NO3 + NSEC.Effluent.TSS + NSEC.Effluent.NO5 + NSEC.Effluent.Flow",0.00345986009361976,0.548823080178759,"3,2"
"18353","TSS..mg.L. + NSEC.Effluent.NH3 + NSEC.Effluent.OP + NSEC.Effluent.TSS + NSEC.Effluent.NO5 + NSEC.Effluent.Flow",0.135550380483011,0.615483515031973,"3,2"
"18354","TSS..mg.L. + NSEC.Effluent.NO3 + NSEC.Effluent.OP + NSEC.Effluent.TSS + NSEC.Effluent.NO5 + NSEC.Effluent.Flow",0.148245392764377,0.676851505808104,"3,2"
"18355","UVT.... + CODds..mg.L. + SACto..1.m. + NSEC.Aerobic.SRT + NSEC.Effluent.NH3 + NSEC.Effluent.NO3",0.0119834876453542,0.644350320981982,"3,2"
"18356","UVT.... + CODds..mg.L. + SACto..1.m. + NSEC.Aerobic.SRT + NSEC.Effluent.NH3 + NSEC.Effluent.OP",0.176228085811901,0.67454200805807,"3,2"
"18357","UVT.... + CODds..mg.L. + SACto..1.m. + NSEC.Aerobic.SRT + NSEC.Effluent.NH3 + NSEC.Effluent.TSS",0.0865965006592235,0.715505254837204,"3,2"
"18358","UVT.... + CODds..mg.L. + SACto..1.m. + NSEC.Aerobic.SRT + NSEC.Effluent.NH3 + NSEC.Effluent.NO5",0.132554164723366,0.621903008127272,"3,2"
"18359","UVT.... + CODds..mg.L. + SACto..1.m. + NSEC.Aerobic.SRT + NSEC.Effluent.NH3 + NSEC.Effluent.Flow",0.0873102838807505,0.762447584999043,"3,2"
"18360","UVT.... + CODds..mg.L. + SACto..1.m. + NSEC.Aerobic.SRT + NSEC.Effluent.NO3 + NSEC.Effluent.OP",0.12591025770505,0.641253376426336,"3,2"
"18361","UVT.... + CODds..mg.L. + SACto..1.m. + NSEC.Aerobic.SRT + NSEC.Effluent.NO3 + NSEC.Effluent.TSS",0.191295260039261,0.740998595375715,"3,2"
"18362","UVT.... + CODds..mg.L. + SACto..1.m. + NSEC.Aerobic.SRT + NSEC.Effluent.NO3 + NSEC.Effluent.NO5",0.161264181496175,0.757559828740549,"3,2"
"18363","UVT.... + CODds..mg.L. + SACto..1.m. + NSEC.Aerobic.SRT + NSEC.Effluent.NO3 + NSEC.Effluent.Flow",0.148242996481906,0.520203632737256,"3,2"
"18364","UVT.... + CODds..mg.L. + SACto..1.m. + NSEC.Aerobic.SRT + NSEC.Effluent.OP + NSEC.Effluent.TSS",0.0575545021196442,0.710033633788382,"3,2"
"18365","UVT.... + CODds..mg.L. + SACto..1.m. + NSEC.Aerobic.SRT + NSEC.Effluent.OP + NSEC.Effluent.NO5",0.0768558964791188,0.732840555792449,"3,2"
"18366","UVT.... + CODds..mg.L. + SACto..1.m. + NSEC.Aerobic.SRT + NSEC.Effluent.OP + NSEC.Effluent.Flow",0.105525442062314,0.73459964365465,"3,2"
"18367","UVT.... + CODds..mg.L. + SACto..1.m. + NSEC.Aerobic.SRT + NSEC.Effluent.TSS + NSEC.Effluent.NO5",0.122915373436769,0.71731845905674,"3,2"
"18368","UVT.... + CODds..mg.L. + SACto..1.m. + NSEC.Aerobic.SRT + NSEC.Effluent.TSS + NSEC.Effluent.Flow",0.0584485530372092,0.805505844398752,"3,2"
"18369","UVT.... + CODds..mg.L. + SACto..1.m. + NSEC.Aerobic.SRT + NSEC.Effluent.NO5 + NSEC.Effluent.Flow",0.0724492399900041,0.765186238861736,"3,2"
"18370","UVT.... + CODds..mg.L. + SACto..1.m. + NSEC.Effluent.NH3 + NSEC.Effluent.NO3 + NSEC.Effluent.OP",0.423475637972193,0.564732240224732,"3,2"
"18371","UVT.... + CODds..mg.L. + SACto..1.m. + NSEC.Effluent.NH3 + NSEC.Effluent.NO3 + NSEC.Effluent.TSS",0.192187395672095,0.556706358991823,"3,2"
"18372","UVT.... + CODds..mg.L. + SACto..1.m. + NSEC.Effluent.NH3 + NSEC.Effluent.NO3 + NSEC.Effluent.NO5",0.0976715624501017,0.510123191432804,"3,2"
"18373","UVT.... + CODds..mg.L. + SACto..1.m. + NSEC.Effluent.NH3 + NSEC.Effluent.NO3 + NSEC.Effluent.Flow",0.0931667094188535,0.557400777429178,"3,2"
"18374","UVT.... + CODds..mg.L. + SACto..1.m. + NSEC.Effluent.NH3 + NSEC.Effluent.OP + NSEC.Effluent.TSS",0.0685202209811022,0.497572104845024,"3,2"
"18375","UVT.... + CODds..mg.L. + SACto..1.m. + NSEC.Effluent.NH3 + NSEC.Effluent.OP + NSEC.Effluent.NO5",0.186720225170688,0.542446441862764,"3,2"
"18376","UVT.... + CODds..mg.L. + SACto..1.m. + NSEC.Effluent.NH3 + NSEC.Effluent.OP + NSEC.Effluent.Flow",0.191789410283964,0.144073403699842,"3,2"
"18377","UVT.... + CODds..mg.L. + SACto..1.m. + NSEC.Effluent.NH3 + NSEC.Effluent.TSS + NSEC.Effluent.NO5",0.126007159235737,0.68502218058122,"3,2"
"18378","UVT.... + CODds..mg.L. + SACto..1.m. + NSEC.Effluent.NH3 + NSEC.Effluent.TSS + NSEC.Effluent.Flow",0.243589637106436,0.692213068106011,"3,2"
"18379","UVT.... + CODds..mg.L. + SACto..1.m. + NSEC.Effluent.NH3 + NSEC.Effluent.NO5 + NSEC.Effluent.Flow",0.131158185036872,0.504588975475039,"3,2"
"18380","UVT.... + CODds..mg.L. + SACto..1.m. + NSEC.Effluent.NO3 + NSEC.Effluent.OP + NSEC.Effluent.TSS",0.0970158809739914,0.523534569368829,"3,2"
"18381","UVT.... + CODds..mg.L. + SACto..1.m. + NSEC.Effluent.NO3 + NSEC.Effluent.OP + NSEC.Effluent.NO5",0.017046499302559,0.502508760127859,"3,2"
"18382","UVT.... + CODds..mg.L. + SACto..1.m. + NSEC.Effluent.NO3 + NSEC.Effluent.OP + NSEC.Effluent.Flow",0.0292805959253983,0.62417657299439,"3,2"
"18383","UVT.... + CODds..mg.L. + SACto..1.m. + NSEC.Effluent.NO3 + NSEC.Effluent.TSS + NSEC.Effluent.NO5",0.118229633399734,0.713108308875488,"3,2"
"18384","UVT.... + CODds..mg.L. + SACto..1.m. + NSEC.Effluent.NO3 + NSEC.Effluent.TSS + NSEC.Effluent.Flow",0.243034198903259,0.698786836659659,"3,2"
"18385","UVT.... + CODds..mg.L. + SACto..1.m. + NSEC.Effluent.NO3 + NSEC.Effluent.NO5 + NSEC.Effluent.Flow",0.158327506713646,0.57285347178361,"3,2"
"18386","UVT.... + CODds..mg.L. + SACto..1.m. + NSEC.Effluent.OP + NSEC.Effluent.TSS + NSEC.Effluent.NO5",0.0906546794333023,0.552428376087606,"3,2"
"18387","UVT.... + CODds..mg.L. + SACto..1.m. + NSEC.Effluent.OP + NSEC.Effluent.TSS + NSEC.Effluent.Flow",0.064582063623069,0.747888546893065,"3,2"
"18388","UVT.... + CODds..mg.L. + SACto..1.m. + NSEC.Effluent.OP + NSEC.Effluent.NO5 + NSEC.Effluent.Flow",0.0269804436659773,0.642879945747814,"3,2"
"18389","UVT.... + CODds..mg.L. + SACto..1.m. + NSEC.Effluent.TSS + NSEC.Effluent.NO5 + NSEC.Effluent.Flow",0.231255033996961,0.725366246708005,"3,2"
"18390","UVT.... + CODds..mg.L. + NSEC.Aerobic.SRT + NSEC.Effluent.NH3 + NSEC.Effluent.NO3 + NSEC.Effluent.OP",0.252869948381582,0.651721744733369,"3,2"
"18391","UVT.... + CODds..mg.L. + NSEC.Aerobic.SRT + NSEC.Effluent.NH3 + NSEC.Effluent.NO3 + NSEC.Effluent.TSS",0.126150537524461,0.664368100725518,"3,2"
"18392","UVT.... + CODds..mg.L. + NSEC.Aerobic.SRT + NSEC.Effluent.NH3 + NSEC.Effluent.NO3 + NSEC.Effluent.NO5",0.143457015020089,0.646753979118905,"3,2"
"18393","UVT.... + CODds..mg.L. + NSEC.Aerobic.SRT + NSEC.Effluent.NH3 + NSEC.Effluent.NO3 + NSEC.Effluent.Flow",0.0131768083869033,0.7455704547993,"3,2"
"18394","UVT.... + CODds..mg.L. + NSEC.Aerobic.SRT + NSEC.Effluent.NH3 + NSEC.Effluent.OP + NSEC.Effluent.TSS",0.19715954284732,0.705180585906928,"3,2"
"18395","UVT.... + CODds..mg.L. + NSEC.Aerobic.SRT + NSEC.Effluent.NH3 + NSEC.Effluent.OP + NSEC.Effluent.NO5",0.211564687735359,0.694194778274812,"3,2"
"18396","UVT.... + CODds..mg.L. + NSEC.Aerobic.SRT + NSEC.Effluent.NH3 + NSEC.Effluent.OP + NSEC.Effluent.Flow",0.0580163506429656,0.771751186809818,"3,2"
"18397","UVT.... + CODds..mg.L. + NSEC.Aerobic.SRT + NSEC.Effluent.NH3 + NSEC.Effluent.TSS + NSEC.Effluent.NO5",0.118193277040242,0.625772262086369,"3,2"
"18398","UVT.... + CODds..mg.L. + NSEC.Aerobic.SRT + NSEC.Effluent.NH3 + NSEC.Effluent.TSS + NSEC.Effluent.Flow",0.178442419075751,0.827783754127954,"3,2"
"18399","UVT.... + CODds..mg.L. + NSEC.Aerobic.SRT + NSEC.Effluent.NH3 + NSEC.Effluent.NO5 + NSEC.Effluent.Flow",0.0312332810905112,0.751276041662927,"3,2"
"18400","UVT.... + CODds..mg.L. + NSEC.Aerobic.SRT + NSEC.Effluent.NO3 + NSEC.Effluent.OP + NSEC.Effluent.TSS",0.163930106023609,0.715401476347248,"3,2"
"18401","UVT.... + CODds..mg.L. + NSEC.Aerobic.SRT + NSEC.Effluent.NO3 + NSEC.Effluent.OP + NSEC.Effluent.NO5",0.0873080028373692,0.683777627867387,"3,2"
"18402","UVT.... + CODds..mg.L. + NSEC.Aerobic.SRT + NSEC.Effluent.NO3 + NSEC.Effluent.OP + NSEC.Effluent.Flow",0.109900527652534,0.778992127144792,"3,2"
"18403","UVT.... + CODds..mg.L. + NSEC.Aerobic.SRT + NSEC.Effluent.NO3 + NSEC.Effluent.TSS + NSEC.Effluent.NO5",0.133057755262919,0.73883573733676,"3,2"
"18404","UVT.... + CODds..mg.L. + NSEC.Aerobic.SRT + NSEC.Effluent.NO3 + NSEC.Effluent.TSS + NSEC.Effluent.Flow",0.0457391858706822,0.755305934771622,"3,2"
"18405","UVT.... + CODds..mg.L. + NSEC.Aerobic.SRT + NSEC.Effluent.NO3 + NSEC.Effluent.NO5 + NSEC.Effluent.Flow",0.112025640681209,0.779722318523508,"3,2"
"18406","UVT.... + CODds..mg.L. + NSEC.Aerobic.SRT + NSEC.Effluent.OP + NSEC.Effluent.TSS + NSEC.Effluent.NO5",0.119397431368703,0.62407679126043,"3,2"
"18407","UVT.... + CODds..mg.L. + NSEC.Aerobic.SRT + NSEC.Effluent.OP + NSEC.Effluent.TSS + NSEC.Effluent.Flow",0.0127063595093664,0.785633825209379,"3,2"
"18408","UVT.... + CODds..mg.L. + NSEC.Aerobic.SRT + NSEC.Effluent.OP + NSEC.Effluent.NO5 + NSEC.Effluent.Flow",0.0344334225000884,0.766787994211508,"3,2"
"18409","UVT.... + CODds..mg.L. + NSEC.Aerobic.SRT + NSEC.Effluent.TSS + NSEC.Effluent.NO5 + NSEC.Effluent.Flow",0.0408985722146198,0.818838124605374,"3,2"
"18410","UVT.... + CODds..mg.L. + NSEC.Effluent.NH3 + NSEC.Effluent.NO3 + NSEC.Effluent.OP + NSEC.Effluent.TSS",0.0830325233502274,0.541234514937409,"3,2"
"18411","UVT.... + CODds..mg.L. + NSEC.Effluent.NH3 + NSEC.Effluent.NO3 + NSEC.Effluent.OP + NSEC.Effluent.NO5",0.138872994668617,0.525428525732615,"3,2"
"18412","UVT.... + CODds..mg.L. + NSEC.Effluent.NH3 + NSEC.Effluent.NO3 + NSEC.Effluent.OP + NSEC.Effluent.Flow",0.105712059145979,0.590128509442563,"3,2"
"18413","UVT.... + CODds..mg.L. + NSEC.Effluent.NH3 + NSEC.Effluent.NO3 + NSEC.Effluent.TSS + NSEC.Effluent.NO5",0.112275920105719,0.580237026599449,"3,2"
"18414","UVT.... + CODds..mg.L. + NSEC.Effluent.NH3 + NSEC.Effluent.NO3 + NSEC.Effluent.TSS + NSEC.Effluent.Flow",0.134224477369495,0.718762809809468,"3,2"
"18415","UVT.... + CODds..mg.L. + NSEC.Effluent.NH3 + NSEC.Effluent.NO3 + NSEC.Effluent.NO5 + NSEC.Effluent.Flow",0.118834705609985,0.540242930913374,"3,2"
"18416","UVT.... + CODds..mg.L. + NSEC.Effluent.NH3 + NSEC.Effluent.OP + NSEC.Effluent.TSS + NSEC.Effluent.NO5",0.20710707157035,0.670692141656787,"3,2"
"18417","UVT.... + CODds..mg.L. + NSEC.Effluent.NH3 + NSEC.Effluent.OP + NSEC.Effluent.TSS + NSEC.Effluent.Flow",0.182151038676075,0.710803190273635,"3,2"
"18418","UVT.... + CODds..mg.L. + NSEC.Effluent.NH3 + NSEC.Effluent.OP + NSEC.Effluent.NO5 + NSEC.Effluent.Flow",0.0928811092422939,0.596436920603862,"3,2"
"18419","UVT.... + CODds..mg.L. + NSEC.Effluent.NH3 + NSEC.Effluent.TSS + NSEC.Effluent.NO5 + NSEC.Effluent.Flow",0.205643671954035,0.706333445619242,"3,2"
"18420","UVT.... + CODds..mg.L. + NSEC.Effluent.NO3 + NSEC.Effluent.OP + NSEC.Effluent.TSS + NSEC.Effluent.NO5",0.116435364039102,0.661078259724081,"3,2"
"18421","UVT.... + CODds..mg.L. + NSEC.Effluent.NO3 + NSEC.Effluent.OP + NSEC.Effluent.TSS + NSEC.Effluent.Flow",0.0520318342551174,0.710066583158323,"3,2"
"18422","UVT.... + CODds..mg.L. + NSEC.Effluent.NO3 + NSEC.Effluent.OP + NSEC.Effluent.NO5 + NSEC.Effluent.Flow",0.186102867767311,0.596311418878594,"3,2"
"18423","UVT.... + CODds..mg.L. + NSEC.Effluent.NO3 + NSEC.Effluent.TSS + NSEC.Effluent.NO5 + NSEC.Effluent.Flow",0.257273891986141,0.709999275196355,"3,2"
"18424","UVT.... + CODds..mg.L. + NSEC.Effluent.OP + NSEC.Effluent.TSS + NSEC.Effluent.NO5 + NSEC.Effluent.Flow",0.207030155333789,0.821125271558445,"3,2"
"18425","UVT.... + SACto..1.m. + NSEC.Aerobic.SRT + NSEC.Effluent.NH3 + NSEC.Effluent.NO3 + NSEC.Effluent.OP",0.0555655108740096,0.530374546276111,"3,2"
"18426","UVT.... + SACto..1.m. + NSEC.Aerobic.SRT + NSEC.Effluent.NH3 + NSEC.Effluent.NO3 + NSEC.Effluent.TSS",0.278084053467305,0.639983325356559,"3,2"
"18427","UVT.... + SACto..1.m. + NSEC.Aerobic.SRT + NSEC.Effluent.NH3 + NSEC.Effluent.NO3 + NSEC.Effluent.NO5",0.12591494863248,0.686755745838469,"3,2"
"18428","UVT.... + SACto..1.m. + NSEC.Aerobic.SRT + NSEC.Effluent.NH3 + NSEC.Effluent.NO3 + NSEC.Effluent.Flow",0.180583166407219,0.731006685850892,"3,2"
"18429","UVT.... + SACto..1.m. + NSEC.Aerobic.SRT + NSEC.Effluent.NH3 + NSEC.Effluent.OP + NSEC.Effluent.TSS",0.0715628699892426,0.532516685859608,"3,2"
"18430","UVT.... + SACto..1.m. + NSEC.Aerobic.SRT + NSEC.Effluent.NH3 + NSEC.Effluent.OP + NSEC.Effluent.NO5",0.0695177900751134,0.561241344171362,"3,2"
"18431","UVT.... + SACto..1.m. + NSEC.Aerobic.SRT + NSEC.Effluent.NH3 + NSEC.Effluent.OP + NSEC.Effluent.Flow",0.0591256302465109,0.601676472300968,"3,2"
"18432","UVT.... + SACto..1.m. + NSEC.Aerobic.SRT + NSEC.Effluent.NH3 + NSEC.Effluent.TSS + NSEC.Effluent.NO5",0.0911395123138432,0.734712317984625,"3,2"
"18433","UVT.... + SACto..1.m. + NSEC.Aerobic.SRT + NSEC.Effluent.NH3 + NSEC.Effluent.TSS + NSEC.Effluent.Flow",0.0809333959641028,0.522768841593365,"3,2"
"18434","UVT.... + SACto..1.m. + NSEC.Aerobic.SRT + NSEC.Effluent.NH3 + NSEC.Effluent.NO5 + NSEC.Effluent.Flow",0.0553503501824888,0.769132266694171,"3,2"
"18435","UVT.... + SACto..1.m. + NSEC.Aerobic.SRT + NSEC.Effluent.NO3 + NSEC.Effluent.OP + NSEC.Effluent.TSS",0.195689033325542,0.696495160401727,"3,2"
"18436","UVT.... + SACto..1.m. + NSEC.Aerobic.SRT + NSEC.Effluent.NO3 + NSEC.Effluent.OP + NSEC.Effluent.NO5",0.130546123898185,0.724496480591131,"3,2"
"18437","UVT.... + SACto..1.m. + NSEC.Aerobic.SRT + NSEC.Effluent.NO3 + NSEC.Effluent.OP + NSEC.Effluent.Flow",0.14971335052393,0.720664826580046,"3,2"
"18438","UVT.... + SACto..1.m. + NSEC.Aerobic.SRT + NSEC.Effluent.NO3 + NSEC.Effluent.TSS + NSEC.Effluent.NO5",0.0301624357083103,0.708555113327109,"3,2"
"18439","UVT.... + SACto..1.m. + NSEC.Aerobic.SRT + NSEC.Effluent.NO3 + NSEC.Effluent.TSS + NSEC.Effluent.Flow",0.146908737121621,0.814812245583625,"3,2"
"18440","UVT.... + SACto..1.m. + NSEC.Aerobic.SRT + NSEC.Effluent.NO3 + NSEC.Effluent.NO5 + NSEC.Effluent.Flow",0.121589298467767,0.779969881424501,"3,2"
"18441","UVT.... + SACto..1.m. + NSEC.Aerobic.SRT + NSEC.Effluent.OP + NSEC.Effluent.TSS + NSEC.Effluent.NO5",0.317631037036935,0.734744009795524,"3,2"
"18442","UVT.... + SACto..1.m. + NSEC.Aerobic.SRT + NSEC.Effluent.OP + NSEC.Effluent.TSS + NSEC.Effluent.Flow",0.0680399835614036,0.551993224819584,"3,2"
"18443","UVT.... + SACto..1.m. + NSEC.Aerobic.SRT + NSEC.Effluent.OP + NSEC.Effluent.NO5 + NSEC.Effluent.Flow",0.0155624068641083,0.726827133722954,"3,2"
"18444","UVT.... + SACto..1.m. + NSEC.Aerobic.SRT + NSEC.Effluent.TSS + NSEC.Effluent.NO5 + NSEC.Effluent.Flow",0.0904328854820375,0.738191271156908,"3,2"
"18445","UVT.... + SACto..1.m. + NSEC.Effluent.NH3 + NSEC.Effluent.NO3 + NSEC.Effluent.OP + NSEC.Effluent.TSS",0.199088039432224,0.644870970189828,"3,2"
"18446","UVT.... + SACto..1.m. + NSEC.Effluent.NH3 + NSEC.Effluent.NO3 + NSEC.Effluent.OP + NSEC.Effluent.NO5",0.327891566020203,0.435086382334609,"3,2"
"18447","UVT.... + SACto..1.m. + NSEC.Effluent.NH3 + NSEC.Effluent.NO3 + NSEC.Effluent.OP + NSEC.Effluent.Flow",0.0422540299088014,0.542841216165238,"3,2"
"18448","UVT.... + SACto..1.m. + NSEC.Effluent.NH3 + NSEC.Effluent.NO3 + NSEC.Effluent.TSS + NSEC.Effluent.NO5",0.0661315087518581,0.432662026774149,"3,2"
"18449","UVT.... + SACto..1.m. + NSEC.Effluent.NH3 + NSEC.Effluent.NO3 + NSEC.Effluent.TSS + NSEC.Effluent.Flow",0.161625820768013,0.629951000972024,"3,2"
"18450","UVT.... + SACto..1.m. + NSEC.Effluent.NH3 + NSEC.Effluent.NO3 + NSEC.Effluent.NO5 + NSEC.Effluent.Flow",0.0268277407372448,0.163493623046032,"3,2"
"18451","UVT.... + SACto..1.m. + NSEC.Effluent.NH3 + NSEC.Effluent.OP + NSEC.Effluent.TSS + NSEC.Effluent.NO5",0.135263151190738,0.584347633639614,"3,2"
"18452","UVT.... + SACto..1.m. + NSEC.Effluent.NH3 + NSEC.Effluent.OP + NSEC.Effluent.TSS + NSEC.Effluent.Flow",0.316577741000508,0.694294602177649,"3,2"
"18453","UVT.... + SACto..1.m. + NSEC.Effluent.NH3 + NSEC.Effluent.OP + NSEC.Effluent.NO5 + NSEC.Effluent.Flow",0.0639790642719862,0.491518322014491,"3,2"
"18454","UVT.... + SACto..1.m. + NSEC.Effluent.NH3 + NSEC.Effluent.TSS + NSEC.Effluent.NO5 + NSEC.Effluent.Flow",0.301938235206447,0.642827071646487,"3,2"
"18455","UVT.... + SACto..1.m. + NSEC.Effluent.NO3 + NSEC.Effluent.OP + NSEC.Effluent.TSS + NSEC.Effluent.NO5",0.193454739226812,0.650941671690173,"3,2"
"18456","UVT.... + SACto..1.m. + NSEC.Effluent.NO3 + NSEC.Effluent.OP + NSEC.Effluent.TSS + NSEC.Effluent.Flow",0.216278441822645,0.730851053245479,"3,2"
"18457","UVT.... + SACto..1.m. + NSEC.Effluent.NO3 + NSEC.Effluent.OP + NSEC.Effluent.NO5 + NSEC.Effluent.Flow",0.139952408855907,0.489510094802125,"3,2"
"18458","UVT.... + SACto..1.m. + NSEC.Effluent.NO3 + NSEC.Effluent.TSS + NSEC.Effluent.NO5 + NSEC.Effluent.Flow",0.291089799958681,0.583246570119726,"3,2"
"18459","UVT.... + SACto..1.m. + NSEC.Effluent.OP + NSEC.Effluent.TSS + NSEC.Effluent.NO5 + NSEC.Effluent.Flow",0.0287583655318406,0.543415398233063,"3,2"
"18460","UVT.... + NSEC.Aerobic.SRT + NSEC.Effluent.NH3 + NSEC.Effluent.NO3 + NSEC.Effluent.OP + NSEC.Effluent.TSS",0.0540992154154103,0.528182678785315,"3,2"
"18461","UVT.... + NSEC.Aerobic.SRT + NSEC.Effluent.NH3 + NSEC.Effluent.NO3 + NSEC.Effluent.OP + NSEC.Effluent.NO5",0.0897876912278406,0.679124275248907,"3,2"
"18462","UVT.... + NSEC.Aerobic.SRT + NSEC.Effluent.NH3 + NSEC.Effluent.NO3 + NSEC.Effluent.OP + NSEC.Effluent.Flow",0.161567187792031,0.71398539474816,"3,2"
"18463","UVT.... + NSEC.Aerobic.SRT + NSEC.Effluent.NH3 + NSEC.Effluent.NO3 + NSEC.Effluent.TSS + NSEC.Effluent.NO5",0.0122795003124541,0.731504172703338,"3,2"
"18464","UVT.... + NSEC.Aerobic.SRT + NSEC.Effluent.NH3 + NSEC.Effluent.NO3 + NSEC.Effluent.TSS + NSEC.Effluent.Flow",0.453584425768245,0.785949337520563,"3,2"
"18465","UVT.... + NSEC.Aerobic.SRT + NSEC.Effluent.NH3 + NSEC.Effluent.NO3 + NSEC.Effluent.NO5 + NSEC.Effluent.Flow",0.0386698954445472,0.714338807798704,"3,2"
"18466","UVT.... + NSEC.Aerobic.SRT + NSEC.Effluent.NH3 + NSEC.Effluent.OP + NSEC.Effluent.TSS + NSEC.Effluent.NO5",0.194099765799937,0.00146823840663083,"3,2"
"18467","UVT.... + NSEC.Aerobic.SRT + NSEC.Effluent.NH3 + NSEC.Effluent.OP + NSEC.Effluent.TSS + NSEC.Effluent.Flow",0.148658475435043,0.647707198440126,"3,2"
"18468","UVT.... + NSEC.Aerobic.SRT + NSEC.Effluent.NH3 + NSEC.Effluent.OP + NSEC.Effluent.NO5 + NSEC.Effluent.Flow",0.00495535107379075,0.719792183055082,"3,2"
"18469","UVT.... + NSEC.Aerobic.SRT + NSEC.Effluent.NH3 + NSEC.Effluent.TSS + NSEC.Effluent.NO5 + NSEC.Effluent.Flow",0.193229162002751,0.00857282595013097,"3,2"
"18470","UVT.... + NSEC.Aerobic.SRT + NSEC.Effluent.NO3 + NSEC.Effluent.OP + NSEC.Effluent.TSS + NSEC.Effluent.NO5",0.0649873157224841,0.67086483626016,"3,2"
"18471","UVT.... + NSEC.Aerobic.SRT + NSEC.Effluent.NO3 + NSEC.Effluent.OP + NSEC.Effluent.TSS + NSEC.Effluent.Flow",0.0327393095950488,0.731889119607786,"3,2"
"18472","UVT.... + NSEC.Aerobic.SRT + NSEC.Effluent.NO3 + NSEC.Effluent.OP + NSEC.Effluent.NO5 + NSEC.Effluent.Flow",0.0411715314943839,0.74891471944928,"3,2"
"18473","UVT.... + NSEC.Aerobic.SRT + NSEC.Effluent.NO3 + NSEC.Effluent.TSS + NSEC.Effluent.NO5 + NSEC.Effluent.Flow",0.00705560667014371,0.774292025715773,"3,2"
"18474","UVT.... + NSEC.Aerobic.SRT + NSEC.Effluent.OP + NSEC.Effluent.TSS + NSEC.Effluent.NO5 + NSEC.Effluent.Flow",0.024075948407722,0.653889993416505,"3,2"
"18475","UVT.... + NSEC.Effluent.NH3 + NSEC.Effluent.NO3 + NSEC.Effluent.OP + NSEC.Effluent.TSS + NSEC.Effluent.NO5",0.0672792330056,0.564895609198388,"3,2"
"18476","UVT.... + NSEC.Effluent.NH3 + NSEC.Effluent.NO3 + NSEC.Effluent.OP + NSEC.Effluent.TSS + NSEC.Effluent.Flow",0.20282582936769,0.647925238335968,"3,2"
"18477","UVT.... + NSEC.Effluent.NH3 + NSEC.Effluent.NO3 + NSEC.Effluent.OP + NSEC.Effluent.NO5 + NSEC.Effluent.Flow",0.0570299234824097,0.527139285985746,"3,2"
"18478","UVT.... + NSEC.Effluent.NH3 + NSEC.Effluent.NO3 + NSEC.Effluent.TSS + NSEC.Effluent.NO5 + NSEC.Effluent.Flow",0.047109846603119,0.66122526317504,"3,2"
"18479","UVT.... + NSEC.Effluent.NH3 + NSEC.Effluent.OP + NSEC.Effluent.TSS + NSEC.Effluent.NO5 + NSEC.Effluent.Flow",0.0510200424784684,0.742741042284444,"3,2"
"18480","UVT.... + NSEC.Effluent.NO3 + NSEC.Effluent.OP + NSEC.Effluent.TSS + NSEC.Effluent.NO5 + NSEC.Effluent.Flow",0.246949369035512,0.694000502697853,"3,2"
"18481","CODds..mg.L. + SACto..1.m. + NSEC.Aerobic.SRT + NSEC.Effluent.NH3 + NSEC.Effluent.NO3 + NSEC.Effluent.OP",0.128971707517767,0.629851595701798,"3,2"
"18482","CODds..mg.L. + SACto..1.m. + NSEC.Aerobic.SRT + NSEC.Effluent.NH3 + NSEC.Effluent.NO3 + NSEC.Effluent.TSS",0.199102419987923,0.719491505492101,"3,2"
"18483","CODds..mg.L. + SACto..1.m. + NSEC.Aerobic.SRT + NSEC.Effluent.NH3 + NSEC.Effluent.NO3 + NSEC.Effluent.NO5",0.125271748856753,0.718215177985904,"3,2"
"18484","CODds..mg.L. + SACto..1.m. + NSEC.Aerobic.SRT + NSEC.Effluent.NH3 + NSEC.Effluent.NO3 + NSEC.Effluent.Flow",0.0479436655359442,0.758303603574594,"3,2"
"18485","CODds..mg.L. + SACto..1.m. + NSEC.Aerobic.SRT + NSEC.Effluent.NH3 + NSEC.Effluent.OP + NSEC.Effluent.TSS",0.21310159797304,0.769064053688937,"3,2"
"18486","CODds..mg.L. + SACto..1.m. + NSEC.Aerobic.SRT + NSEC.Effluent.NH3 + NSEC.Effluent.OP + NSEC.Effluent.NO5",0.133471704711789,0.653123523876944,"3,2"
"18487","CODds..mg.L. + SACto..1.m. + NSEC.Aerobic.SRT + NSEC.Effluent.NH3 + NSEC.Effluent.OP + NSEC.Effluent.Flow",0.148794127837647,0.775084764001854,"3,2"
"18488","CODds..mg.L. + SACto..1.m. + NSEC.Aerobic.SRT + NSEC.Effluent.NH3 + NSEC.Effluent.TSS + NSEC.Effluent.NO5",0.0394758337738708,0.689210297964201,"3,2"
"18489","CODds..mg.L. + SACto..1.m. + NSEC.Aerobic.SRT + NSEC.Effluent.NH3 + NSEC.Effluent.TSS + NSEC.Effluent.Flow",0.0012744770399169,0.712756372650293,"3,2"
"18490","CODds..mg.L. + SACto..1.m. + NSEC.Aerobic.SRT + NSEC.Effluent.NH3 + NSEC.Effluent.NO5 + NSEC.Effluent.Flow",0.201134017037224,0.710802142867349,"3,2"
"18491","CODds..mg.L. + SACto..1.m. + NSEC.Aerobic.SRT + NSEC.Effluent.NO3 + NSEC.Effluent.OP + NSEC.Effluent.TSS",0.206773981902034,0.79733282581718,"3,2"
"18492","CODds..mg.L. + SACto..1.m. + NSEC.Aerobic.SRT + NSEC.Effluent.NO3 + NSEC.Effluent.OP + NSEC.Effluent.NO5",0.122235934182581,0.634870394890214,"3,2"
"18493","CODds..mg.L. + SACto..1.m. + NSEC.Aerobic.SRT + NSEC.Effluent.NO3 + NSEC.Effluent.OP + NSEC.Effluent.Flow",0.00593535734934703,0.738422035437958,"3,2"
"18494","CODds..mg.L. + SACto..1.m. + NSEC.Aerobic.SRT + NSEC.Effluent.NO3 + NSEC.Effluent.TSS + NSEC.Effluent.NO5",0.0502096681812851,0.782291996452552,"3,2"
"18495","CODds..mg.L. + SACto..1.m. + NSEC.Aerobic.SRT + NSEC.Effluent.NO3 + NSEC.Effluent.TSS + NSEC.Effluent.Flow",0.271512473663905,0.753438895641385,"3,2"
"18496","CODds..mg.L. + SACto..1.m. + NSEC.Aerobic.SRT + NSEC.Effluent.NO3 + NSEC.Effluent.NO5 + NSEC.Effluent.Flow",0.0456271233616423,0.718624412623411,"3,2"
"18497","CODds..mg.L. + SACto..1.m. + NSEC.Aerobic.SRT + NSEC.Effluent.OP + NSEC.Effluent.TSS + NSEC.Effluent.NO5",0.239447597925506,0.785113557228542,"3,2"
"18498","CODds..mg.L. + SACto..1.m. + NSEC.Aerobic.SRT + NSEC.Effluent.OP + NSEC.Effluent.TSS + NSEC.Effluent.Flow",0.174112941350443,0.821312165864597,"3,2"
"18499","CODds..mg.L. + SACto..1.m. + NSEC.Aerobic.SRT + NSEC.Effluent.OP + NSEC.Effluent.NO5 + NSEC.Effluent.Flow",0.0334230919271143,0.76173132813988,"3,2"
"18500","CODds..mg.L. + SACto..1.m. + NSEC.Aerobic.SRT + NSEC.Effluent.TSS + NSEC.Effluent.NO5 + NSEC.Effluent.Flow",0.0230016482249886,0.777738504939877,"3,2"
"18501","CODds..mg.L. + SACto..1.m. + NSEC.Effluent.NH3 + NSEC.Effluent.NO3 + NSEC.Effluent.OP + NSEC.Effluent.TSS",0.180947453066642,0.556220371621371,"3,2"
"18502","CODds..mg.L. + SACto..1.m. + NSEC.Effluent.NH3 + NSEC.Effluent.NO3 + NSEC.Effluent.OP + NSEC.Effluent.NO5",0.12020335591057,0.469845959595622,"3,2"
"18503","CODds..mg.L. + SACto..1.m. + NSEC.Effluent.NH3 + NSEC.Effluent.NO3 + NSEC.Effluent.OP + NSEC.Effluent.Flow",0.179380037995185,0.518493894735056,"3,2"
"18504","CODds..mg.L. + SACto..1.m. + NSEC.Effluent.NH3 + NSEC.Effluent.NO3 + NSEC.Effluent.TSS + NSEC.Effluent.NO5",0.245828048924857,0.645283300432545,"3,2"
"18505","CODds..mg.L. + SACto..1.m. + NSEC.Effluent.NH3 + NSEC.Effluent.NO3 + NSEC.Effluent.TSS + NSEC.Effluent.Flow",0.241206285099598,0.694752269265388,"3,2"
"18506","CODds..mg.L. + SACto..1.m. + NSEC.Effluent.NH3 + NSEC.Effluent.NO3 + NSEC.Effluent.NO5 + NSEC.Effluent.Flow",0.187366364443179,0.504948183175413,"3,2"
"18507","CODds..mg.L. + SACto..1.m. + NSEC.Effluent.NH3 + NSEC.Effluent.OP + NSEC.Effluent.TSS + NSEC.Effluent.NO5",0.2634523945778,0.706761740049871,"3,2"
"18508","CODds..mg.L. + SACto..1.m. + NSEC.Effluent.NH3 + NSEC.Effluent.OP + NSEC.Effluent.TSS + NSEC.Effluent.Flow",0.231697382758937,0.705604382879711,"3,2"
"18509","CODds..mg.L. + SACto..1.m. + NSEC.Effluent.NH3 + NSEC.Effluent.OP + NSEC.Effluent.NO5 + NSEC.Effluent.Flow",0.190064475462123,0.523748179900475,"3,2"
"18510","CODds..mg.L. + SACto..1.m. + NSEC.Effluent.NH3 + NSEC.Effluent.TSS + NSEC.Effluent.NO5 + NSEC.Effluent.Flow",0.183035924024293,0.746167640575533,"3,2"
"18511","CODds..mg.L. + SACto..1.m. + NSEC.Effluent.NO3 + NSEC.Effluent.OP + NSEC.Effluent.TSS + NSEC.Effluent.NO5",0.108557620152689,0.671460902097694,"3,2"
"18512","CODds..mg.L. + SACto..1.m. + NSEC.Effluent.NO3 + NSEC.Effluent.OP + NSEC.Effluent.TSS + NSEC.Effluent.Flow",0.22923285130731,0.707395327922844,"3,2"
"18513","CODds..mg.L. + SACto..1.m. + NSEC.Effluent.NO3 + NSEC.Effluent.OP + NSEC.Effluent.NO5 + NSEC.Effluent.Flow",0.190433107868705,0.579326491436271,"3,2"
"18514","CODds..mg.L. + SACto..1.m. + NSEC.Effluent.NO3 + NSEC.Effluent.TSS + NSEC.Effluent.NO5 + NSEC.Effluent.Flow",0.250717655846736,0.703756045105547,"3,2"
"18515","CODds..mg.L. + SACto..1.m. + NSEC.Effluent.OP + NSEC.Effluent.TSS + NSEC.Effluent.NO5 + NSEC.Effluent.Flow",0.237326059425731,0.706824214845842,"3,2"
"18516","CODds..mg.L. + NSEC.Aerobic.SRT + NSEC.Effluent.NH3 + NSEC.Effluent.NO3 + NSEC.Effluent.OP + NSEC.Effluent.TSS",0.458764575465916,0.742536048961329,"3,2"
"18517","CODds..mg.L. + NSEC.Aerobic.SRT + NSEC.Effluent.NH3 + NSEC.Effluent.NO3 + NSEC.Effluent.OP + NSEC.Effluent.NO5",0.0355122962824783,0.503456507377207,"3,2"
"18518","CODds..mg.L. + NSEC.Aerobic.SRT + NSEC.Effluent.NH3 + NSEC.Effluent.NO3 + NSEC.Effluent.OP + NSEC.Effluent.Flow",0.0338032242607418,0.721070885916342,"3,2"
"18519","CODds..mg.L. + NSEC.Aerobic.SRT + NSEC.Effluent.NH3 + NSEC.Effluent.NO3 + NSEC.Effluent.TSS + NSEC.Effluent.NO5",0.1650925062419,0.679503104692312,"3,2"
"18520","CODds..mg.L. + NSEC.Aerobic.SRT + NSEC.Effluent.NH3 + NSEC.Effluent.NO3 + NSEC.Effluent.TSS + NSEC.Effluent.Flow",0.0998214538735418,0.78067988102455,"3,2"
"18521","CODds..mg.L. + NSEC.Aerobic.SRT + NSEC.Effluent.NH3 + NSEC.Effluent.NO3 + NSEC.Effluent.NO5 + NSEC.Effluent.Flow",0.00741127008785103,0.743614605443554,"3,2"
"18522","CODds..mg.L. + NSEC.Aerobic.SRT + NSEC.Effluent.NH3 + NSEC.Effluent.OP + NSEC.Effluent.TSS + NSEC.Effluent.NO5",0.496190878137242,0.762355640180977,"3,2"
"18523","CODds..mg.L. + NSEC.Aerobic.SRT + NSEC.Effluent.NH3 + NSEC.Effluent.OP + NSEC.Effluent.TSS + NSEC.Effluent.Flow",0.0329119696629019,0.688168525590977,"3,2"
"18524","CODds..mg.L. + NSEC.Aerobic.SRT + NSEC.Effluent.NH3 + NSEC.Effluent.OP + NSEC.Effluent.NO5 + NSEC.Effluent.Flow",0.223919380767225,0.769105209167842,"3,2"
"18525","CODds..mg.L. + NSEC.Aerobic.SRT + NSEC.Effluent.NH3 + NSEC.Effluent.TSS + NSEC.Effluent.NO5 + NSEC.Effluent.Flow",0.273355153395075,0.750151936386041,"3,2"
"18526","CODds..mg.L. + NSEC.Aerobic.SRT + NSEC.Effluent.NO3 + NSEC.Effluent.OP + NSEC.Effluent.TSS + NSEC.Effluent.NO5",0.340057848720157,0.729377257145145,"3,2"
"18527","CODds..mg.L. + NSEC.Aerobic.SRT + NSEC.Effluent.NO3 + NSEC.Effluent.OP + NSEC.Effluent.TSS + NSEC.Effluent.Flow",0.379868771329778,0.786369601827148,"3,2"
"18528","CODds..mg.L. + NSEC.Aerobic.SRT + NSEC.Effluent.NO3 + NSEC.Effluent.OP + NSEC.Effluent.NO5 + NSEC.Effluent.Flow",0.256372648391323,0.725328266943176,"3,2"
"18529","CODds..mg.L. + NSEC.Aerobic.SRT + NSEC.Effluent.NO3 + NSEC.Effluent.TSS + NSEC.Effluent.NO5 + NSEC.Effluent.Flow",0.191310670833359,0.0173501843671415,"3,2"
"18530","CODds..mg.L. + NSEC.Aerobic.SRT + NSEC.Effluent.OP + NSEC.Effluent.TSS + NSEC.Effluent.NO5 + NSEC.Effluent.Flow",0.0322188364957632,0.566019504107719,"3,2"
"18531","CODds..mg.L. + NSEC.Effluent.NH3 + NSEC.Effluent.NO3 + NSEC.Effluent.OP + NSEC.Effluent.TSS + NSEC.Effluent.NO5",0.0500719250187349,0.543369880596275,"3,2"
"18532","CODds..mg.L. + NSEC.Effluent.NH3 + NSEC.Effluent.NO3 + NSEC.Effluent.OP + NSEC.Effluent.TSS + NSEC.Effluent.Flow",0.0621072336005688,0.637240334539536,"3,2"
"18533","CODds..mg.L. + NSEC.Effluent.NH3 + NSEC.Effluent.NO3 + NSEC.Effluent.OP + NSEC.Effluent.NO5 + NSEC.Effluent.Flow",0.127349578518001,0.503010613148919,"3,2"
"18534","CODds..mg.L. + NSEC.Effluent.NH3 + NSEC.Effluent.NO3 + NSEC.Effluent.TSS + NSEC.Effluent.NO5 + NSEC.Effluent.Flow",0.204583829117583,0.701235064367588,"3,2"
"18535","CODds..mg.L. + NSEC.Effluent.NH3 + NSEC.Effluent.OP + NSEC.Effluent.TSS + NSEC.Effluent.NO5 + NSEC.Effluent.Flow",0.0593351790967747,0.625830774475531,"3,2"
"18536","CODds..mg.L. + NSEC.Effluent.NO3 + NSEC.Effluent.OP + NSEC.Effluent.TSS + NSEC.Effluent.NO5 + NSEC.Effluent.Flow",0.207296057988439,0.715541463045637,"3,2"
"18537","SACto..1.m. + NSEC.Aerobic.SRT + NSEC.Effluent.NH3 + NSEC.Effluent.NO3 + NSEC.Effluent.OP + NSEC.Effluent.TSS",0.284212736034799,0.725688814342498,"3,2"
"18538","SACto..1.m. + NSEC.Aerobic.SRT + NSEC.Effluent.NH3 + NSEC.Effluent.NO3 + NSEC.Effluent.OP + NSEC.Effluent.NO5",0.0815294939804314,0.600015736010194,"3,2"
"18539","SACto..1.m. + NSEC.Aerobic.SRT + NSEC.Effluent.NH3 + NSEC.Effluent.NO3 + NSEC.Effluent.OP + NSEC.Effluent.Flow",0.151219468184657,0.74334471888112,"3,2"
"18540","SACto..1.m. + NSEC.Aerobic.SRT + NSEC.Effluent.NH3 + NSEC.Effluent.NO3 + NSEC.Effluent.TSS + NSEC.Effluent.NO5",0.0730162922384863,0.660434799261524,"3,2"
"18541","SACto..1.m. + NSEC.Aerobic.SRT + NSEC.Effluent.NH3 + NSEC.Effluent.NO3 + NSEC.Effluent.TSS + NSEC.Effluent.Flow",0.0551520379565322,0.745144004045457,"3,2"
"18542","SACto..1.m. + NSEC.Aerobic.SRT + NSEC.Effluent.NH3 + NSEC.Effluent.NO3 + NSEC.Effluent.NO5 + NSEC.Effluent.Flow",0.0183213588425342,0.737984635820915,"3,2"
"18543","SACto..1.m. + NSEC.Aerobic.SRT + NSEC.Effluent.NH3 + NSEC.Effluent.OP + NSEC.Effluent.TSS + NSEC.Effluent.NO5",0.301711182829921,0.712487107422912,"3,2"
"18544","SACto..1.m. + NSEC.Aerobic.SRT + NSEC.Effluent.NH3 + NSEC.Effluent.OP + NSEC.Effluent.TSS + NSEC.Effluent.Flow",0.116436082355234,0.756075212190131,"3,2"
"18545","SACto..1.m. + NSEC.Aerobic.SRT + NSEC.Effluent.NH3 + NSEC.Effluent.OP + NSEC.Effluent.NO5 + NSEC.Effluent.Flow",0.0535183313452587,0.717760557852932,"3,2"
"18546","SACto..1.m. + NSEC.Aerobic.SRT + NSEC.Effluent.NH3 + NSEC.Effluent.TSS + NSEC.Effluent.NO5 + NSEC.Effluent.Flow",0.0915900986518445,0.765701215025986,"3,2"
"18547","SACto..1.m. + NSEC.Aerobic.SRT + NSEC.Effluent.NO3 + NSEC.Effluent.OP + NSEC.Effluent.TSS + NSEC.Effluent.NO5",0.014502846096361,0.708113138139006,"3,2"
"18548","SACto..1.m. + NSEC.Aerobic.SRT + NSEC.Effluent.NO3 + NSEC.Effluent.OP + NSEC.Effluent.TSS + NSEC.Effluent.Flow",0.264020141215365,0.768221291991879,"3,2"
"18549","SACto..1.m. + NSEC.Aerobic.SRT + NSEC.Effluent.NO3 + NSEC.Effluent.OP + NSEC.Effluent.NO5 + NSEC.Effluent.Flow",0.0718943320876773,0.705622927058546,"3,2"
"18550","SACto..1.m. + NSEC.Aerobic.SRT + NSEC.Effluent.NO3 + NSEC.Effluent.TSS + NSEC.Effluent.NO5 + NSEC.Effluent.Flow",0.0776011800152059,0.474721953127152,"3,2"
"18551","SACto..1.m. + NSEC.Aerobic.SRT + NSEC.Effluent.OP + NSEC.Effluent.TSS + NSEC.Effluent.NO5 + NSEC.Effluent.Flow",0.169874571653623,0.766657288864539,"3,2"
"18552","SACto..1.m. + NSEC.Effluent.NH3 + NSEC.Effluent.NO3 + NSEC.Effluent.OP + NSEC.Effluent.TSS + NSEC.Effluent.NO5",0.175653529685766,0.631074497269381,"3,2"
"18553","SACto..1.m. + NSEC.Effluent.NH3 + NSEC.Effluent.NO3 + NSEC.Effluent.OP + NSEC.Effluent.TSS + NSEC.Effluent.Flow",0.154331358276252,0.757924954248643,"3,2"
"18554","SACto..1.m. + NSEC.Effluent.NH3 + NSEC.Effluent.NO3 + NSEC.Effluent.OP + NSEC.Effluent.NO5 + NSEC.Effluent.Flow",0.105088101685735,0.550454303265931,"3,2"
"18555","SACto..1.m. + NSEC.Effluent.NH3 + NSEC.Effluent.NO3 + NSEC.Effluent.TSS + NSEC.Effluent.NO5 + NSEC.Effluent.Flow",0.256377815025358,0.60806953257222,"3,2"
"18556","SACto..1.m. + NSEC.Effluent.NH3 + NSEC.Effluent.OP + NSEC.Effluent.TSS + NSEC.Effluent.NO5 + NSEC.Effluent.Flow",0.180811679519376,0.612280524647843,"3,2"
"18557","SACto..1.m. + NSEC.Effluent.NO3 + NSEC.Effluent.OP + NSEC.Effluent.TSS + NSEC.Effluent.NO5 + NSEC.Effluent.Flow",0.266702352598001,0.72604418672285,"3,2"
"18558","NSEC.Aerobic.SRT + NSEC.Effluent.NH3 + NSEC.Effluent.NO3 + NSEC.Effluent.OP + NSEC.Effluent.TSS + NSEC.Effluent.NO5",0.207093185818292,0.672828616937977,"3,2"
"18559","NSEC.Aerobic.SRT + NSEC.Effluent.NH3 + NSEC.Effluent.NO3 + NSEC.Effluent.OP + NSEC.Effluent.TSS + NSEC.Effluent.Flow",0.363583936811043,0.771970440055928,"3,2"
"18560","NSEC.Aerobic.SRT + NSEC.Effluent.NH3 + NSEC.Effluent.NO3 + NSEC.Effluent.OP + NSEC.Effluent.NO5 + NSEC.Effluent.Flow",0.0516556927939358,0.751534592899192,"3,2"
"18561","NSEC.Aerobic.SRT + NSEC.Effluent.NH3 + NSEC.Effluent.NO3 + NSEC.Effluent.TSS + NSEC.Effluent.NO5 + NSEC.Effluent.Flow",0.00779910816150142,0.434305443892742,"3,2"
"18562","NSEC.Aerobic.SRT + NSEC.Effluent.NH3 + NSEC.Effluent.OP + NSEC.Effluent.TSS + NSEC.Effluent.NO5 + NSEC.Effluent.Flow",0.278540802738845,0.744911273507487,"3,2"
"18563","NSEC.Aerobic.SRT + NSEC.Effluent.NO3 + NSEC.Effluent.OP + NSEC.Effluent.TSS + NSEC.Effluent.NO5 + NSEC.Effluent.Flow",0.0918823495104579,0.635117767777728,"3,2"
"18564","NSEC.Effluent.NH3 + NSEC.Effluent.NO3 + NSEC.Effluent.OP + NSEC.Effluent.TSS + NSEC.Effluent.NO5 + NSEC.Effluent.Flow",0.0996540147849383,0.655521570435213,"3,2"
